NAME : 1001
COMMENT : tspgen
TYPE : TSP
DIMENSION : 1001
EDGE_WEIGHT_TYPE : EUC_2D
NODE_COORD_SECTION
1 -8648478968 -7000629662
2 2613279647 5502144587
3 8202705067 10070161725
4 4853945401 17881291808
5 8578155340 -1600925734
6 3530222079 5519826989
7 6216150473 6305686565
8 5303408976 7312683728
9 -6642801527 2910239544
10 11737470216 29389767915
11 8123230630 25774737790
12 7809132588 9846203164
13 5283112389 -1522552269
14 13424836031 3407728819
15 6866353155 2910239544
16 5275537534 7284503110
17 9330959094 3069633266
18 267221992 2417204611
19 13002214088 -9359925224
20 1538403312 3468686681
21 4793298169 16901641502
22 1225828172 11014008626
23 8746999073 3604684909
24 -8943058093 -7091818437
25 4850581775 17668407616
26 12404027132 8384898674
27 9637973986 7000667792
28 6332478926 7322094953
29 11977125735 -4182922105
30 1598066702 3544370693
31 7438416471 2905820603
32 7692493524 9589034121
33 7400896308 9433438346
34 7038831377 7414377420
35 6084724598 28175694240
36 2699021295 4679405751
37 954597953 2156667992
38 0 8531080727
39 4201586526 6198638837
40 -7223798449 13442815560
41 1676085290 3645122386
42 13002214088 8739875940
43 4741184682 7301957580
44 8851183262 9966011914
45 10315753035 16703665883
46 734642733 -1834737861
47 13002214088 -17213044628
48 7438989334 -1225986932
49 21938618674 2910239544
50 5636512668 12969237790
51 3768193477 4491075038
52 4914190169 -5714181274
53 -8567639737 25335931588
54 10733003289 -19115537421
55 -295389302 292148518
56 -431729288 9954317300
57 26902436125 2910239544
58 2990559826 2191603632
59 7293653854 9325006258
60 -1801305250 435495906
61 8882194267 8740588351
62 5659797253 19210556138
63 3727056546 5072828095
64 7957068252 5428762943
65 426007324 2381177390
66 26443929915 12647628420
67 957922924 2918993494
68 1281985964 3199579611
69 -6856593345 -4982208676
70 11109722328 -6154661294
71 13002214088 5023429444
72 -3682682483 -9359925224
73 7649601397 24512682826
74 7047987677 9076614923
75 7962665711 10001439419
76 5368777333 7378777212
77 11517723684 19997779367
78 8634437590 2910239544
79 6916473733 -10325656947
80 -1793817703 10042908436
81 11328061908 34314483522
82 9165601441 -17275859048
83 1930579328 -9359925224
84 6539872862 6798293629
85 9239251069 11542409311
86 4316428929 12343478724
87 572686782 -9359925224
88 -826563481 22368687757
89 8229064597 10270793450
90 54587670 2005637602
91 8738290413 4581682493
92 4338031864 7110644
93 13002214088 -17213044628
94 7134583909 9106882305
95 3335132189 5322572980
96 8183818331 10225045270
97 5678815509 7692254621
98 8008157412 8767950812
99 7931726008 -9359925224
100 3375866572 5701356029
101 -1141163146 -9359925224
102 11205795272 2910239544
103 2938029365 5177483027
104 11124630232 33772409810
105 6273751269 7963474251
106 -795191880 -1777882597
107 13002214088 3792033884
108 -10588430255 -19413570129
109 6990610252 9018601014
110 5653145921 -1378510325
111 1126092936 21657566040
112 13002214088 3481796886
113 718838929 9021051661
114 6432876962 16796191330
115 8634271126 9114063906
116 6754792483 22128332470
117 3226962216 6010629622
118 13002214088 4416247118
119 10722180670 -9359925224
120 5960317253 -1365744846
121 8810345609 5119824405
122 3914612289 657645503
123 9257384361 2381633911
124 -975162857 964464122
125 871806328 1383044997
126 1017810399 1386738847
127 6748881585 4225576987
128 350203180 1719155611
129 5483379827 23028794069
130 15972138488 46689310682
131 5501439004 8560329398
132 -20731138 963756692
133 8582881571 26999545532
134 5633487017 7371947039
135 -252917191 1694721609
136 11737647821 -3151198382
137 6544868089 7661120620
138 7005006288 8861128192
139 5123662439 17781945834
140 4116683335 6216366629
141 5054473841 16513363150
142 -263641630 2119971650
143 5437006311 -17213044628
144 11186693550 5804054053
145 13280626457 6044418164
146 7762827814 24814391318
147 -1326729712 1406992046
148 954039060 10000000000
149 6376255101 -2691046023
150 -3443516281 -5046565735
151 -8409227326 2910239544
152 34472639672 20353915001
153 4188761714 6184943664
154 5579279802 8391231559
155 -1551579048 -9359925224
156 1303180066 -14002818782
157 7397268715 23840305169
158 10315753035 -9359925224
159 3751761110 14126312354
160 5787990145 -17213044628
161 8011069898 5758199677
162 1927005678 3898826217
163 8689592508 5441542837
164 3063174176 -10186928702
165 6918066886 368812086
166 1725806177 -1007085165
167 4637706429 16487044355
168 10378584828 11206579526
169 -750668639 -9359925224
170 3733918821 14078768943
171 7865236189 -9359925224
172 1778840243 3231181704
173 -5421666784 2910239544
174 2793679258 -9359925224
175 741183192 -3663147666
176 5679506588 7692953366
177 6742906291 3622184928
178 5497560415 -9359925224
179 1107482843 3070212470
180 6405144456 9715929551
181 131557676 7698910641
182 -5153045314 20337476624
183 4447277825 -17213044628
184 4418579040 15903147102
185 5756292630 -1270757756
186 11213710517 13279635997
187 2639815227 4510755615
188 4843723008 3699133093
189 8374304140 3348867993
190 -71423970 1878228123
191 0 4129191399
192 13972084554 10481261714
193 7197167129 7188489202
194 -2062053919 -9359925224
195 981490982 7494901539
196 5844025677 -4423192853
197 6016769520 2910239544
198 3755166628 1449391355
199 13002214088 10517959717
200 4426727127 -9359925224
201 10003128637 12064586788
202 5191039382 7199067626
203 10315753035 18319095617
204 10181689522 12185297484
205 6454869743 -1471336021
206 -16306946231 -18862421816
207 4937706730 -17213044628
208 8118870636 25763119942
209 6473293145 16249874042
210 7806253191 9849373294
211 -11329909319 4705254871
212 8379495015 18297518102
213 5369015140 18435724302
214 4168426129 15236577765
215 13198858674 2910239544
216 -630733228 1312714485
217 5614737419 19090487566
218 13002214088 7128315877
219 8329627664 -9359925224
220 5188771331 8094517488
221 -2487993060 -7326088100
222 9648928331 11667087166
223 4323035175 12377331245
224 5745045543 6689168652
225 5388605666 7398825499
226 10086801756 -17627265378
227 13002214088 35589248742
228 755105858 2713926592
229 13002214088 5673944802
230 7840844442 -2000621599
231 8677044416 10183901437
232 2639469935 4619193791
233 9331889529 9072413818
234 6965119838 -9359925224
235 4948982443 6732960387
236 1683435821 3652554456
237 187350869 4628415429
238 6711185569 2910239544
239 13002214088 7505136965
240 7216459274 7375913354
241 1104183912 8712911911
242 7745179266 24767364159
243 3470831785 5459777883
244 3516433000 0
245 3442484957 0
246 1447343193 3462228240
247 11458242587 -9359925224
248 -13008969 4094527080
249 6738326203 -9359925224
250 1289575594 3254325165
251 6296227561 8316515583
252 7307301496 9338805293
253 4681821902 6684201431
254 -6531555761 -4653565473
255 13002214088 8750504604
256 3946384012 5940605378
257 12764069761 14856105120
258 3669817675 4899788393
259 -951746741 988139991
260 8673706208 -14372753449
261 -268726449 3413130131
262 5877680255 -2254950130
263 4641357861 6643288526
264 8392302612 -17213044628
265 3924533563 5918512543
266 480428420 2773979613
267 5418193314 2727931967
268 7143150082 9172832959
269 7354172292 10049557297
270 13581955992 6823971758
271 6361780604 912709378
272 8797471413 5183079214
273 5490439582 8048723895
274 0 -9359925224
275 13002214088 2910239544
276 1021920623 2880286298
277 7605143091 8469440375
278 -201894056 1746310741
279 13108919015 39059840003
280 9675183801 11921473017
281 5394218363 18502882009
282 5773991277 -9359925224
283 4896359810 -9359925224
284 13002214088 -17213044628
285 13002214088 2910239544
286 11177487669 -9359925224
287 -427635668 2380962655
288 8919087664 10997321719
289 7388628306 9577281597
290 5258391128 7091511072
291 -699874609 1158760984
292 6685706635 4004502447
293 188490233 -9359925224
294 8723016645 -17213044628
295 -27833247 1070736833
296 7667112272 9966610854
297 635436148 -2164762541
298 8097561564 9668525873
299 2879064809 0
300 3492097800 13434401158
301 3882371864 6127676048
302 10315753035 2910239544
303 -1199114545 10363314658
304 5818096817 -17213044628
305 8426259882 8690026064
306 13002214088 38775508982
307 4619317155 6621003323
308 5793900915 19567895131
309 3098733473 5554131410
310 901886360 2862335320
311 -547554594 2670151404
312 4637706429 26183976937
313 3487340123 9824365834
314 4294264925 -4286426367
315 12237756143 14669317525
316 -8407736098 -18274461782
317 -3789129564 4108834455
318 5982265197 7999070456
319 6753256360 2351211151
320 7131252994 3997961778
321 -13031932850 -12115349814
322 4219900906 7154255658
323 7863383085 25082335673
324 6983750613 8673869937
325 6507373337 7515447761
326 15101024703 39161861936
327 7885858698 2910239544
328 9255471872 6753978659
329 10315753035 18319095617
330 6773242909 8798822430
331 4723774450 6744629117
332 9526028325 4726303860
333 9136117595 12334407647
334 4186759257 -3063373368
335 10430499298 11472448372
336 242756751 2195894030
337 9070813509 11505256412
338 -8045344507 -17308815925
339 -2911075681 10554989193
340 -315558827 312096759
341 5701268926 -9359925224
342 7352204717 9384206622
343 -802073744 -17213044628
344 -1731634715 -9359925224
345 2416280839 10475152161
346 8007349728 15095157393
347 1311220808 5210410355
348 4598975805 11554946114
349 -615695046 9898553735
350 15073924524 15603853762
351 11563028489 13112156827
352 11882285181 -9359925224
353 7374777886 9407030194
354 1641997839 7999657663
355 8241206999 10909854512
356 2530117106 4508627919
357 10315753035 -18154564943
358 2998234259 4981937865
359 6453495361 21325481838
360 -469481417 464330629
361 6352589262 -17213044628
362 -373049579 -9359925224
363 6081199239 10378461266
364 3019585256 5829568416
365 1416644091 3382803224
366 9467574149 29356939420
367 1336292449 5423035988
368 3491413439 13432577578
369 6368510572 16508086589
370 3747522357 3140645444
371 4637706429 31003813470
372 22809114871 2910239544
373 9736179192 2910239544
374 3059010819 578758539
375 -20229865 1929990121
376 -6230661777 -12473326081
377 -11105301196 -10857992873
378 5402332540 7412704645
379 7374140209 9505916642
380 9579429163 24325842710
381 2416954212 3022997820
382 13905874583 10096880652
383 5858492426 -7889011535
384 4273023878 -165865485
385 12194312107 36622734968
386 9819124238 5744629894
387 1776045040 3746190983
388 6303915155 -815780773
389 1638547887 4731527673
390 6587719225 2910239544
391 4542318339 6644222599
392 11135813125 -4618995491
393 -727330851 9601526636
394 4624650605 0
395 7070453024 2910239544
396 -674147149 666750926
397 5929740902 7321098337
398 -1062606048 -6384276465
399 13847770078 -4778419951
400 1946445114 8143667315
401 10315753035 -18154564943
402 2502452603 10797345534
403 1319184044 7937600084
404 4526701770 7514841261
405 5613036730 2070217819
406 -3677623621 20267541076
407 9109859219 2910239544
408 8225642526 -13340814315
409 8845733455 8893498984
410 8037507240 3530595011
411 -487736204 2596543198
412 1463301556 3390375249
413 -8452764395 -18394446321
414 6464634569 8486790718
415 2947678798 3619606823
416 5159558667 0
417 340607564 12350356232
418 3593757024 411713300
419 -3740363130 -9359925224
420 503304658 5470320912
421 4411321922 549145091
422 3058773830 9401034195
423 7045469745 -1428797517
424 5922586180 7705697178
425 425035713 616678534
426 9603582088 -9359925224
427 2658943158 4125863343
428 -732439713 12242569175
429 4148942933 6330351710
430 3642099286 -17213044628
431 5695717851 7709344459
432 4949275230 8017082976
433 7457236388 -11571091844
434 86000896 4358353476
435 77116856 4334680639
436 9496656295 2910239544
437 9530822615 11586991781
438 4593046954 -491442875
439 731419927 2847555079
440 6768522711 8794049871
441 8969576106 -4856558863
442 3663846756 5654933955
443 12641534364 -9359925224
444 8124504250 2910239544
445 5467423047 8130591512
446 15435956021 2910239544
447 463368855 2017105765
448 871398600 8757766960
449 15123176569 -9359925224
450 7849219807 9950951935
451 2916656147 4537447935
452 6279422625 4798508575
453 0 6769483122
454 572153605 5653779089
455 4344126276 8287946825
456 1362619603 3989042987
457 4291690969 6289742802
458 5150402210 6780794256
459 26083734242 8831293970
460 13002214088 -17213044628
461 13002214088 6201084864
462 8587815248 27012692042
463 8721625215 5236258306
464 4705824893 -2153878317
465 5394962513 2910239544
466 0 9347096630
467 7341516841 9373400186
468 352683805 2811120138
469 3524836705 7174331882
470 5304537972 7325043296
471 10000038561 13129262784
472 12370791895 21189182622
473 6375249315 -17213044628
474 4224051313 -1305758248
475 9068595310 -9359925224
476 4562582036 -4904389703
477 2140395343 9832590552
478 7710815772 -2094268791
479 8051246923 9956218521
480 6888818255 6488206546
481 3067293710 5582956174
482 9103378626 -9359925224
483 6332458258 6257674255
484 7361242501 11221252774
485 641480382 3631547625
486 7061485949 9090262931
487 25205596387 71293221415
488 13002214088 38775508982
489 1096879716 9138832916
490 8174082863 9353890110
491 -482666359 1462423849
492 6275562289 8295621073
493 6485544301 8507932401
494 1852248945 9064781965
495 8855888216 -9359925224
496 8045935028 9272834417
497 3415833652 -2263304109
498 7607006098 24399181368
499 5510905530 -17213044628
500 10318050540 31623159230
501 13045327457 16286959052
502 6548698894 7166166522
503 8469023020 26696152626
504 8422351605 -9359925224
505 9508613663 2910239544
506 860840274 12890185067
507 5548280513 2910239544
508 3048104575 -139743108
509 -528522984 1531998515
510 7437615896 9470565261
511 3657939379 9998752548
512 10120905462 12183620377
513 -3853010365 -1945307153
514 3571751526 -9359925224
515 18662219918 29672291826
516 3137457184 5122705180
517 3834050881 14345585589
518 5781096145 7779974365
519 29234896561 8714860011
520 3278928223 -1486044959
521 2489498327 4467558559
522 6703910432 -664182941
523 9105836328 -9359925224
524 5574602548 7586885632
525 3692211498 4731521944
526 4356808345 5849616469
527 -12351381311 -12951774404
528 9366162036 5271454872
529 8061360827 5351276086
530 13305780100 6423926658
531 5913195185 7301232918
532 9870288134 1602489708
533 352248359 14056204287
534 10855190667 19072479395
535 -2629039120 -6617989347
536 6868627216 5843728226
537 1378204025 3580747873
538 11820262302 2910239544
539 2663548391 4643539349
540 7350869698 8866866297
541 1217026110 3180970894
542 0 6457855959
543 1361932549 14028649220
544 1801236928 -461640814
545 5009518452 7015533097
546 3073252188 5057787962
547 889349671 3822570052
548 8152260072 348249801
549 9424819247 30117016
550 5611184153 2910239544
551 8140737416 2324173804
552 84749857138 229957688423
553 6452516076 8474537796
554 3921090161 -9359925224
555 -579935562 10000877821
556 6741198585 -5155051317
557 6258003211 7741346152
558 3108711749 3991105439
559 4448450731 -4641532961
560 -6342682964 -4462597522
561 4901839435 6906659604
562 8278740934 5268553219
563 828418694 9399739281
564 7629952597 9486473276
565 2015215270 3472289097
566 44872980 8869040812
567 7019300622 7949588803
568 784051513 2383124818
569 388843005 2343600810
570 2194219296 4590120771
571 5725605484 7028424070
572 6240047098 8259711914
573 28578275683 80280222953
574 9259132667 18034177336
575 -930897699 1648677149
576 4668015435 -1543652531
577 3679164821 4871250583
578 1074845143 3037212723
579 7865936042 9938137339
580 7275410419 -11152326968
581 4661089265 7031175116
582 1216803708 4834761096
583 2541219686 4519853659
584 5814059592 19621610899
585 5972798151 20044593209
586 13002214088 -9359925224
587 5912106158 7928133148
588 4301783025 5081559953
589 6890292378 8917170321
590 5888554208 7438991602
591 7766421557 -17213044628
592 -17397218678 31996994179
593 5266070349 2910239544
594 2318580433 5254186603
595 893112811 2853464446
596 -5919455243 -4034674965
597 3016019112 4881731122
598 8119611865 25765095056
599 6443781645 -17213044628
600 10315753035 -3954802070
601 10034066502 22342134112
602 9490783955 11546508975
603 6181934002 6704628254
604 12044539104 36223642707
605 3196983940 3526251000
606 8907722900 2910239544
607 10315753035 18319095617
608 6333584853 -481461749
609 2910127271 4892853511
610 13304050165 11132171016
611 1394530952 8697525789
612 1557583059 8834497001
613 5225418048 2910239544
614 6694762528 -848642540
615 6414893898 9424194839
616 2389281685 3847051825
617 2606899463 4002357331
618 5681622021 8989474909
619 8487137592 -1481541085
620 -4265280272 -9359925224
621 7925665551 9231812250
622 2391743300 4368719142
623 698789190 1280099358
624 142587314 2094613421
625 14187456635 -17213044628
626 5114539665 7121719303
627 499563054 8662465161
628 10000000000 -9359925224
629 4362246400 -9359925224
630 4637706429 -5241377945
631 5215646469 18027050852
632 5753537741 7976595637
633 7271190133 9302293349
634 6568737053 9615791677
635 3797740748 -9359925224
636 7910440039 9948634411
637 3650679888 7385853055
638 2865367799 -2682282153
639 5738245684 8366025366
640 6969544605 8997301687
641 3037124121 4005786472
642 13002214088 4570001988
643 7456949038 -9359925224
644 11366768851 12716325579
645 -15556377941 -16777541519
646 6459397249 21341208288
647 -8678153802 -18995029647
648 11565192231 11405157647
649 -65211615 1884509391
650 3273679948 3991059734
651 0 9553500018
652 3160658551 4943168393
653 -7184627022 15824080602
654 5045365843 7051778141
655 8982811709 8041379009
656 4856017144 6811608330
657 11112282427 11654052479
658 3852719674 5845902029
659 -1180959423 572688613
660 2884777279 4867222314
661 -188357986 1759996966
662 7468999455 22841386071
663 -2845257812 -1892116433
664 3003938154 -9359925224
665 -50591460 1495959616
666 7445604580 8020310493
667 4825154442 637886170
668 3496583296 -9359925224
669 7320768265 7365180756
670 6411156906 -1491326098
671 6675530558 -1855234915
672 9631809054 2635870710
673 -93484435 9167022155
674 5512038103 -9359925224
675 118535771 6877670558
676 -4948509469 -5628187669
677 7814333855 8183151407
678 8116266245 10140982998
679 13001091256 -8030473606
680 -401320616 396917635
681 -1291984417 21537757081
682 1592325311 2904593265
683 6875194190 7549603292
684 8939765865 6045559861
685 6423030964 8763405914
686 2096555596 4070256941
687 5729684736 19396781649
688 -319949218 3276639505
689 7633454915 9697943445
690 6954857442 8339202291
691 7367363304 3726404912
692 6036841134 -9359925224
693 7690691981 14198646492
694 3044752355 0
695 572784584 5655460423
696 -178990827 177027078
697 5412115295 7422595920
698 5871567366 7396237799
699 3046995856 6494305714
700 6970910929 -1423674135
701 2974412978 6421492462
702 5273045352 7242871792
703 -8867856174 -19500519602
704 -119815639 474807469
705 2001525675 9462551835
706 8289663212 10002119391
707 6884484960 -2528144174
708 3565467608 5920793802
709 18618226820 8217542895
710 940871974 -17213044628
711 4235698055 -1630531707
712 7748898478 9579687367
713 4438461429 6438141377
714 7675611233 -1258377564
715 8664400118 2910239544
716 6423367132 9912280703
717 9926923320 2910239544
718 4155163969 -3966061816
719 8312497442 10091631082
720 7992686931 2719129347
721 13002214088 -5077409307
722 9342237776 976827822
723 2911026621 4837229736
724 5400356560 7410706746
725 6933972952 8826692366
726 13103714477 15729362264
727 5310176736 7319526563
728 6032376379 6613524720
729 7177012522 9207071032
730 -11025220654 2910239544
731 8019092641 5086304283
732 2096486735 -9359925224
733 8496593630 4179058559
734 5293410568 7302574409
735 -2331524775 2604492767
736 6901902567 -993317199
737 824855277 4708475647
738 6118476997 6694043238
739 7224219886 8718921386
740 493110446 2783394664
741 7140152684 8238051339
742 6394005499 -1805211965
743 6871939246 8898613599
744 6946038582 2983510827
745 -17668448759 -17051006888
746 9987327309 -2976619365
747 10576762565 12305963417
748 11790073818 10979517210
749 -8497637278 6146284371
750 7544162954 8574535482
751 5482622697 7517031992
752 5725074694 7739026956
753 10919380134 2910239544
754 11747563703 13008585170
755 -5413035157 -3015991398
756 7808362954 9620512297
757 7130326782 9159867410
758 4782485958 8578694451
759 5346010595 7355757925
760 9412368920 -17213044628
761 -7407117590 5264311759
762 12749042496 14840911159
763 4320191298 8589893513
764 1909381718 3003306997
765 13087383505 -17213044628
766 -56744898 56122337
767 -5578685387 -18626643306
768 6747795689 8200438420
769 -2156562607 16780528669
770 3318472911 7543538977
771 6654812247 2661989419
772 8297891806 -9359925224
773 -271365440 268388227
774 9408577950 4201424981
775 5810612191 7825513315
776 7252093176 2910239544
777 -10390344346 -17213044628
778 7936327788 687157744
779 -4071610273 -6720214836
780 -6114776931 -9359925224
781 7643549533 24496556741
782 9986448900 30739557740
783 5981512148 2994214324
784 3059963795 -10217025576
785 4879976095 7163641475
786 15711506367 2910239544
787 5521403132 18841784588
788 1409751608 -17213044628
789 -490148407 484770877
790 -1544567902 -5344347260
791 5940452814 2313719224
792 9795784689 -16957021587
793 5122141846 59191660
794 0 7995714810
795 4445931867 6480342832
796 1197972512 5441846706
797 4016493735 21443687521
798 -8045621225 3659593077
799 6718159220 2565184922
800 2921621444 4904475189
801 65497204 2227787044
802 2716895595 6342321883
803 1422289160 -17213044628
804 9115836154 28419681643
805 7415352159 6004048586
806 741369120 2481526188
807 4898181154 17181117687
808 -2767527336 -3245293465
809 3813239791 7185675014
810 5040201620 -3466145035
811 10315753035 -11161633900
812 7230293134 9614869769
813 2131393981 4070288292
814 3829509837 10425257163
815 7092474287 23028135452
816 1615387826 5033062925
817 7757521427 8172603850
818 6710919220 10759610410
819 1234547098 2954721696
820 3514980304 13495374966
821 -3369259915 2910239544
822 5417899479 7440550969
823 3316245035 -17213044628
824 3504155176 -9359925224
825 5258622135 6993022514
826 3982606302 4022069945
827 246711551 2719642838
828 8319440093 5047212088
829 7785375224 9257014932
830 7106221785 2910239544
831 1987703821 4016343211
832 4653713127 8717562550
833 8882925845 6551117924
834 9394348715 39294400076
835 968054087 3659703031
836 1462934925 8556398659
837 6101542162 -9359925224
838 8612592316 -9359925224
839 665379610 2623205017
840 7371593837 7062656364
841 6844501400 9190989641
842 7049026652 8295913074
843 10390774249 12544570172
844 6276427661 2910239544
845 -437014705 1508581915
846 -1398886063 536040582
847 12227471974 15655879902
848 -8274794244 6399626404
849 5632901638 7645831430
850 8334227453 -9359925224
851 13397794693 2910239544
852 9712456064 30009463407
853 5888369311 -17213044628
854 5127388637 7293363503
855 6208640053 -9359925224
856 5501001033 7184925087
857 9589532153 -11528099097
858 13318977881 18163114277
859 4784251578 -1581589511
860 -74044890 73232526
861 6411964496 6390949918
862 6734082932 2910239544
863 3644529295 5869061966
864 9945300544 2910239544
865 -3459445893 10922210559
866 12630348371 -9359925224
867 9031831272 3953526576
868 3224115731 3218369988
869 3470795417 5459741111
870 5243652361 7252264237
871 9368052084 497195895
872 13002214088 -9359925224
873 246341463 2666600749
874 22085509277 4574671999
875 6245704142 9629460483
876 12530670962 10253634760
877 6315303714 8774700683
878 -1251127978 -9359925224
879 6764684765 8197918735
880 2993691592 12305404217
881 10289257300 12353839731
882 4666327585 6843404008
883 2838434012 3285837593
884 4031738776 11359920814
885 7503127910 24122382610
886 4963277353 17354576112
887 9009577208 5167135454
888 4519552743 7095058946
889 6259164800 9286030863
890 -975162857 964464122
891 5865658734 7881170486
892 -629012387 -1268553260
893 4058480300 -7160472939
894 10675599807 12549937411
895 3898712516 -547872286
896 6105760454 7600401656
897 6340387689 7098180850
898 2889804857 3858692879
899 -16148220693 -16675203384
900 9508583119 2688741548
901 4801218073 6804922055
902 4777854328 15518256260
903 2680441014 5966206784
904 -15380675296 4043501329
905 8013768096 9156235544
906 13002214088 38775508982
907 6985479139 1625697282
908 4268687102 3282096832
909 5961556461 7642892480
910 9384447175 2910239544
911 4302341792 -2400843457
912 6905805027 18578462532
913 4354855144 -247840879
914 8969375855 11019316930
915 7203981535 9114242657
916 11278965657 -20372947822
917 30868287385 33161151606
918 4484991703 -4813577702
919 10315753035 -9359925224
920 565617960 -2553234170
921 -242877060 1529693178
922 -2913641404 -995517836
923 2129487061 8490222643
924 6788735562 9801978974
925 3136355046 1630468552
926 7716572862 1600629198
927 -2989488176 -9359925224
928 -7921449143 21226869318
929 2984008206 4967554002
930 9142630172 9013669535
931 15197019751 44623892459
932 2052648300 9598775611
933 9658438742 4782919650
934 12916222428 -4341210801
935 3667352089 13901392064
936 3339395297 5326883378
937 6149229118 8167886497
938 4865281761 -9359925224
939 2696671076 4677029461
940 4819881155 17759037772
941 8452942257 5149585453
942 12545622285 4073072067
943 9751877163 -5773654434
944 -107300824 9314412251
945 5452782049 7140350319
946 5195193284 7524913623
947 5008731347 4445041704
948 3773059067 570533077
949 1816906032 8970605562
950 11279130219 14907584207
951 724567198 -17213044628
952 7711571894 5508300110
953 1437187975 3403575000
954 6594879549 -9584990748
955 3216515721 4664408366
956 13002214088 6874829346
957 1229663022 8240992674
958 6329827106 8124118305
959 10167724429 15257842801
960 198129731 -17213044628
961 4016448136 -9359925224
962 -90295692 2749713269
963 10230718305 13238461084
964 257814551 79257928
965 13002214088 2910239544
966 6575279560 9395327772
967 233238650 -9359925224
968 5539631236 7551526386
969 8201302990 -13284757730
970 11251047197 -17213044628
971 -4720187896 16474833745
972 3000478896 6490773142
973 5722584677 8812974279
974 659622046 2018787180
975 4404988697 7424875767
976 5643293360 19166579083
977 3371466038 7406376417
978 11917115982 2910239544
979 14176520041 6728465949
980 10428187613 11450701172
981 5909032791 -9359925224
982 7171989347 8953094773
983 6057963534 194199213
984 8874844496 5237431016
985 -7017212449 -5355145565
986 3183357878 4358648912
987 -236977393 1397507630
988 1400603303 3525614871
989 -1633753098 9868915038
990 -8798466894 -7065460973
991 -3699294995 20261270150
992 1894001220 3914864538
993 13058965266 -9359925224
994 -787919180 1444757387
995 7641366663 9676576222
996 728888554 7959823325
997 4213786534 15357447258
998 5928115890 8349434380
999 2144637712 4118872428
1000 11321173548 34296128470
1001 3157850613 5457590322
EOF