NAME : 101
COMMENT : tspgen
TYPE : TSP
DIMENSION : 101
EDGE_WEIGHT_TYPE : EUC_2D
NODE_COORD_SECTION
1 3284999201 6751201960
2 6569146037 -4978462249
3 3140798176 17636498853
4 5148825212 -2444722286
5 12097733664 -15274835605
6 -814417882 8772596057
7 5651083570 9379003179
8 1739797778 455682259
9 -1116092904 -6253011825
10 1467605733 9674802434
11 7196692736 14110483148
12 9202789692 5211505037
13 17538905631 3509702999
14 19251135919 3509702999
15 1651533325 208140239
16 4059810668 6745343578
17 7565420586 8639323131
18 13362684925 -5245898392
19 3252129296 6454667995
20 465110589 9673918769
21 7359913365 -2313114360
22 6717480008 5659246146
23 7359913365 -3477498533
24 -17277445898 -2196893061
25 649158891 7381875016
26 9551109145 -10532033534
27 -2530999374 4284236240
28 4723262103 -2796615333
29 8621535262 -4253533757
30 9012037219 4924378222
31 2394866482 2117469387
32 3157947559 6869920292
33 2784768339 6805432689
34 9846617278 -2047503459
35 451917496 -2060956913
36 9796281729 -16146215640
37 -742085104 3910592534
38 -5646566467 1908897429
39 9630923387 -10680678594
40 5210135542 7970473642
41 19712068942 43399534109
42 7359913365 -6451177561
43 8074627949 140183945
44 -7476019821 29305672795
45 2613866240 13827466415
46 6793213121 6472568703
47 7490597457 -10078830586
48 3303561791 1951268783
49 26222019911 -20802765500
50 7359913365 -6451177561
51 6686109689 11109346417
52 2692763507 6944675717
53 11032429687 -19399126603
54 7359913365 -6451177561
55 4349984203 3509702999
56 7359913365 6070349071
57 13752903952 -4097588427
58 5008531858 6447684736
59 5682993191 8779924143
60 3153086142 6910414788
61 5114875076 -2270045961
62 2824708241 6975280460
63 10000000000 10000000000
64 998266779 5396674517
65 5725346088 6737177500
66 6561075889 7366231204
67 -6923130329 594211382
68 2428602115 8101590543
69 7359913365 8988476976
70 8127619278 5644237369
71 10504449121 -1625436586
72 5561932879 -2619774639
73 3059167261 9054495010
74 7359913365 3509702999
75 3710571542 7042823783
76 6058427451 5939656100
77 7025519766 14767042080
78 8403829380 6277167337
79 7359913365 526532187
80 2919707750 7146941112
81 7359913365 2140483246
82 9641209876 -1911625714
83 2734005567 7135464248
84 -8153355195 22440542323
85 7801514947 -2194064194
86 5437862070 10000000000
87 7645403268 10895388939
88 7093197340 6192885998
89 5495120343 -2180495265
90 -1882369389 -8437878962
91 5296395418 7190751317
92 -3084956261 4413995914
93 14868927675 14350402462
94 6485343424 5955734257
95 4296416514 3509702999
96 3394109859 934685938
97 -1374334415 10104388213
98 16912205383 3785641219
99 2537419609 942177212
100 7359913365 6129620363
101 7550104368 10000000000
EOF