NAME : 1101
COMMENT : tspgen
TYPE : TSP
DIMENSION : 1101
EDGE_WEIGHT_TYPE : EUC_2D
NODE_COORD_SECTION
1 2376694109 8534918208
2 207276779 10860898440
3 2878335005 -1069987828
4 2536870668 4137575465
5 13066588254 -20969217855
6 3396701026 2436788105
7 4898917478 7357934526
8 3283212124 -1004175759
9 12076252691 16217607821
10 5134310065 -2755623561
11 3093529247 -2797023908
12 -6629834284 14159128677
13 8403055021 -4855815184
14 10082235559 -1069987828
15 8553109675 11868654461
16 962015739 -1069987828
17 8013955178 -1671437524
18 9283135729 -2995100191
19 11396702000 -118939995
20 6122315793 13456249534
21 8424223903 -3242981330
22 15762076165 -1069987828
23 6413295655 -5573842316
24 -1955482156 3856527357
25 3374205977 12363788542
26 476681060 3648510152
27 12312759239 -221864843
28 3232504374 -855135687
29 9029257376 11200389562
30 -818941176 299833137
31 -2922969795 -549226598
32 -3075245832 -1069987828
33 4283940994 -2508572595
34 -4307028009 5744303528
35 13079991838 -208720018
36 8163800763 9670684433
37 4029253659 -1069987828
38 4179081269 6469371647
39 2220452592 4174779709
40 1955624517 451299154
41 9744023810 -3706963319
42 11429134510 15418807779
43 9991521138 8308619521
44 9498546275 13035697541
45 6544409115 -42744779
46 1638618086 548940700
47 4269270120 6580700397
48 8231088208 10839439112
49 -2866857911 13718646918
50 9500840897 -3229787007
51 3072013727 12153393967
52 -732116455 -1069987828
53 1362755649 -1069987828
54 1474344428 2736889938
55 -4639548183 3902951335
56 3000997398 9698247651
57 9880661065 13507378479
58 -77446004 3475478591
59 -1218741047 1483204686
60 7650006448 10753867522
61 700959325 2904563736
62 2430528092 4239904823
63 11099453 16762493048
64 2454616977 3656110713
65 8395824353 11674502101
66 10525030960 11874800883
67 3867319885 16760342836
68 -2439082605 12924566229
69 8825883868 12205365811
70 7069700595 -8784807050
71 8076094839 1481750571
72 12370947174 -1248639991
73 8155192160 11377466704
74 2572119413 4021136969
75 10449177992 6772786316
76 11070389397 14975974276
77 -217800882 1155399102
78 11656651890 -1069987828
79 9984912820 10804194969
80 388054216 1789743324
81 -3369174722 3073934479
82 530319805 11977201834
83 8462139715 -4760866342
84 7722427495 1806753533
85 2159137761 12492263417
86 11432430360 -1626628764
87 2733427042 -5846804036
88 -1000155983 9388908319
89 634487716 9138889375
90 1110900882 5814593210
91 9077420127 -2773338161
92 10220252529 8824270701
93 1982522631 -1069987828
94 740935731 9893044462
95 2382511479 3573319758
96 6830724537 415382495
97 9514777409 -1069987828
98 2938622230 3844304177
99 9974928017 13623741220
100 11716555377 540311286
101 4359019279 6691486392
102 1927494297 -1069987828
103 6076507122 461654956
104 2151153191 12476971723
105 9475571236 7958787914
106 3864764836 1233595009
107 -1456259643 3502510581
108 1467421783 -1069987828
109 -219136817 11674053758
110 -1693721886 5200778262
111 9595435857 7706337517
112 8696866410 6371389347
113 9711425632 -4204739784
114 15717414906 -5846804036
115 9068999210 12505466398
116 4159919202 2271917331
117 2905343758 399867577
118 7432861754 1353246944
119 2242960981 8959034839
120 -2377057759 12808506851
121 4401497200 -3128918291
122 13644130831 -1174753446
123 2025917946 9908758005
124 2974551496 9144155114
125 8559842601 -11846811758
126 -3058800142 5577023330
127 2578083875 4113673906
128 402729752 9733167615
129 8231088208 9798650535
130 3213829751 5277869113
131 9115047604 6371389347
132 8231088208 7520142643
133 453324278 3749093589
134 1340020758 9135278247
135 6456046459 13482908454
136 -3415842156 5117514201
137 864742462 -983935853
138 -684021987 11793291048
139 6851127014 -626491093
140 -85879554 3375193562
141 8472429553 6371389347
142 928825597 11552327285
143 -3486876427 4178457899
144 18023870 -266056729
145 8495632828 11797705275
146 16301913157 -1069987828
147 9147554371 -3162631902
148 3658105625 -1083404371
149 -4439787234 -1069987828
150 -237390548 1017696859
151 12355547961 6184410655
152 8056958550 -2697539362
153 -4990444833 -1069987828
154 8231088208 8468601365
155 1396831521 3034973912
156 2094398724 15775147378
157 8020127058 13334099243
158 1209345724 5667155456
159 1563697206 2155779637
160 9058201654 -2752620591
161 8917854885 -5299000694
162 6831490562 -463744049
163 8023718319 -5846804036
164 9402669602 -3239893848
165 -2244368265 1325134141
166 -978272641 5074497771
167 12506677937 -268213460
168 -6637589026 14167488312
169 -1129504560 -83525035
170 5194242882 7722482999
171 9328719260 -3257566347
172 8047819073 -1723022760
173 8437339818 6371389347
174 3663762199 -1086870187
175 7372555119 14933584017
176 -1991375498 12625050507
177 10016164451 6212101241
178 -9026717391 12726064885
179 9120690573 6606482607
180 10254895137 -4042659715
181 6790655626 -1069987828
182 8320621706 -10940000515
183 8257146714 -1958075846
184 4671067224 7076677103
185 11513074738 -1069987828
186 3362649712 -1167407361
187 2657172926 1171727542
188 2614203303 4133668138
189 9281907024 6338762184
190 9444070996 -1069987828
191 -21483025891 12172097011
192 9209141983 8947717538
193 3155875428 5206330532
194 4538680834 14976014366
195 2378209234 4448431048
196 9016478278 -2707642668
197 5619638161 -1069987828
198 9566825213 13119980783
199 411206935 -1069987828
200 4464792558 -3432135534
201 8830575628 -3822687910
202 12041734305 5444132975
203 11590167148 435395795
204 9846574784 6756680238
205 8808626583 12184063488
206 778439724 11841687382
207 2534385181 3817354021
208 -569728052 11314528603
209 8231088208 -6180245236
210 -1296501116 5274390373
211 8204258803 -1832067665
212 7870359457 10479183513
213 8187952195 -6251008669
214 1975661274 2932259846
215 8842122908 12225411216
216 9174234720 12635368681
217 4673541184 7079730949
218 -1583432616 12965213265
219 -4009097481 15039413175
220 -1650586395 4553776286
221 8668117116 -2600596327
222 -2800071189 4609643611
223 2361434527 4225675927
224 8926244951 6621022699
225 9502743234 11581305584
226 8231088208 11471152475
227 11661965500 -1243500735
228 4824094883 -4170444639
229 10639573740 -4457344390
230 6642805649 13185383265
231 3882506334 10193470917
232 -1295523883 9829837073
233 10721009169 -1583220083
234 54540100 -5846804036
235 8231088208 9976535763
236 561524335 9839909989
237 9310869905 -3024997715
238 10483982647 -1069987828
239 455771027 11539802235
240 14929004905 -9081363907
241 8231088208 9804903721
242 6224895454 13390750457
243 6424890647 -7459825212
244 388098542 -6291126293
245 6873273521 -397261584
246 10818853884 6805381880
247 10311356073 -4103524772
248 14035263721 18635803042
249 2153168162 1974861316
250 -5797677387 -5845898522
251 -12369689099 7967167562
252 5963035548 12456551120
253 8924015552 -2607967575
254 14858061803 -9004887032
255 11721922290 -846792367
256 14251659116 -1065588530
257 8641635386 6292553758
258 10196692111 6537305933
259 12712140699 7521619589
260 -4069320456 4861713832
261 9991225340 9829464704
262 -448522422 11014386982
263 103231034 11799822870
264 917420461 1302737432
265 7934623844 -1069987828
266 2219424655 12129654649
267 8364516492 6786835427
268 1557524480 10123315992
269 5186990707 -583509231
270 5225648886 7761250442
271 3853708928 125946555
272 2120980798 11653306364
273 10208207045 -4207570743
274 7929716826 10072988765
275 -1462275713 3507686638
276 4877105060 7331009366
277 -7302157692 3716876811
278 2936650326 4935719961
279 8728747403 6162036992
280 497579370 9580191219
281 11248681576 -832884116
282 3805283859 -1069987828
283 8231088208 7594257153
284 4844805674 252706379
285 5980265493 -6546191271
286 62800479 1388251439
287 3255042249 -5846804036
288 136332315 11277827791
289 1767586952 -1069987828
290 10577865946 949749257
291 7763903827 10894461983
292 -5412732782 2281030919
293 2280554875 4117790501
294 -2174317833 10071245582
295 3176597729 11442516275
296 -4698521961 18450396150
297 1649778156 -2038313447
298 8231088208 9698074803
299 8187936777 -11073106574
300 509246755 10285854789
301 -1624240896 -694225549
302 9239569097 6219285570
303 9711092345 6840954520
304 16349471621 -1069987828
305 5245928214 7786283163
306 7606872970 843686344
307 5690645032 -620967753
308 2245065408 9695565903
309 6004832355 -6596672262
310 1456233859 18294027914
311 -1267245496 9091752314
312 3453982299 -23739453
313 -905274846 10614691192
314 9163858408 -2924429526
315 3037977533 3721581327
316 13082894652 -2478745633
317 283893204 10660416467
318 2179206917 9943172911
319 14118214131 -22826883137
320 1849629801 -1069987828
321 9045501773 1098982596
322 10476710385 6634050589
323 -5544087717 5680749298
324 3973980609 -1948382532
325 -6298757341 -4848278497
326 2235207524 9215920761
327 9728224438 13319211328
328 12921708366 -595630445
329 8304652725 15721793351
330 -2069709911 -1069987828
331 6349536141 167328865
332 -1116307319 11420354220
333 6855322440 -377910265
334 9118452055 6371389347
335 8707589576 -1069987828
336 8638441302 9966863796
337 2311081914 3855290427
338 -2152920909 9333002782
339 11218381128 8487600306
340 -1717832917 -809755158
341 7973207092 -1582993235
342 2696077817 4638758239
343 1737922934 17566715689
344 5358015871 -632477785
345 -200893135 2953463648
346 388054216 -1069987828
347 4091173293 -1069987828
348 3017452142 9447729733
349 1789446115 -4336875909
350 2922840547 -263669511
351 2865413433 9320682935
352 868276469 643469205
353 5948695491 20784423606
354 11772166575 15842245160
355 2871933422 8991317482
356 1580519928 4836352053
357 9386655761 -3106695093
358 2563096103 12348146835
359 -1631691925 2512608921
360 10652788959 -4471590435
361 -1686040145 8829703934
362 2532385629 2215945896
363 201178838 -707122166
364 9147077258 -11738686083
365 -1231509926 4895227259
366 2102761496 282806725
367 7884199656 -1069987828
368 3184249504 -1116672485
369 2715401524 4084936759
370 7488001086 1695702740
371 2022491484 3388979329
372 8231088208 9718072502
373 6761254683 9656795971
374 4515159657 -1738870526
375 7066878272 -879621008
376 -456904382 11301289251
377 -2136840933 -1326976944
378 803796797 9336764048
379 5819757083 -1069987828
380 8115047920 1736435480
381 875522272 859807157
382 -1320139326 -1069987828
383 9205614735 12674104043
384 7803331750 -1069987828
385 513930352 -1148106851
386 5825832854 15353450316
387 7881915283 1796799843
388 9660812780 -4074414820
389 8944723908 -2662563520
390 -1225123954 -201557225
391 10031694833 7376141624
392 8458545924 -1069987828
393 10777034273 -1069987828
394 9565163406 6221681487
395 1212151845 -1069987828
396 4240362657 -2970967799
397 1647226199 -1069987828
398 8591217949 -2249210772
399 -1339386193 3793521965
400 576322765 1397733017
401 10740138655 -1069987828
402 11455239520 -1763201902
403 8314144648 10164262764
404 9755440563 8471881207
405 8231088208 8918808626
406 2895313078 -1069987828
407 7104659043 -7116827736
408 -1162608908 19657033750
409 4523441721 1751447584
410 -1596234991 -2068121726
411 6777719493 -6096148557
412 -3272660541 4827786539
413 1109365023 448525974
414 -3689136811 14608418631
415 12553917934 16807235848
416 8231088208 16301342606
417 -143001833 10296580122
418 9375542589 6179844593
419 9341633106 6755566313
420 9295366607 12784893388
421 10591484320 6103337687
422 6746355077 -260443124
423 401805760 10943130518
424 10957936595 -1069987828
425 13314180058 4838366854
426 9281649331 12767960839
427 8231088208 7958787914
428 2441030576 8951767647
429 -2848994797 3280991726
430 8710380332 -1069987828
431 -6233989508 12844073183
432 3089529550 -606188888
433 4058015781 -1422698917
434 8231088208 11471152475
435 4500446747 -41519297
436 5375882868 906472004
437 11389531572 -5277541989
438 7743377515 -1069987828
439 2869960004 12323724527
440 2679554508 4094471758
441 9460540515 9729075627
442 7791919602 -9451398979
443 1983293567 3758900268
444 9799007345 -1069987828
445 -6861941471 -7159621764
446 5760607287 -6094828610
447 1333091581 2956293590
448 9154536811 7542643376
449 13327962462 -3550797754
450 4359481432 13383313261
451 2045854826 8919992915
452 9211103093 11087304680
453 -2185711932 5491906475
454 4457998445 12916816359
455 1038418918 -1069987828
456 -1597352057 11832800983
457 2772237790 75942924
458 13691527614 -7747359718
459 8426447810 -1069987828
460 12385926418 -2437805378
461 3186478762 -5523681556
462 8867448148 12256672589
463 709880252 9430338222
464 4816371881 -4154575100
465 1366977741 18220131394
466 10017194759 -3786418002
467 1646808417 5236883298
468 5808838224 -6193935509
469 -2859834972 2967789722
470 2844112056 -732515164
471 -2613032685 9974375494
472 7924533089 1624166639
473 3168173393 -767789472
474 11741137200 6371389347
475 -9766691869 13187631921
476 6280528824 -6761535763
477 11688241403 -1177360427
478 10182196208 967446325
479 7757900156 1856288060
480 524706286 1235752555
481 8815834187 -2596994332
482 8248495259 1653137450
483 6029499670 -5255243854
484 388054216 -8611866799
485 16485949169 -17321694138
486 10131778450 5657091312
487 3453650080 3232003700
488 8519509190 6371389347
489 -883987825 20667931995
490 -1873759094 3390671635
491 -4741794743 -1069987828
492 -3065028354 5359186304
493 9539136085 6574184722
494 8510537122 10392836612
495 2063089740 1403788219
496 -8484830326 13150757223
497 -3903640311 -524555475
498 5266654022 7811867015
499 1549173902 11924843413
500 11419150564 -5297730519
501 3209329514 12179574208
502 4443049663 -3510950396
503 8950940846 -2956968376
504 9796294948 -1069987828
505 3223766809 2902383001
506 9527926306 13071964132
507 3209329059 3552481412
508 9000106316 -1069987828
509 2512239417 -385783597
510 -3585372385 19802081264
511 9589686357 6474263611
512 9429704503 -12974631661
513 9920982297 8750310118
514 -3986392274 -1069987828
515 2653478953 4586174375
516 3225195548 -856087777
517 3481553114 21948801687
518 16452027863 -3548338404
519 10451227783 -1069987828
520 3595000676 -1069987828
521 -1743967040 3777134980
522 1961867844 8722208144
523 -2466583634 4669298365
524 -4730469559 16798136254
525 12750146861 -133491598
526 8689029209 12036432979
527 3048798693 -522493459
528 3087535594 -602091627
529 8261097290 -11254331459
530 -4387543494 15214136208
531 4285109931 15161926319
532 10105906138 -3882049132
533 7220738051 14603270671
534 2413230530 18651631803
535 9359302357 -3224859800
536 5712095949 12212580158
537 1620389952 11642545260
538 7774953705 10908101907
539 9957824437 9112722619
540 2695474440 10334636604
541 -1404672652 5195228435
542 -750011100 3163605414
543 1301070838 8944035284
544 15755099756 -5321150497
545 6707268939 15581363141
546 11722234350 -1069987828
547 9708207921 6694987715
548 5262633967 7806904675
549 3987734866 -1069987828
550 7808965894 -10303879607
551 -1400428754 11525475076
552 2168561414 -1069987828
553 872332094 3954045273
554 8599866514 -10309819068
555 9495174685 6746400680
556 -493893130 -729777120
557 -1341889900 5127598440
558 11598654964 15628063136
559 2293871052 -1069987828
560 -5829610586 -5885316733
561 7725744111 -1943905753
562 2602123827 3913719800
563 -10092852827 23234374642
564 6380197312 134276031
565 8231088208 9955226588
566 3303430666 596212787
567 -3950037192 14959857578
568 -778747127 4875356970
569 2544263895 2652374649
570 11664794115 -183440643
571 3204887867 3449337625
572 9233083048 6761589716
573 10913070433 -5220474386
574 -2004000174 10246735230
575 1710220186 3421819602
576 8043187566 11239208690
577 5917186486 -1069987828
578 8294733433 10503752787
579 -1141960771 12679576068
580 2292327567 9116738022
581 2044680536 4448371216
582 8496558530 -10581973996
583 -5787929420 4096834972
584 6791424283 -1069987828
585 298604542 10604664337
586 8800657439 6930447201
587 5159502476 -3779723177
588 5492767006 8090979960
589 3355002598 11257861942
590 -1683242179 5127492086
591 12641315781 -515091213
592 7958675540 11134887391
593 6514146959 -6359818784
594 11529205389 -1069987828
595 7198023479 -1069987828
596 8673853063 -2740180162
597 9577380893 6371389347
598 2478748249 3660232846
599 2264509178 10829374830
600 5701605030 -421944294
601 -718115891 2922349122
602 5557102271 -1069987828
603 6471376805 9288776045
604 388054216 1789743324
605 -12652192922 9153167545
606 -5815026194 13280763140
607 6571561208 -72014815
608 -2150137724 -1069987828
609 10268679149 -4057518921
610 13735325004 -2902871797
611 5377142616 -3266787677
612 3614906414 2392981495
613 6015787008 8736593716
614 -3738795164 3843416340
615 -1919924633 4988126757
616 -2215870252 -1424530412
617 -2376838857 -1069987828
618 8231088208 17673893633
619 2368929030 -574303604
620 4718955733 7135790482
621 8828345459 12208404390
622 -1239857250 3457612623
623 8985846194 7152126122
624 7621263187 -1069987828
625 3546438071 -1771556785
626 8231088208 6964541799
627 3025309396 5045160355
628 8935672515 12340888469
629 1347332618 4676958925
630 2359689857 4223522313
631 9594580892 -1069987828
632 9321205726 -12650427007
633 1320139089 2940305088
634 22319239 10604437641
635 10650064238 14457126616
636 556133896 9538698105
637 -4326055858 5576363928
638 8545565919 6371389347
639 5437817586 8023150619
640 -5181537071 17568449549
641 -85701509 1204941189
642 2555691223 4465465600
643 2929565890 -277489021
644 -949539144 -902497380
645 -296209757 11872687930
646 -2198088803 14053151723
647 -5030446057 4696120037
648 8102734289 11312712922
649 6601985229 -7823726398
650 242514873 1610090153
651 4323815679 -646657498
652 9260035581 12741280914
653 12090820441 16235590192
654 10026999935 -1069987828
655 2455441642 3914857815
656 4354418600 -3163118857
657 8231088208 15995602440
658 10044888401 -4770667195
659 -946981821 3830466672
660 5398612278 -5350986467
661 13278739049 15556463235
662 8231088208 -1069987828
663 3735916346 -1745632421
664 12179648879 -19284937666
665 1836893817 -4628978121
666 8885046706 12278396177
667 -2038244150 12321776728
668 443288876 12842207159
669 5748590871 -4637971321
670 7982245990 9661522578
671 3120497846 5162660590
672 6553768861 -1069987828
673 8348551864 -2237743905
674 2378184209 4448458025
675 1543195681 -1069987828
676 1409670478 10055157214
677 910466327 -1069987828
678 8732087037 17640630290
679 3042483589 -1069987828
680 1611524677 3680352832
681 8231088208 11471152475
682 -913043838 13506371225
683 6766159944 -347090616
684 7376402303 15224092404
685 8544191169 10127355340
686 -2314008021 3801171647
687 2886750949 -1069987828
688 8231088208 7242617029
689 2284200150 2657400977
690 4208201703 15177134210
691 2124972449 -1318227851
692 1716778109 5161455763
693 -1775143461 5260343815
694 -2509194568 3459138131
695 8622383019 6211390442
696 -14820949983 -16984189389
697 6389260263 -6138546171
698 4354446546 -3205392038
699 1747162665 3467421248
700 7829634390 10975599522
701 11996789847 -595630445
702 -262449088 -268934882
703 15017671687 -2940667191
704 -3515222974 2597572741
705 9058402115 9692898578
706 3776481030 2941089905
707 -2969634054 13639231503
708 3480284448 1815789203
709 9899343051 -13595558818
710 1331108103 2953845194
711 -572114866 4874136993
712 8020138074 11210756491
713 1382563880 4322538950
714 1122742179 -1069987828
715 -1738619957 8886385126
716 1230799363 -1069987828
717 4144173960 12898912897
718 -2782883119 5656850179
719 8788779885 17753514850
720 8985353303 -2674089852
721 -2951997155 -2333202457
722 -158125872 -2393738893
723 8134473322 -1069987828
724 13850746177 16550900382
725 6525500266 787758315
726 8629973201 9410908823
727 8944116738 -1069987828
728 2526129911 8609968682
729 3493997037 -1069987828
730 388054216 12008820170
731 175444581 4574788340
732 5852098183 703568458
733 8627779209 -1069987828
734 -6300912225 6483818338
735 1091742568 2286855351
736 8403267474 1721054683
737 -1224239304 -200465217
738 8301607599 6516433950
739 -542002485 19564381595
740 4472438293 12217130282
741 -1852856007 12358590931
742 9483292877 -1069987828
743 -3934287228 4492930671
744 3319487202 5408292238
745 7467770925 75894761
746 -2618277297 2006128854
747 3657919737 13141100974
748 3438730333 19744978971
749 -2585099513 5387037750
750 3081888746 9481923394
751 10116898142 679201226
752 6246902252 -6613668060
753 884422352 12302558012
754 10214725499 794008848
755 -1570724610 11757348932
756 6369626507 -938689129
757 388054216 -5846804036
758 5971259987 -6527686389
759 -1895659364 4823859744
760 1008596937 -1069987828
761 7623820975 10721544282
762 -2059952687 3063768411
763 3341937166 -1803283216
764 5077661631 -4483309136
765 -197719590 9849835759
766 557794677 309557563
767 500601523 4812797150
768 2959035239 -576832294
769 2233101263 9933690845
770 8658393158 -2487641263
771 -5027240621 -1069987828
772 10395203689 -1069987828
773 8406754172 -3867864912
774 6617514120 94399050
775 10804901757 -4885048411
776 10217249804 9124041222
777 11686183907 15736108507
778 2141390039 -1069987828
779 11778537295 -9949535477
780 2915224420 -1069987828
781 5310061665 7865449232
782 8278032871 11529100776
783 -417543909 -577753566
784 10875727036 6443725429
785 -1526229303 4767547821
786 981437344 10571398062
787 2679654633 3987521048
788 -1433855064 12189062879
789 -535917149 11694906154
790 5515299714 1066638206
791 -1448332832 4853905645
792 8202630747 -1830312616
793 3354848942 1365713180
794 -2772615160 5278571631
795 8605499123 11933323781
796 -6532974909 23345895033
797 4960383286 17582506985
798 3551771128 10452088275
799 12006692938 6371389347
800 4173697784 1857151951
801 9269520777 -12210791981
802 8755707216 9230391434
803 3804853234 9538084665
804 6109979071 -5897470569
805 7734393677 1417247585
806 3240651947 13594049843
807 585478382 11486373200
808 453711073 2695176740
809 -1635222215 -1069987828
810 -2043265258 1699670631
811 -2577474069 -1870892688
812 -698272103 12684364412
813 -2084375270 3844368819
814 3977234749 9732664754
815 2441540933 2922464892
816 9306564538 10466290145
817 -2727847481 5577063238
818 6303684525 -4283067855
819 9539126494 9202335415
820 10137001549 8429163348
821 3383518849 9744568020
822 -37408635 1568305130
823 -1330017086 -331036880
824 10027988243 -365424755
825 5457569526 -5472134231
826 2932715169 4930862419
827 121782027 436656501
828 -10049178019 23175543649
829 8929171993 7900812176
830 3450922990 15072966036
831 10074199048 6308702577
832 3712014817 3010584674
833 4838058891 -4050028080
834 9792523169 -3842379751
835 9489668440 7295144464
836 -942585842 4560970416
837 7622959656 -1937400524
838 2481902717 3735839678
839 11101017824 603948952
840 336783905 -569881485
841 4337190324 -696739315
842 5222173197 7756960066
843 10860805312 286813090
844 -754651474 11422245156
845 1612676311 4115389739
846 -1069531537 12547339316
847 -5138530799 16301165859
848 8367397496 16034845227
849 942842256 19566681046
850 900503957 -5846804036
851 3337380026 -744831195
852 -262449088 -268934882
853 4253615097 -2855849515
854 8580551103 10957392590
855 11281393262 15236436585
856 8089004425 16360149585
857 8046483153 -1661985046
858 11413000392 9833220975
859 183328951 12575415900
860 -200218340 -300188388
861 8708889179 -3147468080
862 9992039708 8578214131
863 -596682729 9834755922
864 -5568069991 5295931069
865 9311144386 -3216186660
866 4472441738 -2274407959
867 -12314359152 -13890063897
868 9540666337 -3858634710
869 584805731 3579051495
870 7398738178 -7662766087
871 5401709609 -2825933913
872 4863784886 -1069987828
873 11353894690 15325932053
874 -10642148450 8308956829
875 1194957650 -1069987828
876 232601919 11278715087
877 388054216 -5846804036
878 16404356560 -1835188225
879 7132926130 -8914725465
880 8905956589 -12558020928
881 8828245362 -12398336723
882 5821919767 -6220816000
883 9579088756 9186076616
884 14473653848 -2788446629
885 4197327625 -3038180269
886 2715489557 8608128178
887 9289932361 17723482633
888 2481588797 14813648266
889 388054216 13142307592
890 1549974864 2547321975
891 2799197935 352031454
892 5613917827 -8100683657
893 8231088208 8340187134
894 -138116804 2826233656
895 4650968720 -1069987828
896 3007421665 3770138182
897 -1646760142 4721384061
898 9570227432 -3554773272
899 8696570792 7213891429
900 1218673383 9844315037
901 2702972432 3891272059
902 8561772606 -11176846599
903 9968494090 12115519479
904 9172785774 7820234645
905 7258217991 1828042094
906 2181015322 9272924017
907 2014300320 -1050768710
908 7968449962 1615998323
909 -389149198 12202280081
910 -1058582697 12437126785
911 15124188990 -762118804
912 7762435577 -1578725408
913 13630872581 -832595267
914 -1332788230 -1069987828
915 3816109074 2195039214
916 6293705063 -5844533101
917 11483335029 -5366921561
918 5759561084 -5102285565
919 15380711740 -1308218816
920 -1922975598 -1062982446
921 -2314404446 9507082514
922 -512711416 -1795538318
923 8884701455 284245433
924 9498324192 -3476562845
925 -3408337386 1919602604
926 2695871997 -842356769
927 8231088208 10462386125
928 6813704565 1106861087
929 16332072499 -17080711778
930 7696432263 -1284629149
931 2381568808 19211054941
932 892090190 12525606066
933 5967557366 12692036643
934 1089206864 2655243291
935 8136011413 9850381435
936 9101696499 12545827797
937 2286710943 3942994857
938 7916669960 -1680815639
939 3423548612 5536745219
940 757763786 9352350661
941 -2360475369 13466664523
942 11642087005 -5609187445
943 2993008611 2703458791
944 5325571444 12770745621
945 -1076609590 -18231701
946 11270730508 7043931635
947 8215487635 1781386212
948 -3294914507 3104089703
949 -3319301765 -2786601768
950 9020706750 -3031317543
951 10563423363 -1331563798
952 362356248 10234855648
953 9111386064 7996559903
954 2884522991 -5846804036
955 10043855063 5895378842
956 -8148430800 12618202968
957 17841400328 23334082536
958 8105493650 9942861048
959 310124329 10054091249
960 5277997202 -5103748248
961 4438219928 14111306413
962 6146445293 -5488244354
963 -718707175 11607886280
964 6247757796 -5391216038
965 8012322798 -1677962581
966 9563240696 10948098857
967 10788323486 -1069987828
968 2267490550 4109711865
969 8697796505 6822833827
970 9384935239 9316056270
971 6020779141 8742755984
972 8431765344 11718867514
973 9304905264 5999877386
974 9338769269 -1069987828
975 -1100956953 9048403797
976 8002497742 -1614568643
977 -1876406773 4881276506
978 -2301910738 9493614259
979 -10264556157 5885653836
980 15533254533 -2621199830
981 3103498916 3666566620
982 1287736952 -1069987828
983 -3749888610 14831373591
984 928510122 2875345393
985 9564939373 13117652910
986 4831256994 -4185161637
987 5296006483 -5140147886
988 13464917852 33679314701
989 10390202034 8009373632
990 2492695396 9595274986
991 8231088208 8343826887
992 2260138725 400887629
993 2934218319 -598272438
994 1615174851 10631367699
995 -628123148 -5846804036
996 4595400994 -3166954710
997 5520876520 -5602220030
998 5505863205 423386260
999 3044714592 5069114051
1000 12090715253 7708895857
1001 3994876464 14210134759
1002 8774317665 12141712701
1003 7425966467 22205755085
1004 -1028385802 16777405889
1005 -4201678290 5822013818
1006 -3181536711 15402513327
1007 8333928809 863878147
1008 11463607383 5771957844
1009 -2795784105 -2140373706
1010 8359166417 -1999058533
1011 9672571264 -3414912852
1012 -797873566 11058568459
1013 6422288524 88901579
1014 7578210259 -5224836542
1015 9701508542 7632360729
1016 9181554504 6240567416
1017 12456695316 -200126270
1018 -1880803120 5491783965
1019 1977274027 9815950749
1020 9068868672 -2764119668
1021 16269337127 6371389347
1022 4151717637 14064514321
1023 388054216 19189815730
1024 2980544128 8305176705
1025 4274830570 -5673181336
1026 2119622839 9398548072
1027 9527157879 -3727461720
1028 -1531768828 9261246074
1029 5025853422 7514623737
1030 -1910327216 9347965690
1031 -1841363199 -1069987828
1032 7049607494 -5913990490
1033 -3363306382 3879257504
1034 10132339104 -4161653187
1035 -1862536684 4026245389
1036 6171031540 12761218870
1037 9524013963 -3254767642
1038 8533228695 12987582552
1039 7470452199 471120492
1040 878069601 2394616316
1041 -4651743765 15300895963
1042 3190552195 14404829051
1043 4841281050 -4205759479
1044 9097495930 -2794979937
1045 831485746 10650000015
1046 10194165453 -1069987828
1047 388054216 11707245070
1048 2962461451 9114141963
1049 9898010689 5761980812
1050 731992706 -1069987828
1051 8603295429 -2926438449
1052 15486546108 20427260098
1053 9528958697 -3441455327
1054 7395194642 -9414770754
1055 8274386400 11524599587
1056 1689952729 5027540469
1057 10923640566 798020745
1058 8042822808 -1658039183
1059 9310262596 -3024343034
1060 7118539977 -7063105151
1061 9516109136 13057377065
1062 730589082 2819736591
1063 2247614961 4425594388
1064 4512329937 1761589102
1065 10296909074 -4087950863
1066 8424796237 10896733845
1067 -5884566683 13355727993
1068 -3874000730 3022884634
1069 9404393749 -3347476912
1070 1154917103 9832176486
1071 8304995854 -5846804036
1072 5389688056 955552176
1073 9842308241 6790391255
1074 619512569 1013253886
1075 5101363541 -1069987828
1076 7055177191 -8754963768
1077 4339198458 6667019652
1078 -4810470036 6448397416
1079 5995073877 9158230367
1080 9822205990 6030650904
1081 2041755374 4228944811
1082 -790279355 12017607597
1083 675181494 10992912360
1084 9399369004 -3120400006
1085 1553795487 -1069987828
1086 2064678015 240985475
1087 9217781819 7939784767
1088 6611591640 -444472198
1089 9461007341 6467284724
1090 -2049026202 5477692232
1091 8811424427 -5175733161
1092 -10414292456 -11544629322
1093 2967052616 2932151703
1094 12827713869 -472368109
1095 1847571050 3149992474
1096 8608500735 6613569392
1097 -1340975314 3560303423
1098 6203782023 -1069987828
1099 5345638826 12426715407
1100 1986321395 2089624574
1101 10124799044 5650181965
EOF