NAME : 111
COMMENT : tspgen
TYPE : TSP
DIMENSION : 111
EDGE_WEIGHT_TYPE : EUC_2D
NODE_COORD_SECTION
1 10083312613 10100000000
2 10024256011 10031263940
3 10037893136 10089924066
4 10015905165 10038596397
5 10100000000 10100000000
6 10013041213 9992604465
7 9985800515 10079733675
8 10027525550 10027142977
9 9899792368 9945992837
10 9982769496 10079689544
11 10094967398 10064071755
12 10039489775 10012063135
13 9997237849 10060675826
14 10062945977 10137275328
15 10087417964 10100000000
16 9996981003 10064862804
17 10101898880 10032882824
18 10056496050 10064071755
19 10019392656 10082211127
20 10015421970 10042398464
21 9960618372 9962525193
22 10043684659 10154842499
23 10089268750 10016577879
24 9947419206 10128109905
25 10018111608 10016524869
26 10103034944 9928282684
27 10010550601 10033626197
28 10036796358 10064071755
29 10047447627 10064071755
30 10049134236 10090424149
31 10099728819 10023113636
32 10079947532 10070956149
33 10049134236 10171136346
34 9993303059 10112365849
35 10036770749 10091034284
36 9997552526 10064086150
37 10064923750 10083300463
38 9959821757 10047629047
39 10037260202 10091330046
40 10000255121 10171755455
41 10041391208 10147985240
42 10026416381 10028087715
43 10075264604 9975161058
44 10082064224 10081489894
45 10075083814 10069920201
46 10008936855 10056125303
47 10095307948 10064071755
48 10056455396 10090113780
49 9985492126 10064143030
50 10076470710 10082564699
51 10041245861 10011451761
52 10041342508 9994707063
53 9972595699 10005865661
54 10071453697 10119122893
55 9990035329 10074396068
56 9990324998 10071985935
57 10012511120 10043812757
58 10004376662 9929638239
59 10047418334 10003444066
60 10097674181 10238286676
61 10052581581 10008146255
62 10049858761 10144963360
63 9986721934 10077045704
64 9958334924 9903480381
65 10038435742 10090433459
66 10091735116 10077178818
67 9995491572 10066028880
68 10039334028 10012259440
69 9981824432 10076346467
70 10099759600 10181483512
71 10046767096 9985842054
72 10036318243 10016504117
73 10010321567 10048827069
74 10107983944 10064071755
75 10001361844 10060120003
76 10039357510 10103862684
77 10034983283 10093861152
78 10079051526 10073044556
79 9983997877 10065429644
80 10005807461 10037156955
81 10012878173 10062087905
82 10045434656 10124596668
83 10004987743 10055549879
84 10067537252 10081643473
85 10027790705 10017344934
86 10107983944 10064071755
87 9973083457 10096001753
88 9989611699 10067013409
89 10015407355 10036641480
90 10011771658 10041595864
91 10010706281 10048342171
92 10100000000 10100000000
93 10080775500 10100000000
94 10107983944 10114137772
95 10028482581 10015379750
96 9996977971 9956082932
97 10084941609 10117135352
98 10081787902 10084795901
99 10016084881 10040304660
100 10078602228 10096952142
101 10036452263 10064071755
102 10006498315 10058645042
103 10098012748 10098972460
104 10052457095 9999356274
105 10057391471 10138864047
106 9991824699 10072140727
107 10100000000 10097970121
108 10015174988 10042709763
109 10100000000 10100000000
110 10001942947 10027289146
111 10098092625 9938199450
EOF