NAME : 1111
COMMENT : tspgen
TYPE : TSP
DIMENSION : 1111
EDGE_WEIGHT_TYPE : EUC_2D
NODE_COORD_SECTION
1 -1917708519 -12040939704
2 -3983042871 9537370635
3 8870851785 9847376222
4 -6539848606 -31497659439
5 3321648535 3333015745
6 19311167421 12767507576
7 2920872385 -6545601437
8 -3874548862 6732523153
9 11734749020 -590130485
10 3960221690 2107348385
11 520894174 -1842793992
12 7961460495 -1497894598
13 9330463743 1792626641
14 -575076634 1978781439
15 9705012786 1892544296
16 -2084369900 12245083762
17 10675725890 23020681148
18 7697729612 6152049356
19 8007633867 -12710578904
20 5536967417 5046047531
21 7993893476 7148910287
22 1023907798 2025524650
23 9042965626 983845747
24 -7623993133 15271114996
25 12124713421 4530525462
26 -4355831098 8792535451
27 7189320599 -10822680586
28 12920374904 11137182617
29 7467722517 7549326133
30 10387681473 -11489792863
31 7761263793 8546924224
32 12255804745 4843529672
33 443328691 51702313
34 -8781617568 1738879117
35 5913704119 -7879756036
36 1388783114 -3705345988
37 3743598917 338534039
38 18469083539 -36845777495
39 3305145117 4836478277
40 8617551397 20116652512
41 6619647979 7315445991
42 8363912338 -3219319378
43 8024892868 9613447604
44 7127708015 -5080118690
45 4794267145 -5297147075
46 4758197376 4125503569
47 6472928215 -3792707849
48 8047718042 6112349835
49 7672088093 6014413428
50 1149049595 15035244611
51 15168662774 11786233458
52 6081356102 6750579748
53 -892193988 7821863487
54 11168759947 2322089744
55 5157822954 5255407353
56 6614129085 -9495678895
57 10978065630 22772390381
58 -959482993 10820703819
59 10524727817 -6955673
60 8879305990 128197772
61 693904740 538638079
62 9441673771 2271601726
63 8107998634 4960584594
64 1504052281 974846188
65 897368702 228725621
66 2643996572 1727275007
67 7807071869 6505485229
68 9196240098 1134600570
69 -5933880665 19453340291
70 12028687221 10223184260
71 -4648223099 10010417554
72 7847897491 5233245057
73 10404280048 2296961675
74 7327957479 8332774566
75 11094946735 -133352910
76 4713185508 688454193
77 6775898943 4462529876
78 5022024372 18313790313
79 9865160757 9309335344
80 6301247813 7398065533
81 7716923247 7406119663
82 9927006482 6020818336
83 10204620087 6646625212
84 -8711755340 -15633561955
85 12124713421 -14905099447
86 4189420138 2422702575
87 2385117511 4384050806
88 6125997654 19576839656
89 -6766657288 1038693163
90 8783802807 655597721
91 -3950274276 14877040100
92 21505431578 7760073785
93 -5055030767 10299260524
94 7382752643 -686192241
95 944115842 685922403
96 11827011648 -21522114985
97 7017572764 8302201868
98 -7721791261 1704796046
99 -245173859 -2156481008
100 -1775984902 -3162940593
101 -14063700718 1584467652
102 -3474029438 -6216050647
103 4285199428 2109757427
104 -205860946 12571939972
105 4794267145 4829138703
106 4482921252 2124477895
107 8038981615 -2216182512
108 -2926235253 8893539878
109 7237755421 7663481187
110 9589049060 -30386235
111 9473357787 403413585
112 -10319259807 1693929126
113 16450983962 9694323803
114 11098526267 -4182285197
115 4708889464 -324301198
116 136235108 -1339107286
117 10576839076 9321224833
118 9389768162 -6143570540
119 5354374119 413029083
120 8860028588 -8486161893
121 19998174064 2580200555
122 9980980679 6642030877
123 9983730942 694514065
124 -3364545778 22787841923
125 8680458846 -5730016666
126 6672444953 7800767429
127 7113706934 -10648235278
128 3757082480 2129820901
129 -4801213003 3785171858
130 -6830943912 1795903281
131 8190078100 5869561209
132 12464510402 2853867777
133 6261596142 5423778384
134 -7580566791 15141086015
135 -5275143579 -9454481429
136 7435327901 6937740677
137 6518449924 4853314839
138 12124713421 -1578652640
139 7312380358 -11106586911
140 4371850426 5328162648
141 4460666515 4733847915
142 6974736104 -4779349339
143 -6534355868 1804573458
144 8024222909 -6842822723
145 18878999946 15119956361
146 9211167255 5002709752
147 9290814229 9647166449
148 9562206941 8614140364
149 2093923992 1948868690
150 5754465981 12829825000
151 7554891136 4938267715
152 9038640095 -1271610487
153 2984410638 2454823630
154 6951160307 7696170298
155 -4258334450 13538443924
156 4559441867 1380070218
157 8862662023 -14683180693
158 3427242387 2089094913
159 2537820506 3759193171
160 3116375922 2489378825
161 -783558424 -1378542600
162 948508187 -709224127
163 6820015139 5008565651
164 9896544541 450657724
165 -4617507808 12999992198
166 9778235679 1377234549
167 5057532586 3523828260
168 -1137944136 13969593402
169 6849930028 4756301670
170 8938967695 4520154398
171 9331516542 -417717141
172 9984563197 8606948789
173 13223109642 15119594839
174 251172299 13279879093
175 9588232138 2404748240
176 8102079275 5270271901
177 9683915773 5243558728
178 -4809640531 3085034900
179 -6146775335 3483812252
180 8656358541 5312801664
181 12146837564 -14948599357
182 1265050546 -2511445662
183 709596253 -425266307
184 8764420573 7817327969
185 10291860878 -11301392928
186 -17960847186 1470542127
187 7661656153 -6129953493
188 6356919173 4619812252
189 803818465 -1495029729
190 12596248045 -3450265461
191 -2431061770 1924525310
192 11855392762 -14375568243
193 4719408483 2129886534
194 9332544936 756273840
195 567665672 -355742634
196 -3654576018 8540304764
197 517753889 2010728221
198 9389768162 287903191
199 9626069857 9192015530
200 1937680257 -13817941440
201 118891768 -21393430035
202 4758626336 4283696832
203 5904784651 5637926542
204 -4609114095 3159849292
205 -6463484403 2144503791
206 7638921902 14809337178
207 10904538233 6294540070
208 10484396296 2298704502
209 10594582467 -3269219038
210 926616498 -7112641418
211 -4924880275 3856631510
212 8827558043 4995466132
213 -1984047034 -3201397073
214 -5564332697 18600770724
215 -4939495381 18646099621
216 -472798327 11902685512
217 12143544655 -1805771777
218 -3544501048 10095829882
219 4851422784 2578964174
220 14976892059 -5359722462
221 8424055576 6000626599
222 4519799302 2949576552
223 8146018437 8465767233
224 10064204480 1811569308
225 5983692982 6014831579
226 -3569675406 -8618774192
227 -5194173557 5395306529
228 13652914564 4879754354
229 -7159430249 22280757476
230 6606556288 7760193717
231 -3177355143 13093868805
232 11848127383 23841578673
233 25585727362 16125937251
234 9358134730 8519659487
235 6964047928 6508368192
236 9307618135 8166208173
237 8812154657 -14566657138
238 10831984872 24303031289
239 9889192560 1723007792
240 1255420628 2032292479
241 11966610940 7372158405
242 8346855216 8396648307
243 12110354918 2349615448
244 432617563 -187769548
245 2138952983 2420048604
246 18558711159 1999083793
247 -1545971143 4168107026
248 -7407187579 22852348656
249 8089114516 -4036734532
250 -3403691951 5154676005
251 2956823670 475118541
252 3965076524 3869263348
253 -3895977801 1881701328
254 1245663088 -2197301830
255 -4501369198 5757250609
256 -5217277283 12740704392
257 7345736516 7516809157
258 -5697986799 3974058752
259 9785666544 1852758689
260 779792235 -113639212
261 6403265307 18590080623
262 9549723658 8902765443
263 5275904554 3565354628
264 10923770193 2314927943
265 3497826239 1584105003
266 2717407152 -10570278377
267 4623432280 2126292462
268 10414442561 -3121479686
269 15544105574 6418470179
270 7721633453 5607438506
271 10334332999 21985570481
272 3655758968 13909115460
273 15840269911 6051977302
274 8741603749 7796939709
275 10989985119 5588459566
276 7124262310 4697035932
277 7896316362 -6591336231
278 -833247312 11107596735
279 15425166080 9920781854
280 7663520406 19142512080
281 690699963 -483176160
282 46732099 -1134284630
283 9523396596 2247653611
284 8827455729 -2988904794
285 8193673994 4798825557
286 -4831632147 -8657041088
287 -322525918 -575687667
288 2481279424 15891932260
289 12124713421 -22208931022
290 -8610735770 16046798933
291 5500361889 37896812
292 8044536292 -2503405513
293 8719600669 9535090831
294 13821414201 4850558256
295 11197676546 2322935064
296 4351611766 3896378921
297 -2713475044 14269356911
298 8141691763 5113925493
299 -4553540720 16268812357
300 6071055639 8752436296
301 9617446974 2852064980
302 -2571838652 16259583055
303 8682934019 5995289871
304 8967912027 5372093716
305 16704804468 8580200888
306 5659316114 6408871333
307 -5230568926 17830757473
308 4793471247 2879078435
309 8577586234 -682353719
310 686251968 3908961473
311 11116536697 2320563098
312 -10127669719 1358343522
313 6868934616 -933408393
314 9211034412 -15486896915
315 14786470770 -20138576822
316 13515956205 11173670377
317 -14934465070 -7393716009
318 9556747821 2274965693
319 -7844757630 1766266402
320 8521500813 -13896101101
321 3528596917 846443821
322 8376776109 -4502697015
323 675250367 2015332326
324 -2564813176 -7315376266
325 -836250457 12824641171
326 1233241439 2031644113
327 6668210269 -4176666294
328 7366640579 5112191061
329 6778756932 -9875485318
330 12067900131 -22077859318
331 4572168137 2127243826
332 12124713421 -10573713163
333 6097318659 4731924254
334 507094602 2010416618
335 8897473779 8834499802
336 11879179926 7468939957
337 11351121333 -2089691107
338 -8252422721 1754349103
339 2711644868 948265418
340 9116485381 4454238268
341 9609153951 9321720902
342 -423764818 -9889768781
343 9341817504 1335697817
344 1614712955 14436312897
345 9966139760 11877720199
346 10941969364 5957829066
347 -6309767299 16461086869
348 11151064845 5176472727
349 4882870455 5785840099
350 -2755736991 -19138982524
351 9318487937 682995525
352 9476890323 -6924495080
353 9527137950 6581773906
354 -4262000877 9114473645
355 7187037999 5850144586
356 9030273668 4026460808
357 7946511513 4480170028
358 -1673688167 -2979009498
359 9341196344 1020187937
360 13180836256 11546482925
361 16532985989 5646810322
362 9486119378 9123343052
363 10477186464 5330835345
364 10821421081 -7565163807
365 9743653064 -1220363534
366 18399822645 14719646789
367 13132952936 14526246967
368 1747517432 3743257012
369 860675632 11547005183
370 9842889246 6341824822
371 -4521910908 12859081651
372 -9306173658 27233424661
373 10326269562 -7660542317
374 -3553574688 24344570270
375 8707521260 -14325261548
376 9026586544 -8813643770
377 617515818 396055720
378 4666166481 5192515895
379 403710436 -590730051
380 7610522872 12033507564
381 11426138298 10075293380
382 -219019436 13235781116
383 10761192133 3637843213
384 9436320949 4403825338
385 11181090421 2312412353
386 5257632545 16769419700
387 991615479 468811624
388 9171969399 -15396771560
389 -4497917860 16140487047
390 8165433353 4652959094
391 5772023266 5283477581
392 9470369082 -6274130218
393 -4216919431 11520282616
394 7262556170 18301558681
395 273929752 13303207034
396 4622310337 1086001819
397 5250301338 6042987824
398 18403567722 -36694628534
399 -5413899144 2849819639
400 1496705476 15045843862
401 10587695690 -11883055563
402 12037041180 -3427550790
403 18517511383 2687627903
404 9681237444 7006495322
405 16216862827 7921189896
406 9419255192 6047052061
407 2990207380 2078648672
408 7270984627 6310233932
409 9664745392 2272909449
410 -9225290803 5779088870
411 6332276446 22210672812
412 7009780032 7244871531
413 18887622208 2889069385
414 9337362485 2260360360
415 8906333745 8838847310
416 7026423355 5033863012
417 4298142681 2118245255
418 6608246685 17383081000
419 7824624175 -1642423814
420 10387456910 5881363647
421 5029063098 17006838049
422 9765355107 6282817760
423 7771054002 -293038859
424 3495145419 2040439180
425 12269292908 26120129495
426 4391440746 2210793620
427 7312380358 -5443216600
428 3447090429 5079246673
429 -5540114254 2868728690
430 7910489502 7470826592
431 11159095552 15341717943
432 4314928837 -3916394554
433 4660608610 3916908227
434 6603515802 4773733184
435 10769940870 -19083388618
436 -6237288879 1679552358
437 7258318734 14634703437
438 1882559629 2031159738
439 5160856198 6307468956
440 1337091322 580665268
441 3467961469 18708040570
442 6573490489 -3990430751
443 9144449453 3405303547
444 -2306356579 -4520233425
445 9855414438 -1725721905
446 5275904554 4829138703
447 9711748424 2279496835
448 7969302184 11381963889
449 12124713421 6252201783
450 -3590827012 3774066225
451 7063430433 -10532244342
452 7859341394 -6518637019
453 -5380883310 -9644603084
454 11786034549 -10025111432
455 -11498675909 -1420404701
456 -7810049737 3775117854
457 15466231787 1684460292
458 14155010731 6031499552
459 4660173077 5690109769
460 10080508100 9368979544
461 -4446270942 17676334685
462 -3115690678 11964096969
463 -5957225934 12621944487
464 12029194062 21270949000
465 5397586718 593015131
466 10656320395 22401055473
467 9437069064 2268934838
468 -7305749587 6343871333
469 9723512168 4142931170
470 9389768162 -734473568
471 10035720413 9393027477
472 -1337938438 11564812973
473 7743933339 4712495294
474 3760133457 4283344535
475 13866055252 -1402210271
476 9954962493 10786053623
477 8744176854 535663471
478 11223324177 1316183052
479 -3222170005 21615320729
480 13878877084 -1134375084
481 3533427890 -2388314479
482 -1436679485 8704097043
483 6500183338 12928650262
484 8418922789 6065633449
485 13518078544 -1800540491
486 10655679662 22697487893
487 -3684477178 8781257719
488 5489757284 6204444166
489 4986437960 3921735050
490 2235551248 3919355231
491 -11591254643 -4499376783
492 11746305439 -487432340
493 9826113759 2262846761
494 10359427867 5890031586
495 8342496732 -13483127834
496 7677232329 5413949968
497 -3355355419 5580735357
498 8069094349 7213440486
499 7312380358 -977316783
500 12333806340 429537327
501 1181936779 -4411766253
502 1343676713 -5750548284
503 5901582385 19613003
504 1460768654 2577875615
505 10848790238 1895417289
506 6239179370 -8630647171
507 2373950456 2654022292
508 5956410240 5587464308
509 -7254631848 2282476034
510 3249472957 1808010096
511 -3691889087 6853043837
512 3151126402 3697488407
513 6756303252 7814164102
514 12248716325 14478672129
515 12023001022 -14705115200
516 4680891046 4697989115
517 1145734555 -1845482330
518 6158689877 -3174860684
519 4984370191 5835209864
520 6014850414 -8113106670
521 2138741176 -4517600731
522 -5017194405 4603354965
523 12266586254 6784653114
524 16257569913 7286127184
525 5003115332 8551250239
526 4747498729 -400213721
527 5460467127 6512987851
528 -4864533858 1853387469
529 8782170703 -14497482340
530 1217287543 8884420
531 -4448534914 5860784786
532 6094389850 12539491168
533 8511457854 -13872931385
534 -3460614671 1894428326
535 4414539268 2469295197
536 11387440974 3152920941
537 861775404 -1725734505
538 11033620403 2382029388
539 9489367667 -9723551857
540 14492328925 538396131
541 -919801731 -2759130870
542 14732591938 -28225464856
543 1138256399 173840285
544 5461589074 6082747510
545 1417649817 1602022398
546 10350671902 -3727157273
547 5190389229 6300012583
548 2904003737 210644430
549 8326484034 6401178368
550 7753900466 -1484893165
551 1840058218 1955756233
552 -1046903562 12373613313
553 8125039728 9327189328
554 -9768756587 482589352
555 15942161933 -22410866427
556 -6368844788 14532769411
557 9538118498 6283703865
558 11266176214 2662243040
559 -1388771954 8967498959
560 -7961158983 12577751609
561 8720525460 -1115611596
562 14339858575 6901350377
563 6381889405 -61063065
564 8213941528 -1032603177
565 10089132526 10979707823
566 13410908689 14764650819
567 8849653558 -14653169376
568 7807439734 5550179870
569 9245476608 11076234555
570 11346614163 -1804328061
571 734638710 2007698307
572 -6475159188 20702102658
573 1441124760 2037721179
574 5121885626 3850140126
575 16796669485 -24090976728
576 11303332572 6902490852
577 13484936727 33902063770
578 137001789 -151010517
579 -6735646795 7763147356
580 10705238294 5553770160
581 8370319141 9143516430
582 7200172013 8750422305
583 -9905030591 5688051619
584 9655853569 2266679877
585 9980666395 8686828995
586 6048012806 18995115743
587 -821184185 12667565351
588 10127021987 2789188587
589 12124713421 -10573713163
590 4659905086 2129443411
591 6958847082 6119418644
592 7043733899 18318765386
593 -4302283320 12044196958
594 7181834609 9319109264
595 6752347781 14363093020
596 6892524329 6721794598
597 5096790217 6105639946
598 7521495745 4873440871
599 -4945612958 4376300672
600 9571508436 3533064754
601 19556756020 6589665255
602 7272821272 -1412051339
603 16053136750 5626851411
604 13841765083 -966716615
605 4509748689 5199313484
606 12971063407 10892576920
607 20229426651 15791950460
608 10156035037 6021329788
609 9586588844 2275838037
610 3860020676 2106091908
611 6964047928 7406119663
612 13744426556 6751114128
613 13638669274 10960019034
614 923878184 15892095969
615 11240995836 9873031912
616 9284304621 9024314315
617 7877088371 5106247059
618 12550268795 10346757181
619 6758946872 14342617279
620 8232540024 6544476777
621 9983880375 5782994184
622 7240602574 5146065337
623 5308021598 5491187885
624 6618219408 4933794154
625 9610688323 -609374822
626 -16352987 -2440640078
627 9382454049 6510153290
628 -912383960 11371428965
629 8898850307 18924186230
630 199521897 -128385185
631 9656737187 -6576014609
632 15955753806 12586160524
633 1554561876 -5061810249
634 7494273695 6522931959
635 10058542145 8271345317
636 -894059738 2606516567
637 12929289748 -11876988930
638 21927611716 -1646783088
639 3960958298 2236746262
640 15082290857 9653280466
641 9049717425 6888679354
642 9447446610 5086183325
643 9014880161 -8790626987
644 6432182977 5754948237
645 5031521879 4135441648
646 19277352675 -28968430848
647 9511184019 9241901614
648 3028660079 5377128392
649 9054348464 8911476839
650 3444610442 -2183407241
651 5783301030 6431769976
652 7242110703 -10944470556
653 13824104671 12306024882
654 -774663144 12161059466
655 11398663090 9842517299
656 8332521067 4490149634
657 4728082050 -5144454049
658 1917977994 -5600726586
659 4973966496 5241437209
660 -7116856956 4040601089
661 4755433851 5387078791
662 6704015893 7998527399
663 4762105124 4409866689
664 7832957779 9363853488
665 7699918189 6064395296
666 4835575028 5057527328
667 3269181081 13714496932
668 11156237054 9942855199
669 2531632867 5434242254
670 10561391598 1448270770
671 3982562844 4832574212
672 8061311160 6227025908
673 6381741603 5204657982
674 2803468508 5154680074
675 1796100006 1619806269
676 6730196352 -220795075
677 9515413805 3156426892
678 -4950035596 4397063306
679 6420405023 5186114758
680 -2547757412 9431092573
681 4566997040 -2866497985
682 2221122049 14885551643
683 14000564232 2404872054
684 5132368641 3635494133
685 9379949681 2952448037
686 13583526290 7778296398
687 5410848029 18152047905
688 -2304122509 -4112540090
689 9139190442 320152883
690 11613610296 -2595323197
691 3062954494 2082548517
692 -2251496413 13621437149
693 21058265408 5938449767
694 6416594241 -9039954033
695 -5234092553 13555242362
696 5392387744 4469811269
697 7771868895 8464924202
698 3081299080 5088464431
699 7112038624 -10644386386
700 9784116017 999719044
701 781889433 -2207968081
702 7654826249 4889751590
703 4158413430 3281645074
704 7025037532 8596084218
705 -1418602456 12564582327
706 9307894999 6453838405
707 2483322682 2414693155
708 5891149553 4456211291
709 13145316925 6925270116
710 -5283371042 5916097780
711 11628419392 -21063950610
712 3154752334 2277770389
713 -3748887004 12227360322
714 -6571743919 11049378996
715 6666150886 -9615696343
716 9373643416 -6117451215
717 9692758367 4369076921
718 4862106339 3300830317
719 4276503411 5021828699
720 7312380358 -1322820405
721 5165794304 4253895164
722 11024760493 22734043113
723 229256712 -1603983718
724 11846283684 9740580781
725 -3030536955 12755150343
726 12272646994 16924605416
727 -4417473562 9092245383
728 -4948611958 8089910507
729 4510370935 66020716
730 6222830149 6997417542
731 10313934434 -11344793374
732 -3903465155 14769048621
733 12725529868 5685702789
734 1089980176 -120565211
735 156326390 -1260597835
736 5677960503 -7335881224
737 9624875637 937994266
738 9261737212 8929935942
739 8987922297 7431807627
740 5844413719 4717678717
741 4563486924 4558133317
742 6239179370 4407877345
743 8800428666 -8368978092
744 9735013940 23793222964
745 10882008955 5009849437
746 7143311330 -210585780
747 5421059785 5772813168
748 9689264419 2275093216
749 5137982703 16397351895
750 3122268034 58222103
751 3899063320 2105685506
752 11473563702 2998276190
753 -3940876394 15603380258
754 -4378388040 1867599000
755 -8137632070 7470146222
756 3777253770 4245043168
757 7436087035 11526772345
758 7561033256 9240995626
759 7560186111 5097374387
760 -2976684454 -5321816757
761 5976020466 6410513537
762 -15519106751 1908709394
763 9163782622 -33228263
764 7842845911 8558600169
765 -6598055497 1265624611
766 6478523971 5414285979
767 13065633206 14304986236
768 1972936159 1211834545
769 13049291144 6758429948
770 -5853847044 2261129888
771 -12645118962 1625937141
772 6798388145 5798482598
773 6622679077 5713164660
774 15836937362 6488686577
775 -1585941587 1949230761
776 15491062502 1685495936
777 9740021834 4712254139
778 3105634423 3897749
779 4813579154 4863411959
780 11400123879 10062528332
781 12280091031 -1282461834
782 7086828517 5105209836
783 -501153700 2899126887
784 5554568232 252772439
785 1523054219 908935120
786 18854883458 -997320984
787 3386596699 2989160133
788 -3636019274 1889300712
789 9394917899 9095143656
790 9358546945 4132684416
791 9130390400 1263729400
792 -6007924272 10029377269
793 9244025734 8100655080
794 9669649200 9412008346
795 -3768151668 13263667378
796 -3633056319 16077413457
797 8273254244 -13323381217
798 9132662376 10588245482
799 2084371524 2207344043
800 3330398641 -1188743354
801 4482028095 4764843941
802 9443358557 3126420173
803 1696247403 -817510197
804 8824307509 10560928156
805 -5774159241 9504139980
806 8255225104 8358650918
807 4235669660 806735627
808 11136546821 -8973052616
809 8015836231 -1002005031
810 1178987120 13564157253
811 -6720961698 10278656195
812 9342540476 2266098223
813 7621341666 -116102785
814 12092988713 546662273
815 9791975993 -10318532398
816 10998692712 11210362682
817 -5533740476 19814488716
818 7550514133 8837893870
819 9751652767 8270736646
820 -5712983522 18943717191
821 8662615435 -401456845
822 7312380358 -1114134275
823 12124713421 -10573713163
824 -4109878138 5307558706
825 3774601861 1322023457
826 4407260911 2122392680
827 7560681796 -5931420364
828 10080248503 6047514805
829 12124713421 -1336931173
830 9500629494 -854134202
831 8759152473 -78230729
832 7741553413 7231745226
833 9224422392 -15517783796
834 -4698841032 4752743624
835 8654473700 -4952519522
836 7629184236 5670897575
837 10764910111 -19071782353
838 11610679527 -9741066348
839 7664551495 -11919067074
840 11253488606 22934894026
841 3156002983 2533421134
842 14519860121 8704398856
843 -5808195174 10336689714
844 8336001510 -3570361229
845 7188126676 8257082958
846 -1485354005 -2640381793
847 9308816117 5103519550
848 13418299369 -25193312224
849 5774222075 12448820877
850 -979081874 -2940274258
851 -3747987836 1886027528
852 -2093450584 10593235277
853 9763257273 2615554579
854 3763118800 2151201480
855 5203991291 4224200807
856 7323354644 8821084856
857 2459366365 594210056
858 9543338296 1496218026
859 4107630429 3244190186
860 -3226058569 15935733905
861 13728005647 -13170771807
862 -3601335307 7219550476
863 7088392242 6963066491
864 4862481321 3130737339
865 8126455615 4318387935
866 -13022599416 -5738544168
867 3685733829 -1889472799
868 -3299402362 15421391812
869 5510086093 4885940686
870 3375810928 2091659904
871 3171911131 -1554273398
872 595658907 321396673
873 8323902506 4206700382
874 8381322044 4638151271
875 5910156384 6699223488
876 9961463760 7045578546
877 9389768162 -962190567
878 9523934361 -190640773
879 4833097777 17456676295
880 -5423774747 5898510935
881 -998529384 12613301410
882 3996738467 5621614950
883 -5291682470 10599668601
884 11257600307 5154263904
885 8811838638 -5207423754
886 5838373429 -7705963569
887 7509686295 14387261596
888 -4662417529 7529402158
889 -3028252744 -5414537331
890 -2542456178 16017606680
891 -14722993929 5828593201
892 8266250212 6783964330
893 4799389846 5588703170
894 11067406967 7928536502
895 -899585852 -1587161692
896 7656127232 20757392770
897 -4877626563 -7969188093
898 5050543653 6024931070
899 4172944998 2115281736
900 4702085416 -13183607685
901 8982633884 861394728
902 6415637081 6186653333
903 7030384331 7379003051
904 7614210831 7945896449
905 6901391004 -285386460
906 371134136 13645021221
907 -4391882105 6031153329
908 7613865170 4583250890
909 1301469525 -3513995527
910 6964047928 8303871134
911 1982537447 4783652351
912 13356481789 456845637
913 4887374792 3092899438
914 12124713421 2350035191
915 2524862215 1644571058
916 2392912444 1133376429
917 7143618105 6810499807
918 14371665072 8671979226
919 10440473524 410936844
920 6516769146 7444438423
921 -3841752114 4552350558
922 2985604727 -9778801023
923 6720816778 -9741813870
924 4108710666 5236504628
925 428816185 -132111857
926 776727929 5169252677
927 979345459 5640200430
928 8619141391 264734388
929 9689212609 3853852064
930 9935483047 2630405901
931 -931663873 4531868911
932 4779098319 5553246319
933 5873654818 4736415766
934 7316703663 -731613474
935 733572043 -583457109
936 9223938180 3433324027
937 18003254315 2109716013
938 7850524400 -11147632941
939 -2138660608 -3471942465
940 5724100761 6657289757
941 -808256087 -1422949376
942 -8115420346 209322659
943 17592236161 7795034885
944 6345173042 5628382652
945 1202174873 14230792479
946 4408784083 2119438129
947 11979590372 1769390820
948 9483227973 -4342684647
949 3950347056 -466422873
950 4813079725 4966040331
951 -1618193302 -2879228880
952 1401690247 -653567385
953 3578895025 5322793656
954 3962351669 7156526314
955 -3386662616 -6058963764
956 -2718652616 -4283207636
957 9389768162 440315112
958 6620367658 18546305003
959 11335694143 2321542539
960 14381377182 -27415191124
961 752824474 132888185
962 4047442610 -3955629789
963 11880559430 23890353073
964 -3421783424 13657779665
965 2587215285 173057462
966 5975626761 91974344
967 3984286521 2105543498
968 -2910691423 3839915634
969 4523465756 5243688828
970 4152977675 1078658075
971 11599727925 9900853906
972 8481587762 4301552530
973 9730408213 -154310513
974 7923140683 5718971320
975 -2716648312 12030990215
976 718771644 -1469256749
977 966989714 3946346899
978 9407381016 2267498487
979 9251207159 4753216104
980 10942240121 22801811400
981 7387197863 4541338919
982 5728063153 6532802961
983 8646623536 6445367080
984 6250090144 -8655818989
985 -862117874 8793170087
986 4728918711 3085204900
987 14393546783 -5534674593
988 5579163494 16498467126
989 8884301267 -8533886196
990 8834646119 336976993
991 2894093609 -583517631
992 10494315955 -197270769
993 8624662954 -119754060
994 9498373859 4843544221
995 5450198030 -816328886
996 8742322265 3850495286
997 6739427800 5022496062
998 7591845290 7529953135
999 3083257037 4417452136
1000 8115403892 158310359
1001 8622313053 9276527071
1002 4635834403 2183438167
1003 9746375634 -128613104
1004 13382400171 7079804597
1005 9822262788 2282727508
1006 8131457336 7153018845
1007 -1404765634 11469341759
1008 -6630764830 1801755129
1009 -17283894205 2484843939
1010 6299485872 5075797217
1011 6738791991 -4315442221
1012 5262512918 3949983944
1013 2320449237 2755314405
1014 7412325064 -1286154850
1015 5637669502 -4978574229
1016 5771990910 -4107838914
1017 4187456476 1845811549
1018 -6461453892 1806704606
1019 5815281356 4370509240
1020 8209802082 -7207703618
1021 -246484666 -608808624
1022 -2482301746 -5293605366
1023 -3063981799 -5478778718
1024 4485881453 5205882611
1025 -2310171446 8000222073
1026 4651220438 2129436462
1027 12846700641 8873900491
1028 4194877396 3523285452
1029 6159338060 -389138994
1030 -681360911 12108319332
1031 5595350853 -61180785
1032 5953314146 6775085518
1033 3900368790 2107390773
1034 -1555714544 10317138399
1035 9558116637 3687850043
1036 9645490289 -406707625
1037 -5148927053 12166509349
1038 -7571564575 7958110328
1039 6036623512 5623979760
1040 1294331340 2026529170
1041 -6121339246 15550271545
1042 8406523968 218161553
1043 9591840730 2272910998
1044 12907801570 -16444786795
1045 3201082173 -335421116
1046 18931542470 -28288507907
1047 -5633441827 5137590148
1048 7128960061 -5082580431
1049 -14536142600 8137911693
1050 -8127449380 -124411919
1051 11946985354 417996126
1052 -2752732770 17749318158
1053 2892150471 85628757
1054 1545797834 2959556548
1055 11704041990 5297934352
1056 3643296237 1770840210
1057 13137935235 7626569639
1058 8784992115 7459692766
1059 4910796454 -621576432
1060 9792338162 -10319244486
1061 1280027730 1154518919
1062 2412641522 2356674181
1063 8378426938 -1912014541
1064 -3767090888 5389822161
1065 9333513546 2978809324
1066 -11037038322 -4019571496
1067 1212018202 -1455486843
1068 -1507550637 -2680291676
1069 4046955622 3695308972
1070 -2742256155 6687066953
1071 -1150637161 -3170435820
1072 1042831509 2206767478
1073 4258581366 3769351894
1074 7631014618 -3294691203
1075 3913157472 3841302394
1076 10191418496 398798838
1077 415237952 2007731366
1078 2037081869 154551200
1079 8620232861 4882894007
1080 9818917577 2282629718
1081 10856116755 7199103101
1082 8221132894 8502625241
1083 9601060091 7938466782
1084 -5492342083 9797733258
1085 -4522707073 5190322450
1086 -4256753996 5708246395
1087 5023258486 4895947497
1088 -5292680627 17974052931
1089 -2867463780 6357600012
1090 -4693802283 8782598886
1091 10545109491 12156418636
1092 12124713421 -1208624806
1093 9800389707 3138971524
1094 7057873540 6562386546
1095 -849260439 12443955250
1096 7575667653 9772846102
1097 7054326714 5830272260
1098 13134705544 -2205958886
1099 1114463238 -1995103467
1100 13790978952 7038686861
1101 8840961129 763997769
1102 5661611053 4150671859
1103 5321714772 -1529222221
1104 -3496204419 7242355288
1105 14513900971 4160333043
1106 -3213358871 7817438417
1107 -1448466376 -5062878671
1108 -5904154479 6524049434
1109 9734371816 2261215304
1110 4266073883 688788252
1111 7051353972 8997031941
EOF