NAME : 1141
COMMENT : tspgen
TYPE : TSP
DIMENSION : 1141
EDGE_WEIGHT_TYPE : EUC_2D
NODE_COORD_SECTION
1 2309543260 -2517291728
2 7557644554 -3717113138
3 7760268207 -4036968567
4 13985081239 536306229
5 23602083954 21969778211
6 6352209696 4915388236
7 9926007300 687070832
8 -2439378140 2684884071
9 12636796745 2453334065
10 9978418853 849890846
11 4308878165 3323411020
12 13230817553 -12672608527
13 16273118772 21781396531
14 13027733827 -10627615624
15 9757855764 9062107491
16 4772307952 3328503143
17 704617102 -3901506257
18 7466098127 7314796850
19 56867973211 4658240239
20 9465745626 8512949510
21 10000000000 0
22 629673337 -368220105
23 -4524346854 5490561160
24 7403939038 -3075087436
25 4901361217 476013563
26 1712762132 1499709869
27 4520067570 3600225866
28 -1091652922 7941168627
29 13901947388 571222985
30 4768089386 13377622261
31 6691645606 -8769700448
32 13027733827 1978619339
33 3713940829 4186166822
34 -1087303028 9929533673
35 16998506388 26275468863
36 16273118772 7885696399
37 9129635845 9587564596
38 2723722390 3349416530
39 -3691065058 -766113484
40 -488779769 4221904533
41 -2994761023 -10627615624
42 10854630525 -8921633194
43 1063901206 12518601567
44 9138661055 13202434836
45 9282509000 3890905115
46 -435713840 -1773852003
47 6088602850 18298504856
48 2462539728 2905977251
49 16986490791 14357616762
50 9408697206 -70113295
51 5376256661 1171623290
52 2443957820 18984224301
53 5050954432 4514814480
54 297231680 6616561236
55 1754019546 1614384201
56 7586254229 -3762275485
57 -2994761023 10874143333
58 10000000000 8817116489
59 6773293772 1311585910
60 12636796745 -10627615624
61 -1144888949 4086291406
62 10059553549 -1587595268
63 14117240104 1403882250
64 8943256831 4421640853
65 6489908702 18537105977
66 10000000000 6144311919
67 7417276817 12260975629
68 12636796745 3174458096
69 12636796745 11233786275
70 13027733827 -12352026840
71 5433263527 15007593758
72 12636796745 1860288709
73 1887114875 5234209588
74 -830884199 -10627615624
75 12636796745 3552414349
76 7495823484 10770520427
77 21185682389 10742545121
78 -2165258820 2183958925
79 4063782521 4304199966
80 17394023736 1172161041
81 5208328117 13085160844
82 9140972645 13013963487
83 573169200 -10627615624
84 6685618622 18859214660
85 -1214029329 2975065485
86 13027733827 1028994591
87 -452477417 4199858180
88 8311279886 -4906778557
89 -736533206 5398080543
90 9197952013 11578379356
91 3547090789 2038518747
92 10000000000 0
93 8597322698 -3569021490
94 1723732468 -2361450695
95 9517647356 4872489723
96 -6141526718 5012076975
97 24687733781 -12639491449
98 19766418751 -3959077890
99 14433903484 20453845738
100 44786957472 -27029322043
101 -550624275 8986919472
102 -3066174929 4345629400
103 2443957820 13831641831
104 612082492 10966306545
105 10396695135 16464643861
106 12636796745 5282218998
107 8184251688 5648958776
108 9922622663 873226929
109 3442993431 10813562038
110 8637317203 -2870698702
111 5558907105 2941665713
112 9964917286 -7517159399
113 3427039941 14583429793
114 13942271281 1971649104
115 13155522098 7806159886
116 10846615891 -10627615624
117 19002106563 -779706931
118 6052404669 -1340988021
119 18127563894 7109260567
120 -2994761023 -10627615624
121 1365440433 6057708723
122 7972039421 8291180670
123 8634970137 11390165437
124 4667959580 17124295624
125 3063793263 2113824694
126 15007562145 3927181196
127 10000000000 0
128 14336194992 30369093
129 13027733827 1447585850
130 12428833596 32149841331
131 9154138609 0
132 7552142613 3389792478
133 10000000000 2648364478
134 -4220618093 -388068551
135 -3904703009 5764529861
136 3715843309 2526856276
137 -2994761023 -10627615624
138 -6722129910 8515710890
139 300036224 -1271811950
140 2033127702 5003718257
141 12636796745 2191859233
142 -400332420 5155685628
143 16469512394 -30345401067
144 14149594516 17046593885
145 2781000514 2730370670
146 10288207490 7933485883
147 3418788379 3944085133
148 7790266752 -4084323343
149 12863426430 20796396890
150 971676578 -10627615624
151 18695408546 -45384307244
152 11136731822 7471616921
153 9175609935 5469554521
154 7275923516 -3096301474
155 3431122635 10101461089
156 3473292905 -2138737073
157 8806390633 4997045275
158 5817557128 -3337974035
159 14357358164 215242524
160 4342989638 2590615803
161 10550271912 -10627615624
162 2925500867 1479558579
163 1450224272 344325634
164 7366942564 1305501052
165 7366341098 19744490676
166 -2994761023 2086609992
167 1482078329 654197962
168 20073679339 2555225881
169 9845787013 3290495079
170 116105039 12496816312
171 7331717759 9170473591
172 16273118772 -802109690
173 9948242715 9056254931
174 16061421857 25110493341
175 9579229603 15243931177
176 8651936223 -5444528112
177 10000000000 0
178 -1531147696 5808307423
179 13027733827 -12352026840
180 8055150851 22409545587
181 1824365577 13996322318
182 84348026 -395129242
183 11144867966 8683035940
184 13027733827 8863766437
185 9091820505 2871467057
186 9674850131 -7059268363
187 8691657469 -10627615624
188 1534920520 13505681069
189 16273118772 4451227490
190 2784121588 3425021723
191 991679429 -10627615624
192 4333477833 1372456703
193 2443957820 14827656511
194 1855274021 5284472574
195 7287120154 0
196 2350617700 4502538368
197 11004974084 981939138
198 -5589619821 6227468367
199 13834246547 2975293184
200 9009823055 2887384040
201 15937596953 39431727271
202 -3227418782 5799456897
203 9353614203 -3148266404
204 9082818655 8555428109
205 2456478391 2672124533
206 2674778620 2802928655
207 16273118772 -17475091113
208 16273118772 9319129080
209 11412423965 14650041678
210 12636796745 9029538540
211 14868931240 -10627615624
212 3732423883 2885512885
213 -2681081823 1863230601
214 8945493125 463394020
215 1472734716 1240743840
216 -933987375 3909963468
217 947583334 -618967385
218 14114332109 2585574770
219 12636796745 5585166554
220 13847158722 -2403620600
221 16868898535 27550800544
222 3504584346 11461456756
223 5999514701 1171623290
224 -3117537273 9699142500
225 15582434790 20569318635
226 6339245085 28088601887
227 5909569528 2063179977
228 3738202633 2206064531
229 14328860254 1060610935
230 5886997403 4031169858
231 3245716609 2705645398
232 4540822115 2148346370
233 423026679 4574385954
234 6238597613 3853239105
235 4728422437 3513205322
236 9196063846 4778244313
237 8794000566 126884493
238 6177432319 -10627615624
239 36039505041 -5266903980
240 9925543904 11037319279
241 42272331167 -6994158504
242 5641637491 1308442872
243 9471017930 24901881848
244 9912781273 8726869936
245 8122973186 -10627615624
246 -1622175553 10773866894
247 2361831689 1588835985
248 4332689004 3615645087
249 7376984380 -10627615624
250 -1575857759 -10627615624
251 16420505203 -17707750774
252 5018122394 -10627615624
253 12636796745 9927951994
254 25717717194 9570955843
255 -10133861191 22423935132
256 -3722325226 14089098197
257 11587360685 3187816147
258 16480422967 -1661875017
259 11661000707 15854239564
260 1613116992 10577885963
261 7551633870 -10627615624
262 5729161567 17797434926
263 8367876121 8894358878
264 8904873470 7936396966
265 5689362398 -767900723
266 8876791674 352332614
267 8281870698 12538999996
268 13568168583 -13205140427
269 -20570547 -3235567736
270 6043525148 4173528898
271 37383400 8866597859
272 3136493117 3261979746
273 10000000000 -10627615624
274 12636796745 647143654
275 10481742128 8562153059
276 10626547999 15766560524
277 7338770349 19676930119
278 9538956535 8729954985
279 10072796584 15071581631
280 13027733827 2470816933
281 9600213254 -6941448898
282 2394557373 -10627615624
283 1633964467 -2606385011
284 27520555516 -2675370337
285 12636796745 8593970707
286 5507972493 2728778390
287 3982422801 3979258720
288 2898011830 1675702668
289 -1984473017 11345778463
290 6761912701 3785370945
291 3618947247 11747739791
292 -7357140607 12347665386
293 8765891843 0
294 -2994761023 -13484815318
295 27592188948 -732970848
296 1727609984 6084488384
297 12636796745 -3628765325
298 2808764553 10703980918
299 5397633691 15187308044
300 9378384452 12499908984
301 12241459110 10677688861
302 7522494123 4997045275
303 14614430496 -11265823763
304 7380984692 8650669111
305 -5375807572 7449263535
306 3747496992 3394435721
307 5812216045 -3720368887
308 5812216045 1067200296
309 -5473171508 978905941
310 -3790966053 14197452484
311 8933712491 12577218204
312 -2994761023 1794128599
313 4393342171 13174557866
314 2764871869 2410577871
315 12768049420 -5966461094
316 2009246757 5041415977
317 9361253113 -14594556111
318 8605008187 12526884593
319 -280424834 8655820718
320 2358587034 1758317882
321 7340809433 -10627615624
322 -2994761023 20321383190
323 3538762313 -4341674201
324 1881136822 512327943
325 -4364599937 8709377769
326 4677653459 506485495
327 10000000000 3885568700
328 -1335803259 10321808451
329 16273118772 -340793303
330 3300816910 -10627615624
331 5701382567 -786875391
332 5616639834 0
333 -2994761023 12940587855
334 4767219082 13761143911
335 -6141526718 5012076975
336 -2994761023 12940587855
337 12636796745 1996382962
338 15477915108 -3078114290
339 4445923594 2936131864
340 -1389156156 5797618293
341 4774764748 3451347722
342 10790526201 8388549141
343 4171382449 11915425765
344 1115471590 -329481338
345 2319492102 2008709975
346 3831254559 -1371432015
347 8806390633 3853239105
348 4488550737 17555596679
349 7673527897 9334034882
350 2153708586 10793402831
351 -1288923980 3128522025
352 -2994761023 11123113040
353 12636796745 -10627615624
354 5289571563 4271286224
355 12578562093 32248276006
356 2443957820 -10627615624
357 14978838077 1997429251
358 4712558176 4501274322
359 13027733827 3265315806
360 3152583926 15799472079
361 1128865233 -1010845696
362 -1742753875 4466864369
363 -4491454135 5555192666
364 10033260870 5257228478
365 3296163976 4218343045
366 -3317913774 5391889671
367 -31268349 -1964139891
368 3000832569 -10627615624
369 -7162623932 -1285909971
370 4055597625 2268599872
371 -2994761023 5616305454
372 9752804554 4881544745
373 12066208504 13542254292
374 -917568884 7283153008
375 13424472892 -731181691
376 -3574279978 -487827775
377 2904850953 12501962337
378 11599938544 6883194605
379 12239896800 -931776179
380 -2994761023 -10627615624
381 1355832465 -10627615624
382 10000000000 -10627615624
383 12636796745 -2640503271
384 4078150119 4539853828
385 -2295587014 11836893394
386 14319205449 -11303404996
387 -2137061751 4640073618
388 5334965984 3044378244
389 6370123721 2583805605
390 9758184668 3220680373
391 17236936037 2393936849
392 28203845735 6636920905
393 1750962851 5984324858
394 4058144229 3779892678
395 8898592088 9608017597
396 729112679 7062196030
397 -2994761023 9650400240
398 5918166561 3430426195
399 1817239503 947775211
400 11274783068 15376682329
401 10000000000 4447534441
402 16022910114 -10627615624
403 4702886677 3793315327
404 13818624265 20813648458
405 -2994761023 4287275866
406 10000000000 9273277206
407 16273118772 5044909916
408 -3994910358 -414951074
409 10000000000 7522533427
410 2443957820 880343164
411 2443957820 -4723829879
412 7522494123 2709432934
413 -6120967297 4888011721
414 3244186514 1971921685
415 9343631722 3922641801
416 3429747425 4695299851
417 10305775418 -2594210864
418 5092211270 1441671479
419 13924551654 -282960188
420 9295468277 0
421 13027733827 -1745997369
422 7748951332 20784869485
423 4146871166 1667028215
424 -3268004572 4004250938
425 13027733827 657625623
426 -2994761023 10341300110
427 17104806185 26213306914
428 10506711924 8621238799
429 10496806057 7658046037
430 4512766631 1528677193
431 10000000000 8022108045
432 25684012624 -1567930597
433 8974764538 2369271013
434 958089429 6293891492
435 7903637338 862583748
436 3317628438 1199175677
437 11180476022 7549239234
438 21865202202 484603344
439 13027733827 10240602253
440 9960632794 15224331901
441 17619265494 9205611735
442 6749888050 -3579741767
443 13027733827 -1345697941
444 5024462156 3391343926
445 14053614164 1224917643
446 13027733827 -1103667360
447 2242742699 2336120473
448 12636796745 905228334
449 -2242218665 11752647770
450 9210935361 24140176917
451 2443957820 -10627615624
452 12636796745 3080773065
453 15747905622 936320673
454 -2902815773 3331120612
455 12636796745 166949588
456 10000000000 2732333485
457 12580116603 6065099351
458 13548626148 20971537841
459 1185612313 -10627615624
460 2316189761 1964791297
461 10657816239 16852068694
462 3295974182 2851258856
463 13027733827 1088002160
464 7058888277 18972493564
465 7154822158 6490135760
466 10283107875 -2994235758
467 2312560278 11465535366
468 4076448360 1778195479
469 10560090689 7641436968
470 12636796745 11267191652
471 -2836370981 5858912785
472 6752433185 10211290700
473 -5646069091 -5294770253
474 -1652628808 5812714679
475 -6639799946 17838707721
476 3377871546 2886066443
477 8767278647 7413217551
478 7173632951 -4276431240
479 5839084051 -9111323970
480 5965079348 -6999440427
481 14222515625 -10627615624
482 5985693207 3635336533
483 -1894880649 4584599425
484 -4241438081 -10627615624
485 574395767 7306427362
486 13027733827 4518789472
487 4244456737 4694757902
488 12636796745 3417710283
489 9443120284 4042774143
490 6354141898 -1817301076
491 9437824942 14616790660
492 16273118772 5039452085
493 7376984380 2093138612
494 27632120831 -628448777
495 3978868250 11443680642
496 12811449810 -7829671596
497 3925508573 2930484603
498 -1738822528 5364014562
499 -1961136862 4362023492
500 -3615149838 -10627615624
501 5698837354 -782857595
502 2719865582 2816059872
503 -4191399420 5683432831
504 2849060962 3715711255
505 4508326950 2519040380
506 -4006814537 -1616700576
507 15832900895 39140795419
508 12956074801 7514798420
509 1403215744 10815895491
510 37383400 8154138470
511 9695342150 4452704794
512 5812216045 -6292328844
513 4842550379 1176316320
514 13780863998 984989952
515 -4910830399 -901793437
516 36039505041 -5266903980
517 -1391789028 6119999723
518 13281230926 -394409577
519 8884005304 7623916294
520 3668149662 3143416454
521 4856577141 -608655100
522 -1963932169 11313353315
523 3442784223 2146731167
524 6086417104 3465076947
525 9862479384 5003317590
526 2671514822 11960680429
527 1968093361 1504207061
528 17535482421 24524013217
529 7614418654 -10627615624
530 -625108879 6113008770
531 5795006079 2896744808
532 16273118772 -17475091113
533 16273118772 21540508588
534 3730139261 -981958739
535 12100720030 17843511283
536 3941873862 11353027993
537 3785249202 523624350
538 11539515569 8573327222
539 3928341132 11641416496
540 2443957820 4355194542
541 5016208169 2472706949
542 5106340879 14206488356
543 24346427075 20921337764
544 4630619829 1745461911
545 8733422383 1759339681
546 3589193203 10573143195
547 5722113114 -819599990
548 18980068158 8310394057
549 4995394093 2846489421
550 -3206829365 -6746969655
551 12636796745 1687537362
552 -588055949 4380513289
553 12636796745 12819292687
554 9429843301 3887190177
555 7492720613 0
556 3928069797 11319201916
557 12636796745 -10627615624
558 5169671841 7581477239
559 10000000000 446178015
560 18750969185 -21386549120
561 4307452626 1413539291
562 10000000000 -7572539886
563 9035128534 8536489689
564 -1712410181 4484964022
565 2377015706 4460867291
566 806954413 6281731835
567 9816584562 25061932131
568 -361344629 4296683642
569 4177917088 13027949559
570 20096299030 3600436265
571 1160353890 9592192947
572 -10636014403 -9750483562
573 -5833677834 3154371397
574 5266696009 2392808549
575 10289558668 -9222514585
576 3676372247 -10627615624
577 9231870316 3222264105
578 10578630363 8952681039
579 2443957820 16946559365
580 9904443825 25963967415
581 1178469665 11434265311
582 11564436402 17727539967
583 12636796745 13910754261
584 7870842239 9126163456
585 5936335832 4266870553
586 -3219399023 5942137112
587 7132430230 10983025379
588 -2994761023 670139843
589 2998581583 2915626372
590 -2994761023 377383859
591 17438052251 19249767467
592 -93315982 -10627615624
593 -4400094206 6917353581
594 3181633197 4140279174
595 8516756532 -10627615624
596 4215376688 17913294771
597 3960154935 925947975
598 15477172062 39619621802
599 3370569338 2942154432
600 14663668828 -14934463223
601 7987546725 8669852259
602 9834146098 8470690092
603 2443957820 22520742372
604 4451972088 2629218368
605 3945664463 11408883244
606 4124620256 2674432746
607 5446442524 -384434925
608 -309426004 6570530796
609 4723858118 13606168542
610 3600540372 3699937064
611 2247698185 2615046032
612 9285760697 2756863910
613 13027733827 1538988746
614 14705599565 21192514475
615 2721834662 10505717828
616 2779784836 2175173809
617 8515266377 9018593384
618 12455091989 -11448072148
619 2202102791 1919838199
620 8284716834 11031657288
621 -2240732499 4369556075
622 5598177919 3619475061
623 13163742561 5546859614
624 987774896 -577630582
625 4686535615 2251143207
626 -1782362604 11026733218
627 8662608777 0
628 13027733827 6305221924
629 6084728172 -1392012903
630 13970723780 21511814311
631 14812169467 7829498632
632 -2994761023 3057853299
633 11457590401 10378279912
634 10565622245 12662499065
635 13027733827 2576298071
636 10000000000 8677652821
637 2763029393 13252394115
638 10000000000 1271165558
639 10000000000 885218980
640 16273118772 9330922662
641 6952418838 -2761722545
642 9505344082 24498106515
643 13027733827 -12352026840
644 -478916427 7196288365
645 9536347597 0
646 7693149884 10701596022
647 4155916501 1652749529
648 17797383283 19274062001
649 16273118772 9809702942
650 -3432352247 -10627615624
651 5668948485 4441100123
652 2443957820 4355194542
653 9036838198 5846277802
654 10120983064 -2624833650
655 2989820849 10539043300
656 7604023363 11181118494
657 31321551396 25023449305
658 41151750139 853494302
659 8501895652 8263562098
660 12636796745 -11734905656
661 2361810271 2847696092
662 -4662873775 6126668772
663 16273118772 -10627615624
664 2070170953 -1202932461
665 4060076399 14415162147
666 -1467783900 4533225511
667 16955677805 -18552557687
668 -15265098 5453811457
669 -1088365356 3594992833
670 13027733827 17251959773
671 2266606145 916851710
672 11983372912 14734200599
673 -2994761023 7622931674
674 1767348328 488876724
675 -781745201 -221932537
676 15681259170 8084590158
677 -2994761023 10759955715
678 2859076281 2070639661
679 8831105481 1986323171
680 4346012734 3282783762
681 4602785532 947335901
682 15607456916 41195729785
683 8175749448 11535986804
684 4452765594 3233813173
685 -1166550076 5106072440
686 -4475150271 -5043625629
687 16273118772 11035063354
688 2029078939 5010109508
689 9219186724 13316051061
690 19434354926 3389744015
691 12636796745 -11734905656
692 13312097074 -10627615624
693 9897659124 3133243205
694 -1881114120 6502178184
695 3858746571 11149329284
696 7234319446 -10627615624
697 -6385487495 762753872
698 -6403385507 6592256599
699 13027733827 -213650827
700 14612550749 6200221768
701 14575425238 20371086707
702 6325895696 20086979313
703 4429639155 1220659416
704 10000000000 5396208774
705 6360501122 0
706 -2994761023 3835638928
707 -2994761023 8304474670
708 13027733827 877529214
709 4958320253 13843772208
710 6780276475 2069322881
711 14819059980 22493408714
712 4686943005 4256157792
713 -236044590 5795467376
714 1952437134 11735249757
715 -3225131267 -980818048
716 1280171972 -6966651987
717 12636796745 8184393513
718 1735543590 -10627615624
719 -2324460590 4966848542
720 5347782721 4084117900
721 9038953599 -6055461769
722 13878195516 -13694539351
723 5638833262 2766260428
724 10000000000 4299122739
725 4238423323 1155448958
726 3593672037 10499779175
727 4102678307 4396598140
728 17753790568 23208611001
729 10217137095 3902699714
730 13028302272 17421455802
731 8237581928 -4790441241
732 3752029185 10887824384
733 10000000000 -7572539886
734 5999514701 -1257497554
735 12858518632 -10627615624
736 -3640805405 6119086517
737 12636796745 4369448304
738 17347480681 6010164514
739 97731117 -3815607686
740 13027733827 6086485241
741 8183263926 -10627615624
742 -5272863263 -229848630
743 12636796745 3999359668
744 7083393038 19067652933
745 2773997347 3281173639
746 -4101102687 -7300805436
747 -2542559376 3608902688
748 8217075129 11898504277
749 1736012664 9488513082
750 -1084692467 6576454455
751 20639597297 6026461675
752 4243645393 3112854834
753 1675590488 10979269705
754 5931708304 2012486411
755 10372043611 12120280216
756 5812216045 -2148911455
757 7120986058 -2004233215
758 13027733827 4780067514
759 13114410601 8135716447
760 -1674295652 2972366192
761 403625412 -938707267
762 4774820277 2122576134
763 2556639405 4177318878
764 -2994761023 35949858099
765 959239208 14369866193
766 1415142963 285937871
767 14675504231 2644972922
768 10558239641 -8453759715
769 60091202319 -1369732661
770 5410748092 14952420961
771 4234029862 12244348165
772 1097115465 -336266857
773 8309097126 792795769
774 24641076997 -614911060
775 6374564651 3328584114
776 4631116670 13657120770
777 -2293465761 11184067547
778 13534169914 1869964101
779 10065780799 38775030
780 2501700503 -718627688
781 12638494525 -11737585719
782 7259363760 4260511242
783 4258704711 12129404013
784 -10452806219 26615789719
785 6069725158 4917823784
786 -4238908306 8613346423
787 4331722064 16786530244
788 4228171641 17221178798
789 10000000000 2101865914
790 5812216045 -1514288229
791 13635996481 -13312211448
792 4588448748 -10627615624
793 5517808762 23886190781
794 9152276895 1130299970
795 1715467200 -1640619945
796 1085195744 -10627615624
797 15239168235 38131376599
798 6010226489 -10627615624
799 5221107086 14573961400
800 6528074639 17690366274
801 18947314636 7588803158
802 2252570133 6065600069
803 951085777 5001611871
804 2984813233 3670006240
805 4168288168 -10627615624
806 5999514701 2470107084
807 -3681456798 5195584411
808 5045456713 -10627615624
809 1871907818 130662513
810 4871354278 13894022629
811 14349120437 36855395292
812 7097203476 0
813 12636796745 1083221881
814 9712296238 -4096280286
815 7230644335 6784080349
816 4214392026 3894922845
817 10000000000 3000343134
818 5215071390 2403496593
819 17298611665 26099973427
820 13266979173 11570867916
821 12636796745 -14616806177
822 17422321692 1108765188
823 10000000000 -10627615624
824 10000000000 1254345424
825 10860586878 28044484942
826 1638104964 11572346047
827 1337797675 11861865050
828 9425128210 3829192215
829 10000000000 233924900
830 1716482132 13223849099
831 -2994761023 -10627615624
832 7927186786 5869160433
833 4689769937 2193921424
834 4710435600 1414186383
835 7775289285 1510700029
836 5297744491 494027498
837 8662651670 6093707271
838 2443957820 23116647672
839 9005631171 838961824
840 16237435526 -17418762644
841 15147299105 6372723022
842 4510734734 4432345433
843 3583626690 10475163622
844 5445712699 3257589003
845 2360308430 4487240880
846 165695748 11336965437
847 5029311907 -4306560166
848 -2994761023 10602678801
849 -2676956381 -1448870875
850 -577554698 -4081791524
851 1788184958 -10627615624
852 -2440030143 3728521134
853 12636796745 42423595530
854 17623259188 28628491382
855 7816835169 5592960782
856 6782372222 6130490650
857 1413551480 11990680605
858 -4657186059 -10627615624
859 6944172912 5845447425
860 10298711939 -8044077313
861 -3652824495 5179494545
862 9076423207 5802436557
863 8097286563 -353352375
864 8126951618 6440593188
865 16273118772 2701935824
866 13099475034 21234192238
867 8042867300 235728262
868 -1411266049 4166344560
869 9548613020 10237076998
870 5398945602 0
871 13027733827 -4507303196
872 13498211841 21001019098
873 2101053215 1568534475
874 2504511886 4259605767
875 4503379467 -12552929221
876 4884732161 -3888825276
877 -601692277 6144609752
878 1054335583 6548809215
879 10000000000 0
880 10444178743 26511888229
881 9728737893 5278440879
882 10000000000 0
883 12636796745 4654971152
884 2443957820 -10627615624
885 -2768578343 243533520
886 -2994761023 12940587855
887 1295143368 -4254443887
888 12636796745 1763171662
889 9651777287 1093780144
890 12636796745 -10627615624
891 6444871634 792795769
892 13027733827 3477733454
893 4819763153 3098773829
894 -43246069 5681778658
895 -4489540435 47397843
896 10795558292 17005227353
897 12484644499 32286602783
898 3743644061 11352489171
899 -3370434188 6300897343
900 6294556860 1902743483
901 2450081407 3485986262
902 -196773512 5905235915
903 12636796745 1213070913
904 14925246569 2597364562
905 9072831391 4859328577
906 17075872861 -18742293884
907 5275274730 0
908 8245902725 11261502641
909 13526334094 20771244883
910 8044389835 21406010637
911 11243618133 -8423343532
912 3587733714 2329946445
913 10000000000 1002270320
914 4980076828 -10627615624
915 13027733827 -10627615624
916 9661696984 9041122915
917 8825117052 6304279920
918 10288402119 -10627615624
919 3096466286 -4185166989
920 -2626761628 -10627615624
921 7237127015 5065487386
922 8664938329 -13051626154
923 9606457088 3608361746
924 870165856 0
925 6213226857 2488833316
926 -3415574648 3110535267
927 -1169750286 3726789749
928 5621712820 4049384489
929 15751448760 4769762238
930 -2210517866 11702605869
931 10000000000 3862913034
932 423768847 -1657452278
933 4639152397 0
934 18176725818 2060678008
935 15229289120 9061979586
936 23908291915 56303883198
937 6701587244 7204828973
938 4062706524 2513331290
939 2855851475 2748377324
940 13027733827 -3017523856
941 1949660292 11496908286
942 -4873081634 8092403710
943 4653902327 13051480069
944 2443957820 13272713021
945 17740580607 -10627615624
946 17462360875 28398629661
947 -2994761023 3166797800
948 12805091466 -12000570496
949 -2994761023 11003393241
950 7272105141 21663908795
951 5812216045 -3352707202
952 17020726887 4645125509
953 2443957820 11184235215
954 9516526420 8631750840
955 10000000000 8564039141
956 10000000000 4768768365
957 3588783688 4015613574
958 489943498 4458299784
959 10000000000 8654307042
960 16311409533 8732855682
961 27029007038 7094724350
962 -2739051109 5762362008
963 -2951159372 4095686465
964 13027733827 3990300562
965 6571192467 -10627615624
966 1576507438 365341461
967 -6867105167 9390560071
968 10490430943 14564114082
969 8056245187 915653110
970 8495680160 7332939354
971 9591554797 7648931936
972 14311174541 10950952363
973 -4741624007 6797026157
974 -3972571837 4974090071
975 -10340213272 2256340209
976 12636796745 -3556674959
977 4810190692 1621542838
978 10377319787 7992527431
979 11467185499 15761059741
980 13027733827 10093273253
981 9329228016 3920653232
982 3846476242 4651270770
983 9131765222 41409395
984 14186471754 20598538760
985 3384245229 3567749393
986 10321484994 8034946136
987 2520492413 -10627615624
988 7520778688 9692654413
989 3053270197 -10627615624
990 2305145475 1688494378
991 -8512715271 19550954702
992 7241865354 5978800659
993 4009305444 11888341648
994 14553362809 -10627615624
995 -35313198 6598209953
996 11244318602 17896475589
997 1931154706 -613692781
998 9368147169 4395254916
999 12760609970 -4790899670
1000 17196673058 5797684538
1001 3918668111 4502174010
1002 8393831986 12460399579
1003 10000000000 177456578
1004 7301358982 6258823729
1005 1424304144 10678165139
1006 11176369490 16017478577
1007 1155320086 -675607586
1008 12636796745 -10627615624
1009 16734682529 5256771874
1010 15632485848 232303604
1011 -7149875890 11096932183
1012 2822307155 10321053894
1013 528102825 5192513126
1014 -2994761023 -15610463559
1015 16273118772 6788758986
1016 10108113672 -7743204785
1017 3264180796 10198002726
1018 -5567542620 -5224650959
1019 4658870671 14306589516
1020 8648300744 0
1021 7915237478 954659295
1022 70366003 5016813709
1023 13155359751 -10627615624
1024 -2508784053 -4453943265
1025 10000000000 10000000000
1026 -1528227580 4769461495
1027 -2769869907 4001073653
1028 15299073566 7662862329
1029 15624998973 18541869016
1030 12636796745 5604552922
1031 10000000000 6407713320
1032 -2994761023 10353857093
1033 327719395 7695823050
1034 -803920889 9482195395
1035 10637441834 8026468488
1036 -886167254 3560956185
1037 12636796745 -10627615624
1038 16437711733 -1554320036
1039 -2994761023 12940587855
1040 -1321487776 4268683550
1041 12134227029 -4668923159
1042 10710457315 9937191488
1043 16273118772 8237211717
1044 7741252997 22913279467
1045 13658555424 20719816902
1046 12636796745 -11734905656
1047 -4089272496 -10627615624
1048 12636796745 4824039952
1049 16140556606 17255437593
1050 3087811046 3338827757
1051 14116099874 22018230118
1052 9298568936 8304451106
1053 23232156534 -3507756017
1054 2817620967 3489307003
1055 16273118772 4521926565
1056 -4533799587 8495257462
1057 7855180186 22780376580
1058 4258484954 12128865512
1059 12636796745 4751757912
1060 12636796745 4201923812
1061 4929198550 1696727117
1062 5872409468 3609562112
1063 13748321012 21641870908
1064 4972703224 4016122319
1065 15647859677 8222104341
1066 14535877526 963162613
1067 3817003003 11047039038
1068 9947901381 8093588511
1069 5812216045 41354053015
1070 12636796745 3662704542
1071 12636796745 3560884314
1072 15797052236 19656704193
1073 8688323531 22505538859
1074 8028534745 9659564816
1075 10000000000 0
1076 3832461441 -1526997946
1077 15578596607 3091289234
1078 3278368264 3038020029
1079 6238597613 4997045275
1080 1652939174 10433168178
1081 2121902558 1020324417
1082 5272698623 13375122923
1083 7802930680 -4104314227
1084 10000000000 9307686177
1085 6916835405 1478819955
1086 4762255731 -10627615624
1087 10342046445 9200008120
1088 7827129533 2252834583
1089 8783523941 23209562274
1090 7559587860 8691894584
1091 2786218307 2211582986
1092 26643858752 -1311364790
1093 9800083095 8870603415
1094 4649125876 2659788381
1095 6954866405 -10627615624
1096 1308165651 11291497557
1097 13044532386 6135253053
1098 12636796745 -2354746984
1099 1638005311 13884413120
1100 10268216480 28551899552
1101 4867510045 2427965189
1102 -2994761023 12940587855
1103 3878920533 2184615608
1104 -2994761023 1021254643
1105 6412482647 3684770108
1106 9149034336 -10627615624
1107 9693922758 3559727384
1108 -2994761023 20706636566
1109 1208641316 40373140
1110 4338933002 1363845343
1111 4801395172 1256660534
1112 1827907762 8000450982
1113 366262555 -1135954848
1114 26511079278 -1658916285
1115 -1562676123 5342313604
1116 50444870553 39705988799
1117 407975420 6515842591
1118 -472676349 6113688886
1119 9392524710 -6613598187
1120 13027733827 -10627615624
1121 7942844258 6839291001
1122 -12031059224 -10996172521
1123 17832529522 -10627615624
1124 -6112448587 -5711218370
1125 6815308563 5285545254
1126 10272424896 9526318450
1127 10160469197 8785674699
1128 6238597613 2709432934
1129 3195252660 2849332709
1130 5825577696 -5973074025
1131 12636796745 2368043613
1132 -832417648 3695366741
1133 11449299432 11055435663
1134 7958719539 -10627615624
1135 10000000000 974186457
1136 -4740451954 -4486110022
1137 2443957820 -1371449626
1138 2883315588 11349017299
1139 2443957820 -147531826
1140 9830255509 25022828654
1141 3612291233 10545404460
EOF