NAME : 1151
COMMENT : tspgen
TYPE : TSP
DIMENSION : 1151
EDGE_WEIGHT_TYPE : EUC_2D
NODE_COORD_SECTION
1 -5456559417 83659939
2 6594948539 12402141088
3 6393571678 -7858089814
4 -514602827 -1610434101
5 11488955286 -974912038
6 4164360077 11506825944
7 2998354485 16890465003
8 10968896543 4024613176
9 8911905305 -4613818370
10 782909959 7514493508
11 16177764598 9661072853
12 6928619509 17177162232
13 2802864418 13810048867
14 3166176670 -2938581535
15 7587634258 -3172893402
16 4096682104 -1641686413
17 8391617593 -7846900137
18 8429052429 13719160242
19 -13819434106 7263632590
20 -1022457676 7104343061
21 2161327150 -1766935546
22 7710408408 13805838982
23 8144926577 -2977529793
24 10740786828 -252831639
25 10725236199 82581862
26 -7155204260 30362097331
27 522917052 9503352465
28 -877677379 -5394634924
29 2901507368 13538916657
30 11137410430 1722677608
31 1208650813 -2086916469
32 4784668306 -11250216217
33 5226252075 -61208276
34 3232405353 75369294
35 12694129320 42486892506
36 8519594863 -2994793424
37 16342554587 -4296874630
38 12180905089 2583927548
39 9527288450 4145792679
40 15175259313 46669868119
41 12522341762 -28124418234
42 10637640718 4432137730
43 -7471745185 24636938470
44 17692844504 53479916286
45 3977695670 -2727624547
46 -18852102569 8750471194
47 11581131029 -285580363
48 -9835347614 14729217837
49 -11443455692 1261083947
50 4086903941 -873855858
51 8606245727 8856222620
52 13787900876 4652142829
53 16274000851 -2647301402
54 -11300953659 -2880070727
55 11569269673 -548335346
56 7834583990 -2613043806
57 1249896076 -1407481234
58 2296375529 -1585615343
59 571812486 7395499527
60 1304228407 8341284404
61 2639312068 -1832680391
62 2648097042 1224270206
63 6932492393 -9121114962
64 13335929139 2847807458
65 10766213453 -196347612
66 -450715638 6756172701
67 13521949615 32647334107
68 9673211266 3645035797
69 10499520847 3554340306
70 3142633883 9071552903
71 10777999021 39749864
72 825866776 12654864431
73 9088080121 -17916946395
74 2951421203 4470133628
75 3134552915 -12280875561
76 969796524 -1803477022
77 -979715653 -4724942056
78 461107827 7724541053
79 6645383259 9128235197
80 12133815949 -21311038765
81 8247777746 -3480658320
82 2011295144 8919213050
83 11393731103 -24769909252
84 3078363101 -54586543
85 12758843817 7286072883
86 -9355309599 2370395705
87 7972144490 -14600110719
88 11041478553 -4093153598
89 43310583 7169771178
90 4726113702 27885596349
91 9221467576 -2119162324
92 5103014294 9910362347
93 -27054846020 -3201470697
94 -5511348071 -5588238
95 6615363350 2238165847
96 12663175661 -28543011286
97 14859330230 -2513018177
98 3428762795 9834627675
99 3565193343 -825864380
100 5620048975 -7609103263
101 1476811754 10800728325
102 9036250195 29804631295
103 15168397547 50823671237
104 1317267370 9171323816
105 8722391223 -3313259747
106 11662536326 1896382795
107 4041972508 -5093475215
108 5644694713 -7682356469
109 4710259989 -1371724757
110 -3680422687 10356339919
111 2514683312 -2783385201
112 2474359556 871392284
113 795302266 6731232832
114 2978803475 -21022815
115 7657975161 4273338144
116 -1711645535 -4212180178
117 11746012801 1974009662
118 1927566729 -1629686741
119 6032815860 11477783473
120 2755454737 -5620219659
121 8437158117 -15982245805
122 -342490353 -4806548115
123 3487194925 5816917073
124 -130938158 3034615594
125 6552269809 985628087
126 1135149278 1379084142
127 -2757226775 5029340153
128 -3415704683 2453211419
129 5791654809 15059484775
130 4663719167 1478697640
131 924447972 19012714426
132 12031979067 -26666939473
133 470437794 12760605302
134 -1248514062 23400255571
135 6861191924 -2470360447
136 9086729176 -14169826497
137 6736238357 -2371847096
138 6641895734 -8440066939
139 2472728181 13536361281
140 6058057328 11753421057
141 -5057847518 5959461913
142 11447384044 1004597738
143 -19365425123 -10030941230
144 10308761908 3541938280
145 3930854929 5285723320
146 7791474707 1248542744
147 11337289489 6856436511
148 4592793807 -4555847777
149 8415418463 -15917630194
150 3199520600 -510132680
151 2535143555 13230885021
152 10576334715 4834482616
153 -6452559249 4154980643
154 898282150 11883746580
155 14967926746 9293360985
156 8198333437 -3063137575
157 -552034978 7918111780
158 3928868263 9544895313
159 -1070180689 -3632865774
160 -1085935559 11119012729
161 12525155853 -28132782408
162 9787503937 -15812175958
163 13018418661 -4721821399
164 6575885738 -2569571045
165 11919825967 2366938308
166 8679527856 -16702628392
167 920297616 9119316529
168 8299275082 -3357880983
169 2601369735 1233747117
170 2614659853 269406985
171 8340096547 14588350287
172 16276805431 -21047324615
173 -6715454748 -1648173113
174 11044320930 -513504325
175 1464808320 -2294768368
176 21524941101 -54882361820
177 11062920161 -23786657619
178 5932729875 -6778051934
179 8450453784 11841172291
180 6820817440 11801366207
181 -6320535992 3340687244
182 20621237965 10894750289
183 5003669139 -4600686989
184 -3279445272 6309502633
185 4864728383 1752933906
186 3376645968 9952627007
187 1230588829 -1396964455
188 16075618427 3127853534
189 7930096133 -3590783280
190 4922055250 -4409415080
191 3949162489 9250516295
192 -8817851178 2628644353
193 12408536651 -72204681
194 7949851144 4206817534
195 118780245 1904656002
196 17909807468 1506548397
197 13989442670 1140397589
198 9246751837 13469949308
199 -7043455815 30029953415
200 3817110615 615064359
201 13749881418 3602678963
202 2862151933 11179392671
203 434255197 7804353687
204 -1484601181 10282891449
205 8189942345 -2315299962
206 11928713248 -10727210357
207 8109667396 13092465365
208 11955099682 372491808
209 -1169018315 9865744279
210 8491989316 -2288737891
211 11948644037 -26419247232
212 18771182459 -5885959709
213 -6465349582 3368828187
214 3945101210 18440971847
215 9310048387 3955469886
216 2881152067 9401714266
217 7818556512 3791846721
218 4839407696 -1207999710
219 6126315038 10427666295
220 2907151547 454296382
221 8138645290 22536922053
222 7383371849 -3099767651
223 3618998521 -217342796
224 2653585684 1207956610
225 -1974977655 -10360631832
226 9705491523 4437125370
227 -5994596599 498536887
228 11034401640 -2219285341
229 2329839087 802343910
230 10709835134 3409859514
231 14491005108 -33975770803
232 3359862613 9790147550
233 9334791614 4729170138
234 3718934974 16670638990
235 3990361666 41128768121
236 2839305477 998474788
237 11250781067 -12409279485
238 4013238093 -2279493383
239 10275558244 4174218097
240 11449261085 37823686543
241 -5826251785 4114713947
242 10262494505 3760509632
243 4086305622 10245698584
244 10013184937 -6494377753
245 10460218439 -3522901558
246 1529778564 -1556024247
247 17989921125 43147536620
248 1199614346 13378930445
249 -1938206988 4971540753
250 5122804737 -6131170862
251 17662340620 -611047129
252 12991602542 2194382765
253 7325185793 -12677190054
254 264388035 -2438531732
255 1268158598 1487749973
256 8255337161 2227443895
257 2913974090 9000562635
258 8156034256 13802976885
259 9515949763 5012800855
260 3593151639 9685210322
261 2224493197 -979062914
262 10003864217 -2474281426
263 9855445246 -2586079852
264 3502120885 5025398783
265 8680809637 -3520687064
266 4303464005 4106221200
267 -2406226572 5606372006
268 17246675014 11543582608
269 4979531709 -3573998642
270 3094759211 -103319823
271 134125464 3598333110
272 20967774148 9780983098
273 7362149303 -3229216344
274 10754223180 1782326103
275 717658382 -2166967680
276 -2349615053 9041778845
277 10978327177 2187201891
278 -11136046381 10946885154
279 66139166 2889376896
280 14297159815 3132373994
281 5537535213 -3159773213
282 8016357152 12804515967
283 14534272607 2777580120
284 7699740419 6171184050
285 3272734525 -930000276
286 5508273041 -7222615454
287 13301226202 7082147479
288 -17645262263 -321450804
289 10427853994 3191858568
290 4207250106 22413722707
291 8512292928 12980616278
292 -1683537045 4618530748
293 -408047698 7047911784
294 13180730553 8424595611
295 -1207746986 7980810468
296 6543958506 -8210539330
297 16960715689 -3248292536
298 3699698959 -508347796
299 11158365847 4296823130
300 -5062112822 4928912507
301 -65738872 6828994915
302 9633761608 13932680692
303 86614174 -2557760602
304 7953777558 -3118522387
305 2358433723 9390988646
306 5003518416 14087053298
307 1056770383 13134611772
308 16248434284 -10850515009
309 15293107174 -2064263835
310 -3284674456 -1411348241
311 14489970135 208820504
312 16733256353 -240566021
313 2845863680 8009865404
314 8346561075 23004638714
315 -13477303437 -7187547985
316 5909545331 12066921040
317 17395889001 -42609801532
318 1559850682 -3787650721
319 5879581463 -8380497770
320 14860533138 -1862858216
321 15796446193 10057976864
322 2336239869 2151186570
323 8656014714 12829321620
324 3672370702 -1965338511
325 2720741541 9397373930
326 10351600224 -17134203070
327 6496173749 -2576992900
328 2136805399 2743954956
329 -5506873477 744418303
330 4847128913 13665548577
331 764411264 8895369217
332 1269072515 8110890777
333 3237105416 9326174833
334 5405946237 21514320650
335 4824938122 -1650117393
336 4575533490 12933538113
337 -3705217684 3963385522
338 5182366206 -7125235118
339 8430215557 -9697019354
340 6052547879 -8894596581
341 14508162821 2268605813
342 10724074491 -18007141059
343 6111233493 9958823450
344 8050217492 -29916678003
345 13385454668 10478578482
346 3255768230 -581878301
347 8672308781 -9257729452
348 4441277636 10834125869
349 8782717208 6765639120
350 11181276241 1552565108
351 10208359312 -1299154871
352 1609855151 13139965423
353 4610329146 -4607967123
354 10768304699 -91573176
355 4543643176 -3522561129
356 4467776724 -4546081039
357 16401181395 -7188414832
358 3931445512 1304269610
359 15943774642 2065748126
360 16124741812 -30664250817
361 1416915716 7665148989
362 7692870087 -2545372117
363 4703516173 -822886001
364 33475780225 -90403200529
365 3072215241 10908004202
366 -716031577 -10650213462
367 5216092258 -1527281209
368 -645916217 -3428987494
369 5294903551 -5283229665
370 155515957 8472935691
371 -3634723303 1607323237
372 4899745800 8815037728
373 -3728422185 1781211114
374 12598354061 2851015546
375 6492204779 7676421261
376 3467589821 582096610
377 -1285256007 -4672042693
378 6825653409 -11192456716
379 1578704727 -2706397412
380 8575890749 -2906253634
381 2635611362 13141574945
382 4748206938 9518328091
383 595243269 8605645655
384 1139118205 -4924889914
385 72116679 8808597777
386 9522331573 -19207648716
387 3195880937 8100611902
388 10989556416 942761027
389 -4022353576 12605387664
390 17293113692 -42304327988
391 20039292711 7760808425
392 4509708847 -4308898803
393 21396477650 10104822513
394 3974809894 -478066214
395 11155277879 1628770309
396 6438398574 12472241462
397 4446460766 4957279949
398 771348361 -4442880879
399 8481660182 -6587560924
400 635352678 1308858663
401 8890863454 5018687076
402 8180057588 4931913677
403 5252546697 -2472734997
404 -7212978719 30533817260
405 -2391014109 5858378455
406 3721877792 -1967270776
407 17303822112 -11269898094
408 11176025362 -2565381354
409 -4057243417 5671560914
410 8591326394 -3317077445
411 10061803014 -20811090769
412 10592793613 -22389325672
413 10969227769 1404124547
414 2860897197 -1227820613
415 7506584574 -2970522467
416 6800612462 27707290520
417 4067804216 1074081669
418 11147757278 973451072
419 11466024897 327203856
420 11657289915 -25553270988
421 8196821224 4671177175
422 4568160528 14050951269
423 10402388234 45065364433
424 5975823374 8996299990
425 4028310749 10375463568
426 3758391860 -2075799581
427 5837724423 9927262102
428 -6582999007 12246019002
429 5051770971 -5920041004
430 -1157255395 7224588423
431 54998176 -2735523350
432 3024602758 -1761896978
433 17356143110 2509450006
434 46763105 12149833671
435 8552639618 -2433239094
436 14433743603 797775383
437 654666398 1805653364
438 2120146905 -4951875313
439 11727179841 6865467772
440 4107816547 10809124374
441 1680439718 17062747990
442 11215217394 213584068
443 9308399294 3764646241
444 8143774788 15953106508
445 15547633859 -1844786916
446 13312775041 -24074070394
447 -3555154654 1841704044
448 2847353881 11255983914
449 10701029712 -1090008683
450 26890601937 -3546681959
451 35022593216 -6897658037
452 -3886756555 4841059499
453 6864855958 8152593892
454 8650062111 4934671995
455 12101395665 411264897
456 8101050842 -14983252160
457 15453060297 2655411783
458 8280824164 9237813807
459 5894937734 -638939522
460 11259425380 -867067297
461 4536568741 9988531949
462 8606940745 -16486881611
463 3430859514 -914619534
464 10662891360 -22597673451
465 13151645048 19078773605
466 6574819534 9952492279
467 2517843563 1611415641
468 8334354087 4445987660
469 22177191554 9440312446
470 5471033155 -1882429243
471 9999377980 4194176455
472 793501932 7190259364
473 15732062136 217588781
474 -2858634217 33366279495
475 4901802032 -1888167677
476 7146872673 -6220547918
477 11556840568 941065021
478 4861645074 9724978338
479 8834008500 -4529059701
480 7415764546 -2584339193
481 6932867403 2558506210
482 8069050192 -2844549831
483 4386385952 -3983171732
484 -9390731720 7258081470
485 3354574656 19697996784
486 892855849 12987387351
487 655878596 8770567316
488 -3283448582 15827851815
489 11938809640 13343669472
490 5880202197 -3139559354
491 6484807083 -2768933095
492 6056518964 -8906399623
493 11262036796 1322229643
494 16857038581 -8349236062
495 494831648 9650542658
496 11718388787 -2453157747
497 556534319 9478374677
498 2813643688 -8923924144
499 13743441100 -25083387809
500 -4702813849 1566296681
501 2959281302 299353904
502 11349328778 -2431213508
503 -628931670 -8595118950
504 6694387993 -10802303556
505 6401118119 2075556370
506 10892473317 -11726857
507 -99542919 8882611348
508 -5040906719 485823592
509 1855581971 9144837238
510 2040688795 1658423289
511 -562157162 2293539252
512 19868468677 5713921933
513 4888486345 -1428138125
514 12861688691 -3557067759
515 8814510620 -13531849756
516 8836874449 -17170301238
517 6624939280 -3210022789
518 7518428735 12432250749
519 4220597114 14255232328
520 7877418162 6318735057
521 186397674 7218975870
522 3777998817 -2134076291
523 2139905666 13315409454
524 -4503526729 7397411707
525 11299216465 2210299975
526 2330909908 131177698
527 12053610018 7004926864
528 5917759138 21772195584
529 11791026301 6811907121
530 7547806546 20403011568
531 4566127915 -4764829913
532 -14284179711 -984779635
533 228697210 2084307494
534 1383077107 -3989909768
535 9735938932 6221695640
536 2988529836 122032966
537 -788768502 11439481491
538 6240520460 1533577354
539 1129587988 -1900477632
540 -743612750 6730227012
541 -24451518075 -16217649448
542 4814964049 10030489284
543 5596890507 21054429455
544 3764407665 889019741
545 5530009514 20475384766
546 5400005781 -3084685748
547 469744327 12135785805
548 -2154779327 -7570221561
549 -4574471971 22691525044
550 10578437225 -545409887
551 10183978578 14657259871
552 16770193543 -2684495181
553 5286407702 -5263318626
554 966331295 8405458820
555 -6471630964 6392148924
556 10360826701 -2171146049
557 -1672783779 6355363153
558 4828583660 -2310370133
559 9800848463 3856319517
560 -1311052360 6153420323
561 9091708581 -17927731073
562 11118214231 -3517363947
563 15002429093 1751055188
564 3743454178 -1044161194
565 10627808293 -230143039
566 -473544253 -3526028297
567 3930109173 1402081
568 9484334886 8022052494
569 4151965473 -3245597342
570 1934601963 1414289751
571 6643531258 -10651144806
572 3761480613 15345948995
573 -5160477907 2426784255
574 6430200036 1131058270
575 5520794248 -5014960667
576 1360946123 8488556509
577 29371465746 -17383757916
578 11916336413 17779512289
579 1337048126 10014454538
580 76707392 8147372392
581 1892899334 -1616784845
582 3781153642 10725827600
583 -8458868199 12286601252
584 9035097984 -5686826731
585 986822696 7983122803
586 2727615774 1731445036
587 -5609997335 25769361593
588 3135739260 -3392159888
589 -9861207140 -3519558869
590 11847097523 11349611575
591 10529249962 -1477935665
592 -5454138749 6278270516
593 2249768895 9152910974
594 -3139211689 3272269532
595 11618857325 -321727291
596 1105185762 5810182721
597 7295087030 -3012847869
598 4221524013 -3452342464
599 11641770330 2493152370
600 -1711913743 4027990795
601 10382343288 5802204765
602 449069975 517671732
603 16228996397 6298249291
604 5157912502 -6235519789
605 4645206224 10280030055
606 3849864510 17111164888
607 4754316399 -7235146973
608 -2756127496 5773192089
609 9950757013 -1698356830
610 8296583727 4513955724
611 11801420866 1441234886
612 4050511689 -2944051696
613 -15054430982 -698328820
614 -913288326 4816612087
615 8067834583 -3294838816
616 3879001515 -1743208789
617 11808860957 28621395761
618 5418527678 2137071134
619 3818632103 10893519435
620 14321058252 10128358971
621 5203854519 14507712192
622 4353228397 -2230390497
623 14846750671 17872510009
624 9589899172 -4791317932
625 2975132200 9126179335
626 7239168763 -3804554826
627 -4532880672 9031306240
628 962165273 8441123161
629 4450872434 -4134022484
630 -3774700252 -8670207763
631 5112825944 -4856509017
632 5304872370 -6672320731
633 16989208707 -3687242736
634 15815747852 4873591922
635 66051664 3265593752
636 7331022394 12826665359
637 9937711513 14182078115
638 1188638259 5562141338
639 4377397644 -5733696881
640 3275416197 668733721
641 3331088558 9604575400
642 -3449768582 5208038325
643 1297649860 9563425327
644 12910746150 7112889921
645 12078511582 194140174
646 11840870571 4883861716
647 4332690622 3743360106
648 -7065732751 30096165961
649 -4832503009 10341323287
650 3279692482 9282405433
651 149995772 10855321066
652 -390789359 -107068382
653 13216506752 -23848454144
654 9819158302 4561449902
655 8082791048 14293747715
656 6491929534 11368808630
657 11655392391 -1807275583
658 3736193621 -2009820946
659 1248823462 7968815094
660 10995464080 3095056197
661 -16436994679 -97862679
662 -6532703841 3382593553
663 10066862291 -1998731907
664 19631115928 401914071
665 779070667 9368931564
666 3119888912 -1052444564
667 177765148 8566705314
668 -1465255722 12704853592
669 -6693156694 3434157805
670 5613422201 10415206087
671 814953790 8703834522
672 18638726324 5220686369
673 -6418468717 28172337756
674 5308689105 14909556620
675 4048206400 9972673010
676 4525391333 -4355511014
677 1458024152 -1492211478
678 3704585235 10775223958
679 5539773661 1301397003
680 12084762397 8271359345
681 -2098966199 12045188361
682 3939664727 -107885313
683 -4049277626 6341503102
684 951387158 6267310072
685 3059076260 -43301016
686 6033461964 21956937389
687 5048278897 -1672781643
688 4356888941 12455996355
689 5995809444 -6925886448
690 76816261 -3508955103
691 -1587700342 16251663532
692 800613899 -2840514959
693 17651008806 23884403681
694 12642364896 -722551671
695 17656682381 -43384943719
696 12411069849 -21960816438
697 12171286941 -4356787226
698 2850951389 9197933603
699 -483532742 2283772236
700 3761412441 1462147743
701 9983639063 -20578768248
702 5630997244 -7641644218
703 2581566197 -1902927106
704 3903466486 -2506997120
705 -1077617573 -4675848232
706 7093193309 12418199628
707 6344517430 17701345836
708 1207214544 9856330053
709 7994179399 3930475812
710 12854637868 31079081385
711 -5966319494 -159543986
712 534178900 1507539082
713 8666045744 -16662556230
714 8509984462 -2616644424
715 8832057688 5118857603
716 3982162810 624841674
717 1647321019 4198823148
718 6325165162 -7697770964
719 -11502986486 4140535616
720 9098507315 4126509969
721 43493353 14297435419
722 5931614064 -6775436898
723 9684400560 -1575489287
724 6384612478 -3568331684
725 5053499631 9929278245
726 2384381132 -1413615700
727 -2430080839 -5014708019
728 4767762876 -4047812450
729 -1717331090 14199398311
730 437109003 -2692496459
731 8879189328 -8556030150
732 11613745755 1865814887
733 811502375 -1936394061
734 19977884228 -50284127582
735 5190217000 16209918855
736 13163668761 31805336454
737 2226555822 9217324543
738 -40883574522 -24429896162
739 1181734137 8875501603
740 -15027121369 -2320495778
741 14055695185 3304135258
742 2259272501 -2020757093
743 504578034 11772147987
744 9978893824 -20564664226
745 7115389294 11346243809
746 4807068915 -3360739980
747 8378867101 12699552026
748 6654420948 12054058360
749 20806267876 24971479627
750 5356143470 1824376829
751 -3176250344 18535665828
752 10896469060 1237266281
753 1100211901 9323252128
754 2041740029 3026512661
755 3593162338 -865198387
756 4172038763 9641118664
757 13788788890 4072874865
758 -8054628653 -967340410
759 5752951563 -6356719960
760 13311834656 6239247448
761 12411736349 8334235438
762 -487766417 12332490125
763 -82859479 -8930030406
764 4289084175 1511142047
765 783089532 -2675491265
766 268710351 3474406618
767 695104461 -6887759571
768 -4503023472 4177430506
769 -345451126 17810643641
770 5048741377 10167437831
771 3423737504 1113348787
772 3788601395 218194057
773 3857184723 -995751917
774 -7242199971 -545873822
775 530404745 12389432963
776 -1114562851 764327326
777 2742627326 -2333154911
778 4153211326 -1109837174
779 1545085582 -1821191482
780 2430903197 1869823832
781 12009544555 -4669255890
782 5533072055 8490880158
783 -3286330136 8604617781
784 2079764806 -2828490853
785 -3454285591 13166184158
786 1465397283 8198914679
787 6441791100 11691257269
788 10968731181 4549992679
789 -3491120910 6934384734
790 4110060887 10458338623
791 2043119342 -1615270896
792 6703791409 11248722977
793 6006608464 782557835
794 10749572636 1940807950
795 -1090114368 10931567214
796 33898128 9059953091
797 10547677054 -729262859
798 28162374555 34924306132
799 1179878750 8369438895
800 1189601135 15806367920
801 3141447773 -303115873
802 8670248352 4306864152
803 4505644086 9464495613
804 5280923347 3080910261
805 22142227195 52905892179
806 16052823471 3227296244
807 9277130428 -18478850491
808 3027615612 96247498
809 5606435230 -6013341411
810 10768979122 129590249
811 12263241777 -77962273
812 -69954230 11724568557
813 15074774010 3407573992
814 2346649124 19512096948
815 571599255 -2632929699
816 9189938048 14566387905
817 -1448171714 6869759964
818 714419268 1459466739
819 4679577083 -3033028652
820 5861557933 -3065766283
821 4063300149 10932645836
822 4971890553 4282598202
823 12274178566 6764490920
824 9756639802 -2438143428
825 -11098420708 3269906146
826 -7477486430 31319999353
827 14549681701 -739501410
828 14308007137 -4662778219
829 -8441387473 -1673777100
830 11010498886 -1417416976
831 14607599410 7825836182
832 6225064347 9646303822
833 6320470782 -2883615861
834 11111836969 -23932050424
835 10691679153 -452503267
836 -15189825698 23515112986
837 11436486820 693080127
838 11627293030 2702166978
839 629056752 9020759598
840 23923146875 29188622916
841 -22740421692 -1476769648
842 3105303139 9194816942
843 4168933079 2259291254
844 16123222855 1903731357
845 7890103894 5220366172
846 -15278570 7244412895
847 -89619227 -2625478537
848 6322459759 -7691430527
849 3189945388 -601190194
850 2730486239 -5429794209
851 509495223 9354165851
852 7762518507 -2703887864
853 2594838568 9112774369
854 9061809640 4911804103
855 -520656604 10642586863
856 12863112531 -29137272932
857 -1480658725 6565555419
858 3533706343 11122217950
859 4633341901 11914366745
860 10792817349 -6752081528
861 7034003054 9098190977
862 10503538565 3825961968
863 1201847055 5522881541
864 6321699932 12216336702
865 15885916105 -604941384
866 -1671602338 12830957308
867 9827462038 -5728736960
868 -33311840461 -20119919345
869 -2897080141 -6406904960
870 2571825949 -2933368406
871 2621470250 8997402326
872 7554756865 -6149590257
873 14338325660 7695749966
874 -10920285302 18483064944
875 4821976179 -5717128448
876 12670590302 2382937716
877 -815685172 8192032576
878 -8821382779 35314390457
879 -9373992855 5178392782
880 14968585472 36047080373
881 11322611440 16343334215
882 -2574566228 -11135166265
883 42519420358 -4285240211
884 273333842 8282651607
885 3073305848 -1728566772
886 22860021880 -58850550878
887 8062969680 -2622503970
888 1456608183 7479220882
889 14705061 -4536171476
890 -359624685 14767486733
891 3281255686 -1313930346
892 6339189114 11399111524
893 8212464811 -15314401932
894 2971341484 -1866485793
895 7789616775 -14057593375
896 9615673623 16060746307
897 -1256116818 7232994549
898 -14430572340 -7887343089
899 3556753084 -1209666173
900 4513807102 -1939765700
901 -2074164353 7877003964
902 9341113276 -1853579687
903 5634487266 10730974719
904 3478730427 10064919326
905 12435918874 -15961640014
906 -9324179981 1302026022
907 1301401725 2101482572
908 716530960 6965360563
909 3699057268 17332273022
910 -6630889732 12868562992
911 12474012710 -14398127112
912 1282959872 -1680018769
913 577854820 8111043991
914 9965229253 -3291368308
915 16471402213 -507666540
916 10678715029 -3570693087
917 -8256269689 -10614389996
918 8816240394 9142241119
919 -940151422 13027130433
920 -28951312386 -2297238605
921 10555222602 35431070230
922 -9478885304 1470405535
923 6971655703 -3331915571
924 3428727325 -4490851829
925 -3827148508 3530367532
926 11098162044 -23891405178
927 16091861807 49185178174
928 10821383166 -1081027949
929 10996918887 36100353373
930 9179818508 4038601526
931 13695640606 9986934489
932 9148314008 4858350302
933 3959115378 9192455727
934 10088185908 -514668375
935 -6103527738 -12163559633
936 3641417731 15318337597
937 -28269107713 -3476932978
938 -4576525917 9227380657
939 11140419168 -5531189957
940 7902717928 -3135920509
941 3900561692 -2498363355
942 10353422733 17121853125
943 2627540236 -5772220921
944 6168096130 10587822778
945 11729006727 2448173379
946 -10558259987 1060045036
947 13679246692 883644059
948 1237793302 -530993354
949 -629479409 13952757998
950 9766861369 3798536759
951 5919156798 -6836218327
952 3708110904 677055902
953 10809533972 -827148686
954 15511270171 1539859576
955 4302479243 17263054659
956 880421615 7679505471
957 -8724038381 -1626155499
958 2884603213 -913503936
959 10556793271 14651349628
960 9159127352 -14339500282
961 5733092642 -6310178203
962 6230394620 17393759315
963 4571341548 -4492086377
964 6160163233 9764738394
965 6078604330 22117107470
966 -8017007415 -1481403991
967 5478583061 -5978358651
968 1396439974 -3289019743
969 11732468115 28441864555
970 5794083171 21621664421
971 4111234636 -926161812
972 7330663773 -4800929992
973 -228441719 10864586855
974 10583712141 2252644372
975 2879255188 11218008436
976 -8480011735 34299751595
977 384462029 7088537366
978 10312826584 -21557194675
979 16036806655 3363965642
980 13531167061 7404027527
981 10912149277 6249909248
982 15498120779 -7430047352
983 10344481558 -5350986755
984 -5050229604 2727000519
985 4987524226 13995403559
986 17782541508 8843512609
987 8223691403 4616646361
988 4314599308 10855534672
989 7893026196 -3254193827
990 482904272 7347992044
991 499560253 8157393766
992 6685161861 7655607713
993 16713514305 2176849807
994 -3764343588 4990564614
995 20145878627 -22388559646
996 -2773666623 2914179072
997 11260870355 1317764243
998 -3832569321 1447723213
999 16712085568 -2560557741
1000 9705302442 6734540858
1001 1413263793 9929090350
1002 4413693735 12497343745
1003 3718620142 621720879
1004 6066318900 16951538520
1005 12999619974 2176492428
1006 -7967933692 2012943163
1007 11600273822 1602754654
1008 7632885733 11280838573
1009 -3049162006 -5433254542
1010 25370625611 -5891472488
1011 4379911344 10035540465
1012 7987278711 9063645070
1013 2949134863 329511623
1014 1709494192 12557663237
1015 3682489969 21122836364
1016 10472013059 4977920524
1017 10236077673 18406046156
1018 8302047204 7254674039
1019 8318657363 -3150073359
1020 11953129527 4703510024
1021 -3570280975 5798935380
1022 12104535389 1236517663
1023 4083951045 1126164656
1024 7413183430 13126221342
1025 12317788291 5883390906
1026 5981115260 -8682281235
1027 -3492589858 5950538646
1028 1546172313 12298085870
1029 -2257844448 -5277401458
1030 -16068325194 469911802
1031 5077143511 12465174759
1032 5799029619 -6464709395
1033 3122225633 400980110
1034 7752396442 4230442654
1035 -2739965898 -5092019798
1036 19390711871 254321950
1037 1952086159 9211501177
1038 6898816429 -4090863733
1039 10921180340 42026317
1040 14545193869 3941739056
1041 7069272851 -4736345767
1042 12929691965 -265369848
1043 3896092866 187164475
1044 -4515988715 3620795150
1045 -3051212502 5115453100
1046 -5175802096 2197845946
1047 -13887265508 50371442222
1048 -1483191907 6034584430
1049 -1957795853 -359246040
1050 7934473955 -3367312851
1051 612051160 8430113966
1052 -231450972 9493362861
1053 -434402827 5584157483
1054 3268487005 163785863
1055 -5699985474 -8481719104
1056 10754081487 -22868712978
1057 3769188928 120027870
1058 1121171741 7620528789
1059 1814049325 -753124250
1060 -3035018970 6770800863
1061 4579964417 10198540990
1062 -1502889813 6025583429
1063 -1892819290 16332820399
1064 -3356602651 2881394176
1065 11857626842 -888517796
1066 12931016664 2350752049
1067 8522958003 -2325126686
1068 13639597718 -31445178242
1069 8696511023 -3906213991
1070 -4074591156 3632162784
1071 3587074945 8214240268
1072 406559716 7886671480
1073 2160767322 2672734219
1074 5287229438 10290459080
1075 10996210252 -259078773
1076 14939062766 46375839381
1077 -19861902439 -12164931869
1078 4585265115 12959767022
1079 10722012886 71506474
1080 2626610089 -2952596592
1081 -1317871999 10503159281
1082 875199697 -2547532102
1083 -2376219274 16157776353
1084 14886705352 -2610557220
1085 -5992174390 6236963772
1086 1527725492 8398537683
1087 11348613875 2025342876
1088 7759552585 15358194404
1089 703905000 10680212551
1090 10820685834 2552068294
1091 5115819524 10994159278
1092 -1303190855 14159124665
1093 7740261752 14999635308
1094 -437093847 7284437926
1095 3904814438 9886890455
1096 2818415325 8949918521
1097 6214547088 9443711767
1098 12159709515 -21371723433
1099 7786085996 -2619421125
1100 4097119196 876851965
1101 11009996645 -4088263240
1102 394378632 2672680253
1103 8504628618 4654462620
1104 23267164145 -1912552852
1105 1275561436 7382347223
1106 3260811441 9323975996
1107 11384848189 4218303374
1108 6628470223 -2627644362
1109 5866044748 14692364269
1110 7045966007 -3139172065
1111 8129078386 -11925457340
1112 11050835963 2319068364
1113 23707994731 -1929109935
1114 -2553985043 -3240342225
1115 8405957495 4453369554
1116 962457622 9521912031
1117 3886716115 854035499
1118 8833983917 -3589041093
1119 7624144310 14049317702
1120 7759495706 -3806439470
1121 6775158875 7985403197
1122 -21322571761 -13095245450
1123 2553180668 9059057739
1124 6643192658 18381991747
1125 15584937790 2304563552
1126 1835202863 -864037542
1127 19367308120 4946021164
1128 6340850845 -2264668957
1129 -1717937958 7793106027
1130 1249522686 8591000731
1131 7486986445 7110554122
1132 6268995586 8978269833
1133 10291247513 3118651722
1134 9508686477 4057197968
1135 6161941429 -7315236625
1136 6349565772 17471058441
1137 11216260979 2873675539
1138 1761916846 -2692969730
1139 5070156513 9631165710
1140 9855065139 16467990016
1141 -1066749137 8137962485
1142 6966083117 25312883811
1143 -9993048146 12233542287
1144 -3251160911 18758318493
1145 -17661958574 -397882303
1146 1849042358 -7523056187
1147 3962118166 -4656344004
1148 8326920712 -3039934930
1149 6519901158 -8154158060
1150 932952009 11577631913
1151 8133156582 -15078678331
EOF