NAME : 1161
COMMENT : tspgen
TYPE : TSP
DIMENSION : 1161
EDGE_WEIGHT_TYPE : EUC_2D
NODE_COORD_SECTION
1 1062384096 3704546893
2 6926624747 7146252760
3 8228556859 892329154
4 0 9428200503
5 400226223 5298107471
6 4213831903 7192287040
7 21294839568 3730944564
8 5097928586 9085935933
9 -1331187936 -14304826685
10 -2320416930 5337772581
11 5772181136 10448876445
12 3035424999 7779696982
13 7335005351 9615804685
14 7657594375 6989434466
15 7300583734 6864748392
16 21176028121 14964879757
17 -421781256 6483513387
18 5406258527 8002642537
19 4073240198 6697347745
20 3158110456 -2429068324
21 2107908486 -2598207185
22 -1613613452 4036169789
23 2568854229 5879767867
24 6552665760 6583244025
25 4227317444 8955394611
26 7680488708 17373685508
27 3646478249 9221163032
28 22159525278 1758786963
29 3573525143 8627024589
30 -1687353935 8388138317
31 4066924653 -14304826685
32 2391256982 -2053120074
33 6552665760 7709261495
34 8211040039 -3825259
35 4517054305 10291867278
36 5205265178 12261319426
37 3472907846 8675739861
38 9213957390 3873157700
39 9788816208 21728258685
40 -3658111447 8648290870
41 5381694668 -14304826685
42 -3228943881 9457322277
43 4327491131 10448350938
44 2849311156 7694814767
45 9435788672 -3415875398
46 2226307723 -2207573828
47 4260449204 11950886357
48 -2131134920 -2628903845
49 -81529158 2738234034
50 36639743 4831701789
51 6715003458 9259244049
52 8597499737 19267694683
53 4937911829 8691960981
54 -1070760726 -14304826685
55 2768570011 -1842123069
56 -1698327213 -4704359571
57 7411113807 15207020963
58 -4240047276 8388138317
59 0 7052055894
60 266655559 8359079431
61 4375374570 10073751292
62 8227192147 -7146040871
63 8308180775 -14304826685
64 15559778340 -6222088702
65 9589824427 1934036330
66 806457260 -631837224
67 2926348049 8594158604
68 -647950626 7919695679
69 5112925104 11548962184
70 2567400915 8364619819
71 153884429 4378326360
72 12167594598 14862070074
73 8924231642 22010959798
74 4743989053 11308592375
75 0 9970420693
76 7300583734 7709261495
77 2173031093 8431901794
78 15530001269 10080498181
79 3469950042 8677171923
80 4537037754 9477245342
81 0 8655262644
82 1647154826 7653655512
83 730292582 6371536166
84 0 9406681798
85 6014778753 13933301651
86 -2566242323 5743959823
87 5985041741 5764425958
88 2669738943 5621505944
89 17213009889 7627972208
90 4258920289 -9087016351
91 -1579410393 7832557981
92 6523838596 16589164393
93 -2902324891 -4484226159
94 19980768238 4985951271
95 4656017116 10736978333
96 467317887 6124688155
97 -912493029 8388138317
98 -642381944 -1487817175
99 7029291262 18279308789
100 3738248782 -14304826685
101 470738788 7891118421
102 2116253716 -14304826685
103 1862596001 -1847270138
104 7924435644 3364094187
105 4761893155 11265262134
106 4125135244 10321356485
107 5709008725 -14304826685
108 1615885991 7854254623
109 4066924653 -2689412671
110 7757396361 17532531797
111 4081203394 8362682142
112 7455395682 17871462122
113 5695426740 10007695388
114 5640678933 14558767439
115 6202209931 10749502932
116 -1315714510 4922902671
117 8951856819 19999589441
118 2305411823 -14304826685
119 2870335692 -14304826685
120 -2560053287 8388138317
121 6178706773 6864748392
122 11476192660 -5499482619
123 0 9202830786
124 2636973198 9326626807
125 1281354363 5940010338
126 10088609916 22347457384
127 5025552465 -6788406203
128 4040052735 9828067844
129 311685989 10000000000
130 -4715078462 4934177487
131 16369581782 -14304826685
132 7645465382 5854224762
133 4203572279 -14304826685
134 9773505750 14658397027
135 -2843525083 2909474697
136 4224304435 10167411140
137 5782680027 9463774098
138 14288066669 7880207525
139 1069821590 7583090852
140 4111639553 5794819208
141 0 10000000000
142 6484276757 -14304826685
143 0 8150399423
144 7659374930 17909399215
145 4662969831 9609906232
146 5850937689 15132398097
147 4573546577 10956557773
148 0 6760046646
149 6477028157 14888038929
150 2306765922 7911234989
151 4581424306 8348128058
152 2146745440 6371733869
153 -1789787739 8047389828
154 8653420438 1569247964
155 7943283795 928019800
156 7137195645 16251559366
157 7028862259 -957985055
158 1794304289 -3207881059
159 7119719997 -14304826685
160 9243367905 14421065743
161 15875628868 -6465389926
162 5438224878 -14304826685
163 7435568720 -14304826685
164 12270239984 28205777493
165 947827154 3800437384
166 5296078104 5119453849
167 3192159445 22892477099
168 3553590307 8636676319
169 7912218037 17852302952
170 -50249571 7441026372
171 8568397388 -538924275
172 0 8225482572
173 3298830048 7245110722
174 -3018668298 4348362969
175 5014447411 9217913944
176 -4471585198 8388138317
177 2785609437 9634244482
178 3811922550 7105372706
179 -2050374583 4047812150
180 -3035668801 895465880
181 8923647934 774826599
182 7300583734 6583244025
183 6552665760 6864748392
184 7183375394 9684707016
185 15496485438 10119994790
186 -159463406 8173451529
187 41151630 5799747807
188 3793913288 9346290767
189 9094760996 20294746004
190 8539294585 497389287
191 0 6847631218
192 305328230 6295071477
193 -930652403 -14304826685
194 -451209274 1539329458
195 -561977955 4250078739
196 5928620121 9195507175
197 24985484098 16880658931
198 6708612800 15366357537
199 5107009131 12058379824
200 6353102260 15442804779
201 8353582934 5152405186
202 6502014485 13193321305
203 4179177358 7844180173
204 4576885156 10963453327
205 5962391924 5122778830
206 0 6673312241
207 5557790047 10895257651
208 8328870309 18712863187
209 4369220222 10534538866
210 3150971744 -3563512472
211 2403981374 9486156135
212 11018559084 17206124229
213 4148982858 8919599051
214 6179267788 9009676166
215 719161505 2995649490
216 3584765914 8914314452
217 12613112320 15622719819
218 6586053784 15113222193
219 1837353988 -2425197601
220 18204131644 -14304826685
221 1427500910 8324214415
222 4162513275 5691754363
223 4066924653 -14304826685
224 4464177274 8820879296
225 -2772903349 -14304826685
226 -2925665380 9207318386
227 8806853403 21739923175
228 5109882698 9626211453
229 4075186904 11199879751
230 417959031 2855980904
231 9446759001 25405921828
232 2518540199 6822252492
233 5207274892 12265470322
234 7929947598 16597327931
235 -1680312875 6844747156
236 2950682244 8064125286
237 5044882587 10031952071
238 1806125227 -1985744598
239 1447825880 -799343044
240 0 7431991155
241 4325814174 10022277095
242 3810078743 9288523600
243 5305114823 5447243635
244 3708740826 -14304826685
245 146591471 9202954851
246 7545275075 10231786913
247 3792566251 8459567965
248 -1403001415 6474033405
249 8102944424 879662769
250 4902795044 9946329056
251 5722356389 5172560336
252 3069567959 -3830746762
253 6171970592 4845074534
254 4453275502 10708147980
255 8026708097 928651491
256 3551814938 10235763924
257 8516082808 1583396141
258 5495033622 10813137840
259 3126806922 8215823190
260 4188430050 10161131968
261 849434264 7352690055
262 4826706569 12089575025
263 -1422347628 -3642726355
264 16149293006 18363701529
265 -1836036748 5178297253
266 -2287742616 624637270
267 -947772506 4953923013
268 1834991990 12664781869
269 3671207822 8579730154
270 -1347665117 7107821255
271 6419027486 -14304826685
272 4096601468 10677665770
273 -3190030651 9477281291
274 4095207122 10400604126
275 2382124034 -1510561554
276 3718791658 -3744702050
277 3580618103 8434619529
278 6167280752 16311359026
279 3184185880 11100117412
280 -1406401246 8388138317
281 1264802293 7985971240
282 1959759855 4985908506
283 -2496703694 5254524496
284 9061449542 12665369580
285 15576297094 -14304826685
286 -567885287 3625680934
287 8892768643 816948334
288 6151530936 17652562033
289 778590277 8420863857
290 16657975389 -7068035317
291 611300596 8236455222
292 5215529573 15145301980
293 3252291157 8227615796
294 601516440 15925024056
295 9129472608 1555893811
296 -5269206446 2361888947
297 9660573380 11985898741
298 8787567944 22752688276
299 5441951636 8219947304
300 4117369237 10014361833
301 6481906201 5627002206
302 20719460688 5079501074
303 -2259768854 8388138317
304 11761528207 -5620160005
305 16728145884 9759206854
306 4206049754 9849241775
307 1719364563 -1967772234
308 -2466006585 8388138317
309 4915894965 8874495523
310 3532663737 7964809658
311 15748910248 10552283528
312 3672358201 7804904035
313 3999117225 8161580494
314 0 6684710532
315 2753143080 -3140648794
316 2856106255 7409329194
317 -733640350 6344044040
318 19649057795 2697512638
319 7244688928 18944042469
320 811044950 4786666478
321 7711420366 -14304826685
322 12308218809 -3717396322
323 3368371894 8467370798
324 4066924653 19086616998
325 2315718408 -3153481102
326 4973053321 8832615134
327 8478132565 19722901534
328 4093801656 9965684976
329 5325898359 14396436484
330 3944010069 9656303049
331 6882718137 -808746497
332 6528091055 -14304826685
333 -3841618438 10142665708
334 101762689 2774069963
335 -2752295834 6079096482
336 3864927918 9492965514
337 -3459158579 -5683032644
338 21811447248 15899276882
339 9719667317 1555238930
340 1179127380 8618967579
341 5184683779 9776506132
342 9663934451 3704514047
343 8409701962 -14304826685
344 3256158409 6346676519
345 3741191874 7379137283
346 6612342011 -14304826685
347 9161489235 7028574426
348 59316297 9314473621
349 5578142515 10519362740
350 0 6621193467
351 2829640582 -2221772180
352 8613034114 4626055194
353 6178706773 6583244025
354 6147030750 10281991062
355 131057883 7546194804
356 -2622101827 -14304826685
357 2075704273 8785091096
358 9178366390 24132954762
359 3552666677 12581153880
360 11401667364 28473912160
361 4596956209 18562471349
362 1011887818 8736996212
363 16920444374 10077054771
364 7082101713 -14304826685
365 3128922070 -14304826685
366 3582108465 8908825714
367 3751857730 8823480135
368 11974894156 16062983745
369 9846963498 955336918
370 0 7079945403
371 17543116444 -7749863847
372 2842285655 8051506145
373 -602910391 -14304826685
374 24118483058 -14304826685
375 3727782992 9209704202
376 3822841176 9406038887
377 5205265178 12261319426
378 2678809090 6243818461
379 9986305017 26033294475
380 0 6588065641
381 9223513613 -14304826685
382 14850156865 9645177394
383 4066924653 -3515490212
384 3548215971 7796058670
385 26233370673 7280864729
386 4093421527 8276155984
387 7441167028 128184571
388 7618799369 -2928821984
389 22557525737 -11612488113
390 12614806856 3107365172
391 18161240683 46747978495
392 11490326458 6237040476
393 11399573424 1914213096
394 0 8609386837
395 4279794496 10349837549
396 15735991984 10362024080
397 0 6910477559
398 4433270810 12550424429
399 3593521197 8932397752
400 3480242119 11104616986
401 4066924653 17549874254
402 3715258201 10223952388
403 3760346180 -14304826685
404 4729027242 -14304826685
405 -1444402429 25623593249
406 3884414047 9289266962
407 7300583734 8553774598
408 3870169411 9503791377
409 8435207127 -536108392
410 7980236317 921288246
411 3582685348 8607922471
412 1741893143 8925655529
413 2908343862 7517221579
414 7835286422 1228042523
415 4435629655 10214568657
416 6926624747 7990765862
417 2748166134 5666677660
418 2049986694 8001911290
419 9927386807 1381798341
420 8817808067 1310563465
421 17991857735 -8095531483
422 4207442714 10200401026
423 16437759899 11029343101
424 6002277312 6341237171
425 0 7308853723
426 4185343084 9731868700
427 4066924653 -14304826685
428 3683501228 9118243942
429 1163813428 8694765526
430 12322200103 29561391203
431 8641564624 21231875839
432 4674760633 10064376596
433 95270927 -14304826685
434 1236029683 4983900083
435 2528543456 -1648084917
436 9015296366 21699853666
437 -1161698362 6309290868
438 12435213556 14909416396
439 5257274530 -14304826685
440 -2869159770 4201756031
441 451831141 6601476179
442 -4837154735 9293644699
443 3805432865 8145898298
444 4467237613 10736985546
445 4157817887 7863026323
446 8192064177 6804385539
447 7701952272 17793571185
448 3838192716 8658063567
449 3604706369 8955499786
450 4166902886 5984286084
451 -504854286 3578698130
452 5220940828 17125058950
453 4408199775 9709620264
454 3382549926 8496654332
455 4004289666 8630205173
456 3468316006 -2620725487
457 668890228 10000000000
458 1523051784 -14304826685
459 10007117210 24112912419
460 -4900033331 10317927269
461 -2922773562 3759148024
462 2594751626 7815804985
463 3488663301 8715822585
464 817565769 7422588770
465 -2603318341 8456729638
466 6495740072 16384416286
467 2122220215 -1785319024
468 4403965634 8995415206
469 -2211646727 8478181200
470 4946881908 10899947583
471 -257428958 2793838981
472 9383536403 257244430
473 4066924653 -4002495637
474 16771496945 7757019023
475 8474287581 1659198037
476 19435854268 11931403575
477 6612685848 -14304826685
478 2190511433 9674679762
479 6276584434 16607897210
480 10053587532 556149879
481 7888633716 -14304826685
482 8811870450 -14304826685
483 0 7313510169
484 3762296087 9280988098
485 6245102808 -1464780587
486 -3123407107 3353750075
487 0 6552717405
488 1584584570 5058332845
489 7392304670 19072611436
490 266922041 10000000000
491 -1548025740 6872074477
492 8021423382 18077857411
493 -2497536235 5907972169
494 1482973262 10000000000
495 6226195254 -1882735021
496 -2829454865 8388138317
497 1894371192 -2115503610
498 14468658512 5100372358
499 0 8891455018
500 -1189209195 6882613690
501 442834098 8110008385
502 17286085968 38957443422
503 6926624747 8835278965
504 6606045980 24053350342
505 531800610 9046774476
506 4348800510 15487595372
507 4066924653 -4407296553
508 6926624747 6583244025
509 -4235660111 4551512265
510 535511930 6341040427
511 14677406855 9750174502
512 4155497199 7783539338
513 4066924653 24733584082
514 7850068849 9155655812
515 2153477867 -1739776478
516 9104924876 1298550819
517 -440913353 8388138317
518 -617042977 -14304826685
519 6552665760 7427757127
520 6402028151 -3242244793
521 4952837474 14981725080
522 3469950042 8677171923
523 9267795950 88522843
524 0 7709440520
525 2366731550 -2688451038
526 3060426302 7831335070
527 1514339117 -2728768363
528 0 8141855435
529 4312986538 9761162841
530 7476622087 3531979776
531 6483784312 16518958882
532 4923446737 -5234024491
533 1647567834 -1867274228
534 8619454030 19313039430
535 -2004378100 8388138317
536 3040848862 7790899515
537 4265931478 10321204651
538 1865808870 -2336760975
539 2600303740 -4260072445
540 848418544 6929969710
541 -2866790581 8531656314
542 -58585683 3247417051
543 2412203431 23051996043
544 -2363196707 8388138317
545 3458205387 9289386186
546 3714133594 7254073915
547 0 7058265738
548 -4302634952 10072957703
549 3387082284 9079354016
550 -1534489453 46328997
551 4066924653 -14304826685
552 4066924653 -14304826685
553 1162938423 5558727927
554 4318291797 18395070944
555 3050927867 7811716852
556 0 6655650486
557 2312209877 4961843870
558 10133164388 25228620015
559 4668100168 11151850266
560 19323308701 27156949456
561 0 9746277238
562 4775609555 9171838676
563 9045553032 202901396
564 765242950 9427763898
565 7468242628 -14304826685
566 6358194346 10997081901
567 0 8490540250
568 5103727903 16025952179
569 16565190624 10685393990
570 -1100715864 7343727639
571 -1884943258 8144560157
572 3311851353 5671488507
573 815707091 4685330050
574 6901910228 18347488161
575 8520611530 19304825657
576 7472854261 -1411378083
577 5109606415 -14304826685
578 8990111735 1962985179
579 5490556968 9530500168
580 -2290606435 4083602135
581 6054652185 -14304826685
582 7973776267 17979446300
583 2323741951 8585592105
584 8499127607 -2459381600
585 7221208839 -14304826685
586 15859029797 41204842295
587 714115843 7216782044
588 0 7062496482
589 14957739013 -5758334832
590 18685963484 4495577590
591 6926624747 7709261495
592 4808244751 10526768090
593 1716501216 7305726727
594 -3256511051 4457453155
595 7606716661 11680845037
596 6529003024 -14304826685
597 4174923505 10133235336
598 -346366495 8519203614
599 -94998257 8388138317
600 16181529276 34931870018
601 1230275835 8677219201
602 3514576080 8655565603
603 3241852991 8206056642
604 4690116630 7685917022
605 5916358674 4848586007
606 0 7627625896
607 7300583734 8835278965
608 3332303876 8543057886
609 -512735123 451270583
610 -3497066076 -6161078304
611 -124115733 4159675443
612 10519427649 1837189017
613 2304901217 9043331496
614 865107809 8280355393
615 5131018272 9135059343
616 -992914993 4670894071
617 9758826945 14198932515
618 4964517750 10577120315
619 11942536631 -14304826685
620 5693881962 -14304826685
621 12295827600 31294353039
622 1984542210 7221091028
623 -4594114934 -14235259424
624 3521320296 8359626364
625 1498859457 8806080131
626 4304821645 9996156339
627 3549041924 8761288688
628 0 7817996254
629 7781600491 1256943837
630 6677907306 15302937919
631 -1058025865 7178532695
632 4706466476 12502819793
633 98382314 1478748729
634 5256725781 12336777052
635 519686461 7302505132
636 4983065703 11802385095
637 3827192269 10989807985
638 -3522667211 8653103465
639 6258249529 15225930929
640 -266047549 -2605679117
641 -2286030890 8554140364
642 3975687641 -6262728767
643 15605286786 10373196670
644 -372312232 6329828787
645 3659496644 9068664491
646 4860625973 11549496127
647 3339661113 -2298537000
648 20071705713 6026069832
649 11770964158 7101782014
650 5739856439 13683028346
651 5110121395 -14304826685
652 4066924653 -3016569728
653 -1918461663 -14304826685
654 -1236852098 8388138317
655 -273504227 7885653750
656 -3037638084 2088962468
657 9195814703 23547697087
658 4066924653 -6797514524
659 -2698112530 4903426143
660 10702400734 13539818994
661 9902583454 1340713195
662 7101393796 9385060064
663 1242069648 6383297378
664 9787474422 887794548
665 7030166320 -14304826685
666 3915583490 8461412257
667 8051501464 10213031568
668 4730656841 11281055814
669 8605531330 21569659142
670 7451096705 9709060082
671 9545036224 -1207708643
672 -2476781762 8388138317
673 14383089906 1958190185
674 0 4919586277
675 2269453022 8411248484
676 4555590741 10002383729
677 -3049212926 4239213632
678 9163619064 20436966554
679 992704614 8360196072
680 8566865388 21445901403
681 7418068386 9826687460
682 3815260699 5488256835
683 5683443260 9277892498
684 47342914 1993288493
685 15254479496 17739768621
686 -1561526032 1785448171
687 8807285343 12024877532
688 4767661347 12473191441
689 2888302770 -2526167943
690 4066924653 -3047407769
691 5160934635 26599965968
692 4347108503 10488868971
693 1407941976 8073270009
694 8105094430 19508771153
695 3408152471 8480159655
696 4562638618 10934028301
697 5921277715 9493808172
698 25589962647 7046823077
699 4278389678 7905096699
700 3182986584 8084473028
701 -4323972804 -7400710271
702 45977344 4589079510
703 5854449603 5425820030
704 484144579 3242197857
705 3924296593 9762368649
706 0 7060265843
707 1966569531 -4330171928
708 246602068 4513235057
709 3244530838 12823647054
710 15340925081 10334097193
711 6552665760 7990765862
712 4850516837 7969857570
713 679662350 8496783988
714 489753732 8586516379
715 -32323334 2156453989
716 10874398765 25821912212
717 4719554382 11007434822
718 836544231 8444542460
719 3979123893 8572802030
720 3076513418 -2411073390
721 17342244340 11155943256
722 9847846766 6824128315
723 -3300124676 -14304826685
724 3739623987 9234160780
725 1045343493 9574437897
726 0 6503324406
727 -88474571 8330985417
728 7482994849 -1138434417
729 -2578758123 4285752930
730 8597089822 1032118161
731 4236172979 10259740974
732 6329683443 10059037203
733 12131272310 14724332113
734 7881239948 17824742788
735 7824712281 14264206762
736 8156348640 11059297252
737 3412640551 9671443521
738 3604523187 8955121439
739 3051948692 -2094547774
740 6814465466 15584987318
741 8665119574 5208342515
742 768334135 10000000000
743 8221843191 3128378367
744 19571019530 50142366129
745 5179549393 13115799746
746 4189935887 12752905301
747 3360045279 8450172876
748 -1077533924 8388138317
749 -1312295898 -1200154967
750 3502074539 8743522370
751 -634956287 3921087479
752 9562371253 24549882022
753 4774486042 -2184245874
754 5783145261 9699295770
755 12749549686 6139172702
756 3575097538 8894345234
757 4082652798 9942657947
758 7998187186 756093327
759 9597137449 -499458740
760 506045936 7058969743
761 8167424829 -811802832
762 4482902759 10362033527
763 627968558 521183814
764 5783704514 -14304826685
765 -166798725 3783061399
766 11378488143 -4428235811
767 10144022321 12179802350
768 1518013492 7687274046
769 6460960080 10436621589
770 4176949628 10137420121
771 3497393420 8430992838
772 1016590680 3609964444
773 17589762165 8709607750
774 484507778 -5264046365
775 12384137452 -14304826685
776 6178706773 7146252760
777 7853829404 927867474
778 3905438245 9692737106
779 2873532769 7445322193
780 3827112765 9414861495
781 11527933171 16343899008
782 2844311427 22996821911
783 1200478065 4473935677
784 4885362025 5774006319
785 4292561549 10248138356
786 8460563050 767870616
787 6369940958 16942700882
788 -309051942 5389243801
789 3200240939 6673576431
790 3964561980 10274749261
791 27966835603 -14304826685
792 10138901619 24716453909
793 5254110273 -14304826685
794 -4956952507 6234140910
795 505209744 3913166056
796 531833944 8950166267
797 4681833703 13211293630
798 4523529848 12591391120
799 7726128786 -14304826685
800 -4579441122 7047604446
801 4273540117 10336919655
802 3274722998 -2160370813
803 17986248761 12632189629
804 -396891225 6080096215
805 15442925527 10070038579
806 0 7294032024
807 11412965275 6343846197
808 3377578903 5629544910
809 -390709979 18919518582
810 115140138 8448804726
811 2634289676 5267742539
812 4103628542 9985981582
813 4405996058 10845296413
814 6896565043 15836679193
815 4761591032 14341404852
816 3835190482 8936530351
817 3350350147 22851802055
818 3504105685 -3153497843
819 6268244733 -14304826685
820 12602476007 14431092563
821 9142932974 -14304826685
822 3429653443 8593942686
823 3125968120 7966706185
824 -514827716 15691387317
825 638179102 4057853236
826 -4230514309 1441749611
827 9852100510 21858967091
828 3021960706 -1987764508
829 -3569295522 4981051785
830 9218078125 9726717988
831 8410210165 -295435396
832 -2116303251 4005999887
833 6922373033 7564840842
834 20470404694 4131059997
835 528260274 7879578194
836 0 8059259523
837 16687861021 10737415133
838 -653708640 -800697047
839 5470130911 7535093904
840 6430105812 -14304826685
841 416327506 8333554142
842 8191315954 591349912
843 18448660035 12613583262
844 23255771138 5572703830
845 6854481307 19154028297
846 -3743692194 -7367471326
847 4904322149 6545581431
848 539434623 7160350098
849 2046145738 11774026923
850 7262568850 -1196640117
851 3804663149 7895948288
852 6454080243 5480198679
853 122064353 5301256025
854 4986957024 11810422291
855 -2586432428 3859906127
856 4718621636 11256198110
857 -367610354 4062806733
858 510321514 2212613591
859 7705549622 1200916388
860 13057292683 -14304826685
861 1901056001 -2473422119
862 2844879547 -5949494956
863 4066924653 -14304826685
864 1029743265 3637130001
865 7144312900 -1075880232
866 804298420 4288171427
867 4035429485 9845122166
868 9012268442 1561911289
869 102977798 15329774448
870 -1707575838 4985608621
871 23609831002 7188070836
872 3311158374 8349201084
873 147145697 3621431019
874 0 7247206998
875 19404977523 3726436667
876 3346627416 7399081492
877 8358551969 9112204448
878 17205626715 44447103970
879 22003392928 15807158041
880 0 7553566840
881 15775125879 -6387971976
882 2052352626 -2569728075
883 5943256115 13785577657
884 1002784380 7460393506
885 4670006853 12520472230
886 9382749383 24688487331
887 6552665760 8272270230
888 2961397209 8275687239
889 467723673 1131470676
890 -6205935779 -11727327007
891 7930083148 -14304826685
892 -3822033178 8388138317
893 8406023656 725260462
894 7300583734 8272270230
895 3928986637 8576251546
896 -2199710738 4681911257
897 6425091758 15587209247
898 3086278588 -14304826685
899 20764828532 5962141556
900 -1400889936 -3235023732
901 -1673724484 2334991246
902 -3406480001 1319979866
903 5418841791 9392495174
904 4557299823 10923001468
905 0 7486646775
906 6534805130 15353281333
907 -2237752069 5187375926
908 1667732041 6790951608
909 8636727042 7595355953
910 -3517911308 -14304826685
911 4533431920 12216515341
912 4177364705 10138277428
913 4066924653 -14304826685
914 8667792883 -7071723
915 5461600732 11451308143
916 4366656888 -14304826685
917 2541925196 -1780969351
918 3812763384 8405954986
919 969114854 -14304826685
920 11504724636 14711284472
921 4066924653 -14304826685
922 4014770114 -2148189254
923 3679287842 17794725853
924 743325404 8112876249
925 7805620243 561059205
926 4814146722 10451053150
927 15957695834 10739298103
928 8259742254 854931661
929 8296748024 -583607286
930 17368868541 -14304826685
931 1132728804 5425153184
932 961498903 23806900084
933 878183369 10000000000
934 3032273851 -2238197177
935 -348174994 -613405536
936 3453812438 8643841058
937 924514200 9020665986
938 -2029195542 5612804975
939 797378866 9835284770
940 4931994995 6436811799
941 5242635687 9288490872
942 8936842295 659028338
943 -1633516782 7887810011
944 12695127644 -14304826685
945 -939794020 7446369433
946 13829544918 1742807582
947 9192795993 8363917712
948 0 6967734861
949 -3127003607 8388138317
950 8379083991 -488837458
951 2709238893 17004249418
952 4726256491 11271967261
953 3243073519 8355259051
954 3626522072 8544328571
955 8102956701 1029796480
956 -245867215 -3251617745
957 3988358185 9897148078
958 2572389618 -2204527465
959 1457958697 8745604283
960 9442909363 23335248570
961 5113424913 -14304826685
962 5668656036 9072829482
963 3203663252 8127178949
964 14635598207 -14304826685
965 18167790789 10555421730
966 -570398388 -14304826685
967 4606332749 8289490894
968 4584405006 10660645749
969 7970487874 955842937
970 18924418098 5428543838
971 0 8399110261
972 499645760 7895627021
973 3691281458 9134313351
974 -4831488840 4586894702
975 16031770374 10510958479
976 351718654 3128383351
977 5295298556 9162546513
978 3577622232 8625040927
979 6334827676 9288285914
980 4066924653 -14304826685
981 3775313199 9307873847
982 4324555033 10178382550
983 8270145009 21245462754
984 5084141031 14272862556
985 10930471487 -14304826685
986 16101351498 10705671165
987 7483046435 3250161661
988 6667142295 13783832656
989 4728249178 13701560907
990 9976331782 -157097631
991 1305389758 -1505253266
992 5144724570 7566259125
993 4335375667 9589122413
994 -4084995596 1113731727
995 4066924653 -14304826685
996 3469950042 8677171923
997 4173143076 6170394617
998 3052617244 8264317098
999 5591568790 10866914893
1000 5739070984 13393393068
1001 1839409408 8283652186
1002 -7499677941 6167461068
1003 4173395340 -4801262885
1004 6926624747 7427757127
1005 2335676143 6327257424
1006 5432964844 15939962902
1007 4467272817 10737058258
1008 3469950042 8677171923
1009 -424420113 2441947785
1010 0 6790135895
1011 4181767004 10147370006
1012 -1201441194 7329018514
1013 3099823731 7912707148
1014 7405821451 -14304826685
1015 3676200462 8223549309
1016 5073425858 11989016398
1017 -2031112018 8293823874
1018 20507579419 -14304826685
1019 2805089978 5738633773
1020 -1743832919 3979101720
1021 4698944387 9986011901
1022 8150530635 21251838628
1023 0 7815604974
1024 -155941750 1540754361
1025 5205265178 12261319426
1026 8504572924 17445302433
1027 6301191404 5316287384
1028 3201941887 -3172707959
1029 1067687163 4421043146
1030 3983978946 7565241615
1031 7320036484 -1162962100
1032 6167040321 10445929687
1033 -1557292026 6946284211
1034 9786004850 2510852240
1035 8839890379 435504539
1036 6055283470 10511949353
1037 -3486623262 5032237374
1038 3479942489 8697810482
1039 22970213608 14365993890
1040 6901358936 8284871894
1041 3472702986 8682857897
1042 3084251902 8897688188
1043 5572798181 8103067507
1044 -467800818 6057141838
1045 3833310717 9427662845
1046 3580381303 8961980938
1047 9609797887 1522141456
1048 1933214477 7798164641
1049 22608793771 5684853683
1050 4190159207 9250907629
1051 8519141968 -1522800986
1052 2899887169 -1752718417
1053 4770221061 11290004124
1054 6645898655 15236826744
1055 4520826775 9247958527
1056 8187165469 -413345096
1057 4838568850 -3109895395
1058 4066924653 -14304826685
1059 0 10000000000
1060 6491791954 -14304826685
1061 17644710772 11588511563
1062 -1459862612 8388138317
1063 2878999612 7456613498
1064 7345962699 4485507050
1065 3507118374 8753939987
1066 15902704660 -14304826685
1067 4340324409 -2084495131
1068 427868117 4276176927
1069 7583644287 -14304826685
1070 1680432684 7451286882
1071 6329857444 5439589773
1072 6869687333 19375217506
1073 9624707831 4249274572
1074 6542968419 9510807118
1075 5073470350 -2533087395
1076 716803602 6705960013
1077 4677041836 11170318528
1078 -3531925292 5511485395
1079 5946178908 13176391605
1080 6734612500 15420057731
1081 3202587820 -14304826685
1082 3390456580 17303375544
1083 0 7067972627
1084 9703905072 21552881873
1085 8089914555 18219320169
1086 2600550371 6951239064
1087 0 8406309929
1088 7075559662 16124255427
1089 7610465735 4136731533
1090 0 8122004810
1091 3765037410 9286650069
1092 -3331102218 -14304826685
1093 4942306049 10315215004
1094 3029004830 7668924434
1095 3469950042 8677171923
1096 901507441 3446329850
1097 6637422131 18734294534
1098 -2003835842 5717642552
1099 -2148576693 8388138317
1100 3161845160 -14304826685
1101 1729482903 9009100431
1102 10857169557 14442094365
1103 6926624747 6864748392
1104 7302922370 -1901669788
1105 7424709060 9707604129
1106 3123713629 7962049724
1107 8941014177 11458828593
1108 0 7394859607
1109 1770784309 -1842241060
1110 -3798596362 10098732689
1111 3019454955 8827677538
1112 7999538022 894512679
1113 3422470299 8579106505
1114 130567232 6125393754
1115 16187395526 9943684087
1116 5470811206 10794986364
1117 7663557882 -14304826685
1118 4066924653 18999628665
1119 1123497250 9016078240
1120 4233663132 9056612186
1121 2211789106 7193276078
1122 4418669812 10636672838
1123 -4068371036 4533016757
1124 5900364633 11040263776
1125 1194510582 7135018317
1126 10927657096 27445055096
1127 -1715023713 5018216034
1128 1822744957 -2722730035
1129 618309397 7856400645
1130 5465603109 -2331985024
1131 -2539868849 -14304826685
1132 4104615489 11780024665
1133 8939417277 -47254239
1134 377902089 4971453874
1135 8950515394 24281593891
1136 5167431311 10099333983
1137 520816827 6878602321
1138 3541471969 8824894448
1139 4932701922 10010297369
1140 3841626663 9444838732
1141 5205265178 12261319426
1142 4182359549 10148593858
1143 3814088301 8507952121
1144 4942780332 11719179048
1145 4116886761 10055290465
1146 4134174657 12779902881
1147 13696892072 1501503394
1148 8404038768 -14304826685
1149 8120064320 1127453977
1150 1653690481 6629455468
1151 5185771796 10517850474
1152 5282073242 8706387893
1153 3893985022 8471869458
1154 3076387676 7864301948
1155 3632875460 8961697643
1156 6596191464 18182217978
1157 -2722359260 3560902256
1158 -192736633 3706468505
1159 3477735340 -2665618555
1160 393454587 7725358129
1161 6581672306 15104172619
EOF