NAME : 1261
COMMENT : tspgen
TYPE : TSP
DIMENSION : 1261
EDGE_WEIGHT_TYPE : EUC_2D
NODE_COORD_SECTION
1 10024754150 10032961388
2 10047224035 10068663961
3 10016420557 10029626905
4 10105777758 10025832595
5 10115473147 9849918558
6 10040237463 10038294418
7 10083503287 9827785675
8 9970707235 10076893177
9 10086195514 10127332480
10 9979971021 9980181391
11 10059187949 10111358076
12 9973530650 10037188047
13 10009856164 9977238257
14 10003166468 10034079265
15 10064221315 9953727946
16 10020088164 10100000000
17 9974589184 10080922173
18 10047233796 10070176685
19 10023853101 9988994067
20 10038760733 10155138624
21 10056042305 10100000000
22 10112583205 9932001046
23 10058083291 10062258183
24 10090541990 9791492603
25 10085344706 9910943010
26 10001271156 10048063730
27 10048316401 10006322997
28 10003889073 10108293290
29 10047995446 10069028645
30 10059244010 10034875579
31 10011325647 10073492253
32 10016102027 10087706683
33 10014550245 10030118144
34 9953245478 10113192993
35 10051596586 10193337916
36 10011256004 10097583571
37 10064650388 9865671034
38 10023376576 10109355622
39 9994357470 10117023818
40 10036027491 10019251756
41 10074250271 10025101806
42 10108037912 10109399115
43 10006900587 10060545019
44 9993716208 10105808040
45 10086643810 10125830305
46 10023707607 10069672086
47 10082034163 10041894472
48 10050070233 10066559869
49 10077947340 10064897029
50 10003726459 10021037151
51 10017235609 10067229741
52 10088749011 10049304165
53 10055280147 10065600527
54 9996235659 10028584692
55 10016644004 10074846869
56 10046924741 10035115300
57 10032833626 10157773026
58 10039031601 9947973213
59 9997017216 10124246206
60 10051347784 10119373463
61 10043331647 10067384703
62 10075466921 9834682090
63 10033387713 10085939052
64 10051147829 10092896505
65 10054888671 10073958909
66 10015405058 10020934300
67 10002397216 10065057480
68 10075930189 10057877616
69 10047155761 10078512241
70 10073662746 9854380359
71 10061881457 9873603914
72 10009183744 10071537030
73 10037469036 10074796553
74 10078127861 10122436202
75 9971015625 9849304944
76 9963685601 9931716244
77 10015189831 10039176645
78 10033533217 10074269997
79 9869865554 9977446693
80 10066308363 10109533477
81 10025445729 10000199372
82 10064839180 10074215878
83 10019806856 9985137477
84 10043807400 10087570348
85 10010072907 10090713098
86 9982134387 10087878934
87 10040974702 10082775370
88 10046654180 10087548602
89 10040937187 10034085782
90 10070227896 10028490019
91 10016683217 9988174682
92 10038465844 10100000000
93 9960876058 9923355092
94 10005608376 10040039965
95 10011994233 10075481954
96 10054008429 9896159831
97 10077303776 10015795680
98 10070896666 10071135790
99 10041428498 10014282082
100 9963185135 10104598819
101 10081682610 10033788197
102 10008415171 10019004731
103 10005449283 10012018317
104 10084537978 10026111693
105 10028454557 10000249511
106 10065832780 9985832717
107 10047217814 9936942793
108 10092495044 9803484883
109 9993296845 9849304944
110 10030741874 10100000000
111 9976461563 10031485631
112 10090770863 10039259450
113 10045788618 10066697881
114 10019201375 9985264855
115 10043244061 9926999327
116 10047623196 9914453275
117 9964138639 10093003538
118 10046550370 10067140224
119 10063434995 10029195025
120 10056674357 10103539245
121 9990420129 10011277769
122 9953869886 10098779878
123 10030889766 10035867873
124 10086978457 10015302284
125 10009430599 10049429293
126 9944408892 9849304944
127 10029781966 10117341673
128 10044007285 10070425663
129 10051997984 10066641163
130 10164483102 10176055272
131 10045578098 9930280891
132 10120182859 10084276095
133 10079233671 10123466737
134 10019868375 10032961193
135 10031339113 10086409415
136 9998610817 10078084770
137 10012071420 9928773111
138 10055637271 10049709300
139 10021461136 10031015182
140 10032466582 10085251743
141 9992870641 10098247067
142 10020029350 10035031693
143 10055221729 9892683775
144 10058191836 10037392771
145 10022967914 10030957989
146 10040428431 10088664669
147 10094892686 10014982232
148 10042888434 10008244749
149 10070913868 9940172336
150 10093214724 10114588403
151 10114923295 10096914595
152 10031532141 10085780343
153 10078747160 10022040987
154 10039203210 10012714877
155 10047105155 10085717966
156 10034643297 10031326018
157 10000753496 9982199688
158 10047255491 10180418888
159 10042466323 10078283827
160 10002651022 10031523267
161 10022780537 10040423568
162 10113427140 10082096769
163 10073662746 10013519029
164 10052696106 10079244218
165 10123746920 10160322012
166 10069305900 10035015520
167 10001973403 10037972775
168 10047942539 10072216102
169 9973925222 9849304944
170 9988286044 10039256032
171 10061640359 10025110450
172 10024759043 10072493688
173 10066464581 10010797552
174 10062498865 10050027359
175 10050184011 9917833122
176 10073199297 10031043338
177 10073662746 10026174038
178 10087034887 10032082573
179 10014686069 10039360592
180 9991937630 10000177546
181 10005742527 10072063552
182 10016378975 10013782014
183 10064462900 10072142063
184 10280893607 10193517667
185 10143355586 10466411217
186 10044964403 10058376429
187 10074169380 10065079021
188 10065902302 10029321243
189 10030341434 10001062840
190 10049677515 10078390297
191 9992882998 10041922911
192 10044565048 10083706330
193 9987146131 10001534404
194 10012127888 10078512968
195 10000000000 10002059867
196 10103835726 9985344199
197 10075227356 9849304944
198 10092840600 10168058016
199 10053706421 10038084072
200 10041195929 10099282993
201 10018129075 10088888935
202 10090399135 10308813673
203 10006333649 10056454034
204 10087367707 10056785859
205 9904502870 10089740963
206 9934726493 9974943094
207 10010170361 10081333690
208 10075288800 10032310032
209 10012703797 10086419067
210 10082759852 9813788128
211 10016272146 10000000000
212 10000000000 10100000000
213 9934627851 10010203772
214 10026454848 10118516508
215 10052653220 9900042453
216 10114816844 9849304944
217 10030505840 10139299953
218 10076393225 9998902192
219 10094554766 10019916883
220 10115650677 10105600416
221 10018584595 10011023335
222 9984429954 9979128584
223 10004554046 10000254780
224 10046663521 10022512656
225 10031182503 10132585934
226 10030431557 10102779536
227 10059418686 10113258432
228 10005693286 9982030873
229 10006882519 10053031442
230 10088303203 10026902935
231 10018282169 10094194748
232 10060132853 9962009030
233 10104308340 10109596522
234 10053492480 10003975279
235 10002559280 10039941479
236 10092917316 9849304944
237 10012880039 10087291482
238 9974693723 10038859307
239 10116569387 10082870589
240 9969121516 10012169907
241 10084298666 10067289054
242 10020219737 10043237177
243 10037896100 10076462368
244 10038419603 10100000000
245 10044702502 9993262844
246 10059252833 9963791489
247 10073662746 10003724503
248 10063496839 10047359012
249 10022941902 10008783098
250 10059997111 10066267061
251 9980240505 10082330598
252 10051440180 10036240483
253 10109725786 10094728779
254 10104138488 10104131840
255 10095016901 9968357273
256 10008409499 10072185397
257 10010008683 10027953950
258 10029250334 10067937488
259 10062921849 10024890388
260 10004468358 10078421804
261 10044343199 10171751954
262 10043301626 10075447705
263 10059869530 9962542384
264 10052131587 10067355585
265 10129353987 10116470700
266 10001126740 10077659401
267 9965260419 9975972941
268 10050203840 10068038457
269 10025114841 10094597109
270 9921730110 10013637041
271 10041711397 10038929117
272 10055955391 10068831635
273 10021260961 10100000000
274 10023345225 10001789238
275 10048509435 10067442316
276 10044707118 10056959838
277 10043796270 10003707647
278 10064462900 10065079021
279 10017620159 10014752678
280 10028072639 10094899881
281 9989608143 10041195021
282 10095250660 9796037657
283 10112421168 9856100269
284 9998433608 9990925789
285 10029488513 9849304944
286 10102347031 10112072244
287 10018995499 10173567655
288 10094176949 10116520299
289 10028577128 10028017726
290 10025459588 10029084917
291 10007407993 10074685951
292 10064462900 10068610542
293 9989646106 10040743646
294 10040720887 10160972011
295 10065061623 10070538784
296 10054290481 10100000000
297 10100219255 10114141027
298 10087879528 9799120455
299 9964059735 10226116894
300 10022493465 10088713753
301 10106569535 10103237696
302 10056204239 10071871198
303 10105191552 10110286904
304 10044200486 10150660085
305 10065264271 10234012724
306 10021113233 10013024352
307 10046517530 10088537487
308 10046980785 10080264491
309 9910767206 10010224895
310 10066918858 10060694380
311 10091854453 9849304944
312 10066010948 9950103086
313 10123032402 10098236774
314 10070933886 10068610542
315 10056204239 10077289359
316 10046646200 10069570954
317 10006925721 9980908979
318 10055630603 10075433721
319 10029196903 10024669074
320 10040315734 9944502764
321 10081102013 9919536486
322 10047968219 10016322015
323 10058397386 10089414719
324 10103321362 10347270013
325 9909001741 10343574828
326 10109168222 10110624833
327 10008608684 10029407480
328 10088129619 10043996947
329 10073662746 9854380359
330 10043785427 10067695958
331 10036408911 10041633371
332 10062501141 10032078482
333 9979412830 9991621299
334 10049639196 10026001749
335 10064462900 10075673585
336 10049577865 9849304944
337 10008565989 10074814969
338 10020320603 10087464444
339 10052691968 10071023255
340 10085784672 10120151164
341 10000000000 10001049171
342 10052822244 10196985454
343 10047911976 10016459349
344 9967425428 10079149144
345 9965839905 10112989617
346 10048179112 10099927113
347 10082965604 10120799160
348 10230003926 10014187693
349 9975356211 10086755182
350 9963189167 10074044150
351 9953366907 10030727317
352 10009019928 10047542326
353 10046866514 9926798866
354 9969227044 10044428597
355 10009109638 10082124034
356 10088872447 9796275782
357 10073662746 10259006450
358 10083231373 9988921681
359 10014783772 9972936308
360 10061564398 10031898746
361 10097258577 10145137274
362 10038941007 10087171578
363 10032617197 10082827541
364 10122605655 9699631454
365 10059784726 10053513578
366 10098679986 10057438397
367 10058600517 9965112740
368 10098492838 10073365462
369 10039126413 10075659508
370 10000000000 10092335838
371 10051266436 10066468035
372 10072774975 9849304944
373 10016662068 10046784651
374 10090948862 9849304944
375 10038912880 10100000000
376 10048717105 9849304944
377 9941515471 10036171913
378 10059772065 10100547867
379 10066176102 10236726318
380 9941472737 10211632204
381 10022714867 9992841285
382 10112277107 10080792015
383 10078366336 10011311690
384 10101499863 10111360902
385 10027100051 10028916198
386 10105733050 10102463585
387 10073662746 10035694200
388 10031742935 10083444491
389 10091880216 9897705488
390 9984985184 10006684018
391 9986424647 10090146828
392 10072914573 10012426290
393 10069763132 10020600139
394 10010487487 10018529138
395 10045861674 10141075550
396 10055732129 10071808704
397 10094754240 10029725399
398 10037254231 10045753770
399 10044563936 10034982177
400 10013139862 10030849550
401 10058318111 10072895417
402 10087898737 9849304944
403 10030996040 10073688890
404 9980691255 10021951111
405 10094799226 10022964207
406 10064136959 10112496478
407 10035840244 10081365820
408 10118673375 10015781891
409 10035367073 9949566591
410 10030970874 10041292404
411 10037762354 10086975687
412 10086392571 10118660751
413 10063858919 10074076897
414 9916642433 10083420580
415 10051454427 10067094190
416 9963424726 10152305568
417 10042934453 10070546550
418 10057219327 10029329380
419 10018486503 10068440671
420 10058786626 9896279177
421 9973257598 10032764288
422 10095252077 10033418718
423 10036389614 10066729454
424 10038440133 10139380942
425 10094421300 10066413522
426 9976918746 10021809421
427 10046445746 10077872498
428 9977171482 9971850008
429 10089366676 10015364004
430 10088169346 10302177859
431 9935434579 10214582468
432 9962991540 10095915519
433 10101528303 10116397030
434 10105078822 10121321861
435 10049676433 10009772528
436 10027159615 10024069866
437 10028997626 9962736304
438 10041980153 10158416915
439 10011876420 10181123479
440 10017814635 10036624973
441 10085717831 9805313632
442 10027362014 10140629269
443 10111497799 9968245630
444 10048940619 10073704251
445 10091453340 10059326676
446 10062334619 9884995336
447 10208880868 10158278904
448 10022499702 10100000000
449 10004158033 9990897451
450 9984534923 10095253928
451 10092857368 10119909503
452 10052918645 10076594152
453 10074301339 10012886991
454 10120344926 9840050884
455 10045179015 10067350551
456 10211034197 10142370891
457 10072388176 10001042010
458 10061122216 10025550736
459 10009272031 10095301781
460 10013017345 10013071418
461 10012032493 10097513480
462 10066661481 10015106228
463 10000867855 10073550954
464 10078511800 9841275483
465 10029941326 9965111144
466 10037120121 10016569131
467 10198673850 10233684681
468 10131400883 10114389152
469 10005400323 10100000000
470 10093886496 10043576898
471 10065764224 10016842706
472 9993355366 10037081650
473 10104011099 10133447161
474 10058339005 10040791303
475 10067454577 10113831634
476 10042052091 10079673367
477 10057796941 10076591776
478 10036054422 10067453066
479 10040583751 10095009719
480 9971018974 10033483046
481 10225229462 10059223904
482 10038816205 10131482100
483 10037049670 10100000000
484 10060078259 10100000000
485 10074169380 10068610542
486 9991146635 10013439838
487 10063210141 9882629182
488 10000693404 10100000000
489 10039176428 10045751056
490 10045163129 9931402371
491 10083972744 10009546939
492 9992879280 10018596161
493 10073662746 9849304944
494 10049790329 10073672598
495 10028750772 9849304944
496 10094740306 10010347119
497 10042335427 10087850106
498 10050209662 9907043152
499 10028839514 10176879088
500 10132975996 10435521723
501 10072038849 10254173759
502 10099476714 10015236473
503 10035661979 10145117256
504 10077495453 10041874883
505 10027888602 10075266295
506 10028728634 10142928253
507 10010191733 10073569071
508 10039047226 9939023096
509 9945522774 10106541097
510 10042063237 10077225213
511 10086296991 10121048125
512 10001105363 9992891484
513 10079797991 10002193952
514 10034507941 10000385903
515 10027079753 10074989880
516 10039850832 9849304944
517 10033463919 10083930380
518 10063490345 10035591782
519 10053362804 9909242234
520 9949351530 9967629979
521 10099569128 10336103424
522 10023511329 10006088948
523 10037067590 10140162132
524 10010404062 10076652294
525 10075561891 10179615310
526 10015574522 10086136837
527 10007395362 10032854147
528 10014124048 9999385819
529 10013538497 10023796658
530 10047351501 10023392349
531 10123336874 9954316464
532 9985685360 10029351885
533 10041634472 10163690825
534 10039617509 10029337563
535 10003693532 10040260620
536 10003619419 10038144743
537 9939482718 10108605579
538 10001037469 10036653957
539 10043950393 10080149654
540 10050925745 9980657812
541 10112184850 10090593318
542 9971561308 10029147792
543 10004063617 10125271305
544 10006200538 10016078201
545 9978116868 9974663463
546 10019169752 10035780411
547 10106750721 10088550214
548 10044137183 10079725002
549 9983654048 10116915060
550 9978315058 10108138443
551 10045142361 9849304944
552 10088643737 10026016056
553 10043842982 10075090753
554 10021982133 10008049025
555 10029808631 10008290238
556 10024373268 10036903731
557 9970591502 9942509661
558 10101820615 10135213707
559 10036355115 10020528760
560 10038002149 9846586445
561 10072119504 10023160163
562 10035975055 10086546759
563 10028556194 9976283663
564 10045525554 10071930677
565 9989855289 10041350481
566 10034476860 10040471432
567 9944100868 9849304944
568 10217812582 10092294622
569 10084064096 9810051518
570 10160407984 9591329256
571 10046830451 10075428219
572 10020220400 10001926417
573 9973447667 10096461195
574 9992022339 10016045920
575 10089246145 10305382395
576 10127132640 10079736219
577 10054490953 10094576023
578 10035828910 10082394202
579 9998340952 10035870472
580 10054292943 10100000000
581 10135232875 9809895690
582 10100335452 10109079314
583 10021555757 10095634946
584 9916494835 10012435852
585 10080662483 10035352402
586 10048101137 10067271204
587 10084339134 10119919182
588 10106283550 10102606145
589 10075990436 10127966564
590 10015644286 10152410643
591 9951056385 10114855785
592 10063568914 10109044896
593 10099965206 9970480620
594 10012386599 9849304944
595 10012114864 10008096082
596 10026319675 10075972343
597 10109345716 10078553000
598 10040844971 10161341283
599 10082307675 9997241722
600 10103171106 10078967490
601 10071284760 9849304944
602 10008627890 10021973261
603 10071429789 10028188263
604 9991972833 10042702480
605 10044664471 10037691385
606 10044818911 10066991986
607 10009951787 10131588164
608 10034916282 10029084917
609 10006481038 10014080398
610 10105067168 9995129254
611 10037033866 10083369459
612 10071709892 10028167625
613 10005655182 10006719891
614 10026810642 10071347173
615 9975455949 10032634309
616 10056204239 10069162118
617 9938784113 10122253873
618 10048447511 10077303480
619 10038954533 10068776314
620 9923161324 10138639762
621 10041221748 10018219038
622 10088729732 10019430730
623 10040921133 10119127233
624 10018934319 10033912382
625 10180998166 9996322916
626 9965237609 9936334995
627 9978196598 10089714182
628 10046016062 10074470065
629 10045134261 10021024349
630 10034633983 10068470972
631 10001211362 10042239167
632 9983787475 10133606614
633 9955848659 10074634139
634 10065771817 10064741648
635 10016378745 9995239230
636 10056464642 10090768513
637 10096617907 9849304944
638 10073662746 9839850981
639 10042431790 10166063629
640 10025214042 10100000000
641 10077404873 10065079021
642 10051489113 10072762916
643 10056204239 10074580279
644 10001296710 10075604386
645 10008615094 10076425705
646 10030258913 9964201270
647 10077009772 9994289973
648 10029514686 10095616883
649 10051147829 10075799370
650 9988073548 10032591409
651 10058550358 9849304944
652 9969113306 9947869008
653 9982180034 9849304944
654 10030683179 10023760161
655 10068630869 10004384312
656 10032297027 10067537728
657 10084268466 9825717730
658 9973999990 9849304944
659 10003853649 9990634568
660 10122800754 10072194420
661 10047276288 10070312763
662 9908369921 10048475928
663 10055872082 10035840100
664 10026876739 10089787903
665 10012094260 9849304944
666 10046529209 9849304944
667 10079317157 10016733878
668 10047269088 10069883619
669 10056446897 10100000000
670 10210910224 10143286757
671 10027165235 10035871122
672 9992763596 10033953102
673 10088982714 9988194508
674 10029993572 10074487623
675 10036364609 10088168458
676 10065288332 10065461410
677 10042923833 10100000000
678 10092877706 10013136592
679 10110347968 10128891421
680 10066590493 9948929230
681 10224850142 10022113302
682 9930123238 10242304940
683 9999639463 10007821386
684 10030831264 10031812343
685 10073662746 9839850981
686 10098417144 10111689037
687 10039750084 10068359502
688 10035557984 10011784852
689 10011210226 10093777531
690 10118663810 10099879650
691 10076681673 10267990729
692 10017156526 9849304944
693 10043841769 10046691371
694 10047115694 10067768584
695 9992273292 10041687554
696 10054647250 9973119990
697 10119354446 9730895653
698 10038072400 10028283677
699 10074484837 10017907229
700 10044970084 10068503998
701 10047125841 10068019741
702 10059137511 10054285805
703 10039944684 10076412772
704 10031704150 10065487373
705 10051629608 10017823293
706 10012248503 10133890764
707 10037316049 10073851840
708 10046276035 10132837995
709 10003967110 10010565433
710 9955461134 10120228348
711 10007769877 10086898129
712 10119807443 10081738667
713 10109650565 10089238347
714 10009673550 10100000000
715 10074625186 10261870656
716 9999276626 10011097168
717 10004115968 10018928362
718 10042823743 10076814220
719 9950231307 9961844383
720 9969087551 10083535694
721 10090847366 10007676555
722 10053158906 10017453215
723 10067755040 10028018422
724 10004057208 10007543771
725 10065789522 10004146504
726 10025009637 9985868457
727 10084890321 10028524207
728 10007095055 10033966533
729 10149890611 10136595961
730 10098977907 10003729926
731 10056014782 10127005126
732 10028404924 10098602612
733 10005172110 10074235708
734 10032780811 10030986917
735 10032967202 10019645136
736 10094453350 10011582260
737 10070712189 10005945537
738 10035878603 9849304944
739 10036666872 10001093568
740 9929315240 10244488606
741 10011578474 10022123248
742 10061653349 10075799370
743 10048299941 10080569845
744 10009969625 10080583937
745 9954140474 10177396845
746 10073421378 10258288143
747 10028660063 10071038686
748 10060097880 10047051745
749 10029956015 10067734229
750 10005058219 10015129986
751 10094442750 10012092087
752 10048783255 10069731123
753 10054607280 10034271130
754 9972208921 9958310001
755 10037193724 9944333306
756 10100742873 9762267473
757 10032842917 10026125776
758 10072547162 10255686490
759 10038799400 10078317142
760 10067075772 10060924053
761 10056588791 10090634014
762 10064236363 10108659688
763 10004302106 10041811854
764 10073662746 10020740284
765 10224966204 10170958700
766 10080383406 10025626467
767 9965220144 10092593357
768 10002441879 10077112104
769 10050800480 10093668312
770 10070745655 9849304944
771 10010665203 10085850489
772 10053365494 10034277344
773 10050938057 9904956328
774 10067151772 10239629897
775 10069158431 10032950556
776 10063201357 10024320503
777 10104492024 10105487198
778 10106767211 10082937032
779 10048947752 10062256159
780 10075555542 10014783937
781 10042463493 9944037144
782 10017955839 9849304944
783 10036947977 10074565113
784 9909341206 10009674436
785 10073350831 10026168750
786 10025862686 10010987171
787 10074084274 9870092244
788 10041541792 9849304944
789 10006984721 10008607897
790 10103187432 10128544733
791 10067537046 10021265537
792 10064760057 10033837275
793 10080702507 9920345676
794 10007316640 9977207624
795 9942699025 9869260535
796 10036371388 10029364566
797 10040845808 10095261609
798 10126015629 9712893387
799 10085861774 9990011555
800 9954683699 9904926731
801 10059671330 10118218930
802 10004283286 10038523822
803 10095595831 10027587855
804 10014238873 9988243149
805 9974288940 9849304944
806 10058752258 9849304944
807 10029826023 9849304944
808 10032181418 10085578052
809 10048928978 10079817891
810 9995896658 10031321927
811 10071146187 10057997051
812 10006424980 9955374969
813 9990287112 10103479945
814 10047573866 10181366367
815 10021088805 10039828524
816 10203927213 10159765376
817 10010677558 10025528638
818 9965161884 10099333184
819 10066422240 10068230624
820 10025816061 10073575025
821 10097844461 9770571312
822 10076273589 10051305404
823 9962273689 9927514418
824 10047016691 10081833740
825 10015353934 10143006645
826 10026542064 10119757941
827 10047430343 10053416879
828 10008397447 10008019026
829 10049860946 9849304944
830 9978540494 10214680829
831 9979810125 10108022991
832 10083510757 10023685379
833 10075140124 10001488691
834 10053105134 10067731390
835 10025360461 10093222353
836 9981394194 9995542020
837 9958244554 10028551914
838 10041281076 10030332581
839 10031409306 10092712722
840 10008794390 10040484407
841 9991771164 10039489728
842 10038522709 10088857553
843 10055266432 10068218222
844 10083116172 10116116305
845 10109754540 9974681280
846 10052187076 10016626903
847 10069880119 9849304944
848 10027474179 10081206411
849 10073662746 9934604548
850 10023367745 10070862771
851 9977322400 9998728924
852 10037725114 9953098316
853 10108419674 10110345602
854 10058851073 9917488995
855 10007794496 10049215937
856 10020769625 9849304944
857 10018593595 9991511942
858 9973192445 10034055825
859 10036974022 10086189671
860 10055418630 10036592943
861 10035427360 10094615985
862 9922807523 10168129225
863 9980062835 10142552425
864 10050002159 10081617949
865 10096686911 10013519029
866 10038738719 10074881877
867 10043014919 10069432045
868 10029899935 10094060980
869 10081683092 10009968226
870 10006873914 10034598971
871 10092890971 9849304944
872 10020779335 9965089260
873 10052044885 10194672047
874 10046842711 10140955817
875 10072488084 10115896002
876 10086905806 9907781040
877 10033776322 10068454804
878 10036467889 10102339608
879 10053376353 9909205615
880 10058509119 10065810637
881 10038276434 9950014101
882 9962353291 10110600897
883 10095469330 10010293354
884 10018696785 9989856155
885 10099409569 10022959528
886 10017476981 10017150392
887 10015711984 10010896628
888 10015380238 10134990206
889 9973092224 10126178543
890 10014664648 10038345273
891 10043413962 10099707977
892 10043032398 10067796070
893 10117938847 9934790602
894 10095067861 10030098691
895 9973599072 10142058036
896 10038422677 10038737150
897 10044871724 10097549670
898 10079083474 10064126846
899 10073662746 9854380359
900 9989925127 10104213137
901 10069840035 10062796892
902 10000000000 10085219137
903 10084966178 10030826326
904 9943687457 10133279460
905 10008360171 10107299027
906 9989198153 9998376456
907 10002293746 10016483721
908 10039389554 10136793476
909 10036236737 9849304944
910 10100519503 10062542190
911 10034456077 9849304944
912 9990857991 10040663933
913 10056204239 10066453037
914 10091943924 10051830451
915 10043532092 10071328769
916 9938312235 10123406301
917 9945096085 10022060074
918 10063175495 10227796561
919 10089866098 10028434300
920 9986489207 10030812487
921 10047722588 10067002638
922 10011035591 10023634199
923 10092065056 9787129080
924 10062550604 10119149622
925 10081740898 9918242439
926 9990943161 10071349912
927 10077350063 10008544520
928 10073662746 10259006450
929 10048064635 10076166299
930 10045882281 10138235589
931 10069211764 9866409417
932 10101463490 9948503246
933 10052787023 10101578256
934 10097319752 9886687835
935 9921720407 9849304944
936 10011905555 10100000000
937 10036250572 10000390364
938 10041188460 10091303997
939 10219877552 10168251396
940 10050455378 9849304944
941 10089538127 9849304944
942 10053171275 10070611398
943 10001412798 10075578322
944 10076227425 10025554825
945 9995678226 10032430712
946 10077083191 10028883549
947 10055318427 9971760537
948 10097504560 10070537012
949 10048255460 10033604610
950 10070527505 10113536813
951 10012779977 9849304944
952 10010561362 10019164860
953 10002824992 9981052723
954 10063758319 10028903100
955 10073662746 9849304944
956 10071064606 9874596452
957 10049069405 10066173534
958 10068215119 10071403843
959 10025529846 10073845123
960 10044742211 10068582884
961 9992760654 10042553163
962 10027940507 10078084268
963 10071229577 10117095250
964 10065538879 10150250664
965 10070933886 10065079021
966 10113890380 10115197772
967 10022245714 10067620661
968 10109317175 10096941553
969 10060951713 10109915738
970 10095409591 10323724710
971 10064877893 10232862869
972 10042434501 10073971547
973 10063269393 9950036242
974 10072464560 10028408089
975 10028367370 10032060820
976 10077404873 10068610542
977 9980888531 10036812346
978 10013689398 10029140243
979 10054866724 10074764823
980 10016462547 10088227275
981 10048255179 10026419803
982 10021049966 9991600550
983 10023720545 9982933438
984 9998130627 10034224087
985 10008342273 10080312918
986 10066618971 10025061034
987 10030024013 10009640138
988 10058845432 9882302008
989 10071526893 10029209671
990 9984283693 9849304944
991 10073662746 10013519029
992 10020432666 10039571809
993 9962678642 10108197323
994 10064278696 10028477015
995 9984929442 9994937572
996 10009516977 9849304944
997 10031574499 10087367571
998 10091155506 10120012348
999 10003602690 10023405132
1000 10071341511 9939306156
1001 10039521092 10073165336
1002 10086248447 10057081446
1003 10025413063 10058904043
1004 9697683822 10125445780
1005 10013759233 10080734564
1006 10029351646 10136521263
1007 10039332047 10042288747
1008 10053710364 10066942454
1009 10056114656 10037665896
1010 10048219940 10070400650
1011 10045209780 10075913951
1012 10052300909 10068879652
1013 10083988079 9826475493
1014 10036566469 10018588900
1015 10003600111 10054549543
1016 10015386278 10014907305
1017 10052709013 10051868222
1018 10098255923 10113635467
1019 10020811358 9945402987
1020 10050327054 10066659007
1021 10073662746 10000623637
1022 10027549918 10189229753
1023 10062007269 10036442742
1024 9995903971 9990732631
1025 10080782236 9920184187
1026 10047370160 10072657454
1027 10053666562 10067948110
1028 10135315788 10052454024
1029 10131090826 9934141834
1030 10009685728 10031512715
1031 10039064359 10075498819
1032 9980827637 10105273100
1033 10054945207 9893475999
1034 10082155592 10284281024
1035 10107694086 10106605311
1036 10000000000 10075819744
1037 10045304711 10006887030
1038 10078454480 10014305527
1039 10090600813 9974236413
1040 10253167348 10185962486
1041 10111799730 10106078366
1042 10099754702 9783865199
1043 10059672457 10001171113
1044 10120902811 10047183961
1045 10070738910 10130893421
1046 9942611476 9849304944
1047 10088814398 10045625921
1048 10075569821 10067034524
1049 10093087676 10021584248
1050 10073121185 10257394775
1051 10042368529 10075574291
1052 10024075285 9969569738
1053 10073662746 9839850981
1054 10099963138 10119200326
1055 9962405759 9927907458
1056 10027895732 10122804556
1057 10063925194 9849304944
1058 10063864814 10028532717
1059 10069478383 9851839017
1060 10051791705 10099436159
1061 9995337055 10030579413
1062 10041293124 10093011472
1063 10092969044 9986967292
1064 10074120705 10013519029
1065 10067716168 9946649201
1066 10112480397 9749473205
1067 10027625336 10094219548
1068 10000000000 10100000000
1069 10095517447 10324045688
1070 10043223424 10075261318
1071 10021598264 10089803640
1072 10037650662 10106160380
1073 10027695313 10082954315
1074 9973063960 10093080821
1075 10057799505 10022235392
1076 10098739200 10069689461
1077 10007307440 10083537371
1078 10055659607 10013658635
1079 10090755079 10005014970
1080 10034947664 10085191337
1081 10041348656 10087383851
1082 10048844259 10076702788
1083 10079137605 10000663841
1084 10047231855 10075485797
1085 10072505011 9843167845
1086 10088685131 10121029886
1087 9950352751 9849304944
1088 10054884335 10068906642
1089 10045958016 10077279029
1090 10051791248 9912037732
1091 9990395020 10079416644
1092 10021930816 10070823010
1093 10023702846 9973801807
1094 9740340253 10117258638
1095 10098617968 10022002961
1096 10045381151 10072010422
1097 9974756414 10148404168
1098 10032566636 10072103805
1099 10091928434 10031383555
1100 9904970881 10085660726
1101 9953066498 10031332968
1102 10046748503 10111554249
1103 10011888102 9986619082
1104 10009250547 10152451062
1105 10058885332 10160667324
1106 10044697705 10043296704
1107 10031503164 10084243243
1108 10051649337 10065925937
1109 9992967566 9997854094
1110 10075221355 10047847010
1111 10211403395 10139643383
1112 10007537035 10079648983
1113 9979130360 9989958994
1114 10073662746 9849304944
1115 10026289909 10121985370
1116 9988642741 10012458034
1117 10058208757 10213015629
1118 10066160514 10236679930
1119 10080285404 10003189301
1120 10113585384 10076460865
1121 10069014162 10068997681
1122 10021039418 10028617494
1123 10000000000 10070819206
1124 10076536795 9831616942
1125 10051271453 10073155080
1126 10025732099 10143097513
1127 10043113502 9996481327
1128 10027082897 10002980241
1129 10105327020 10101563582
1130 10077388861 10027182160
1131 10036657653 10018827350
1132 9972968268 10138558859
1133 10016951453 9971495091
1134 10028222139 10082864562
1135 10034812235 10077434521
1136 9998588144 10148797998
1137 10094067582 10015124579
1138 10103991343 10106192392
1139 10022226446 10090427900
1140 10086790308 10123893025
1141 10055291105 10085461830
1142 10059889948 10039812001
1143 9924273803 10015438658
1144 10060673565 10001229263
1145 10009574706 9978159031
1146 9946599844 10097531484
1147 10018360903 10028076315
1148 10012951632 10033031105
1149 10035224419 9949887800
1150 10061031421 10046921963
1151 10029018136 9967756047
1152 10049242804 10085779029
1153 10023399216 9983854033
1154 10081471052 10024323083
1155 10019441812 10099469155
1156 10027284664 10073137496
1157 10076877184 10128251193
1158 10050629215 10052394364
1159 10000826216 10014996445
1160 10040608962 9934548783
1161 10020355912 10008894852
1162 10070509420 10020973278
1163 9996402061 10110117180
1164 10042702534 9849304944
1165 10038622784 10077075892
1166 10000000000 10097734274
1167 10023043612 10039268977
1168 10077788279 10032612642
1169 10080640366 10065079021
1170 10073421378 9849304944
1171 10030403241 10071082574
1172 10055339170 10096810049
1173 10060139666 10044465543
1174 10026117239 10113532719
1175 10002535946 10075789785
1176 10051280877 10077875335
1177 9954358658 10114727329
1178 9930445813 9832795175
1179 9937590664 10210215368
1180 10054317993 10068199573
1181 9985336840 10039009972
1182 10098781549 10181519030
1183 10097555804 10028881697
1184 10074855602 10026356085
1185 10008980140 10079525478
1186 10026108895 10117486960
1187 10014503529 10095208250
1188 10090663906 10013646830
1189 10041158287 10082271211
1190 10001649025 10100000000
1191 10020148200 10099748026
1192 10080712513 10022903381
1193 10046043682 10176812562
1194 10073662746 10032011934
1195 10167013850 10536817827
1196 10017930645 10093148618
1197 10050024296 10074795054
1198 10086821347 9802152101
1199 10058749413 10112896851
1200 9981589876 10123514144
1201 10086104587 10067703920
1202 10095705057 10002514888
1203 10071954415 10032017139
1204 10021314044 10100000000
1205 10049988821 10016134607
1206 10007458541 10163884405
1207 10002239253 10041255048
1208 10208872452 10158341081
1209 10066390077 10058902894
1210 10072318229 10025680202
1211 9969895624 9950197174
1212 9814922783 10102943852
1213 10016556493 10169102133
1214 10005795654 10091337186
1215 10052815492 10070461348
1216 10030459166 10130433296
1217 9994767314 10094405402
1218 10031310267 9961189181
1219 10118073763 9712615150
1220 10010918040 10109353671
1221 9998748933 10017806072
1222 10061684761 10078303744
1223 10041399056 10100000000
1224 10057692319 10031464520
1225 10017124358 10027219411
1226 10016306621 10130245656
1227 10052782705 10066607444
1228 10032594920 10017786469
1229 10072827268 10042300032
1230 10040577995 10075753872
1231 10042973122 10082909808
1232 10014314056 10049214831
1233 10071301500 10053954815
1234 10046048755 10068180982
1235 10070736795 10010296778
1236 10087935156 10064019966
1237 10055158173 10075445551
1238 10071732277 9859597573
1239 10099588701 9849304944
1240 10087869790 10032081063
1241 9975298976 10035135195
1242 10066243268 10236926205
1243 10067631122 10241056436
1244 10023251287 10064479954
1245 10079940397 10032979222
1246 10085516865 10116529317
1247 10005357579 10093121908
1248 10056392686 9916234018
1249 10046365359 10094425112
1250 10221116015 10168910293
1251 10104543622 10117029371
1252 10043222775 10067253231
1253 10030946021 10068136816
1254 10053624747 10025684710
1255 10020717417 9992508564
1256 10068736557 10244346192
1257 10068332129 10034398765
1258 10050293033 10067745107
1259 10026852241 9980888702
1260 9971405636 10040058044
1261 10089234244 10132763193
EOF