NAME : 1331
COMMENT : tspgen
TYPE : TSP
DIMENSION : 1331
EDGE_WEIGHT_TYPE : EUC_2D
NODE_COORD_SECTION
1 10024875555 10027560501
2 10031385932 10107090475
3 10080533920 10077365759
4 10095287361 10099682253
5 9958806351 10100271059
6 10070319723 10011872853
7 9995371297 10105939065
8 10091056320 10092618467
9 10073078949 10099727792
10 10078278242 10019979004
11 9901770650 9905244323
12 10023990331 10102933542
13 10095287361 10098056273
14 10206709360 10209723258
15 9986213182 9995081402
16 10023978291 10099489311
17 10023440638 10030614314
18 10040469179 10056762412
19 10098050435 9970322800
20 9973230862 10016002760
21 10054432274 10084904698
22 10095287361 10086615272
23 10056055341 10082993085
24 9984131872 9990366466
25 10051541755 10129033929
26 10065412047 10123187299
27 10118182086 10077365759
28 10034051689 10009474282
29 9943722343 10126059593
30 10093549877 10045480219
31 9923115842 9985173358
32 10095287361 10016368162
33 10023121175 10100478897
34 10033706628 10087946594
35 10023427951 10101345284
36 9955161755 10024461471
37 9948735718 10054216187
38 10072109724 10084324346
39 10118182086 10091115969
40 10092135648 10082620414
41 10021349983 9905244323
42 9980589572 10115985023
43 9973230862 9999806930
44 10011214806 9990222056
45 10066561146 9949490429
46 10081411006 9970322800
47 10012961270 10015016352
48 10022909981 9905244323
49 9994007951 9990702796
50 10085797407 10000006061
51 10023600412 10099738858
52 10033884450 10008880746
53 10095287361 10069565454
54 10072004896 10092498880
55 10138650998 9970322800
56 10090445733 10077365759
57 9967241540 10040172857
58 9952901703 10032075678
59 10082852637 9970322800
60 10099268122 10114639350
61 10272225586 10055524057
62 10033921607 10009733439
63 10095287361 10073788002
64 10095287361 10090418424
65 10046962116 10091083336
66 10049827375 10051465557
67 10066571170 10043115281
68 10026584512 10108220819
69 10057644417 9969036861
70 10095287361 9905244323
71 10095287361 10016571286
72 9969123079 10029804836
73 10090226266 9905244323
74 10057490236 10099834334
75 10026380945 10105249139
76 10012769459 9985336803
77 10035361495 10235502277
78 9983982138 9905244323
79 10097694836 10027004836
80 10043660800 10158486293
81 9987941518 10108768019
82 10034413479 10021735866
83 10099082691 10044241411
84 10095287361 10098754052
85 9990184322 9990845050
86 9993089628 10012598292
87 9959943101 9905244323
88 10039269454 9991726857
89 10095287361 9905244323
90 10055663200 10089280606
91 10099833124 9970322800
92 10073506982 9970322800
93 9976439806 9970322800
94 10017014903 9939537176
95 10044804277 10119341976
96 10006232824 9990222056
97 9973230862 9999806930
98 10024817879 10027870483
99 10065302910 9970322800
100 10047644873 9949754969
101 10093659429 10044482845
102 10084446850 10084353737
103 10090978318 9990222056
104 9967942516 10036800678
105 9935430540 9987067197
106 10095287361 10080333415
107 10046173768 9905244323
108 10029547698 9971364235
109 10029535232 10018472263
110 9988469826 10002617586
111 10027952859 9970322800
112 9973288644 9990201597
113 9932994114 10027948294
114 10079579466 10033747301
115 10095287361 9970322800
116 10072004896 9999806930
117 9908292532 10041001480
118 9994773411 10104870003
119 10097793912 10071290402
120 10039248695 10016913648
121 10072004896 10083195066
122 9996041442 10009046573
123 10028742710 9970322800
124 10094473113 10048640418
125 10026070369 10109513722
126 10072641762 9970322800
127 10074627784 9928635918
128 10084377836 10072589257
129 9971978366 10031808880
130 10050403044 9995392387
131 10025880318 10108271186
132 10023165279 9905244323
133 10110065334 10075488310
134 10055981774 9923256824
135 10100328102 10026736155
136 10118182086 9905244323
137 10024993752 10112498931
138 10022511359 10010652874
139 10052000137 10027143265
140 9802568324 10049453302
141 10024772275 10105520330
142 9932507267 9970322800
143 10034705619 9995683589
144 10178633609 10127399450
145 10095287361 10065827887
146 10068730993 10029785034
147 10048632830 10088977188
148 9937421004 10079301068
149 9982713285 10105453246
150 10061137677 10140045691
151 9868863123 10057030448
152 10069691365 9990222056
153 10078507739 10097535540
154 10034784421 9926569325
155 10135371126 9970322800
156 10033681865 9905244323
157 10072473373 9905244323
158 10098816197 10092066835
159 10084396664 9990222056
160 9980970483 9905244323
161 10090797085 9970322800
162 10072545212 9905244323
163 9982001066 9970322800
164 10051755975 9970322800
165 9983802975 9905244323
166 10128651025 10097159824
167 9930431543 10031299070
168 10095287361 10004260011
169 10039686578 10011758536
170 10030978897 9970322800
171 10027884888 10024655685
172 9950061416 10048446031
173 10053897554 9970322800
174 10040295275 10104929190
175 9978249789 9991172083
176 10014021315 10026562502
177 9968440339 9970322800
178 9919544331 10047213597
179 10039953080 9997717141
180 10065574014 10002410141
181 9977237705 9977654474
182 10182046998 10083510577
183 9987371460 10091455916
184 10045947081 9970322800
185 9985731108 10105741717
186 10088128102 10002673091
187 10005172691 9990222056
188 10026029670 10103885658
189 9986309246 10090129242
190 10060126242 10080184302
191 10042953253 9990548310
192 10026820602 9905244323
193 10035520121 9970322800
194 10127505876 9905244323
195 10044002002 10050855315
196 10032026937 10125920234
197 9997046862 10025492285
198 10026519876 9970322800
199 9973230862 10038350625
200 10072004896 10105680318
201 10026087048 10108855026
202 10096652202 10038502516
203 10034728756 9905244323
204 9947124937 9999806930
205 10059176906 9993060876
206 10057697614 10001072282
207 10050809070 9905244323
208 9882976802 9970322800
209 10023829022 9970322800
210 10035650829 10089940110
211 10095287361 10011947995
212 9985208404 10106340257
213 10024129972 9905244323
214 10023679571 10102055903
215 10070619387 10055250273
216 10021405353 10034669142
217 9969974287 10027660890
218 10095287361 10080949835
219 10130027417 9939484557
220 10077180094 10057700156
221 9991662384 10008195208
222 10004939522 9961634045
223 10024833019 10176300810
224 10056089986 10115915063
225 10035384803 10020582497
226 10126670268 10131833159
227 10044513661 9989490143
228 10024497860 9970322800
229 9971735015 10097764875
230 9962936709 10151154214
231 9942418253 9905244323
232 10095287361 9990222056
233 10039776505 9998068925
234 10086396885 10000866155
235 9971667046 10123735815
236 9966635294 10111304086
237 10043866828 9980427322
238 10064692777 10051941380
239 10095287361 10001675318
240 10082461519 10000866155
241 10126608797 9990222056
242 9984190263 10103682594
243 10118182086 9905244323
244 10035648133 10004764167
245 10069405648 10008364639
246 10068664913 10051052010
247 10050551304 9996139199
248 10037892682 9877882955
249 10044525406 9970322800
250 10008589052 10189248044
251 10080233932 10012817908
252 9921981330 10083328934
253 10024257212 10037375286
254 10022095320 9935469490
255 9836574566 10077504329
256 10034186090 10008918553
257 9942913639 9977319151
258 10034070104 10016948289
259 10085799834 9990222056
260 10095287361 10150433772
261 10016305901 10023470112
262 10039486526 9998646642
263 10030436476 10020508794
264 10087529283 10044069061
265 10066222588 10085814542
266 9863614872 10099084090
267 10091312196 9905244323
268 10088319271 10000866155
269 10083345468 10094585973
270 9990379496 10003635655
271 10077419110 10077365759
272 9991284029 9999937659
273 10036904539 9994146145
274 10022995839 10031500471
275 9962066061 10058315608
276 10178202331 9999511197
277 10093325119 9970322800
278 10095287361 10024305211
279 10097557151 10059463000
280 10095287361 9905244323
281 9958433887 10010657678
282 9963837028 10051733373
283 10053063272 10023505937
284 9886134793 10000570117
285 9992265428 10013154379
286 10054577273 9979881028
287 10112514443 10028613952
288 10062504839 9903115207
289 9998727953 9960080840
290 10095287361 10072812754
291 10064690362 10122557141
292 10078807881 10086107525
293 9931282489 10026431417
294 10100385021 9905244323
295 10071066135 10098509521
296 10095287361 10069848839
297 10107096097 9990222056
298 10002275527 9922009409
299 10029322022 10018897033
300 10049961045 10013696360
301 10095287361 9905244323
302 9910181625 10090461264
303 10069405648 10008552145
304 10097007262 10091914950
305 10050155517 10111925528
306 9977615139 10114794935
307 10095287361 10197652819
308 10080567478 9901321039
309 10089209313 10046452079
310 9990037226 10105615720
311 10020758598 9905244323
312 10072004896 9992416308
313 10088495070 9914405859
314 10005962969 9970322800
315 10071870088 10088423568
316 9986640036 9993417885
317 10016914147 10011282433
318 10056718229 10101294255
319 9931722340 9977435361
320 9986405973 10104567900
321 10039009708 10086765860
322 10008972383 10111367492
323 10118182086 10020149548
324 10066865375 10072562820
325 10095287361 10059792798
326 10105335327 9868822553
327 10047251677 9970322800
328 10095287361 10013729569
329 10108016977 10031111148
330 10023314627 10100390859
331 10088370187 10036028358
332 9934944392 9973933596
333 10049921213 10111483837
334 10037032931 10020234920
335 10034027763 10003919173
336 10118182086 10135093575
337 9911856733 10061263587
338 10046464336 9995576514
339 9890858922 10090863117
340 10024560893 10027144951
341 10066975355 10017017979
342 10066168415 10071789325
343 10069405648 10011533028
344 9980080204 10148316486
345 9990430830 9905244323
346 10091282976 9990222056
347 10028517776 10020499306
348 10028900202 10019737411
349 10024816150 10041261848
350 10018235485 10040984361
351 10028843585 10115374035
352 10054943052 10026283928
353 10095287361 10059382052
354 10097061738 10043119607
355 10069405648 10011047209
356 10095287361 10097645516
357 10025912737 10023946410
358 10133485484 10009011876
359 10098989404 10037564017
360 10086784166 10046376373
361 10095287361 10024959916
362 10062360260 10084224852
363 10061120821 10028953717
364 10094795387 10045201347
365 10024847141 10041270752
366 10034753522 9970322800
367 10011587226 9899653288
368 9883826162 9990222056
369 10118182086 9905244323
370 10029484428 9905244323
371 10054401293 9910667255
372 10110619404 10035590473
373 10044079821 10088855757
374 10118182086 9990222056
375 10145074272 10094389769
376 10067193131 10055136518
377 10037210462 9905244323
378 10095287361 9905244323
379 10091226480 10068379294
380 10096820910 10044747828
381 9995381972 10109464483
382 10073001138 9989169049
383 9990213557 9959043217
384 10152565391 9958680331
385 10096021325 10041977279
386 10070225798 9970322800
387 9964632114 9905244323
388 10024380906 10099988515
389 10065172912 10070583520
390 10095287361 10069313536
391 10048236501 9977718539
392 9946368692 10100269420
393 10024912246 10105537186
394 9918434732 10107069975
395 10050543648 9970322800
396 10004981794 9990222056
397 10020119280 10014771627
398 10095287361 10062804308
399 10118182086 9970322800
400 10116302531 9905244323
401 10095287361 10024353203
402 10132350111 10194894431
403 10061674813 10077848344
404 9978752121 10024591316
405 10122137178 10094177748
406 10102707901 10040669982
407 10093142721 9905244323
408 10201599118 10003469119
409 10077116275 9990222056
410 10019168270 10024912081
411 10038312867 10080148352
412 10023870738 10029757440
413 10038872372 9995740745
414 9987642404 10101933906
415 10069148585 10087526746
416 9948364900 10077987417
417 10118182086 10077365759
418 10142680299 10170381561
419 10044719006 10058957219
420 9985517545 10106167190
421 10078761016 9990222056
422 9890972526 10056757111
423 9973230862 10013126289
424 10045892516 10121631104
425 9881106911 10114238113
426 10014155960 10010632162
427 10092110065 10045802596
428 10058253846 10094188757
429 9980463934 9970322800
430 9963923942 10045184478
431 10061723128 9970322800
432 10057349924 9970322800
433 10017717463 9990222056
434 10081418605 9905244323
435 9937060250 9985716650
436 10051616421 10096670533
437 9980561716 9978826707
438 10040772090 10100624578
439 10133966130 10016503565
440 10103511680 10043249752
441 9816305467 9970322800
442 9989078948 10000482384
443 10095287361 10098785067
444 10078533447 9988350111
445 10069846346 10050787485
446 10118182086 9970322800
447 10151922466 9960849010
448 10096136986 10096737512
449 10095287361 10196506117
450 9950160255 10074230853
451 9937355086 9984685858
452 10084830816 10000961558
453 10026794458 10106343660
454 10090115390 10001051016
455 9988714456 10003308464
456 10095287361 10098044503
457 10065928257 9970322800
458 10008603196 10013849666
459 10208013409 9993773469
460 10024624138 10000953418
461 10047885522 9995487590
462 10144913803 9970322800
463 10052764633 9986287269
464 10097591214 10070514499
465 10095327420 10040880447
466 10056076832 9905244323
467 10026089401 10030616902
468 9868593961 10188148283
469 10011558725 9990222056
470 10101705286 10043654207
471 9956955241 10101857497
472 10110137433 9970322800
473 10095287361 9905244323
474 10074258573 9970322800
475 10077428732 9990478740
476 10047901217 10090119646
477 9945772085 10123563598
478 10032953155 9970322800
479 10055783278 10023119442
480 9975632570 9972670352
481 9998665711 10110719916
482 10095287361 9990222056
483 10095287361 9970322800
484 10072004896 10106623655
485 10118182086 10077365759
486 9993112944 9958152569
487 10034821747 10005076594
488 10093675258 10045514369
489 10065159038 9905244323
490 9976534903 9905244323
491 9933623836 10024326761
492 10118182086 10084440416
493 10035383260 9994277866
494 10067993836 9901985704
495 10092771136 9903573163
496 9950488653 10173432271
497 10065206219 10013598445
498 10072004896 9999806930
499 10082835612 10007569404
500 10082498642 10007823960
501 10098417501 9873944876
502 10042189027 9993062271
503 10101064908 10028284126
504 10153966256 10148664153
505 9999074180 9990222056
506 10095287361 10065170050
507 10067688328 10053785295
508 10052212004 9992362861
509 9929962238 10027937271
510 10065067655 9901063264
511 10029758175 9991094961
512 10041180626 9992723158
513 10023578467 10101770368
514 9977837503 10030490558
515 10067261830 9923804351
516 10041294155 10109244182
517 9989392772 10000657432
518 9879818831 10090549230
519 9983899027 9905244323
520 10095287361 10081100338
521 10037960055 10001687777
522 10041298894 10093777735
523 10078528894 10006284790
524 10049694945 9989965884
525 10095287361 9970322800
526 10023502206 10101554992
527 10123540308 9938818748
528 10065212264 10140309227
529 10031528511 10113819226
530 10089966532 10069781857
531 9999485680 10025618124
532 9960202027 10098329333
533 10068912993 9999806930
534 10095287361 9970322800
535 10055548357 10054024922
536 10034706464 10088805684
537 10041457321 10091646861
538 10054586370 9975158591
539 9982595545 9967095377
540 9935715869 9987189357
541 10058114914 10037643050
542 10012355232 10110057423
543 10172208908 9999806930
544 10074402004 10065677420
545 10029707901 9999147039
546 10025490225 9990806259
547 10023482484 9905244323
548 10070437779 9905244323
549 10095287361 10116803132
550 9958703017 10074626692
551 10033734646 10088806222
552 10035510708 10090442239
553 10093289365 9990222056
554 9983127876 10110928046
555 10017596544 10110963031
556 10037074610 9970322800
557 10090590302 10036987218
558 10098885104 10048688405
559 9980702946 10112755862
560 10024928171 10101281253
561 10026531035 10012520157
562 10095287361 10077365759
563 9903215253 10087941497
564 10136974633 10115043582
565 10059319729 10027042364
566 10090801455 9970322800
567 9971688276 10030177492
568 10127044052 10018138513
569 10074124477 10077365759
570 9927148358 9956190315
571 9983942879 10109304343
572 9984703824 9970322800
573 9931218494 9992416308
574 9989595806 9905244323
575 9931262549 9970514694
576 10051908411 9973898947
577 10093704479 9905244323
578 9967598092 10024898947
579 10071212690 9905244323
580 10017108651 9990222056
581 10023735670 10102214334
582 10095287361 9998862297
583 10056798695 10080120266
584 9957026547 10034039244
585 9980825056 9990011632
586 10118182086 10077365759
587 9970636815 10028035490
588 10097597215 10044574012
589 10073882772 9970322800
590 10045505888 10019475879
591 9987358327 10110005515
592 9928798466 10082368380
593 10070874379 10066235068
594 10152502194 10103491959
595 10005981158 10027115132
596 10033122106 10128723229
597 10089048922 10093255894
598 10069168320 9997191548
599 9973713811 9970322800
600 9973230862 9999806930
601 9966729065 10040519387
602 10132392857 10124418255
603 10069405648 10010492539
604 10023275125 10100913678
605 10095287361 10085564938
606 10095287361 10065004363
607 10042496581 9905244323
608 9977458030 10111153227
609 9885064550 9970322800
610 9798414254 9993070497
611 9796242114 9905244323
612 10071758915 10084889927
613 10076285603 9989222084
614 10073328792 10095293134
615 9975632570 9972670352
616 10055550738 10093153864
617 9966122750 10043969086
618 10038482832 9997246844
619 9970233909 9970322800
620 10032652190 10105614504
621 10042900744 9992056873
622 10126616005 9905244323
623 10054936891 10083545680
624 9989122657 10008942534
625 10095287361 10008608448
626 10025497109 10026517277
627 10028291209 9970322800
628 10033642665 10092525357
629 10098573935 9990222056
630 10001797319 9905244323
631 9967729378 10036418375
632 9921852226 10148031125
633 10095287361 10065376707
634 10133125509 10008621507
635 9995982328 10025608450
636 10056198169 9943722921
637 10030481735 9992893396
638 10095287361 9999806930
639 10091353514 10095445144
640 10095287361 10069189049
641 9931248293 9905244323
642 10061220243 9970322800
643 10026277043 10104509478
644 10026973622 10022756272
645 10058053482 10015134414
646 10035670714 9905244323
647 9944381932 10125977469
648 9983304204 9988028993
649 10083852002 9970322800
650 9937663688 10029372414
651 10095287361 10063643650
652 9985080443 9993045392
653 10042399288 9992843646
654 9973230862 9970322800
655 10055812385 10100938727
656 10054597953 9970322800
657 10076595271 10094038317
658 10095287361 10025493149
659 10026340742 10022464851
660 9927347721 10045317357
661 10095287361 9970322800
662 9917863481 10201392528
663 9902103576 10005530161
664 10095287361 10109855664
665 10095287361 9990222056
666 10021345717 10000209733
667 10082978380 10088831865
668 10041076561 10023449511
669 10062800773 9970322800
670 9994471064 10017985605
671 9948721002 10015292410
672 10032264180 9970322800
673 10087651922 10000662886
674 9959711667 9990222056
675 10052512351 10082906124
676 9943722445 10189434134
677 10043255544 10092632230
678 10037810322 10002299693
679 10033991553 10009594087
680 10083312038 10049449667
681 10063325057 10107957335
682 10128023884 10134754878
683 10100166628 10148416672
684 10039261808 10013435756
685 9930049988 10080800959
686 9863358267 9978352472
687 10095287361 10125296005
688 9984964417 10088449592
689 9812869434 10024359014
690 10072004896 10083100351
691 10095287361 9990222056
692 10058256268 9905244323
693 9890966099 10062510700
694 9984750705 10107694940
695 10095287361 9905244323
696 10034644308 9905244323
697 10050381118 10087638176
698 9973230862 10002208757
699 10092730551 10077365759
700 9947466719 10112119516
701 10072004896 10148149173
702 10056508148 10086033553
703 10028275734 10100034821
704 10092491890 10083095712
705 10006614542 9985618281
706 10009427047 10127229284
707 10046911389 9983854341
708 9851752154 10114937461
709 10103017166 10113098556
710 10024542149 10040552829
711 10091701495 10075315311
712 10143073288 9958256662
713 10048453104 9980782835
714 9986986978 9991895827
715 10095287361 9999806930
716 10118182086 10121532230
717 10035418029 10003420844
718 10050125870 10075340042
719 10129053543 10150848437
720 9975585455 10125954552
721 10024248865 10021075396
722 10023825789 10098856059
723 10073447743 9905244323
724 10022813329 9970322800
725 9958741847 10105543116
726 10023653868 10030477463
727 10140616579 10109991095
728 10078595775 10066953833
729 10087924337 10077365759
730 10101416040 10093827154
731 10118182086 10076949859
732 10078429190 10071182771
733 10025038487 9905244323
734 9965858962 10064587457
735 10073813852 9990222056
736 10075130957 10049604251
737 10086619280 10042001152
738 10085196855 10118617995
739 9942920454 9990222056
740 10142395711 9972276850
741 10095287361 10100640157
742 10024173879 9970322800
743 10029547598 10102262461
744 10025143094 10027222569
745 10072004896 10094796247
746 10049290701 10055389934
747 9932927683 9990222056
748 10072112648 9905244323
749 9973230862 10008565923
750 10216505908 9970322800
751 10075843397 10105922456
752 10018421939 10033111691
753 10035615866 10087782737
754 10127981949 9938561651
755 10035021156 9905244323
756 10024162309 10100770946
757 10072004896 10098489903
758 10098795690 9978699259
759 10088616620 9970322800
760 9950801360 10051230714
761 9971826715 10040438784
762 10095287361 9970322800
763 10149846779 10071301621
764 10095287361 9905244323
765 9917113208 9970322800
766 10122547658 9855041328
767 10029496990 9927454071
768 9865441072 9977821719
769 9921257208 9980532861
770 10116383719 10042293167
771 10072488933 10050322380
772 10046568247 9990095518
773 10101741010 9970322800
774 10071302295 10083420409
775 10142681637 9970322800
776 10171571384 10013659802
777 10082572777 10061578008
778 10092868668 9970322800
779 10055143303 10023774389
780 10095287361 9905244323
781 10096831772 10044745396
782 9965248414 9970322800
783 10022900205 10099854839
784 9931655480 9905244323
785 10045257020 10119549708
786 10061001865 10013317946
787 10072004896 10102398472
788 9999475246 9953580477
789 10067279577 10011159563
790 10079343084 9905244323
791 10095287361 10080557995
792 10028237703 10021057285
793 10073382584 9922903632
794 10072004896 9990222056
795 10089217300 9990222056
796 9986537228 10104135711
797 10095287361 10104821293
798 9924612527 9990222056
799 10025787713 9923153651
800 10042590048 10061333029
801 10046455195 10024856024
802 10036034351 10089361779
803 10118182086 9970322800
804 9936000810 10125298106
805 10049350148 10005140340
806 10083655361 9905244323
807 10126616603 10008953632
808 10091120350 9994627656
809 10069447465 9905244323
810 10080043512 10093849182
811 10038951341 9905244323
812 10054046398 9916773964
813 10012305635 9905244323
814 10117487116 10126180548
815 10069856560 10174286519
816 9972942558 10030044567
817 10144064323 9945275658
818 10045667388 10088838667
819 10023189044 10100670571
820 10070805136 9970322800
821 10095287361 10069010882
822 9973230862 10006902478
823 10077915026 10081096950
824 10072004896 10087285742
825 10078397132 10066634649
826 10072011679 10050306063
827 10072004896 10086305239
828 10008751403 9958827183
829 10095287361 10098507312
830 9980214577 10116454892
831 10071278234 10013151480
832 9961928793 10030387811
833 10001591977 10005092866
834 9996533502 10007213581
835 10123406779 10064599080
836 9980784462 10115596749
837 10039969295 9905244323
838 10023781379 10029935467
839 9949124394 10045440106
840 9965680086 10048863655
841 10095287361 10100572287
842 10028226756 10114897925
843 10068472941 10051094994
844 10097153767 9905244323
845 10100749175 10099230986
846 10040704749 9996219617
847 9984266171 9990745752
848 10100738322 9970322800
849 10074429436 9905244323
850 9858636558 10016530196
851 10095287361 9997406677
852 10196191973 10055646558
853 10043501822 10011434979
854 10051759340 9970322800
855 10095287361 10087489558
856 10095287361 9989541289
857 10023728629 10030040558
858 10164483179 9970322800
859 10076410122 10014151044
860 10036238029 10024647125
861 10027161232 10026217930
862 9993865201 10017855046
863 9976206479 10035618645
864 10028645704 10102159797
865 10006204677 9948192491
866 10024228746 10099998480
867 10005974486 9990222056
868 9974270308 10117727492
869 10039322744 9996773563
870 9954770341 9970322800
871 10042110222 10038253170
872 9946891492 9970322800
873 9966600177 10022220220
874 10072004896 10112595736
875 9992393996 9963990496
876 10037642205 10034764177
877 10069357579 9990698334
878 10099002496 10090123735
879 10125678358 10023673874
880 10030870383 9928238584
881 10028178501 9905244323
882 10047248854 10091171989
883 10045233535 10009173043
884 10077442379 9990222056
885 10084364933 9970322800
886 10075565779 9970322800
887 10017133807 10020370137
888 10095287361 9991030252
889 10087475752 10082342040
890 10072004896 10116781608
891 9945739907 10048101111
892 10026807110 10103592231
893 10023056364 10001383676
894 10079766954 10085119716
895 9992798700 10014843065
896 9983920383 9989769186
897 10070870806 10053502021
898 9973778757 10102244597
899 10121237472 9905244323
900 10039223990 9999169683
901 10025936836 10105632849
902 10060395368 10025175548
903 9974519991 9963220879
904 10094549059 9905244323
905 9917835037 10087683232
906 9934900289 9990222056
907 10092856225 10068221745
908 10123640780 10183366231
909 9981489886 9970322800
910 10025185537 10015855222
911 10076252291 9905244323
912 10076404493 10048345227
913 10051919664 10085250844
914 9938083807 10129270307
915 10045391421 9986882522
916 10044367896 9984734784
917 10108995522 10042021909
918 10094042761 10045369861
919 10124601132 9970322800
920 10090576124 9970322800
921 10072004896 9990222056
922 10026037540 9970322800
923 10065939556 10013260611
924 10095287361 9953283756
925 10119469801 10116126555
926 10096221538 10044015530
927 10083848835 10048584929
928 10120987150 9970322800
929 10047651327 10018614940
930 9958275268 9970322800
931 10092337153 9970322800
932 10089588740 10041837103
933 9973230862 9905244323
934 10041508664 9893315781
935 10018946902 9930795813
936 10078556395 9905244323
937 10118182086 9905244323
938 10029857860 9970322800
939 10032908212 9997240853
940 10026643475 10027713526
941 9930426352 9990222056
942 10012162247 9990222056
943 10030968871 9990506711
944 10109969058 10064934845
945 10076696620 10059629530
946 10066454429 10013535187
947 10039863359 9998610393
948 9930681051 10036476575
949 10011780248 9905244323
950 9941369365 10002186592
951 10095938700 10042281866
952 10072004896 9970322800
953 10095287361 9970322800
954 10082646041 10085058045
955 10025623585 10107546129
956 10052933344 10062124616
957 10118182086 10015161182
958 9875819008 10075282068
959 10133626904 10116106564
960 10076855165 10162257436
961 10023592798 9999667442
962 10096888617 10005642782
963 10021531246 9905244323
964 10030802724 10122172898
965 10010430420 10025734077
966 10118182086 10016018601
967 10095287361 9905244323
968 9921699539 9905244323
969 10026893028 10023736236
970 10118182086 10016501755
971 10095287361 10112439619
972 10028910471 10019716953
973 10013492029 9970322800
974 10039862723 9997897158
975 9992197428 9993359359
976 10093005226 10083780604
977 10057609277 10080803102
978 10096321516 10044859643
979 9995798903 10020969460
980 10076017124 9905244323
981 10032554424 9995496869
982 9975508204 10034351310
983 10092089858 10041020889
984 10030065224 10011292728
985 9936601120 9970322800
986 9959064546 9970322800
987 9883686623 10088152369
988 9982702879 10111086615
989 10071716848 9970322800
990 10024145132 10111194402
991 10044826736 10122380490
992 9878751023 9905244323
993 9963609850 10043587098
994 10037380481 10002842442
995 10023154118 10100571933
996 9961309717 10044427706
997 10068900687 10050999220
998 10072004896 10092882323
999 10045663866 9986339739
1000 10094986098 10052267043
1001 9884158379 10090491902
1002 10042863281 9990499738
1003 10095287361 10007161748
1004 9988602366 10105317323
1005 10044290740 9905244323
1006 10043690487 9990271235
1007 9948726555 10125417973
1008 10076200380 9905244323
1009 10095287361 10124487568
1010 10031279732 10014996755
1011 10022915730 10031104841
1012 10095287361 10006152457
1013 9981427004 9970322800
1014 9988050407 10108318198
1015 10052189216 9973339509
1016 10079675883 10041829734
1017 9973230862 10033894841
1018 10045411932 10011907185
1019 10040822789 10070835542
1020 10076144887 9905244323
1021 10091387461 9970322800
1022 10026293607 10022584401
1023 10072983633 9970322800
1024 9979714415 9987710902
1025 10095014947 10038702473
1026 9978439827 10034423047
1027 9957263661 10039963244
1028 10129378380 10004557982
1029 10038303143 10001004254
1030 10154555252 9990222056
1031 9930676739 10054570948
1032 10200724761 9991547735
1033 9985134776 10106929768
1034 10076100906 10060879673
1035 10095287361 9999806930
1036 9973230862 10018516266
1037 9956238408 10022598061
1038 10097859907 10044515195
1039 10033958056 10018036645
1040 10127070476 10096556404
1041 10075904964 10077365759
1042 10095287361 9970322800
1043 10091583922 9970322800
1044 10090318810 10028392976
1045 10058498691 10084204090
1046 10013731945 10031046539
1047 10069148908 9938872697
1048 9986004608 9993710876
1049 10022879000 10000042562
1050 10095287361 9970322800
1051 9992735466 9962193004
1052 10040679051 10094075385
1053 10087143261 10073961170
1054 9979022287 9905244323
1055 9973948419 10034611207
1056 9973230862 10023509936
1057 10029655366 10018232923
1058 10093602804 9905244323
1059 10071953756 9915259660
1060 10095287361 10100214717
1061 9974118151 10074902934
1062 9976746521 10123641401
1063 10012083512 9931190735
1064 10049135898 10063288585
1065 10034648576 9905244323
1066 10095287361 10077289853
1067 10072004896 9905244323
1068 10032179945 10092102726
1069 10095287361 10022230285
1070 10073674385 10046526956
1071 9832303142 10135198833
1072 10047794575 9996288947
1073 10095967486 10040500944
1074 10039115398 10101629339
1075 9942447908 9992416308
1076 10088039463 10092254475
1077 9943998101 9923230566
1078 10025622434 9970322800
1079 10118326438 10039932699
1080 9963110126 10009804954
1081 9882675673 10040292539
1082 10142452434 10000095103
1083 10017289293 9959176823
1084 10071281070 9970322800
1085 10039351984 10093931481
1086 9929544972 9970322800
1087 9947463939 9970322800
1088 10082613081 10015140680
1089 10095287361 9970322800
1090 9988339719 10105263501
1091 10094668414 9889188716
1092 9931187490 9970322800
1093 9998526784 10017668311
1094 10043076957 10052277583
1095 10071202974 10050483734
1096 10061009076 10142975259
1097 9973230862 10018454605
1098 10025541870 10100082117
1099 10011092808 10116504844
1100 9963130025 10105242557
1101 10095452776 10035124422
1102 9977149556 10122838447
1103 9983251034 9991017142
1104 9984298980 10108594896
1105 10128455516 9938843283
1106 10076935504 10060626866
1107 9985263675 9970322800
1108 10042348441 9932628524
1109 10034326283 10008084182
1110 10125795731 9970322800
1111 10073977524 9905244323
1112 9901101978 10034043757
1113 10059173077 10059799095
1114 10026626705 10024418054
1115 10073360853 10054342875
1116 10065217283 9905244323
1117 10036775582 9990606335
1118 10099761373 9990222056
1119 9941861412 9905244323
1120 10055247991 9905244323
1121 10037876415 10114437612
1122 9975736421 10034844198
1123 10073834837 9957416885
1124 9962369287 10060228959
1125 10045547032 10084167317
1126 10095287361 10080239554
1127 10024719013 10028067451
1128 9981175455 10109001747
1129 10003684322 9958521871
1130 9872068873 10024585472
1131 10021705120 10034071926
1132 10071451614 10077760349
1133 9947541487 10112689356
1134 10074404211 10050499192
1135 10046722050 10097838457
1136 10038141708 9970322800
1137 10041210294 9970322800
1138 10078959364 10063181696
1139 10034827159 10004883258
1140 10081389252 10103241022
1141 9930263788 10130700593
1142 9944468559 10117472193
1143 9919291069 10120845843
1144 10048170655 9970322800
1145 10127298202 9970322800
1146 10140942859 9905244323
1147 10091791907 10045406588
1148 10095292117 10045079020
1149 9997611755 10104245734
1150 10039018118 9999579834
1151 10072794475 9970322800
1152 10170611624 9905244323
1153 10095287361 10095927951
1154 10082634231 10006251346
1155 10043931482 10056589874
1156 10025442635 9921288892
1157 10034361528 10008376341
1158 10060073148 10012089962
1159 10107416963 9905244323
1160 10095287361 9990222056
1161 10025941230 10168836663
1162 10044241154 9990131072
1163 10029389032 9905244323
1164 9984084033 10111185648
1165 10051497872 9970322800
1166 9933404831 9999082875
1167 10081320883 10048218314
1168 10072004896 9992416308
1169 10050533714 10009448213
1170 10024401672 10101061625
1171 9973464290 10031312356
1172 9973230862 9970322800
1173 10026192610 9905244323
1174 10105150088 10043109984
1175 10035588511 10017293297
1176 10005866870 10006783298
1177 10122676230 10095903985
1178 10066892424 10103364606
1179 9965864801 9970322800
1180 9973230862 9999806930
1181 10095287361 10080286201
1182 10158157406 9889929234
1183 9981686149 9987228155
1184 10099057748 9873848758
1185 10053295365 10087787828
1186 10055665659 10072629257
1187 10083892401 10081226338
1188 9954856875 10105037797
1189 10084473040 10077365759
1190 9992238097 9905244323
1191 10029431866 10103437114
1192 10081174270 10049658055
1193 9987328479 9921828274
1194 10095287361 10002512956
1195 10090351577 10031515836
1196 10026748269 10024024634
1197 10084275417 9905244323
1198 10027820103 10106206249
1199 10222204501 10037316047
1200 10080657381 9953309488
1201 10072004896 9990222056
1202 9981470906 9905244323
1203 9973230862 10022604581
1204 10065269079 9905244323
1205 10073420039 10122962353
1206 10041190750 9970322800
1207 10093500978 10045491167
1208 10068980822 9905023356
1209 10028320630 9926313594
1210 9983476766 9970322800
1211 10072004896 10003901165
1212 9960937795 10157379211
1213 10095287361 9970322800
1214 9998890411 9970322800
1215 10089206938 10047129052
1216 10086226430 10047119953
1217 10071759220 10057293527
1218 10072593713 9933186078
1219 10097210071 10044660694
1220 10136198066 10071206109
1221 10039829375 10009479961
1222 10072246775 9999806930
1223 10043684637 10074125333
1224 10052235935 10089958741
1225 9984407618 10021910796
1226 10082348650 10003086118
1227 10080743509 10083265240
1228 10066663016 10020637081
1229 10096567346 10038611056
1230 10089660148 10037268977
1231 10092072497 10082863819
1232 9970432562 10041859099
1233 10021022082 10013293875
1234 9991961449 10109906653
1235 10025624411 10101943796
1236 10095287361 9905244323
1237 10067558173 9970322800
1238 9976413622 10034687135
1239 10020960421 10035555564
1240 9982083659 9970322800
1241 10072004896 9905244323
1242 9886597335 9970322800
1243 10065023326 9905244323
1244 10039148795 9999319491
1245 10080951645 9905244323
1246 9990525851 9905244323
1247 9960841790 10075193817
1248 10103098844 10045330752
1249 10095287361 10140888628
1250 10074907878 10077365759
1251 10045414065 10091063793
1252 10037911164 9905244323
1253 10050681093 10051553475
1254 10118182086 10021571760
1255 10144410157 9960527448
1256 10087959965 10056612459
1257 10095473458 10038222228
1258 10070383904 9908979593
1259 10056059640 10083725068
1260 9960783931 10025057245
1261 9973343331 10002419957
1262 9931095626 9971930466
1263 10020205568 10137613240
1264 10083029641 10021612867
1265 10028974027 10110409703
1266 10118182086 9970322800
1267 9973230862 10022880032
1268 10096970787 10092121048
1269 9985610070 9994541150
1270 9965224974 10089004312
1271 10028423374 9999420751
1272 10095287361 9970322800
1273 10059039515 10128672886
1274 10040592141 10099948361
1275 10095287361 10020910454
1276 10113908136 10008498795
1277 9984205638 9990574795
1278 9930577862 9990222056
1279 10027451125 10019609289
1280 10067549697 9952816123
1281 10118182086 10082387736
1282 10095287361 9989741398
1283 10065073337 10078170796
1284 10023975403 10102891382
1285 10092567613 9990222056
1286 10055917581 9965911614
1287 9932115410 10022442783
1288 9928903493 9905244323
1289 9991496411 9965312727
1290 10095287361 9970322800
1291 10180821585 9970322800
1292 10073403650 10051715944
1293 10022570173 10100750477
1294 10087741494 10000383303
1295 10027426386 10102866329
1296 10025334806 10000078875
1297 10085472704 10077365759
1298 9920041563 9970322800
1299 10036490387 9905244323
1300 9930964344 10026458362
1301 10030982867 9970322800
1302 9936585363 9985860390
1303 10095287361 10065347510
1304 10057863459 9905244323
1305 10044501321 9988655837
1306 10024447533 10020019854
1307 9982147129 10125330625
1308 10087367500 9905244323
1309 10095287361 10028175976
1310 10068464552 9987539294
1311 10195289773 10053421302
1312 9996062018 9966347768
1313 10060832002 9994751960
1314 10084441725 9999431071
1315 9871105150 9992416308
1316 9974945567 9951838535
1317 10093735629 9905244323
1318 9987320102 10102576018
1319 9907345157 10041863286
1320 10119926277 9963322299
1321 9937856271 9989193153
1322 10024730144 10098705512
1323 9981001340 9981525311
1324 10003911457 10029780431
1325 10012149586 9999806930
1326 10082558100 10047941299
1327 10073074085 10146689822
1328 9937842403 9985749140
1329 10043050269 9991546719
1330 10023031032 10106975008
1331 10095287361 10131149911
EOF