NAME : 1351
COMMENT : tspgen
TYPE : TSP
DIMENSION : 1351
EDGE_WEIGHT_TYPE : EUC_2D
NODE_COORD_SECTION
1 -792951797 4805133364
2 -7768740407 8479165733
3 10001785537 6817596867
4 10735829741 6896808996
5 9865717440 434857015
6 8531137370 6586696509
7 9185076306 6614815981
8 -2658851831 1341723853
9 -7279157402 10182385636
10 9137351292 3628129664
11 8661941044 5000127567
12 5289998049 -6509484932
13 9714232810 6629479839
14 5865415422 -25296113
15 9450388211 9645125895
16 3737950318 736130495
17 10000000000 2612547705
18 10041728989 -394137928
19 7248704045 8654238782
20 8895711433 1598573651
21 6844694715 -1544364210
22 8431381708 -6509484932
23 -7768740407 7673718252
24 3865984935 5868701893
25 -4307070952 -2329979198
26 1219223052 -447576860
27 -7768740407 8654238782
28 7735372136 9705052154
29 2602818304 -13184650855
30 8891520127 3746838641
31 0 8346420744
32 6423127990 -5900082159
33 8203679802 26900833404
34 9982108443 -4054472684
35 2785580170 -3230715582
36 7560709213 6270276642
37 1786658077 10959061016
38 231407805 8909675928
39 3397162226 10443230297
40 11473345783 3854160692
41 120318681 -827664123
42 326092162 10000000000
43 9465864335 4914487639
44 45298661 6288044856
45 13054468349 3669162927
46 10385664260 -233423667
47 5723557458 -1248939655
48 -3083170427 3001739175
49 4044090708 14864273814
50 6500679895 10000000000
51 -7758597324 2174779621
52 7139503960 -6509484932
53 -7471641686 2132319367
54 8793184719 6388462074
55 8243975355 1043904239
56 7479924463 13503477701
57 10126665672 4766736884
58 5866975439 -172969002
59 5043574924 -526528325
60 8958655989 1409479926
61 6122349182 -116741107
62 7000446851 6099082799
63 -395455307 9938488134
64 7509894931 7161884515
65 263989217 -444749433
66 -700921194 -908965945
67 10930958596 -6509484932
68 9048493480 1569420741
69 3601008110 708337127
70 7823620806 108198213
71 478314650 8745318590
72 86867803 9954353137
73 3796647272 8248935785
74 7440597441 7942666577
75 5471834877 -159164433
76 -7396838089 2757753708
77 5404561634 6999791614
78 -2219793909 -1586185300
79 8930544407 145680652
80 0 10000000000
81 12121961914 -6509484932
82 2841568248 6593434821
83 1696934910 997560591
84 -1750956323 5455980238
85 7199672909 7679402226
86 8028948770 7168196458
87 5899217057 11893457569
88 9470361868 6565664247
89 3773411181 0
90 12035102246 37987780579
91 30687974665 -27953818421
92 -7337068725 2167534112
93 18661537688 -1870039531
94 9155464751 689123388
95 280443355 7801428519
96 5324440565 -1691983342
97 14148873651 2004932635
98 9291454829 3631423456
99 9600790806 234683891
100 631920984 8989562400
101 11267044123 -802489644
102 6933323703 13685942282
103 2784058256 6493748988
104 6813447066 6323695718
105 -1188390394 7383140214
106 392930444 8866892139
107 -1121826479 6629776223
108 1022707865 5130613828
109 4614663537 0
110 -1139091779 8368332270
111 3236124825 -12620145423
112 5192284004 10668084252
113 -4675315768 -3469228185
114 -597238930 -1413876405
115 1920793081 -2178892743
116 3630804322 704722905
117 5482462869 6395864911
118 8199897972 1070192498
119 5222252512 -1900822438
120 -7804512248 2045214556
121 10622884900 20081300120
122 8149497277 6220023411
123 3247397489 5547544504
124 -7768740407 -11798107424
125 7855244681 15283968236
126 9927769567 6456487408
127 8469955015 27671351210
128 1473930287 -3049052048
129 6049283524 11019711060
130 4849716937 6165025750
131 -2818102956 7508990
132 127673017 7889351202
133 -4696885715 3480577497
134 1193470691 10368550461
135 9103808402 601377618
136 7910128526 6983313338
137 10228092124 32758854231
138 -3828579742 3085627514
139 9468532069 930948773
140 -1105825348 9125881056
141 5054999545 10430120117
142 4062678936 -1718201705
143 2633785153 4704708556
144 5501534893 11204129054
145 7143115107 8654238782
146 7642540605 9427395325
147 939324173 -478746167
148 6629599853 10297645145
149 4432873320 15989290006
150 10101323364 3305876124
151 4322684165 15670436796
152 11425492725 -6509484932
153 10599725486 20041156393
154 12538514791 6463361207
155 8403668887 1385842529
156 8194160122 1073614617
157 6216528703 6780766580
158 3540881883 0
159 9059944865 6458267261
160 7243599246 14223763183
161 2489734480 -221503096
162 -7768740407 8654238782
163 15841626700 2448617280
164 10843465196 2453709380
165 6477683119 7791081071
166 7230921005 7681342916
167 -7280062402 2616480900
168 4640671970 9711939021
169 9480951535 6568435327
170 6006540948 7147949368
171 1979036380 -462559377
172 506432239 7318692739
173 504690458 -4056470459
174 9529046349 18185278188
175 -4180534362 -3310135417
176 6587457491 11019711060
177 7158375389 9833986673
178 2927146371 11632183632
179 -3096250833 2095888803
180 -495960687 9577131520
181 9599561596 -7130304157
182 9585431907 241770658
183 -1376579901 13420293112
184 3099573770 7485952653
185 371812 6999530633
186 16745018058 30693194106
187 3092534608 6252183943
188 766165483 -892223176
189 -7298080314 9399110562
190 10000000000 4027562447
191 7036626012 0
192 5677905133 6761214689
193 7084988961 -5891429071
194 3380900748 155849798
195 2508605021 11484813470
196 3220762146 5392437899
197 11722059972 7154883475
198 9043734235 171460093
199 7135362600 6622879585
200 -750968262 8096040388
201 1636624571 5618323592
202 7663110993 5589055197
203 8204198120 11019711060
204 7087175542 -2049292453
205 10039931887 -1011863260
206 9023870010 911741004
207 7468625527 5879128621
208 7037486947 -6282603009
209 69360817 11019711060
210 4559162876 -275117602
211 5341414080 -46518175
212 18021991141 2093085509
213 3253770565 5702717779
214 -7768740407 6256729043
215 51666562 11019711060
216 8166003586 1090407499
217 3568641252 5518809185
218 1534263333 5546066688
219 7673436930 297846433
220 5642737212 -104305370
221 6269834025 21304884042
222 3146817846 5360325778
223 7279419064 7407819969
224 6317206106 7254009695
225 -3777868421 -2524946346
226 6574893187 8654238782
227 -7886233715 10822710655
228 7844671494 6140257295
229 -7912533652 1726182124
230 -7552803217 2185300735
231 -503241693 8184030490
232 -7190719528 2205830437
233 12133294267 2816722993
234 4836331946 0
235 6426173086 6945948671
236 9381385601 365539680
237 -5794348463 9148081387
238 9796778112 12882561253
239 6887169010 8433203054
240 129256592 2383607103
241 13221145879 2651155799
242 -9223729748 11169408807
243 4345558159 -751508451
244 -7824171777 -11894190245
245 -2515630040 2463447630
246 5664557569 -26261076
247 5621222707 6803340565
248 876027503 6127184410
249 9539633765 8773025215
250 -473429460 8139972503
251 281329177 10370809456
252 53268993 8331865727
253 6616731956 -1535763861
254 484685631 -2371245041
255 6704046761 13288521557
256 5157798597 10608308441
257 -7768740407 7568274239
258 2539602546 2310092783
259 8002236709 5393582476
260 5292135048 6290781195
261 -7863617916 345039351
262 4098475829 -2561310983
263 8182133001 6118973650
264 -596606261 3948070343
265 2969434414 4864516366
266 9044003271 -4573401346
267 7923412217 5495369704
268 -7768740407 -11798107424
269 -1544979495 -9258928569
270 7385552409 5986737571
271 4736091507 -366937902
272 6291439617 -201166538
273 8287306488 1018061053
274 522808166 8857108372
275 5035007015 -2392201824
276 -8190104575 1944313635
277 0 9997103312
278 -7768740407 7364632574
279 353616083 3777201620
280 458776366 8654238782
281 6499464781 12933906225
282 8030204670 -3390148725
283 -7768740407 6157598643
284 8055430833 -92139516
285 11529843028 21653389987
286 7190960096 0
287 3202028529 -1689546075
288 15134610903 2390112129
289 14907726417 -4187522209
290 -3209490703 8991673490
291 181466501 10000000000
292 7699459268 0
293 9399166398 9412903485
294 13260892899 -6509484932
295 13337817446 -1994121796
296 8934428016 5505967147
297 7357520715 6329445613
298 -477133742 2851626348
299 4585927894 0
300 3416042619 -4918350083
301 3667900205 8025770070
302 619422474 10470143120
303 -100194758 8654238782
304 9578424792 3112809215
305 -8155905841 -12469206605
306 8389094910 744834761
307 -96582466 8900649066
308 2634017607 2418504302
309 3430752402 7614706266
310 99852151 5349571649
311 5792430745 -2349034152
312 -9150562511 11191556250
313 7677480759 6350125065
314 -2586884628 -6885724892
315 7511906852 0
316 887544608 -6509484932
317 -7569435140 10443908657
318 2168585593 1730877773
319 7445114825 -6509484932
320 6360747597 25102119
321 9884485020 2262897371
322 7152179949 7528921328
323 4886771320 -558738361
324 884340412 -2934236157
325 -7768740407 7941071552
326 9623149900 -174588266
327 1964692706 0
328 12493012494 11019711060
329 1659822354 4810906247
330 2936263941 -3396072996
331 10697328398 12331108728
332 7590393930 6073718521
333 6025554945 11019711060
334 3132163784 7097143078
335 11221677420 -4264662270
336 -7461544607 2134961547
337 5155948826 10605102110
338 9391067915 1353700870
339 3797048593 -2844994836
340 6402479958 787199
341 10494250919 33529035160
342 -7768740407 6242826790
343 11173045061 3949795608
344 -7768740407 8654238782
345 0 11019711060
346 3945529663 5826853030
347 14598728719 2988396530
348 9867165892 1532749163
349 5988655329 12048486778
350 11565275626 21714807628
351 8542193420 16474701434
352 5406915259 -1567084718
353 6694249056 43656930
354 3978505242 6547936634
355 -7798769106 2023267168
356 8060491613 9145942714
357 7184091066 7748106883
358 851700586 10028181282
359 2033152541 6452675405
360 2792838060 4743878881
361 9889307960 1595309214
362 6950147184 -6905320562
363 7705461841 6433577675
364 245560917 9414938598
365 232509832 0
366 6473191224 8654238782
367 1769281626 -795166752
368 798990597 11019711060
369 7719438372 11019711060
370 6727317962 13328859053
371 9168377814 2726211708
372 2226606072 3116495276
373 6224954689 -7062011839
374 503232010 11019711060
375 1080978245 -6509484932
376 0 8838051097
377 6007773171 7687569025
378 1408152605 4821516259
379 12417649682 -5720078948
380 2515953697 4392804857
381 8461686388 16335153327
382 -7768740407 -11798107424
383 7409363731 6470716929
384 10491762810 1606841232
385 6529608429 -153501505
386 7788501228 5858005280
387 3436626319 6069343251
388 5319729835 10888994451
389 7238342534 6485162862
390 8518498903 9921037033
391 3331793133 -2555827789
392 9223770969 6501136902
393 2588674009 4671185475
394 19741000420 -14632097346
395 10279459678 5219046340
396 2042986214 0
397 0 10000000000
398 141174056 9422612546
399 7951201973 11019711060
400 10498575107 19865825822
401 12604474319 -5299725962
402 10149818803 7666438224
403 2647434664 -3686538191
404 8310215762 5699226340
405 2539483065 4710474168
406 6430854987 10365804873
407 7606158900 8751271461
408 2514687021 4745519104
409 1698291876 -13990911435
410 1940791262 910614028
411 7449920845 6722294636
412 4957959740 -645235357
413 1026063080 10739239234
414 8524214180 1075049432
415 9998971388 6614321449
416 13079960867 6660985366
417 13888335392 8351205070
418 8603220258 5837507091
419 10157017550 8037282604
420 1856582521 11035801068
421 7441088816 14566084776
422 3152395269 5000953919
423 10882400080 3977566933
424 9090855795 5062287970
425 -1218071312 3768739410
426 6821583530 8654238782
427 3588631328 -580981348
428 3667794305 36019433
429 8304283701 403591359
430 5328156182 -1565081609
431 107098774 11019711060
432 3031210867 -184128096
433 9548072719 -5282423005
434 1707084247 6068765814
435 3719690737 0
436 1887532174 8780646810
437 8535753716 9668987886
438 874963915 -1413501101
439 3650703208 13725932509
440 2031691123 16689994772
441 -7768740407 7447207183
442 10000000000 2937214506
443 11891811349 7199303629
444 5119571361 -6235588413
445 1361003381 0
446 15322720602 854751763
447 6179642488 -2721532120
448 -1107827297 -6029359207
449 14540074316 4610071427
450 -7615584241 2829914431
451 3102014777 -1993141661
452 -7768740407 7168021441
453 -7768740407 8654238782
454 5448093974 0
455 475268171 -6509484932
456 189414604 5906910572
457 -3003332280 -3537913707
458 4095035019 15011690835
459 13109717602 7921323938
460 1778457096 1733379944
461 -785168031 -3235844201
462 11577071265 7116943161
463 4577160983 -892014835
464 10370937208 59907350
465 10000000000 3891593323
466 8552102886 1031631472
467 -779155878 8654238782
468 8142810636 26724696933
469 6904257753 148432262
470 6524938039 8700613052
471 -8294808254 1916915015
472 6501286856 -372545219
473 9843744609 1404831325
474 2773751858 5500855729
475 9639400565 11019711060
476 5747671627 11630773960
477 2064586215 4803592521
478 8260545048 975912394
479 -150925425 7472466191
480 1498231704 11019711060
481 4927050627 -4090825121
482 -7667049716 3524859990
483 11425492725 9949182029
484 9331978917 7502152472
485 6487799587 8654238782
486 11377511778 7092178168
487 9057982668 730302840
488 4468448640 0
489 8745529803 1870279146
490 6572013755 -50238638
491 6772225779 6745360953
492 5683904239 -2153468295
493 1510176732 8333169015
494 9419813302 6300539949
495 8455311561 4698202115
496 9487127298 3792504217
497 8190352998 9045281880
498 -3202667871 -10542150304
499 9314458155 209514320
500 0 1934245176
501 3434751011 5914766272
502 -7768740407 -8392951652
503 4740037211 6755495690
504 8179539240 1082334680
505 -1244407928 105612801
506 7516868226 7862703133
507 -642530959 8679234178
508 13660971596 -7233116923
509 8102309692 15712222185
510 11846375435 22202056320
511 -7140053118 -6749346189
512 5034159026 10393995882
513 11028997156 -617114808
514 10042688232 7389784619
515 8170442706 10032895413
516 3606827408 5481538689
517 8807033530 6849433455
518 9816174956 6085261254
519 -7768740407 8654238782
520 9616701553 4947309167
521 11689678156 3518596033
522 8582986999 5758856303
523 -1638018376 -1171325783
524 -1758376810 3627353499
525 6753481198 13374209501
526 9214091578 2402031966
527 2191330858 7022206119
528 -5841131069 -2053266343
529 10297409067 1164977454
530 -7768740407 8654238782
531 4848933418 6476801956
532 27896621912 -24556932490
533 9247773101 3119109112
534 2090043839 5337962765
535 -7586883490 3399267691
536 2908993253 4487168898
537 0 8654238782
538 6228570216 -402146730
539 -1196773683 19560402
540 7834473850 6014217505
541 5657163575 6229754300
542 419139560 6668263315
543 -7310056225 9814997713
544 5239263916 -5831288291
545 10092520180 5719193631
546 6137260842 13907900036
547 9013517603 1232970711
548 0 9905228280
549 7186025371 -1080549618
550 1370237735 -1861269254
551 9615041276 6315773745
552 -645399268 5731432308
553 858163334 6811554805
554 7846053694 7618684504
555 10705885260 2909639902
556 125904351 9170940327
557 2587214422 5961272669
558 11161663998 7984869221
559 7099285787 13973615221
560 8385343498 699961300
561 7243410325 0
562 10831913058 -6962749371
563 7994576851 15525481803
564 9172027478 2633466142
565 11366820462 5414211897
566 15585680616 496790707
567 0 10000000000
568 9518923114 80393884
569 6480773080 7605521803
570 -3108145758 11440833745
571 14171815690 3374313063
572 6618998280 -1008698203
573 8751979064 6377679472
574 -2579114481 -2446345186
575 1166573074 -5225257111
576 5688580683 19622917308
577 7262081676 14255799987
578 2390997916 15036308059
579 7172298330 7683747957
580 125990245 8000261406
581 6773997861 -1645417969
582 947040947 1900676272
583 9462947590 3028536537
584 9726799917 449892622
585 6979013743 7597760683
586 11038322264 12286213840
587 15018786265 4382968334
588 9295548087 983501948
589 -2352945959 -2819727018
590 9056376006 1237753192
591 -2234018350 3556563783
592 6879532203 13592701955
593 9022999145 3454609291
594 345851259 7952481478
595 376434278 5070923918
596 -268273023 -615269108
597 2385140839 6589080025
598 -7870223272 1266373901
599 -7213315937 2010267530
600 12700660679 -3313102384
601 -5082450742 3157306714
602 2864526141 5714416826
603 5010059738 6976110639
604 0 10000000000
605 -7764112029 2173608312
606 -7768740407 -11798107424
607 11288374185 -4193681745
608 -7768740407 8654238782
609 -1344175046 2288481261
610 9619399868 391885957
611 2537470714 4623958546
612 -2220319455 12258622883
613 1427105455 -566413681
614 6797776706 6269665092
615 -1487700160 12605115094
616 1909355764 -6121891044
617 -7768740407 5211444688
618 22360010014 5639194253
619 5408882441 -2122111173
620 9285651058 422636863
621 5550729871 11289401928
622 9934726727 6662423744
623 1848970071 2316040290
624 3570246469 0
625 2638709077 -1466849706
626 3307323339 -2654278112
627 12938119206 2675970850
628 0 8654238782
629 6734534572 7314827230
630 4141555988 8846788630
631 351805571 10000000000
632 1579102248 4187901387
633 7247815152 0
634 8255881363 9496557540
635 -1989360281 3566910271
636 -4878883432 1803791241
637 6677678393 68380048
638 2306738674 2679288450
639 1994716761 0
640 8967226005 4328758252
641 11425492725 21472512780
642 3000588756 1150617174
643 586165177 -423564735
644 7127699054 -596855271
645 2883767412 -8475079873
646 440177783 8714823154
647 6758731999 -1014690004
648 2532576147 -977483867
649 -3075360355 2959045218
650 5875547102 6859869594
651 -8023815682 1499523408
652 4420744774 0
653 -6917719498 9863533946
654 2629108376 6478425171
655 1650493228 11390448915
656 -7340720048 10338795906
657 3941472617 -2495332508
658 -340387233 7500804317
659 2865230522 5887881042
660 241794539 4669857322
661 4025919493 393777755
662 9998500261 -2514603
663 7282829945 6457453808
664 9886464262 6669028166
665 6213199618 -1499253578
666 9066462274 9617879325
667 14610948653 4366507851
668 13248692653 24632784511
669 -3359683425 2095935158
670 4043764073 301436889
671 14859158947 3853012951
672 -1612439174 3488415501
673 -1187205385 6381130989
674 11263578959 6637257526
675 -2950840268 -1470771563
676 9570954686 4612290072
677 -7593770065 2100361091
678 -7940026342 654568275
679 9357585797 7986523121
680 7137319543 7722030852
681 9686646551 18458456930
682 4253476099 -2286029537
683 188721024 -545072480
684 10570330141 -2371576289
685 -2188723834 4039485209
686 68723689 5811150968
687 0 8936029500
688 8965488774 7074300322
689 8218785230 6802411056
690 3911238297 537525763
691 -118539686 7618665429
692 7245729620 24128822949
693 11238016165 21147547391
694 -7433660604 2142258169
695 12102709662 -6509484932
696 8758449583 667105062
697 13359793408 41821025580
698 10029505108 -2761003660
699 8581019604 6148675707
700 117564144 9886520730
701 -7707511273 9693111629
702 564248458 4809286114
703 6108467822 -630440408
704 6102537621 -4638934843
705 10628693709 20091368909
706 15421341237 2400847065
707 521390031 5023747947
708 10450968080 -2396953436
709 -1656898428 3653908131
710 8599305059 11019711060
711 6301464774 -21004293
712 7236178173 -286195493
713 22251662723 9054097534
714 1811909979 884969977
715 2076957687 2018742714
716 11278176710 -690956284
717 6913376611 164182668
718 -2403427602 5049863597
719 1949017315 -1758749984
720 3930019977 -2016195927
721 11051013522 -6509484932
722 -7768740407 7347057007
723 13279298709 3336767918
724 11049440488 -4133192124
725 3918413920 7983549578
726 0 9667294574
727 10369720283 6523569249
728 9034089754 2633213725
729 8102797997 6645938234
730 2325800018 6707868753
731 6951744804 -1617970354
732 12462895739 2926197601
733 -1646922316 -1186759565
734 -1092343137 3505815467
735 1197162907 6722420808
736 5636428354 19472004658
737 10360717376 -935016460
738 1630519292 11209672577
739 6909704198 8844155193
740 11159458179 6466538135
741 2179775504 5089696274
742 -6275214729 -6318645651
743 925836275 -6509484932
744 9696452483 7223630588
745 7672413190 7607289873
746 4368981305 9240999814
747 148879939 10000000000
748 -403156309 5532262681
749 -3166193365 7849060157
750 2119369710 -1130761753
751 6353873449 -4283003121
752 6727808046 6244683217
753 8745057027 4351015465
754 5452648525 6370626843
755 9998823760 -1972194
756 9998500261 -2514603
757 2072558037 6233398678
758 6830852683 9543051409
759 9567638355 10882057240
760 3757323924 3104243
761 0 10000000000
762 13269766397 4405837155
763 4678988679 -4132491589
764 11146587149 -6879329165
765 -1517601104 7439172253
766 -4022258715 1442001310
767 8767153220 674189806
768 8708282352 -6509484932
769 6465940591 12196815299
770 12048605361 7104123557
771 7453952554 9707681290
772 564879185 7685942971
773 4470872700 -6509484932
774 9986215440 7063133276
775 1892545356 -501192025
776 -1549770842 7425069308
777 2915908146 11444853146
778 11122060026 6739630246
779 13142144391 5026539399
780 -830826934 3870072637
781 5091773941 60884896
782 6865246100 0
783 4865681927 0
784 -219022432 8654238782
785 1195328494 9041129585
786 8509195807 6588140195
787 4914492596 8234540715
788 4149889597 433340123
789 7510869200 8654238782
790 -92589882 8654238782
791 4117211795 5753202414
792 2583461529 4174511365
793 -1249461279 4217955630
794 136659281 9554475687
795 586739494 9065641980
796 -1493657759 13236294680
797 612999165 9499595947
798 15638574603 2932512112
799 6443759887 -1530615507
800 1595692515 -769418491
801 4143466047 -3262008427
802 174581268 1485323357
803 8153054475 8366874815
804 3133436698 5808365295
805 15039451037 27736823189
806 1963155444 4601195578
807 5199018738 -2297315140
808 11405584491 6489016115
809 8746626055 11019711060
810 6045382184 6305478125
811 2847177497 4832524454
812 3112141833 4726971954
813 9253339841 1250261947
814 7246956390 -4353541574
815 6814211547 7751137554
816 3892577553 8415218019
817 -856716861 4032554945
818 1827100988 3383174182
819 2662967086 14369337721
820 8643517834 8048487305
821 -8010480239 11168033463
822 218724945 7350948101
823 9454163254 896110086
824 6691457724 -2926506271
825 2846030533 -1589454334
826 5969832199 -924319136
827 5336998057 -141406352
828 3239852740 12537058792
829 -3779134205 -2522531600
830 178453724 8326203126
831 7367058489 9936465951
832 -3230376782 699560203
833 12029952051 8376751992
834 11425492725 11019711060
835 5121218975 0
836 6874271176 -932162929
837 -4084639503 9169587218
838 5060736755 6637507154
839 -7747045838 2480269050
840 1274326288 5447866824
841 6071921914 6425832544
842 10018606694 99116320
843 2534674079 4750749272
844 -951245344 740346675
845 5482704430 7609914928
846 4623855196 8501600013
847 2607091326 5274137544
848 307457378 6604358841
849 7740530491 185317594
850 12466838424 3526567524
851 6417087281 6830876001
852 8931860836 2545556228
853 444364920 9546735562
854 2882622844 395006560
855 1862419427 -1246843631
856 2566241818 4759009846
857 7789471461 7204338247
858 10909796183 -120502880
859 -2431468257 3451220463
860 2163980107 3762067569
861 9468094235 127377101
862 6636556545 6604343360
863 3707848261 8186505696
864 -7768740407 7334802260
865 4396562192 7332388602
866 9934520914 7720326106
867 -619394075 5232573736
868 -2232850067 -2202386473
869 9265378588 1940983914
870 6381747620 11019711060
871 673256893 1168174205
872 5222722357 18274867926
873 8221314224 0
874 10000000000 2129947967
875 3822858668 7182860642
876 8277909553 16016600914
877 9003681507 5077655284
878 8237459594 5652339028
879 8006742436 6182667649
880 674846866 5951148782
881 -1622473013 3662916495
882 3229895648 226154754
883 9250698667 7792526921
884 -1308593813 -600312633
885 9799200631 5100387239
886 0 7935251407
887 5773323046 6444302516
888 5266225195 -1073356376
889 12006720264 7229372731
890 10456951900 19793677594
891 8763383794 1246328398
892 15081434238 -2950419478
893 6840300592 11019711060
894 6147231005 0
895 7436893482 9782645881
896 -7768740407 7648920600
897 3030583047 5847735477
898 8576462996 1099465288
899 10579686619 2509466265
900 4871913486 -1266543571
901 900073589 0
902 3787554852 6021699567
903 9141099306 593117932
904 -7507392223 10438201109
905 -7486160278 -11308292798
906 4344233434 6165220639
907 13490543817 -3901184152
908 12160843027 -6509484932
909 1633674548 262436129
910 7896290950 -104544707
911 8049675372 26455192391
912 7729912007 80789292
913 6885329345 -1030869149
914 6831989274 -657622569
915 4952774503 0
916 6806133579 -2349447531
917 6121818252 -9785303953
918 7870428946 9784772391
919 7536740230 164459097
920 6817454818 -14916042
921 8222670965 5129765931
922 12720514688 3920830044
923 2970387737 11206614628
924 4342612619 -1773074786
925 7238943562 -1091397274
926 6281328476 10245968634
927 6615554763 8654238782
928 0 0
929 0 11019711060
930 3427489003 5615720558
931 8342449191 5741197101
932 4155029242 8067274221
933 3811053830 -1441324591
934 -8302817090 7370689129
935 -7394010990 -11148564406
936 18084248308 10176629162
937 10279904680 4072474839
938 8521702391 641821582
939 6036337746 -1842779636
940 14393602686 26617331984
941 -8863413937 8654238782
942 6914040253 6730343488
943 3079358041 6964606443
944 8761172004 2139576217
945 9718481500 3971010184
946 1364628204 4650294812
947 -3541432683 5840787643
948 250937703 -605612043
949 7685461949 6549984910
950 5786491586 19906241068
951 14476144820 2919008521
952 9586016701 4767228278
953 3211119909 5191878331
954 -1414095192 1399602430
955 12713193281 3165553816
956 9999295623 -1181023
957 5667476718 6838960222
958 9999030384 -1625749
959 14903001119 -2860576334
960 2810843143 -5309304620
961 10073552465 -1558938230
962 9796162848 6209297522
963 9525314334 395781390
964 9846511603 895589979
965 8519966084 1196046204
966 3523914316 -1744617873
967 -1589103459 3259509449
968 5063907611 0
969 -7021470820 -10502816154
970 9474423306 6566727035
971 9434369408 1617736118
972 6879084782 -1366795594
973 9998500261 -2514603
974 674609008 9493057861
975 14403367614 3071256078
976 -2539340353 5495557484
977 8984818578 6438608385
978 7231006262 0
979 10342755736 -4013792079
980 9995655252 7886249361
981 11865881788 4166789703
982 1561559569 67579632
983 7470702939 222880579
984 1584101510 537571477
985 -7246896838 10282838664
986 9999362370 -1069110
987 10248850028 950974371
988 2911382531 655014562
989 92602907 7485155407
990 883823125 10184353639
991 9366125725 1764192100
992 2592148370 5522241399
993 9789186784 1199095201
994 6080408062 12207527794
995 -3288665825 10179000258
996 -999001551 4537248749
997 172236844 8615271261
998 -6730405695 -7703110778
999 12801166562 23857058255
1000 3232193489 6010997463
1001 -1541534131 9871220214
1002 1357397109 4623659736
1003 4209623923 334206793
1004 -7768740407 8119025374
1005 1743017568 1805293522
1006 -1391818442 11019711060
1007 17398272709 -11781157494
1008 281917917 5950586010
1009 -7925098024 2013659945
1010 4643819587 -3470506699
1011 9394597837 -1532242841
1012 10000000000 2169536284
1013 6387402510 -1445978880
1014 9207484210 1052261730
1015 603820953 4744984074
1016 284365685 5565068289
1017 4948129892 0
1018 4626601050 -972483778
1019 8060310368 9077512617
1020 7104769276 0
1021 9599824305 3664207882
1022 10544062880 -6509484932
1023 7005607087 8654238782
1024 19133334548 -2210646706
1025 -1890612767 1655142377
1026 5624251101 -787949115
1027 9819139482 6656931578
1028 7656735039 6091078511
1029 5452688403 6236146527
1030 0 1338856598
1031 9009714180 6445123009
1032 9413514120 6550788458
1033 8657865524 1629456725
1034 -915028354 81880127
1035 9076749384 6462664629
1036 6116904464 -99137404
1037 -4754636015 6167721922
1038 3120373525 -2126037001
1039 10917136036 6944252814
1040 9038218334 94792679
1041 8302923739 5903444094
1042 6584229434 87586476
1043 191515815 8909399129
1044 6866974101 23032822055
1045 4036603653 5755366551
1046 6767131825 8126693337
1047 8695706678 701076786
1048 9295977889 1942979090
1049 10570015227 11989677593
1050 413549637 7454889134
1051 2753822789 4589043210
1052 8526500734 863177756
1053 2473548283 5954447801
1054 3547022035 5358501622
1055 6941802543 13700639210
1056 9550334412 208784100
1057 6327076636 -6868502197
1058 -7768740407 8654238782
1059 9924757955 18871191007
1060 6510584316 0
1061 9408649968 255393717
1062 7389212096 6187756947
1063 -260624741 -526510091
1064 11675312819 7699552641
1065 6160401534 9947268038
1066 -2814634376 8623074886
1067 3610128103 7925629906
1068 9519340902 1561248817
1069 4603769928 9998171285
1070 5827616338 6245964796
1071 3136786481 -2071881084
1072 2623193974 11363641071
1073 8737128410 8377273873
1074 7574865179 272802340
1075 8274974549 9796224567
1076 98831166 5322217656
1077 7106739278 8116625143
1078 -7955990299 10705750163
1079 -7768740407 8654238782
1080 2596755789 1539681508
1081 6186505950 6768443845
1082 7479755462 -5247849749
1083 383607290 -6509484932
1084 9758061690 18582245463
1085 2180382350 1323321207
1086 2193201303 5469577970
1087 11908414758 3684038879
1088 958057963 4927903181
1089 5184209057 6565718469
1090 -9123294992 -4863572619
1091 7276661827 -303556033
1092 7862220683 -841109186
1093 570969472 7835630937
1094 2314025757 7818939660
1095 7145441971 14053620755
1096 1537155601 4666158849
1097 -6463032720 8008048849
1098 15010696669 4356111244
1099 -535869849 10475646694
1100 7228473629 -1874890370
1101 9136635239 9084175378
1102 2458323700 5929131970
1103 2409549767 1798418678
1104 9582537805 7402454786
1105 6998771247 8668181640
1106 2799270851 6127000376
1107 9432860384 6003346276
1108 5020933023 0
1109 8132585717 9764562713
1110 12290300014 38726243699
1111 2725589349 0
1112 9179601843 5364338955
1113 5995796190 -6509484932
1114 2875970858 -2555363948
1115 7158424656 23876189487
1116 -7768740407 6632594948
1117 7382453604 108821927
1118 438735217 8431185634
1119 8794541264 4807801257
1120 -7768740407 5226689083
1121 516296489 4946914416
1122 561842539 7263666968
1123 4181885063 15263007901
1124 3755546568 7028393421
1125 10326056436 -224490743
1126 3960420150 -4668072498
1127 -6072571706 -8858027231
1128 6786904503 8654238782
1129 7440451447 12061154
1130 4773630828 6431440239
1131 -4391745865 2025006219
1132 5228570305 6644361469
1133 555461742 9132977225
1134 5160692635 -196563203
1135 8316349871 183318737
1136 4566300343 7725060582
1137 7205324853 5972954523
1138 13583192130 2712060623
1139 7920129259 7216870244
1140 9364978205 7577275873
1141 10494538196 5787430097
1142 2897865281 6218946568
1143 10348811216 9654901304
1144 2377659508 4467486875
1145 -33012973 -2779911217
1146 12999196593 -3775385571
1147 -315117879 62313282
1148 7030521773 6664564059
1149 6689330815 8787483073
1150 6878336933 30171667
1151 11479080221 -5593690991
1152 -7775291008 1973902038
1153 1696451239 -6509484932
1154 787724721 8463129780
1155 -1048125019 -148825030
1156 9701552005 8817112552
1157 9641274532 31060786284
1158 -4871429283 -3095100755
1159 11974356802 3759084501
1160 1019598370 12503609917
1161 8594000255 1092739015
1162 991674555 -5151166172
1163 -7768740407 6777891825
1164 3199878854 7214518039
1165 10000000000 3554174150
1166 -1592387768 3085326196
1167 1930747392 4531272640
1168 2642221903 2606942600
1169 8471912048 -8420954656
1170 10633651806 -7688522314
1171 3924234416 14517446912
1172 820851553 -5558702636
1173 15470140471 11019711060
1174 -7768740407 7268258777
1175 3931200240 -3080273193
1176 10642043970 5808945156
1177 2845061574 5519333192
1178 -7944161678 1364720191
1179 6706846809 40302919
1180 6567820228 10631132478
1181 -4200057337 8567147942
1182 1206351734 4364565785
1183 -761681471 8449165633
1184 13822028735 3654848566
1185 5512734933 -180740143
1186 8899377233 17093831508
1187 -1496703147 -360444233
1188 11482044717 8072100478
1189 1160559910 10511359083
1190 -2713046020 455211591
1191 -7881145831 2025161255
1192 6922822308 7989628002
1193 9415192300 -1585344686
1194 8265372492 15994869606
1195 2263969603 13599013107
1196 10820657303 770009178
1197 6656764168 22424539762
1198 5293006366 7049762908
1199 2452192744 4373439749
1200 16315826984 10842024543
1201 6411278744 6293456888
1202 3808936336 13666409185
1203 -7768740407 -11798107424
1204 9998500261 -2514603
1205 7435744213 436062225
1206 8817120927 4928037528
1207 -247274304 -1629635877
1208 568920210 11019711060
1209 3080953421 0
1210 569047618 10786826482
1211 -3526758282 -8129039880
1212 3555510315 8273458282
1213 -1306437329 11577729831
1214 -7768740407 -8902178197
1215 13929856148 25813489766
1216 2113000131 11289509285
1217 4087173022 6140198227
1218 14607997993 26988957397
1219 10564685450 1191810370
1220 6607858580 7181822242
1221 -34046595293 -19005554616
1222 9967451359 -432570593
1223 8336060429 6268842831
1224 11463736238 7825964182
1225 9095020716 6001029041
1226 -512808570 9158225494
1227 32346003 11019711060
1228 11877729763 2518248311
1229 11453682775 8180485487
1230 2833720107 4829002955
1231 8194990068 15872871146
1232 -194398319 5079268953
1233 3289073734 3748345
1234 -7768740407 35463497566
1235 7295329462 131502545
1236 15726709509 2614096788
1237 6248032826 9636793385
1238 8023553774 270223629
1239 2934646189 4616273839
1240 1780877410 -1152988460
1241 5594498286 19350672056
1242 8083792247 26553916035
1243 -7768740407 -6458202786
1244 9999252836 -1252764
1245 -7768740407 7797054932
1246 6101630640 -249421896
1247 0 8654238782
1248 11228376893 4236746552
1249 7057959805 243288746
1250 475454212 9272884698
1251 2975833723 6095693738
1252 4141293501 0
1253 3218152535 -6368266345
1254 2142693616 12390689245
1255 3171021923 -404984343
1256 9497597557 5972326177
1257 674905629 -6509484932
1258 8770617198 4690309862
1259 -1211029380 3396596123
1260 2885447507 1946275959
1261 2075306631 12121509853
1262 0 8480944665
1263 -2010251815 3930783850
1264 6817171634 6358326655
1265 1907495827 -6509484932
1266 3698191436 -2091649964
1267 -7896133922 2021239206
1268 2125580611 5591642239
1269 7705606824 7644199090
1270 6763586607 6214792485
1271 13580257690 11019711060
1272 4834672491 8360177546
1273 5454336715 -55894428
1274 3414164959 5670604976
1275 11390466366 -832699204
1276 2668947099 -4188144003
1277 5593216052 -282736093
1278 -2271443766 3144129951
1279 6322453039 0
1280 7816229893 5750223611
1281 -7768740407 8654238782
1282 2279247500 2779112810
1283 7445974010 14574552603
1284 660695399 6518095671
1285 6082660266 0
1286 12031852253 3862814018
1287 -7768740407 8285590311
1288 6647185283 -614917782
1289 3878637943 0
1290 7828845737 25816179978
1291 10316012633 -3336893022
1292 -7768740407 4695316709
1293 -2143252349 3526640145
1294 2183430459 0
1295 6107316580 6445778921
1296 -433365703 6331535040
1297 8073510835 15662303243
1298 11425492725 21472512780
1299 -967279438 9992367025
1300 1578183684 5600165841
1301 -7832006124 10913633769
1302 -2871012674 -7110804371
1303 5672892 10097072596
1304 8829326648 4535117145
1305 15200795313 11136741757
1306 -1043021672 5639522252
1307 8263573607 15991751482
1308 9607113546 6329493081
1309 -8012958703 1902293892
1310 14626982434 3237212754
1311 9934480439 5829349374
1312 -6643033927 -6000056968
1313 3115293007 -1488371375
1314 7651957400 6041545501
1315 6096331105 -499707565
1316 9553261878 6587357333
1317 5018421774 -4736449554
1318 10339563353 -4436376312
1319 9398156259 355537467
1320 5913846853 10783761012
1321 2553714415 564099184
1322 -4285182075 -2204735051
1323 10000000000 19001612965
1324 6519063742 22026077476
1325 -1173764445 -1456768921
1326 4808374543 6124370957
1327 -7768740407 -1156661594
1328 11652568948 8761920842
1329 8207982280 631421153
1330 3662485861 -337120336
1331 12932221246 11019711060
1332 12456075890 11019711060
1333 9991995027 6964133643
1334 6496800757 8654238782
1335 8711825453 -4781319413
1336 6880782711 6490920308
1337 4646307171 -3325623658
1338 4061449219 -4250524188
1339 -7768740407 7202634923
1340 11372027915 6590433120
1341 11045762746 -4050586108
1342 4617804604 0
1343 5894758677 -304241086
1344 10585794457 20017008829
1345 3337914573 63390397
1346 14550122465 3260363667
1347 8720207644 108580723
1348 4222324923 -2026421126
1349 -7768740407 7633548796
1350 14994897447 6250063075
1351 -7768740407 14779925995
EOF