NAME : 1411
COMMENT : tspgen
TYPE : TSP
DIMENSION : 1411
EDGE_WEIGHT_TYPE : EUC_2D
NODE_COORD_SECTION
1 5031596166 8305781187
2 2921768334 -3387644523
3 6313801966 9404149369
4 8312211043 4105768762
5 2921768334 -4938882872
6 3532846886 1895788682
7 5267458349 7457055802
8 5033980370 351943215
9 2921768334 10630148182
10 -4626964171 4892482142
11 4629344961 7457055802
12 5250575108 4829545166
13 2960794491 -4938882872
14 1490681122 6459811034
15 6785865660 6308357481
16 2921768334 10045128745
17 2558484475 2522062187
18 99064984 10485982765
19 3244114133 9095374082
20 7902621511 3004357615
21 9113891415 6801665273
22 8051387993 10485982765
23 543998074 4347891598
24 835084007 805652835
25 5023269066 1134517146
26 2560183356 -4938882872
27 5424816838 4844448586
28 9796933575 8944201334
29 -28954588 92066867
30 825784299 1739571995
31 -7132696420 -4938882872
32 3967122097 1052309072
33 9918877121 10485982765
34 936052488 10485982765
35 -3394196038 10485982765
36 5238225055 4673626040
37 -326918797 8397186070
38 190770367 1439466674
39 8037070620 14118442125
40 2921768334 10861282444
41 5174185992 849309677
42 -3394196038 10485982765
43 5286344543 4651333700
44 668748344 9385051948
45 5003865841 425182414
46 9030566136 5720839078
47 1069618655 2698051285
48 2646667002 2075144908
49 6926097728 10485982765
50 3953222562 1921171518
51 3208317770 7134902367
52 8495088951 7380738178
53 3853562338 -351734342
54 1077045377 -4938882872
55 5626312026 4912623269
56 9498119493 6505646407
57 8179050676 6198924486
58 -8064358706 7988201408
59 994899606 6159761609
60 7765782206 7457055802
61 3469451428 9411487777
62 346011496 399759430
63 8993284229 2596023098
64 3647420669 105697005
65 5523434947 10764277053
66 7338233487 7457055802
67 8599784736 2409784368
68 4321307417 9021709950
69 4146935560 914507063
70 5452618429 8572350983
71 8109397699 7092578592
72 1011082516 1345538310
73 3495668410 2535434609
74 -3881264799 3190398757
75 -8064358706 -4938882872
76 8646654405 7259745420
77 9888225016 27371486356
78 2481896278 747841852
79 9971098451 5979471683
80 6408105 7503488387
81 2082510048 3462308358
82 -3394196038 1100139022
83 8713914629 3137421845
84 10282184597 10485982765
85 5450347844 -4938882872
86 7229056507 7811695616
87 4807838802 1315217467
88 4377218103 1758238296
89 -6075428523 17414725016
90 -3394196038 4755926377
91 7294523208 10485982765
92 3397764798 8024091022
93 2987672470 8167159536
94 1709527952 2962466681
95 3717049977 -4938882872
96 866987882 1555105864
97 6435579678 5073873915
98 5505394058 4675120817
99 2785920572 -4938882872
100 -3819345683 5905313834
101 -9363773141 6588042825
102 6141107464 9874062144
103 36248816 7417302473
104 2651526297 1979312887
105 -4302058158 5243847401
106 4333358825 4790621734
107 6641849805 10485982765
108 7207316551 -4938882872
109 7314384544 -4938882872
110 8699992425 -4938882872
111 1253011713 1614712667
112 4568413689 1993052235
113 -3931815481 5281644826
114 2111164478 446830606
115 1077045377 1617789633
116 7284559383 6667935994
117 1051785959 -4938882872
118 -3854555365 14009127341
119 749744311 3083130655
120 9595013756 7211484755
121 6748069815 3917020192
122 3283438962 10485982765
123 5203578501 6091373566
124 2586143286 -4938882872
125 6463578329 3755553641
126 3973733020 11209311741
127 8634961010 -5560880054
128 2774786447 11537402524
129 -592063647 9290513421
130 6630343096 10485982765
131 7118086917 4941545370
132 -8587194207 -4938882872
133 8427105174 10485982765
134 5238375801 65573144
135 -4393285088 5168874574
136 4629344961 21227303088
137 7576316639 9654376793
138 8168201997 -1272584832
139 873807606 1171991989
140 2745265253 -4938882872
141 7162090784 -4938882872
142 6955361238 8777559190
143 7942437886 -4938882872
144 6634564627 9925687313
145 5529371353 4419366881
146 3213664599 1184619514
147 3030712936 1474180395
148 9540605300 4773110740
149 4711534811 13131842700
150 3346320805 9829648255
151 7787994178 10485982765
152 7203012808 -484894439
153 6598241445 1473259732
154 875305697 2579436931
155 4061862011 10485982765
156 2921768334 10485982765
157 7335759622 7457055802
158 -2484734711 -4938882872
159 6102468364 3706065283
160 -4944435638 291859498
161 -3704325249 3099405339
162 209515421 -4938882872
163 5815876449 7455971599
164 5979797481 4122379452
165 8340116762 9310902236
166 6418673443 6258943493
167 2921768334 9317825388
168 5016696623 -4938882872
169 6902961150 5988088181
170 -8064358706 -4938882872
171 -3394196038 10299076682
172 229463577 6336335584
173 5989662420 144945629
174 -3585307329 3060963441
175 355819305 7409808097
176 3387518184 -673044700
177 963912128 9285172130
178 325041376 3409741267
179 1135785458 5679051908
180 3313552938 10302366977
181 4529982477 4856062070
182 1096754353 10485982765
183 7042121070 19542641205
184 5010609893 4853786210
185 2807920081 8283065287
186 -2437589968 8603377892
187 4605532964 1032840840
188 56069839 3809867836
189 7316491121 10485982765
190 5928106023 1389665480
191 8723524627 4335018126
192 6147974621 -1329251055
193 6725332875 10485982765
194 -2530503218 9200103921
195 6543577872 10485982765
196 446807906 7302361404
197 396612891 2162270362
198 883143036 10485982765
199 3337623984 8734126759
200 3072495172 1381465009
201 2921768334 -3445871274
202 8579158545 3628977206
203 5800639264 4973877225
204 -8064358706 7656302054
205 -3394196038 9245625247
206 559536600 2394390376
207 -3394196038 4735710208
208 10015050764 -7259218499
209 8628443758 4103393625
210 1396465740 8626693310
211 667110893 6239964489
212 6794512842 10485982765
213 6335572945 4579851012
214 6755894869 3515274740
215 -8064358706 -10260759648
216 5226943866 14473956310
217 5903331664 7457055802
218 7958837758 6503086886
219 7794430966 7457055802
220 -681839527 3993579258
221 4391251719 8452366005
222 -468170876 9238254243
223 2921768334 -4938882872
224 1224001361 6430891519
225 7122607392 7457055802
226 5385556914 4821093309
227 5500358484 4624696829
228 798710461 3289006406
229 4815272000 5837489911
230 -8064358706 12381084778
231 3272263029 -558747393
232 3821409884 10683355099
233 -3308298956 13341898951
234 1014149359 10485982765
235 4452565559 -4938882872
236 4254449255 4992200787
237 4653596368 -4938882872
238 13238899259 -12202828583
239 5172745049 166214612
240 1855211374 6483225289
241 4792129783 -4938882872
242 8679337757 10485982765
243 4483229271 4861319181
244 3184794190 1012691232
245 3130574319 8279021927
246 2921768334 -3498515994
247 8319955429 -4659874762
248 5268283964 4784667639
249 897818978 8844153056
250 -3273800535 -4938882872
251 4785303175 7626120499
252 3388845003 425885340
253 3242377084 2001621187
254 -5459681858 10632353646
255 4597878116 8064963693
256 3150978744 8558844004
257 915843065 2849206304
258 1383232171 327777651
259 1553261498 2380710036
260 6545344368 -1938597645
261 6236922387 -4938882872
262 9316574803 1914565979
263 -1376186391 8319566275
264 1906722516 9659959136
265 3856347921 10779459981
266 6903062387 -4938882872
267 9799859866 7459115795
268 7389965041 4946347094
269 7758833691 2493238875
270 1014149359 22729038037
271 1083639068 2559530097
272 8118827959 2948792972
273 -4427164133 9939140631
274 8155366561 9909846838
275 5114813986 4342917559
276 -2744798625 -4938882872
277 2148026793 -4938882872
278 -3424147668 3071430130
279 3741213025 10485982765
280 2351436864 1772025518
281 -55388672 -4938882872
282 5090295540 3392320312
283 6135519070 10485982765
284 2515371369 1781326464
285 5799153834 -4938882872
286 1703671235 5181060484
287 -15914347066 10397436213
288 1274478549 966689696
289 9196541487 2168334236
290 8326247350 3821938652
291 6453049848 5509362448
292 2807775151 7111111495
293 1915000692 5494615914
294 2745265442 2107592517
295 -3394196038 -4938882872
296 7901730277 -4938882872
297 -179934756 7205230435
298 3414579425 629021563
299 -3983828563 10485982765
300 6585087034 3893261170
301 4192889248 -1104705669
302 5540186433 4871400079
303 9450025022 -6392779842
304 2944853270 8830308230
305 8098530846 7092332627
306 5699898870 1842801955
307 3113745308 -4938882872
308 5611285267 5545342981
309 4214389698 -1152415480
310 9317789082 4584796352
311 5378986205 4606917518
312 2979967554 1410719754
313 5797806181 5640367882
314 5411761798 -4938882872
315 6205802406 9490267923
316 -978886853 10371540393
317 4384653700 1473879939
318 1077045377 905063991
319 9989885040 6435429661
320 -2659473447 13634292495
321 9531821010 5808601821
322 5994265234 3758846648
323 8044313317 -4782134974
324 8815732460 10485982765
325 4058018813 9153600932
326 5209531635 16503278241
327 7542399435 10485982765
328 -8064358706 -1334837389
329 8227589266 2410694851
330 -3394196038 9245625247
331 1115383948 6158733454
332 355210663 728843873
333 2646073748 2327700324
334 7179779231 6613304664
335 2639675937 1942322949
336 1387949679 8085591427
337 6624260081 10485982765
338 -8064358706 12381084778
339 9157263820 2190823259
340 853880158 6470987274
341 3736140471 10448802516
342 6601289790 141044303
343 8693088162 6396144072
344 -5190140618 -4938882872
345 177364281 3258031262
346 1641390309 2024281562
347 237414875 7672549242
348 8454145151 8836982175
349 1195715852 4437299394
350 1309549722 8566188900
351 6174448504 5802016414
352 2450164673 1248621132
353 4389649501 10485982765
354 8247849004 7457055802
355 5142973407 7457055802
356 3269779517 374118326
357 9952854912 9568734902
358 1014149359 8716392486
359 2351152520 6268990147
360 669838870 2859857164
361 7768974443 -3814973036
362 5242123461 -4938882872
363 3192620533 5976001406
364 1280553932 9048566566
365 1307545083 2809998836
366 8703401936 7457055802
367 8789448010 3314853423
368 506232907 -4938882872
369 9961460407 7457055802
370 6377702225 7457055802
371 9322423085 1296142884
372 -5325701944 2944992782
373 -1349253015 -4938882872
374 -8064358706 1076734967
375 7664040374 -3654061901
376 -483074731 9131088598
377 -8064358706 -4938882872
378 -2228529878 3235914782
379 6825241739 796835387
380 4962293092 990039239
381 7555763798 13389694640
382 -3394196038 9408923701
383 -1061784060 2316235452
384 3873373156 411458221
385 8211863662 6269284777
386 4129158116 8428836731
387 1014149359 10485982765
388 10183392010 2069823511
389 -1316576455 8147670409
390 1014149359 8563429695
391 -3394196038 9245625247
392 3128496554 -512962325
393 7158797751 5235482734
394 8425357979 14706348683
395 2747806245 6600727264
396 1478221096 2326330293
397 -2484734711 13713038595
398 6650565577 4475069939
399 4791492748 750845907
400 8809755236 2130190673
401 -8064358706 12381084778
402 946380322 6255404764
403 4570991774 2068030990
404 2834749834 1304107725
405 9151299397 3884951483
406 1684992366 3155642470
407 3038656841 371935423
408 4706866010 2173361144
409 -2646494972 8202651988
410 1161677964 8624369377
411 5960541024 10485982765
412 7118900312 -4938882872
413 6172689655 -1367150321
414 5277302645 4463173214
415 6887755000 5158752834
416 3469411698 461524502
417 -8064358706 5826346672
418 8591977578 -5077007094
419 8954128638 4223432834
420 150245788 8979052875
421 7823430263 7457055802
422 9577645051 4387104392
423 452996983 1411900357
424 2921768334 -3235953874
425 2518015744 6246219376
426 691935728 6663960886
427 5308482281 4695189270
428 3966046213 11471799081
429 -4156149908 4887309866
430 9967197568 9859828250
431 652115720 -4938882872
432 9038161842 7084948073
433 6506145168 3955261786
434 8622336756 2974793013
435 -262871973 3430108385
436 7670903704 -3664586472
437 -2244327 -4938882872
438 1014149359 8965647367
439 8221989490 1126642082
440 -3830461945 5845941768
441 3281223997 1190965238
442 5204915829 4318271635
443 5693285961 9448732601
444 -3818239372 -4938882872
445 2743943558 2058621900
446 7721235454 2590557769
447 5130716453 230663359
448 5048885986 6122518621
449 8199949585 10485982765
450 2826684361 -4938882872
451 1014149359 12766221692
452 9964637821 1748651606
453 3414466930 533815252
454 1802898815 9406608573
455 7464722341 -3348417687
456 -2245163021 5121524229
457 3594088785 -4938882872
458 1005982410 -4938882872
459 7893268081 9644144298
460 9829597596 4482299969
461 6802876279 5519005283
462 5246199326 4594696835
463 1014149359 12939419374
464 8490682663 5815771303
465 4914459884 4863909812
466 112683582 561654160
467 5316527945 3549287670
468 4825090929 699324781
469 6398312363 4879333691
470 1231072109 75314650
471 -3394196038 3968182986
472 8330399829 -4675890727
473 1051548353 6347695255
474 8335157785 4695962885
475 6783701693 -4938882872
476 4369328137 12011484661
477 3956646397 8498914311
478 7172857964 4082681970
479 9401235696 3372491781
480 4306321432 -928360724
481 6653830162 2596750904
482 497934812 7094451729
483 7726279769 -3749502893
484 991152294 10485982765
485 6685802791 3294936500
486 1396314284 8978823456
487 250284642 860176796
488 6576937402 7457055802
489 -8064358706 -1334837389
490 411045021 11748399455
491 4210834062 -1227039185
492 2865223208 1841404499
493 5611699970 3973624567
494 9045054828 15644632745
495 1077045377 1127963431
496 3441444142 562761901
497 887923506 6229061170
498 4871867065 6011551802
499 9345081395 6098348412
500 3449209133 1064372647
501 10163307798 1241157276
502 5137766473 219852507
503 4412288570 -4938882872
504 2984536113 5666122769
505 8729679191 5921688365
506 4358094348 7341794923
507 5264221201 4631488827
508 699572528 2052978482
509 3797367902 5975894548
510 3108923744 455988582
511 -2587431772 -3482949994
512 3101185192 -4938882872
513 388399711 2285313538
514 2153405994 9250810192
515 4055223105 5492991757
516 6274559372 -2448786022
517 6457527187 4001909557
518 8064729326 4199686186
519 -3958969298 9624803410
520 260745070 1261154955
521 5906894301 4392663189
522 3685392295 9106054345
523 3364601485 9426801480
524 9649062682 8965939069
525 -421270523 -4938882872
526 6358668403 3930661252
527 9966201058 17039341832
528 -962475308 10335122937
529 8321508320 14549109736
530 2327488942 10485982765
531 6719327203 5716201846
532 -1058264973 2506246343
533 -3133750504 4729680922
534 8595640723 23841102719
535 8297455045 4995662053
536 2544142887 2074891808
537 9707991828 2796958501
538 -3394196038 10485982765
539 3611589759 991818639
540 8560896038 4679367581
541 -3394196038 -4938882872
542 8324015893 2893042398
543 4372726844 10485982765
544 3720304956 9135471226
545 2850868520 8935576986
546 505825434 3429119784
547 6120868214 6366967328
548 10289314895 10485982765
549 3189018012 6992660863
550 986304241 6273396498
551 -6730754705 5314487528
552 1017626803 5941247676
553 9891840782 10485982765
554 2545431943 8903135566
555 2260754406 10721967745
556 7508645748 -936188071
557 6922277165 -4938882872
558 999808202 3340713180
559 -538397838 2589123828
560 3289186974 923515248
561 -8064358706 6459071403
562 -1781159147 -4727763476
563 3036540953 5360569325
564 3622667224 10136668984
565 -8064358706 12381084778
566 997838705 6535862267
567 4254071626 5079525073
568 6071514787 -4938882872
569 3314524010 337856145
570 919718354 9330612193
571 7131729142 8983244320
572 7379305543 2867762700
573 5477161478 4713386298
574 5958828054 7360014025
575 -8064358706 16456497153
576 22962642 -4938882872
577 6062652294 494077663
578 5219167343 95028351
579 402725411 9860414105
580 6686039283 5784157921
581 9723320626 16671596154
582 9401643362 6254936326
583 7270039669 9280241152
584 4750249842 852186847
585 2129461043 8861296623
586 4071130775 7855508360
587 2899084235 8165150929
588 7102874103 4408275350
589 5873166625 4409397839
590 3218270982 5932252481
591 2706813311 2192918354
592 5319856311 -59373132
593 264237634 5173058595
594 6236703696 -4938882872
595 5060482095 8463371666
596 4320919545 -1388806754
597 -8064358706 -4938882872
598 1950024731 3697442787
599 8891074359 -5898555139
600 4893651912 7457055802
601 2422720694 7317928348
602 8196681199 -4470839909
603 4096195655 8185251466
604 2683950988 2256024366
605 1014149359 -1334837389
606 8969372326 5037170944
607 2759022536 -438183124
608 6530657892 5641057586
609 898912059 1756324677
610 6492303501 -4938882872
611 6595330322 -2015248600
612 5409965907 4434094643
613 7211502357 1096413403
614 9557032543 444344906
615 1014149359 -5644564084
616 3570396236 7068033176
617 2804513445 1976120342
618 6854132980 10485982765
619 7938803653 8203690194
620 -320198631 -4938882872
621 8788896061 4936106100
622 4273971475 7778928240
623 372079256 -4938882872
624 6168918908 4785480078
625 494688625 2405911130
626 1183524480 9324377761
627 6894872484 5351077781
628 -3764343136 10485982765
629 5760575311 9002561767
630 6040470388 1513020016
631 487821265 3675416426
632 308388967 1672539734
633 -7624976917 -4938882872
634 1077045377 -4938882872
635 5926456718 5457852679
636 4459466950 1441139174
637 4600183150 5117419087
638 628433045 6959829580
639 474005287 7603223491
640 3562631348 10485982765
641 5024295916 -4938882872
642 664927689 2444449095
643 9709890859 3146973769
644 5150809273 6066742179
645 3391170950 10055916847
646 -3394196038 9245625247
647 5428008901 4575354651
648 3192962603 4977707332
649 2190030410 8463336213
650 1010269848 2987850614
651 8698373603 10485982765
652 1014149359 10339984441
653 4822389036 5564496860
654 2921768334 11197359995
655 -7125042775 15218047113
656 7869064586 3108782316
657 641545044 -4938882872
658 6316870702 4607205678
659 1292816126 8692271051
660 4722299582 -1900470906
661 9377044510 7160160057
662 75170935 4486432522
663 3123298395 903487536
664 1796043284 2656563348
665 5237616576 66737377
666 1014149359 10485982765
667 4738612112 13486767760
668 3296454806 11810744551
669 7953315444 -4938882872
670 5072596973 4932647638
671 3869202618 3903943416
672 6302283937 412248664
673 7333567798 -4938882872
674 1585785629 9512570769
675 9573022055 2870160558
676 455661509 5364821434
677 4794940841 8673133435
678 5554401546 4146609511
679 -5628277553 4936778067
680 6334055749 5362245215
681 3568464496 11439978927
682 -7305097459 11872023202
683 5115904730 5287056491
684 6202359886 4685050360
685 441496777 8850164930
686 7116704952 -4938882872
687 3108298769 6342005536
688 2906559454 1914766884
689 8519294155 -4938882872
690 8500460986 479635510
691 7540744068 4730126512
692 8158940755 -4938882872
693 3457738799 7710944139
694 1014149359 11950624598
695 739351336 9092547772
696 -524003596 9993109185
697 -3394196038 1100139022
698 2885932922 1839415531
699 9038071346 2787386563
700 7726739372 7520139492
701 787175836 9460070567
702 3497204424 1989833444
703 3201086176 8162209752
704 7845096474 -3931702355
705 -8064358706 -1334837389
706 -8064358706 20464649765
707 3939427612 3174127682
708 6251695854 223628930
709 5246186235 10485982765
710 1014149359 9290487361
711 994166766 2631269114
712 8613465201 6810672951
713 -3366475895 13315681484
714 -8064358706 -10260759648
715 6386737366 6132242338
716 1013717929 716757045
717 4079685381 9939951912
718 1896044309 8898844413
719 8066234569 -4938882872
720 9111448508 -5873589729
721 -1185229775 10043028145
722 5340512739 10485982765
723 4206379242 -4938882872
724 1466881397 8794845229
725 3745573742 6674528843
726 8666201477 -5602069346
727 -2648639814 9276427120
728 2513609588 10485982765
729 7372710452 5344524835
730 -5266033639 124181495
731 -1036356143 9886918887
732 -9270905420 7321578340
733 9961533313 7210259051
734 7187601193 -4938882872
735 -3502380832 10441713954
736 1003594307 6281188275
737 7386938 8928292859
738 2921768334 -1244998912
739 6352200091 -4938882872
740 1897400745 2920169692
741 3379314579 9541839014
742 169046988 7748866855
743 -2275001133 8582554775
744 -8064358706 11916957960
745 9727856300 4324959618
746 9476486714 16297864504
747 5202375594 7320268750
748 -3394196038 4756679125
749 1014149359 11916957960
750 1403317021 1529479290
751 1950833151 2726307991
752 -1050130030 2322311747
753 7447815395 10485982765
754 6680338379 9189176311
755 5484803272 4708905695
756 -3394196038 12980404443
757 7606929410 400139642
758 8146293936 -4393573567
759 -8064358706 -1334837389
760 -2150900003 1748381221
761 1817534845 2386345851
762 1286112891 10485982765
763 7763440507 13704138303
764 18287095 1629067807
765 9221240435 5451072338
766 7789674323 2933762087
767 6724866072 3808687152
768 5153703056 195414555
769 3613086768 181884428
770 5328186560 4160099455
771 3500400846 11023278923
772 1014149359 11916957960
773 4314768846 -761760457
774 2915943788 3073732024
775 427708672 7250284551
776 6257795765 3783435941
777 5716849658 -1713468336
778 2778107358 9717100264
779 -29332001 8585376438
780 5151674961 4782966539
781 7177977517 304096122
782 2715127969 5497857063
783 -419111785 2263423023
784 5371209526 6098995457
785 2921768334 -5636291220
786 865006211 6305686679
787 9634180243 6740071908
788 1196442681 5424904883
789 6788613597 10485982765
790 8092304314 10485982765
791 4492344398 8699590231
792 -8064358706 3464203067
793 -22687622 3320511499
794 -6408529369 -471504425
795 5201039416 4603005198
796 2921768334 11899865827
797 6498690833 -4938882872
798 10531641206 2547681627
799 9289152898 -4938882872
800 -412670430 9115097950
801 9474478128 4911693099
802 898790950 -4938882872
803 4478919713 11979416208
804 1014149359 8866184850
805 3025951522 5177202166
806 5135519809 -4938882872
807 4686977039 -962113313
808 4469197932 1245068854
809 6786960251 5839780409
810 -3394196038 9245625247
811 4703536860 8919803628
812 7828850816 -3906790453
813 9011229501 3407585142
814 8144292209 2792141628
815 2379577243 8486073971
816 7361553171 7457055802
817 6950363488 547612970
818 2982543197 5116150586
819 3544158895 5438275123
820 -7572772115 11383379934
821 9634451393 8300182037
822 9147261723 4236894510
823 8317458058 3510073901
824 -3394196038 9245625247
825 1449037669 1828784854
826 3515614257 5787186548
827 5339060107 4645639428
828 7219191966 5580783408
829 -3394196038 10485982765
830 -3394196038 11916957960
831 7389120720 7457055802
832 4034464438 -4938882872
833 5632574225 5556442832
834 4607741046 4532331103
835 2432530287 8711296305
836 2755293537 2137156395
837 4544681555 1129318502
838 8957514499 7935914106
839 6686959630 10485982765
840 1014149359 11916957960
841 -1882310689 11397174382
842 8521435921 2567234867
843 1014149359 21032767629
844 4801176027 208813559
845 6237656882 4630372946
846 2921768334 -1471156109
847 5338990592 -729190425
848 5387041170 4648581035
849 8755830277 3534247498
850 5142793112 4770902866
851 1391344403 10485982765
852 -8064358706 20464649765
853 8504020241 8316183192
854 6579050491 5326954848
855 1014149359 9952020614
856 5972757352 4341203652
857 4590618102 1058877109
858 -810199137 2447409331
859 2183765207 9993092010
860 7835643425 3412512574
861 1684331030 9874085194
862 6052707578 5008742384
863 4890796897 4319090728
864 7955035770 -4938882872
865 6516656226 343774799
866 -8064358706 5399480096
867 9663615247 3950553466
868 493142256 2499140078
869 7807121959 21733931853
870 8287108778 9331943064
871 4611650407 7457055802
872 1641269376 752170294
873 968311075 8681012227
874 2482190653 10485982765
875 2941517741 1672105824
876 2925846790 892974727
877 8024016740 10485982765
878 6743150410 4704182648
879 6442337194 9216166250
880 7773445619 3691095437
881 8470440460 -4890636014
882 6622755722 4002111956
883 8547748883 465414412
884 6626662227 -2063294507
885 8391424927 3451022891
886 8022132265 -4203177867
887 5031441026 1062122829
888 4380301438 4400746389
889 9670383909 -4938882872
890 9254720221 15962087476
891 6722168257 6116704317
892 7302566335 20259054129
893 6141191523 7620693042
894 7274676774 6662783300
895 -8064358706 148094517
896 -452384806 2633970168
897 6588353762 7457055802
898 1704186354 1560834400
899 5218607864 -4938882872
900 -1586666569 8032083898
901 5196037648 -4938882872
902 1158545163 2204481750
903 3202945233 -152916287
904 978602091 9467803426
905 2753929465 2012602390
906 8623735700 3356749549
907 795732497 1675631749
908 3200946793 -4938882872
909 2844772280 1907356807
910 7073743604 19629626054
911 2901356853 4740697050
912 7192497950 4056948847
913 5831248071 3410449039
914 9931767240 3696570261
915 4947222818 9398071113
916 6845665502 3663899037
917 -1853929041 12088991057
918 7350783286 5462051857
919 -2424895831 9021093587
920 8900991331 7104881403
921 -1300136710 -4938882872
922 9480989191 6873264445
923 581848893 9762953014
924 4975833745 4825900036
925 -7162475339 -4938882872
926 9973540992 3646347203
927 -2286750053 2039311275
928 179047734 1857932201
929 4493028775 4742313471
930 2311815718 2047060770
931 1014149359 9754262832
932 3295206420 2416269858
933 4142786133 8238416633
934 230191860 7688634779
935 7453486866 10485982765
936 9397524342 7915484127
937 2859834058 2156679932
938 6502071964 3853581927
939 781016026 10485982765
940 6046722373 3848253149
941 2921768334 26598075776
942 -8064358706 20464649765
943 4501334754 4032593841
944 -2484734711 13713038595
945 1014149359 10485982765
946 1609270330 783737755
947 8754499424 607506462
948 5237284384 8887379769
949 2944536999 9570731404
950 -2431280748 9427407325
951 9412687846 -4938882872
952 5709559138 3997105289
953 8161637170 6634497395
954 8856718668 24732524284
955 4152219549 57506782
956 6914962893 -4938882872
957 -8064358706 7457055802
958 2921768334 10768414448
959 6920120152 4478444395
960 -681681347 3632667601
961 9898788745 10485982765
962 4974755154 4619424440
963 1727240641 10485982765
964 -1450551629 2113535905
965 7376923123 -4938882872
966 8611206081 5597538002
967 9435581401 9487058187
968 5344956712 4679624731
969 5926207527 5382819464
970 4520060108 8562274655
971 -3394196038 10299076682
972 2921768334 12987439306
973 9634430872 7893135640
974 7893906207 2510658502
975 5863488167 589668797
976 8374645063 14629564170
977 11210707512 4436189060
978 3718069274 -4938882872
979 630970693 6799243183
980 -1470943166 10479653404
981 7473827920 -3362380637
982 215418768 3004121453
983 6364741439 7322325820
984 6376051195 3562588974
985 5425329111 3583729229
986 2921768334 -4938882872
987 5381878137 4730318882
988 5562270884 10485982765
989 3229021615 5424275973
990 7148738378 4435017295
991 7912602474 6995391421
992 -1737705476 12055369906
993 4639074025 1346361620
994 9262062741 1725765739
995 3820885568 342497674
996 5331220222 4835127595
997 7293223643 1946780418
998 8984063407 7457055802
999 4898670773 4375315946
1000 2492874339 2582199448
1001 8992946051 3399314531
1002 88441176 9096562413
1003 494956085 2842601125
1004 1014149359 2682369793
1005 1014149359 2463571911
1006 3498666247 -4938882872
1007 -7351764051 11786832783
1008 2142528651 627060449
1009 4495087247 10485982765
1010 702437808 -2181478279
1011 7290863356 12988608427
1012 3899920775 1485730114
1013 7602228322 -3559276216
1014 8667198447 267351393
1015 1014592284 10485982765
1016 1014149359 13670844231
1017 3817138065 6413812188
1018 3903651626 7773973045
1019 4642929984 4825172614
1020 -2155231463 8437842612
1021 5069040557 -4938882872
1022 3087530439 163004231
1023 8865025146 2088512371
1024 5426291239 4634874428
1025 3251277929 8652526682
1026 908036807 3780980899
1027 7907585496 3176837862
1028 3921899063 8764136801
1029 3142380665 -4938882872
1030 9121684739 2124996216
1031 3335578036 7257282854
1032 9621140098 2881357604
1033 -518634614 -3895817756
1034 8307196559 10485982765
1035 4037919240 6953272225
1036 3653935701 752127976
1037 8077000625 2962556283
1038 30742021 8044547175
1039 6134995844 6130445891
1040 805529405 -4938882872
1041 5228650816 9157834243
1042 1976620454 6836441566
1043 6437776219 3428065844
1044 4276321758 2422650083
1045 -8064358706 3384233073
1046 8157573258 5892599453
1047 -4211300112 -4938882872
1048 5034719488 14020834401
1049 2728276243 6440320070
1050 620455276 10485982765
1051 -2143945732 8406230665
1052 8127836857 10485982765
1053 9203702429 2669005500
1054 2771161303 5571164034
1055 5224729075 7036787346
1056 5581794667 9846357635
1057 2921768334 14621405215
1058 3711956901 10055618492
1059 4238784104 11896314760
1060 1192685917 5454085916
1061 6409269429 -1729933546
1062 7855314586 -3947371318
1063 6658430390 7789057379
1064 6261407808 5884310414
1065 6552703251 5610659343
1066 -8064358706 7601470101
1067 1352578305 -4938882872
1068 5615230365 4564585920
1069 -3394196038 11188881433
1070 10049019932 1568013065
1071 -4803597840 4390282147
1072 1014149359 -1567531019
1073 918729878 6295194461
1074 920951053 6243945051
1075 565548804 8937005589
1076 6302414952 5401074366
1077 38939135 8371333308
1078 7150458533 4326468429
1079 4984373608 8838417176
1080 -858447784 10475754465
1081 7562344880 3107460879
1082 9084238223 3652450288
1083 7894503854 13902581540
1084 814220689 6693420755
1085 5867166895 12573468037
1086 7869292444 7457055802
1087 919415440 543671709
1088 4547858262 1327540755
1089 5470422618 874729246
1090 5366658002 7457055802
1091 5196188914 130264621
1092 6317802070 4252207783
1093 4695057982 3941803856
1094 -8064358706 4932254333
1095 -926186236 3091177560
1096 8510220507 2924069411
1097 7086252483 5787023713
1098 7059912721 9753908277
1099 5537695383 4716498535
1100 6576149102 8159179806
1101 162999202 7837678698
1102 2997353933 1548204507
1103 8094635944 -4938882872
1104 5882144670 -921614149
1105 9300082016 4173352296
1106 -6414325032 803811937
1107 -1492249045 -4938882872
1108 -6592212794 5544522882
1109 2594619597 2233987517
1110 4815641659 13679360463
1111 3992461100 11290238712
1112 3457204271 11537477255
1113 2947192044 5672370929
1114 2416561615 2638109338
1115 5060232158 338747492
1116 -3394196038 5330232766
1117 2921768334 -4938882872
1118 5078918542 1542442943
1119 5458048567 4705269193
1120 5646720734 4948019452
1121 1470524424 5173294569
1122 5028573767 4755504534
1123 -8064358706 6278265718
1124 3920645363 -4938882872
1125 543277791 -4938882872
1126 4779544740 1233215928
1127 7528200750 2290669595
1128 7978134648 7168783193
1129 -4108605748 -4938882872
1130 2921768334 10485982765
1131 6513410784 4357053882
1132 1223288553 6055898488
1133 5429284659 4550068438
1134 8945128719 7833364766
1135 8069678286 4270480200
1136 9899482205 6833781565
1137 7065905296 10007577953
1138 8111821990 3384574644
1139 4730609907 986212476
1140 5065834633 -4938882872
1141 8655086280 7947792641
1142 9736225465 5368710116
1143 164583785 7699276357
1144 4198563885 6664265872
1145 8529655993 7200996535
1146 1588978262 3307307849
1147 4956491148 10485982765
1148 4670151775 13768918701
1149 3718891798 7595494398
1150 5307579126 336399651
1151 6418921095 1414172067
1152 1690499697 900613260
1153 9231551589 -4938882872
1154 2852724199 8614273718
1155 2873196402 6247421680
1156 4993941552 4720968977
1157 5202441734 4674605947
1158 3540361331 278824000
1159 6338191556 18573571773
1160 5819600142 10485982765
1161 231665628 10485982765
1162 64062639 1623196020
1163 4229745705 10485982765
1164 -387090341 7538544157
1165 -471751428 3157080158
1166 2296206739 1734227498
1167 5342327684 5402283770
1168 -8064358706 -1334837389
1169 6985464155 3827517456
1170 4532431806 8827629743
1171 -7682093098 11183813179
1172 6951920971 3736968951
1173 4740123478 9323623061
1174 9199179892 2014560881
1175 8424191463 5433304980
1176 67622696 2751661760
1177 6923650186 3628452887
1178 1311596299 9506353514
1179 2902446945 8836061034
1180 -731354603 10461194453
1181 -1799103884 8835228376
1182 -3767824890 13188986575
1183 2921768334 11916957960
1184 6871136755 9130373965
1185 1936399003 619061617
1186 2369602925 2311794143
1187 1014149359 10485982765
1188 6999048415 5797202153
1189 6570599171 4006509113
1190 -1812970 8082372071
1191 1032191681 6792375330
1192 1214911497 -4938882872
1193 -3049153100 8516143530
1194 3879824232 146461621
1195 3116596095 890221947
1196 7788121094 -4938882872
1197 9100370293 7588752813
1198 -14222135175 -4545440856
1199 4932472435 -4938882872
1200 1434047694 -4938882872
1201 9097856462 7457055802
1202 5130508842 230981719
1203 8574634394 4304589659
1204 9337881417 7517104940
1205 5823418654 6348444032
1206 3081408245 405418879
1207 4787128679 4557834096
1208 411594163 1000761978
1209 5155399246 -4938882872
1210 5605983650 6507488087
1211 7685574670 2618020337
1212 6970619318 -4938882872
1213 7995636948 3391115500
1214 -1367261732 10409872015
1215 5799002184 4695436099
1216 5159508383 4835084233
1217 -3282546568 -3230247466
1218 9874297797 148208241
1219 7094645649 6901118804
1220 7960684809 8990722254
1221 6938477775 10485982765
1222 6815691580 18919796275
1223 5539922264 4714179135
1224 5465038802 -4938882872
1225 8622026408 4660838022
1226 5461283789 4525628136
1227 6877086253 4808819862
1228 5248807433 -4938882872
1229 -8064358706 3938918342
1230 2215503493 1610561436
1231 1469869177 11282697726
1232 3202408211 9177919395
1233 6838466871 4718703508
1234 5566256949 16757461115
1235 5332625702 -78954354
1236 7386286514 1728074096
1237 4227790264 7828032118
1238 5285377640 5210563846
1239 5095988551 4782226378
1240 6311561721 4904417157
1241 6673551250 7039696075
1242 5415765007 823164321
1243 5843851179 4875567156
1244 1014149359 24889373203
1245 6167623018 4442251601
1246 2719768465 8008130616
1247 1003046247 8615765450
1248 3153301325 10485982765
1249 3561689115 5261384083
1250 10973525932 2037004095
1251 1280932607 315079054
1252 1977917270 5372838694
1253 4909214226 8328928062
1254 -8064358706 6490022896
1255 -148932125 8346781427
1256 -20026357 7948052378
1257 -914303524 10455936824
1258 4436882915 12376351261
1259 -7727073312 11198675734
1260 -3394196038 10299076682
1261 3113897464 1930325994
1262 2606109734 5759346116
1263 5627035363 4536216825
1264 5434735372 4738064179
1265 9766796822 -6878533521
1266 9037203886 8812182529
1267 1014149359 -4938882872
1268 9440707112 5148672801
1269 517547910 2574931177
1270 6555118360 12625500882
1271 5087852036 14166987352
1272 9776360597 -4938882872
1273 5885766890 3890961009
1274 5241499338 10485982765
1275 7336992420 20728152485
1276 5010822673 414514460
1277 1212245200 8515376371
1278 -8064358706 7457055802
1279 8739105696 3108087842
1280 5176588804 4633673424
1281 5889284973 4102056681
1282 -8064358706 12381084778
1283 3361266583 8360534277
1284 8151859485 10485982765
1285 5269898089 3986373120
1286 6652416101 3770619821
1287 2921768334 10519618433
1288 3970750026 -611775519
1289 3335953915 5761306055
1290 -465075338 9279878574
1291 1077045377 1818058066
1292 2865795743 1839001621
1293 2371172751 -4938882872
1294 7665221090 21256617106
1295 3704133990 1919154603
1296 -1917682441 -2610898117
1297 1571972276 1217127745
1298 9082143506 874582366
1299 60098315 9430729381
1300 5182130045 -4938882872
1301 3859092134 11077091841
1302 5384440760 9897774603
1303 7431929823 1560044684
1304 1204085361 6687789430
1305 5452029561 4758179451
1306 8902431996 1883455579
1307 1003995037 6281368865
1308 3081398825 5882727385
1309 -1253464849 7554925526
1310 7173379418 7457055802
1311 4370932820 12194940780
1312 1655089665 1997189077
1313 7891283652 9981868274
1314 8302654600 8818684141
1315 6558766702 5008181960
1316 7719585486 3468543487
1317 -8064358706 4602723132
1318 2235304346 3239203574
1319 2969878498 5119737256
1320 5106832588 267288068
1321 241982834 8340871743
1322 -3394196038 23831553687
1323 -7237737044 11994990441
1324 1380930284 5902229018
1325 9239370797 7457055802
1326 2649764767 8471814345
1327 2946859510 1485918243
1328 3389170867 712238282
1329 -1848883746 11390483688
1330 8452615104 10485982765
1331 3401550624 10485982765
1332 4820936805 10485982765
1333 5010086595 5231883967
1334 -2563732955 13677437996
1335 587807359 2692394036
1336 887923506 6229061170
1337 8520340717 -5409757836
1338 5336193246 8762227741
1339 5462345105 4816624981
1340 -146131386 7818170675
1341 -3394196038 11916957960
1342 7153173949 4402866673
1343 2397145566 2440215790
1344 3340910664 9361634579
1345 5113497679 -4938882872
1346 9416429926 5947781521
1347 3669265664 57222645
1348 822662616 1766759953
1349 2921768334 -1334837389
1350 5549106570 6593646843
1351 7331820644 668193285
1352 -4225016324 -4938882872
1353 8543410647 23672273800
1354 4943509492 6093376143
1355 2951076824 1991641912
1356 7005843881 19757466829
1357 6566503460 2180734633
1358 4114562100 10485982765
1359 6423950162 4670778876
1360 3243437591 902811683
1361 1101781616 8218719188
1362 9569896431 4312454927
1363 4219624982 10485982765
1364 8730258340 1983039832
1365 2508085151 534529332
1366 3333100171 7221764326
1367 7863264508 -3959562124
1368 9435124283 7457055802
1369 7264959181 298800568
1370 8973155403 4456709634
1371 -8064358706 1327158149
1372 3748160260 4208660130
1373 9721736984 -4938882872
1374 8896377368 15419519948
1375 3127099696 11857358777
1376 7450161315 6807256476
1377 9004621519 9163750738
1378 6592509977 6056943795
1379 5997291271 6101003861
1380 2921768334 10052267392
1381 7444426224 13221118229
1382 -40664315 7225833876
1383 7303777686 7386543657
1384 -8064358706 20464649765
1385 7507554248 10485982765
1386 6063339734 4971354024
1387 1669020999 9564402680
1388 4832683710 5151828763
1389 7624646246 2868395364
1390 5372489721 4623873372
1391 1007518562 5963678009
1392 4897502049 4543176926
1393 -2349667153 9363855704
1394 8477722500 10485982765
1395 5279189075 3911422203
1396 3212498114 3521645243
1397 5035074118 4503346178
1398 8774387231 2657082083
1399 3580124549 119724061
1400 10860757256 -4938882872
1401 6246695903 5290491527
1402 7366989976 8707151040
1403 4557658622 -4938882872
1404 148917928 7868925250
1405 9053571716 7590281447
1406 3064672453 1398823735
1407 993870708 6534074086
1408 8366576294 3081796408
1409 1077045377 1126426816
1410 -3394196038 9245625247
1411 9245463961 1731434192
EOF