NAME : 1431
COMMENT : tspgen
TYPE : TSP
DIMENSION : 1431
EDGE_WEIGHT_TYPE : EUC_2D
NODE_COORD_SECTION
1 10145344639 9932895813
2 9959929825 9981877292
3 10177339544 10241918211
4 10075273716 10086467820
5 10022393938 10241918211
6 10024454257 10091752406
7 10024082757 10095946442
8 10116513701 9912097293
9 10079925526 10087746944
10 10058581114 10057375700
11 10032497166 10070382495
12 9983889542 10040142797
13 10041849004 10065784492
14 10055934948 10084282813
15 10055086326 10021088098
16 10013221671 10018578371
17 10043303792 10022254004
18 9976196166 10097390988
19 10025405898 10091927625
20 10059426294 10089067852
21 10183582697 10040482433
22 10055721989 10086973210
23 10180720734 9950070294
24 10082618971 10087805908
25 9990364274 10041016582
26 10077507120 10080129417
27 10111853407 9907832268
28 10086650593 9935985728
29 10073589784 10046791753
30 10111529095 9966460970
31 10036607737 10051305116
32 10003377607 10087418249
33 10050059003 10039844669
34 10038565676 10099312434
35 9990532208 10043853993
36 10008852655 9993264675
37 10070690725 10088777777
38 10118749441 9994741014
39 10177339544 10020373922
40 10082568640 10002863419
41 10060540684 10073074972
42 9997483019 9849038757
43 10071330750 10012918440
44 9997028491 10035772027
45 9975296066 10036975695
46 10177339544 10002474507
47 10068941226 10091271609
48 10074660088 10088473077
49 9994124943 9995604327
50 10017644465 10076270160
51 10059914490 10089030376
52 10122471318 10053997319
53 10073479850 10241918211
54 9996447944 10043960114
55 10176740789 9980416872
56 10177339544 10117470809
57 9985562827 10025454813
58 10024361748 10091482799
59 10032790008 10093665147
60 10058637654 10085334723
61 10043715952 10043866913
62 10069602281 10241918211
63 10177339544 10034558989
64 10072426685 10079220185
65 10078781287 9895626832
66 10050369894 10075177227
67 10177339544 10077229567
68 10068175080 10088970885
69 10072918686 10087006378
70 10039365460 10077686784
71 9997000122 9994500039
72 10330216122 10062505603
73 10228682762 9766160056
74 10177339544 9951604620
75 10066945950 10087304553
76 10051154895 10024343556
77 9971699402 10088111374
78 10028515893 10090994609
79 10047615897 10150516792
80 10011743890 10151366948
81 10062442680 10079733858
82 10004856597 10004079955
83 10089697475 10238526787
84 10195806467 10036511637
85 10055055238 10063554097
86 10082277916 10042800493
87 9972839637 9988796725
88 10124927814 10241719060
89 10066319370 10070210712
90 10177339544 10102367932
91 10071315912 10091488778
92 10057023777 10057297264
93 10041424502 10073052813
94 10034073499 10131982883
95 10022726951 10092252929
96 10161496653 9978430281
97 9989380658 10031945336
98 9980273269 10113275601
99 10004949661 10094957089
100 10019716784 10241918211
101 10059997559 10084735151
102 10085205285 10110829465
103 10075739651 10076215907
104 10069581481 10061803808
105 10048260120 10077406842
106 10023377388 10090140269
107 10098479651 10087304286
108 9975734943 10035986988
109 10177339544 9882564028
110 10025265876 10092613164
111 10024450765 10091752674
112 9995279787 10018641957
113 10069769353 9951306490
114 10060118024 10028330042
115 10074532133 10063168589
116 10200993175 10053607224
117 10044144612 10067584940
118 10071675600 10084149027
119 10034943553 10064750413
120 10059114843 10084565957
121 10051742790 10154616298
122 10095195091 10271384922
123 10072615264 9892441820
124 10056984220 10028711980
125 10058318594 10080565548
126 10042086684 10086710396
127 10073547527 10084545267
128 10105368396 9952691231
129 10078729430 10220960496
130 10099477400 9896946761
131 10040822603 10097167868
132 10088367763 9888014493
133 10177339544 10047742031
134 10067550685 10089018815
135 10066042413 10062537949
136 10177339544 10089540741
137 10045636174 10041294521
138 10046993190 10106294914
139 10088194834 10086769387
140 10065940486 10015253397
141 9976100250 10092657645
142 9983823181 10038696898
143 10039742092 10067704946
144 10079216846 9905344884
145 10056865222 10000204685
146 9989553826 10042770128
147 10129499386 9931498780
148 10097849499 10216348369
149 9995724989 10045379269
150 10080067133 10088764107
151 10056761742 10054828505
152 10102391157 10224069438
153 9970619058 10000049579
154 10111001003 10242961541
155 10065474821 10161309624
156 10034501972 10079762920
157 10092559804 9995289224
158 10058932356 10089105768
159 10139262535 9910696793
160 10034558328 10097623594
161 9989480182 10032114533
162 10050546509 10068365063
163 10082270953 10087410389
164 9983192500 10021006285
165 10307890778 9953361716
166 10064389155 10088850101
167 10189396354 9982317144
168 10177339544 10021863926
169 10034698138 9887659484
170 10147522560 9910757380
171 10033503073 10091057793
172 9988433781 10030335594
173 10057123927 10087970149
174 10071517105 10039421742
175 10184957469 10079431716
176 10032271322 10056113266
177 9992863656 10026323388
178 10060968555 10024497392
179 10031316183 10093428451
180 10058488363 10073122915
181 10112954973 9934791005
182 10177339544 10016569344
183 10026839874 10062135574
184 9977666361 9997092589
185 10032188956 10091158669
186 10007227679 9961350578
187 10044616584 10063634991
188 10045510217 10076853298
189 10097546674 9998961185
190 10028054647 10099009031
191 9986698086 10036160141
192 10081327559 10039556678
193 10069809093 10014656778
194 10096263957 10086240086
195 10067020112 10089685109
196 10156954264 9969213302
197 10091781630 10022504727
198 10089794994 10086736663
199 10079240990 10088121434
200 10023763979 10093652237
201 10176207414 9827031377
202 10074325939 10085954156
203 10017141556 10079435831
204 10177339544 10070596501
205 10186681060 10043325039
206 10020608680 10069044627
207 10020042224 10091769937
208 10082728984 10083095087
209 10023121573 10093794515
210 10092243971 9999591229
211 9962773188 9994041188
212 9972106989 10090033969
213 10028122497 10097588900
214 9978149967 10012852541
215 10111239706 10309355056
216 10048619182 10102904727
217 10177339544 10094614336
218 10061586590 10189026831
219 10067970758 10088810883
220 9996785106 10042363676
221 10062502789 10083808798
222 10046328523 10067103206
223 10082532891 10000467248
224 10062867950 9966934116
225 10032595312 10099147208
226 10033212126 10098394256
227 10023882418 10096623831
228 10066895176 10241918211
229 9939169637 10077703125
230 10056366590 10241918211
231 10026579802 10032432837
232 10177339544 9980279426
233 10046031236 10067899201
234 10177339544 9869156337
235 9981352468 10032969793
236 10027625962 10093214146
237 10099625494 10089144401
238 10056964046 10089256861
239 10115640029 9902126253
240 10109563820 9905150612
241 10046228883 10113023655
242 10010386787 9998804960
243 10076417593 10087450383
244 10025200206 10138783979
245 10177339544 10084742215
246 10062661772 10081337986
247 10002592796 10089769791
248 10105229215 10228894294
249 10050507140 10035893668
250 10067613849 10096775018
251 10057118048 10076831217
252 10057935497 10087291263
253 10177339544 10061194645
254 10132942187 10051237210
255 10057635251 10180842086
256 10177339544 10054425302
257 10058803659 10001633860
258 10045609285 10064231235
259 10059408396 9997032980
260 10177339544 10085034333
261 10177339544 10087635391
262 10177339544 10061994259
263 10071128839 10084444875
264 9977519665 10044668486
265 10053658007 10042465155
266 10246585265 10002979027
267 10123520331 10053930272
268 10086648324 10088408718
269 10028975789 10059767303
270 10045927838 10040971129
271 9999122893 9958395618
272 10092937612 10086495426
273 10086277172 10010170215
274 10047344421 10033694209
275 9993408854 9958461804
276 10074534345 10009471494
277 9990018095 10039086210
278 10117325305 9989223601
279 10016527165 9954486224
280 10029212665 10065694242
281 10324956658 9981802325
282 10044611551 10039868791
283 10185408790 10045596674
284 10037173604 10072814051
285 10074419836 10082126840
286 9951736297 10040586087
287 10018132739 10043658472
288 10116621761 9997514267
289 10177339544 10033203223
290 10037524826 10055663022
291 10066947153 10073148995
292 10108121719 10085329850
293 10100336487 10082934380
294 10086497631 10086989778
295 10006527614 10002298219
296 10022382981 10092796510
297 10066119661 10085671555
298 10069464742 10088871887
299 10075379754 10088417833
300 10177339544 10047985201
301 10110745161 10085128467
302 9976436422 10035264012
303 10076135458 10088359823
304 10025936679 10091638611
305 10086780689 9995674107
306 10087709341 10085120397
307 10069856222 10199453580
308 10101823842 10008774601
309 10042362168 10044924689
310 10036498133 10054635541
311 10114093378 9911055767
312 10072498403 10066277853
313 10081518279 10044765037
314 9985111720 10024687906
315 10052303360 10089614629
316 10102126439 10226480732
317 10065577130 10046806063
318 10177339544 10062820780
319 10012909651 9997566329
320 10095015683 10238196102
321 10046775441 10006384212
322 10040955642 10072467700
323 10014137146 10124131871
324 10177339544 9950646617
325 10106834913 10231624069
326 10146607963 9957715105
327 10045853132 10093886323
328 10181269427 9985736667
329 10057919233 10089183538
330 10086155640 10039148686
331 9970672935 10117132693
332 10120045854 10054152341
333 10037040455 10125813024
334 10062588405 10063613981
335 10070084309 10241918211
336 10050345388 10089144267
337 10050956450 10058739623
338 9991258542 10035137844
339 10009976927 10000674527
340 10004899772 10007651740
341 9960903898 10096630716
342 10071927731 10087966675
343 10010460194 10241918211
344 10024437954 10069845300
345 10088501608 10078676222
346 10073544145 10064192852
347 10047824595 10131303264
348 10042094017 10046701292
349 10106132253 9849942043
350 10212707129 10031051370
351 10177339544 10012667532
352 9983028607 10046803477
353 10055481909 10030097874
354 10123511625 10002259054
355 10062197540 10156671449
356 10052319827 9890692002
357 10064305919 10074247809
358 10095791187 10062432368
359 10062375596 10080638054
360 10061807492 10001714697
361 10025961626 10098686570
362 10071957982 10012109299
363 10007130323 10083880033
364 10110092218 9890550048
365 9992050990 10027469043
366 10081866777 10001280893
367 10177339544 10060107579
368 10049315132 10016596066
369 10051138455 10035193675
370 9986169477 10241918211
371 10035603817 10092070358
372 10046843760 10068682956
373 10029213288 10032212507
374 9979459710 10093950838
375 10064121675 10088702209
376 10089153678 10064661913
377 10106327981 9995468169
378 10004924276 10085808974
379 10065600808 10089168494
380 10144030399 10001448627
381 10099919172 9871092025
382 10059699504 10173864357
383 10027824659 10091493685
384 10113651036 9997218463
385 10177339544 10098592920
386 10049541642 10036964198
387 10177339544 10086984566
388 10076159391 10079987302
389 10034513391 10241918211
390 10105013478 9900602365
391 10027701995 10091503101
392 9994012384 10044036906
393 9995824589 10024944341
394 10047302518 10048518918
395 10077022069 10004861718
396 10055367620 10012850072
397 10061161891 10014841798
398 10095020811 10023655799
399 10084288421 10066265967
400 10059345629 10089074044
401 10103179183 9991315715
402 10177339544 10093116986
403 10021466390 9950056209
404 10053112666 10005789549
405 10177339544 9889942850
406 10056608912 10029128116
407 9996053588 10043289686
408 10148847980 10096844008
409 10030806933 10093292609
410 9986660024 10027320108
411 10080245761 10002245150
412 10021906443 10093750508
413 10011059795 10079660814
414 10062348701 10022763924
415 10023243519 10066123158
416 10050558937 10061339146
417 10036730546 10094478482
418 10043774989 10063601317
419 9984899490 10036900688
420 9964234706 10057113620
421 10072809234 10006642135
422 10071625648 10074230026
423 10042809862 10074688602
424 9941320187 10026618662
425 10052923468 10139971629
426 10047856284 10079969819
427 10065365245 10023335654
428 10177339544 10014167359
429 10086678545 10086975890
430 10011631445 9949231368
431 10033201801 10241918211
432 10037927211 10056571763
433 10043979188 10027274428
434 10330656879 10068247408
435 9992317803 10023051504
436 10032232224 10040714108
437 10177339544 10081990407
438 10031936214 10091178070
439 10037173977 9879216066
440 10177339544 10042117491
441 10037594346 10131872495
442 10078284627 10085914096
443 10036690308 10051213562
444 10044398782 10042666522
445 10045356810 10092123022
446 10103405954 10125099307
447 10104131428 9935755709
448 10177339544 10241918211
449 10067521987 10074231172
450 10036806006 10100912776
451 10088138835 10096674056
452 10089883769 10089861226
453 10006348082 10030739317
454 10087963807 10058752946
455 10007572151 9989540631
456 10187099165 10049866665
457 10051770234 10076929468
458 9975014696 10034662232
459 10096660916 10214327711
460 10061111106 10051048273
461 10039407390 10081582583
462 10177339544 10081592434
463 10027480360 10072871894
464 9980692384 10088910665
465 10032909526 10055405636
466 10077131679 10084343260
467 10177339544 10075571413
468 10177339544 10197639759
469 10177339544 10093595265
470 10059291791 10074433140
471 10084275800 10084611043
472 10026138278 10089630949
473 10090427647 10095332170
474 10052930032 10089566524
475 10038695725 10073854252
476 10209696410 10017286468
477 10158426934 9992668876
478 10045696943 10044477997
479 10061028316 10026358920
480 10009878361 10021239617
481 10036999066 10043909787
482 10057448304 9905664586
483 10027420754 10092684372
484 10326677837 10008731740
485 10027825329 10079595017
486 9991138992 10241918211
487 10067019703 10088841309
488 10142066775 9949768163
489 9994767054 10041510734
490 10059985703 10063739454
491 10158592493 9952832627
492 10041887027 10241918211
493 10032034174 10091170550
494 10172018284 9970435968
495 10076803185 10083970018
496 10056882059 10084083660
497 10125572345 10058204892
498 10010578544 10029216214
499 10077409869 10088719528
500 10086593140 10001142372
501 10177339544 10183573546
502 10097448525 9893040895
503 10034802315 10079634895
504 10118607877 9958242598
505 10084430320 10061657784
506 10102057238 10064953880
507 10113213521 9920484837
508 10188274420 10071925726
509 10090623076 9899757983
510 10020019717 10046244148
511 10089268948 10086777043
512 10116032314 9983300482
513 10027302742 10097549393
514 9997058485 10043941576
515 10028204248 10091464546
516 10065441687 10080550816
517 9988466825 10030391770
518 10039901234 10122481185
519 10079588189 10088094782
520 10097286874 9892026051
521 10144715664 9930894497
522 10068278967 9980379461
523 10052632597 10147743458
524 10017656283 10068444411
525 10093067361 10062457221
526 9995323245 10040678259
527 10020172417 9948611518
528 10058877302 10086083659
529 10082359792 10043765550
530 10177339544 9950998306
531 9997168632 10043065623
532 10081675887 10065322141
533 9923875665 10075144171
534 10028203153 10060623991
535 10177339544 10091191355
536 10029569753 10031463819
537 10183682052 9828303997
538 10112004516 9918716707
539 10082411900 10064082091
540 10013754097 10135608800
541 9986169477 9888770647
542 10087512273 9995089091
543 10022279590 10030864943
544 10071318012 10183108284
545 10100931136 10085881820
546 10090839972 10091839484
547 9979109814 10041361678
548 10177339544 10087461554
549 10034078981 10054108962
550 10177339544 9911303837
551 10120866290 9916447879
552 10100957988 9979289779
553 10006137347 10156485968
554 9986220346 10040059825
555 10024896257 10092315032
556 10075336963 10056452835
557 10067549967 10168479366
558 10177339544 10050774972
559 10082259256 10034759525
560 10004626972 9887659484
561 10084701574 9973968253
562 10016694468 9981135134
563 10029570117 10094801023
564 10062463304 10021649522
565 10199263991 10041154072
566 10052803810 10072189431
567 10036487155 10051438815
568 10013759183 10018546983
569 9986602121 10030781478
570 10057623219 10089206261
571 10080115447 10230237867
572 10096161429 10040888706
573 10058876520 9980971666
574 10052559265 10074508177
575 10093297692 10067992562
576 10094303196 10017331042
577 10177339544 10029825133
578 10083271573 10081868451
579 10024184007 10093817008
580 10099712164 10085975392
581 10100000000 10049564203
582 10093083082 9898231867
583 10008000143 10026196771
584 10026676180 10094160858
585 10067552975 10181717267
586 10052059595 10099222147
587 10105246054 9895682222
588 9992283622 10036880537
589 10209642489 10045557960
590 10177339544 10022385102
591 10082182743 10087899863
592 10109666808 9905253553
593 10104019777 10031968707
594 9996373635 9950481248
595 10143548444 9923722940
596 10056077119 10077659560
597 10055332228 10144066654
598 9972669800 10040376684
599 10062960810 9972572628
600 10032991394 10055296714
601 10044007662 10048197056
602 9976390942 10004211047
603 10052867040 10076735152
604 10090331492 10236171792
605 10000016111 10028417387
606 10069093760 10037669441
607 10047480625 10089142616
608 9946690879 10077537778
609 10177339544 10086455764
610 10194233233 10066557778
611 9986433138 10026934390
612 10126516173 9997921982
613 10072634892 9982915896
614 10148518324 9933270600
615 10177339544 9993701347
616 10025869380 10093360850
617 10050960584 10035390897
618 10060917314 10088953397
619 10034685965 9947676769
620 10073366522 10241918211
621 10177339544 10027387183
622 10075831866 10088383128
623 10047720240 10086001447
624 10069754308 10056961456
625 10113097852 9991925479
626 10129130505 9925745129
627 10173121382 9978239530
628 10058279494 10088321458
629 10085468969 10027553236
630 10177339544 9996711269
631 9986169477 10241918211
632 10049857541 10056372195
633 10177339544 10048095901
634 10064217808 10028607628
635 10053259927 10079334200
636 10055314848 10079579538
637 10077946417 10088220809
638 10177339544 9887659484
639 10025627933 10095172344
640 10063452613 10090139232
641 9960999387 10108872293
642 10068823257 10096243349
643 10051688818 10241918211
644 10065680918 9974873179
645 9976287692 10043067475
646 10094408948 9952558236
647 10136258828 9931833330
648 10076085284 10079741062
649 10000000000 10241918211
650 10050461962 10041085949
651 10055195064 10084738085
652 9982462689 10034033867
653 9964904689 10130808368
654 10177339544 10215187580
655 10017307584 10072704833
656 10088207806 10086858500
657 9991240509 10025996869
658 10024994231 10091752262
659 10074751003 10004961270
660 10067294986 9988939320
661 10068664086 10166731552
662 10070992680 10086809775
663 10054462209 10085049125
664 10098382608 10074459477
665 10050256083 10241918211
666 10087695910 9987154304
667 10063693251 10241918211
668 10177339544 10095962523
669 10009366174 10135919145
670 10005115392 9990612777
671 9992724524 10051658217
672 9974509348 10030537325
673 10061436750 10067306229
674 10092972259 10023106174
675 10031725338 10097015670
676 10177339544 9994195478
677 10330473528 10066823927
678 10023122908 10108829367
679 10088656347 10086195857
680 10094620547 10237036560
681 10049132054 10147031101
682 10083567843 10092613706
683 10008229514 10015582756
684 10116764093 9942832589
685 10024124446 10091777724
686 10038505261 10048878329
687 10177339544 10087835461
688 10064762446 10091762914
689 9967879104 9880543194
690 10031359696 10035470108
691 10000182032 10035214236
692 10029801239 10098415591
693 9992796756 10033506244
694 10023858105 10031287390
695 10175902111 9982355511
696 10040306221 10068212692
697 10019481592 10011622015
698 10026981942 10091316758
699 10056596255 10091100172
700 10056144719 10077969300
701 10077568869 10088249791
702 9965034898 10089451404
703 10101413064 10085844826
704 10084639491 9880237759
705 10053928700 10032099894
706 10103136931 10055618938
707 10177339544 9932001368
708 10089421686 10068571860
709 10046944340 10094552956
710 10068270418 10097766344
711 10061558159 10172775106
712 10177339544 10113292368
713 10177339544 10087948300
714 10057739128 10075924439
715 10119972518 9979839262
716 10177339544 9994788251
717 10041892958 10121219152
718 10130115831 10053508724
719 10043999823 10089465764
720 10074162111 10086500228
721 10099213644 10089756045
722 10177339544 9988205734
723 9992572627 10019122369
724 10045834106 10075754195
725 10080661905 10024050169
726 10056657406 10073273430
727 10043306149 10016831233
728 9991377410 10039200934
729 10074755327 10013422513
730 10004622865 9842021696
731 10065231108 10083603507
732 10030365664 10103534323
733 10140013937 9934797912
734 10073703709 10176067597
735 10186911863 9983662524
736 9991266102 10186378284
737 10126695116 10060961530
738 10058375334 10089148526
739 10025348726 10092589624
740 10056590619 10083992830
741 10184586288 10050027274
742 10116404201 10018215307
743 10113534872 10054568487
744 10053522261 9948524659
745 9978000005 10044196678
746 10006430218 10241918211
747 10139312911 9932973685
748 10015229347 10117217201
749 10043399745 10078415419
750 9996027166 10043244768
751 10066993614 10241918211
752 10051747489 10063239257
753 10177339544 10082233348
754 10049263314 10037272804
755 10101421337 9897127022
756 10029353014 10003297791
757 10177339544 10086079797
758 10128770159 10053594732
759 10034756010 10097526267
760 10024692033 10094389487
761 10090352176 10085674473
762 9992609708 10037434901
763 9938789935 10031119134
764 10005951072 10078282229
765 10031138584 10001082706
766 10074686594 10005947695
767 10073121138 10090940566
768 10034551423 10077709249
769 10057920441 10119569057
770 10177339544 10087832059
771 10026625294 9887659484
772 10051846881 10062452730
773 9978647419 9892208171
774 10038041591 10049715280
775 10030350217 10091299815
776 10053586340 10079722956
777 9987501972 10028072322
778 10079551936 10067860470
779 10097115498 10086174719
780 10069531510 10088652282
781 10057937320 10088049894
782 10105581915 9890754860
783 10025716871 10117884616
784 10062495969 10056267639
785 10050824162 10079126769
786 9985593401 10025506791
787 10149819925 9963487552
788 10065398400 10081622298
789 10030636625 9950284059
790 10053985569 10035452926
791 10073666007 10088549386
792 10045345859 10071697925
793 9990663967 10034566595
794 9987440760 10028647403
795 10098942140 10086034501
796 10012579702 10135931808
797 10071274584 10012836996
798 10177339544 10037242524
799 10051448084 10034850364
800 10177339544 10101191833
801 10066765035 10086893235
802 10099779263 10096180540
803 10267021006 9974490320
804 10326366493 10003860485
805 10061333627 10075366581
806 9991877074 10022279567
807 10108444453 9952206731
808 10018386335 9887659484
809 10070857936 10241918211
810 10057778645 10076272443
811 10021055017 10096797842
812 10029174467 10094369325
813 10018345785 10014992102
814 10111658205 9952297177
815 10091081387 10086637915
816 10072567366 10086708090
817 9983088878 10031852133
818 10099650688 10085980111
819 9973804615 10037541045
820 10010856381 9992575753
821 10177339544 10087258352
822 10012157679 10085422666
823 10080023982 10093687936
824 9976272539 10085401457
825 9995746075 10042091191
826 10032645014 10031220532
827 10048141633 10068207120
828 10072816445 10095300010
829 10002966578 9973173771
830 10231812583 10010328611
831 10041625420 10205683743
832 10111175883 9995092647
833 10177339544 10241918211
834 10053476751 10140912242
835 10054237508 10098235081
836 10120485060 9989451991
837 10070144852 10088452799
838 10061778001 10000848602
839 10042519560 10048712403
840 10071492433 10088716235
841 10055252916 10060094112
842 10065198312 10059318852
843 10059172282 10089087350
844 10058514819 10027014875
845 10059260385 10080088820
846 10059145103 10026582580
847 10177339544 10032676426
848 10015454335 9980204829
849 10063122079 10052031545
850 10077599703 10076943991
851 10019313892 10071602241
852 10047689441 10009372929
853 10045431037 10032675152
854 10113766358 10315334465
855 10177339544 10002950697
856 10027681418 10060999606
857 10085344552 10043223426
858 9973576862 9921315197
859 10082251994 10000501431
860 10177339544 9997587664
861 10071181602 10083295794
862 10073578996 10088616369
863 10177339544 10076123945
864 10023548715 10091891258
865 9960148808 9997371942
866 10034578834 10074642974
867 10049020643 9876573554
868 10022544340 10092481230
869 9990424581 10033720063
870 10031225125 10093348332
871 10054570415 10057591511
872 10031240824 10057255867
873 10057118514 10003571503
874 10177339544 9984723668
875 10094136569 10024416020
876 10080403444 10088032200
877 10154735942 9964042586
878 10030976393 10091251748
879 10054253706 10033145297
880 10161266733 10001003682
881 10069605231 10099785102
882 10029710075 10091348955
883 10177339544 10033981210
884 10063014604 10074205118
885 10082340041 10088709723
886 10079557801 10003682736
887 10035813960 10056059350
888 10177339544 10011538477
889 10075362290 10194484898
890 10011570932 10024640957
891 10003123505 10088431925
892 10177339544 10001129848
893 10081728701 10092554943
894 10059946950 10029867907
895 10177339544 10069543493
896 10177339544 10036397972
897 9985843252 10052076288
898 10044984995 10062047124
899 10038499757 9961017495
900 10013957338 10241918211
901 10138067269 9933640939
902 10022998499 10096250725
903 10082789480 10082175447
904 10057693677 10089200852
905 10177339544 9990696006
906 10100965150 10085879209
907 9967440884 10042757724
908 10031296969 10090357719
909 10078355743 10088695928
910 9992401065 10040241396
911 10076273704 10007411943
912 10249056647 9832175990
913 10080614506 10088015999
914 10177339544 10036819831
915 10124906293 9934513725
916 10065964736 10016480512
917 10092134078 9990759847
918 10010279960 10168418240
919 10206794817 9791471739
920 10177339544 10076457461
921 10033837709 10096775986
922 10032058945 10056348747
923 10067662715 9903564125
924 10051534938 10074878858
925 10000453684 10071749982
926 10008226343 9993263791
927 10022639509 10091891712
928 10097355582 10217408895
929 10052541631 10071114707
930 10053126965 10081169507
931 10086488008 10097026826
932 10049219261 10080610392
933 10020439664 10033412896
934 9982226534 10019503266
935 10113889233 9902821999
936 10177339544 10024372302
937 10135316114 9930891050
938 10011850023 10052645804
939 10054479419 10031489265
940 9994691818 10004290860
941 10033689440 10081057072
942 10009534347 10058510030
943 10177339544 10082576694
944 9997779130 10190696153
945 10038181727 10114909854
946 10177339544 9970094746
947 10057387208 10086013104
948 10066953284 10040488104
949 10066564167 10089094543
950 9986169477 10241918211
951 10026235897 10241918211
952 10059767908 10091044693
953 10001472255 10180302729
954 10061556593 10091229564
955 10157586590 9979106612
956 10011369547 10079288838
957 10094456998 10082657337
958 10236413869 9817437704
959 10059753526 10088296697
960 10040550390 10017612740
961 10086779643 10048715132
962 10020646885 10037823349
963 10027464419 10091521338
964 9970087697 10037742118
965 9985903358 10028384790
966 10042834083 10044697393
967 10003669413 10088477083
968 10177339544 10147127549
969 10091790740 10099413145
970 10147216146 9952211722
971 10103522821 10225993329
972 10177339544 9919914320
973 10120480566 10020705718
974 10119087058 9932018024
975 10029708875 10060028363
976 10097242645 10038236238
977 10070583241 9883390155
978 10069564262 10088864247
979 10094608938 9986994263
980 9959655223 10045869636
981 9991501069 10051482730
982 10066321853 10087109343
983 10037068648 10071479640
984 10018127344 10095692552
985 9999257868 10013874728
986 10025098937 10095497067
987 10065897204 10098293048
988 10154489752 9991582222
989 10028011146 10095585243
990 10177339544 9894965153
991 10072306592 10088189842
992 10026010981 10096246079
993 10122721215 10039656432
994 10023163653 10150972487
995 9992813830 10041855249
996 10007206727 10058161359
997 10100447175 10080378838
998 10324262211 9970937062
999 10052980004 10031025864
1000 10061484851 10088218124
1001 10326364966 10003836595
1002 10011231133 10067255884
1003 10040269013 10241918211
1004 10142871675 10011529240
1005 10066597151 10089092011
1006 10063477746 9998318720
1007 10096404747 10213892210
1008 10064049848 10075537748
1009 10060775585 10005585021
1010 10006103686 10038013442
1011 10056477568 10085556599
1012 10023779669 10091804190
1013 10087497624 9994879180
1014 10077760457 10093948017
1015 10052272654 10081447042
1016 10101365589 10057429504
1017 10078817060 10196035366
1018 10164504239 9993521397
1019 10008227501 10138790446
1020 10100289126 10085931103
1021 9993950948 9967639868
1022 10093997816 10085595703
1023 10262315573 9847632549
1024 10177339544 10067805300
1025 10003748019 10067932836
1026 10085510349 10085813454
1027 10013072082 10064923071
1028 10064932800 10089219772
1029 10177339544 10087442448
1030 10107267317 9910645299
1031 10060168056 10051140511
1032 10010047288 9989155176
1033 10024142876 10117235642
1034 10060713579 10092095437
1035 10044225737 10087850696
1036 10023836082 10116220909
1037 10098933197 10086102630
1038 10031576966 10000465099
1039 10065749470 9897511465
1040 10172230939 9950612915
1041 10057643035 9996395189
1042 10065689837 10089856653
1043 10106179404 9912500214
1044 10066763045 10085723895
1045 10028995651 10095958801
1046 10020007227 10038640398
1047 10022083991 10016298485
1048 10100676819 10075807234
1049 10111265055 9918375850
1050 10092602107 10083599207
1051 10110158134 9905744652
1052 10085357694 10238526062
1053 10177339544 10226990373
1054 10137400293 9920694794
1055 10072619835 10011375447
1056 9986169477 10241918211
1057 10053123694 10089551657
1058 10177339544 10038982971
1059 10088832654 10090476432
1060 10070496044 10005783862
1061 10171262850 9977649298
1062 10067443913 10088680917
1063 10038854852 10078938634
1064 10015767652 10048407693
1065 10055443178 10008050261
1066 10100216176 10083245592
1067 10047230251 10141889648
1068 10177339544 10068698597
1069 10114182456 9919900067
1070 10024679396 10095330586
1071 10083606697 10025535445
1072 10177339544 10089940062
1073 10056260737 10084644429
1074 10177339544 10087518383
1075 10177339544 10004030724
1076 10022056170 10068306394
1077 10019868439 10099084624
1078 10177339544 10097009213
1079 9950617124 10055866040
1080 10071045598 10183638431
1081 10072688955 10088624387
1082 10025235358 10093012417
1083 10177339544 10036515285
1084 10088338375 10086848477
1085 10147362339 9969824005
1086 10105986972 9902926787
1087 9971481933 10115772884
1088 10023458523 10093028242
1089 10069827633 10012615250
1090 10071309382 10097928084
1091 10061167445 10088704933
1092 10046082868 10070826054
1093 10097054356 10072945456
1094 9987856715 10037199279
1095 10073949555 10007817405
1096 9991178140 10019294630
1097 10127852765 9911275400
1098 10177339544 9924882256
1099 10053895913 10078860259
1100 10054162509 10063617414
1101 10036253661 10092613823
1102 9985766317 10048651378
1103 10048962364 10073535734
1104 10037095562 10078540895
1105 10011033881 10077433402
1106 10177339544 10028112322
1107 9994362582 10040414883
1108 10057454042 10086071106
1109 10049503590 10080474905
1110 9994329940 10036294787
1111 10053711480 10057849662
1112 10063606818 10089321558
1113 10190518288 10043050178
1114 10083714982 9976996798
1115 10086358256 10087000476
1116 10043867237 10096051700
1117 10124495479 9915240065
1118 10084683890 10193966105
1119 10042964728 10075013810
1120 10045267480 10241918211
1121 10177339544 10014724837
1122 10080435314 10073247265
1123 10053708672 10031107335
1124 10177339544 10063639519
1125 9990937232 10031246528
1126 10039363239 10048249857
1127 10046936330 10039852928
1128 10074685725 10088472027
1129 10025759075 9960208970
1130 10098938722 9895313149
1131 10121849783 9928212926
1132 10005096405 10141791803
1133 10065648184 10019616932
1134 10098414675 10082229002
1135 10122553987 9995133425
1136 10027106118 10091049701
1137 10035848991 10061232691
1138 9984897664 10054935642
1139 10018952978 10070330081
1140 9996078874 10039137444
1141 10120045798 9915627764
1142 10041393631 10002566147
1143 10177339544 10091680002
1144 10054224176 10000000000
1145 10040800146 10078806322
1146 10177339544 10065795182
1147 10066157002 10040008353
1148 9991949894 10047835458
1149 10042155859 10075209050
1150 10080712122 10017444816
1151 10058385378 10066578366
1152 10177339544 10035316118
1153 10091263798 10242908761
1154 10073765923 9956338170
1155 10052122581 10077597676
1156 10075711506 10088392367
1157 10177339544 10045588642
1158 10062415638 10087938518
1159 10173856936 9959256629
1160 10056767858 10089271921
1161 10077127634 10077355011
1162 10103195811 10085707977
1163 10155711462 9984193322
1164 10055522189 10089367542
1165 10052797791 10071655566
1166 10092021963 10092239539
1167 10096479182 10086223565
1168 10016301419 10112693579
1169 10177339544 10024195113
1170 10100978212 9982416869
1171 10069013298 10028410108
1172 10054570095 10082665444
1173 10177339544 10241918211
1174 10068386289 10019148096
1175 10012968473 10025982810
1176 10057479683 10081906807
1177 9988192812 10025958093
1178 10020820403 10103937869
1179 10162279074 9867685733
1180 10065391273 10089845650
1181 9989366859 10027099192
1182 9954885782 10094320041
1183 10076276989 10004958665
1184 9992852887 9996668466
1185 10094793437 10007695251
1186 10041816735 10055543863
1187 10057449914 10026881527
1188 10011358500 10079301087
1189 10105055461 10228598903
1190 10145362006 9916836086
1191 10086167305 10088702539
1192 9988674265 10041760627
1193 10046084167 10070020230
1194 10177339544 10181987520
1195 10092444850 10075694226
1196 10055695172 10077249863
1197 10288778708 9975574479
1198 10023386221 10091747026
1199 10106707962 9893596550
1200 10055931151 10089336149
1201 10084848645 10029107881
1202 10055406231 10079633438
1203 10069809695 10088845407
1204 10087209300 9993896802
1205 10020456234 10145862065
1206 10029234540 10095160167
1207 10087397968 9994989677
1208 10068490150 10088946699
1209 10066661609 10017981837
1210 10102835874 9905841611
1211 9935725087 9903033612
1212 10177339544 10095951870
1213 10041285193 10079074414
1214 10072498403 10241918211
1215 10063885988 9990109510
1216 10059412507 10025144626
1217 10252525948 9836220319
1218 10046894729 10086555797
1219 10058976345 10050936888
1220 10102464249 9898054310
1221 10140518903 10082842949
1222 10177339544 9999588372
1223 10011986147 10127689639
1224 10050959809 10064416621
1225 10060960105 9993243263
1226 9982352291 10033409157
1227 10052034122 10078446464
1228 10112102494 9907688118
1229 10058722000 9997916559
1230 10177339544 10209692374
1231 10081285392 9969962814
1232 10008071942 10026804718
1233 9993298401 10038605716
1234 10177339544 10004945901
1235 10078115328 10241918211
1236 10180720734 9950070294
1237 10162285334 9983773157
1238 10054585512 10110522090
1239 10056099704 10022350981
1240 10039517304 10058246342
1241 10062959020 10077738764
1242 10177339544 9992404469
1243 10037469217 10062817349
1244 10042360732 10071861826
1245 10011490171 10124441097
1246 10001375649 10069245228
1247 10177943752 10044740413
1248 9991048222 10034780288
1249 9989975754 10032957033
1250 10177339544 10009200059
1251 10026821424 10095319603
1252 10024786209 10117387643
1253 10099151336 10084827693
1254 10261402158 9846567738
1255 10077455152 10064082091
1256 10173099226 9844386624
1257 10113550917 9948335135
1258 10089196789 9951736443
1259 10071421526 10088721678
1260 10041572682 10065423921
1261 10092510699 10080734265
1262 10035572934 9887659484
1263 10098890351 9949991323
1264 10177339544 10075500124
1265 10049383372 10066601656
1266 10116849095 9920428597
1267 10035228696 10052834175
1268 9997341024 10042398328
1269 10074692805 10009076969
1270 10266642680 9852676863
1271 10177339544 10019322070
1272 10082955853 10082971069
1273 10114627121 9912583154
1274 10025446729 10098703035
1275 10064360059 10020533761
1276 10080174656 10088049763
1277 9989837970 10039037694
1278 10088601683 10099148845
1279 10177339544 10022990182
1280 10109871292 9908236224
1281 10080189989 10088048586
1282 10002368953 10055479959
1283 10037208285 10124197096
1284 10027339618 10091530918
1285 10054888829 10065131844
1286 10055955972 10007415249
1287 10022661367 10065508063
1288 10080231266 10078939599
1289 10177339544 10020698606
1290 9984490545 10023631875
1291 10057824479 10087546448
1292 10057913598 10148455127
1293 10054142289 10052348329
1294 10111912999 9940630109
1295 10038829647 10074566512
1296 10177339544 9996163807
1297 10083624129 10087784971
1298 10004955722 10080952323
1299 10032786641 10064983105
1300 10010380098 10079767900
1301 10060642994 10082094200
1302 9996394290 10039230664
1303 10050555467 10075330778
1304 9974223223 10007769212
1305 9986951871 10043763274
1306 10049847143 10036625463
1307 10071012491 10066390596
1308 10177339544 10054215378
1309 10118376052 9988774414
1310 10106465440 9899814590
1311 10022840058 10091876317
1312 10083730967 10076270620
1313 10064444376 10088215030
1314 10177339544 10031080153
1315 10326226309 10001667169
1316 9989014004 10026155799
1317 10061084897 10084857339
1318 10053651294 10088667873
1319 10037244851 10090770563
1320 10022080861 10029036586
1321 10116484585 9991535428
1322 9989769111 10038549415
1323 10044085048 10068136552
1324 10055674518 9999229539
1325 10328226567 10032963041
1326 10037157342 10050745025
1327 10093829486 10076894984
1328 10055462503 10080609187
1329 10060337205 10089184198
1330 10081683652 10085221664
1331 10177339544 10098197282
1332 10030815554 10091264095
1333 10177339544 10058418337
1334 10067915217 10174265887
1335 10020120355 9957971711
1336 10156292815 9993856335
1337 10175050937 9979089613
1338 10074878055 10070969496
1339 10037664179 10074149723
1340 10041749929 10048925245
1341 10143450450 9920885906
1342 10177339544 9929943123
1343 10080172579 10080370844
1344 10177339544 10182854349
1345 10056148484 10241918211
1346 10035001450 10100256985
1347 10085992126 9996548453
1348 10177339544 9991978344
1349 10037832272 10132232528
1350 10098219525 9887659484
1351 10044317420 10062893471
1352 10051968354 10079443683
1353 10034475218 10103523119
1354 10053135028 10104644317
1355 10137126719 9924040025
1356 10154747565 9965195492
1357 9936813584 10076850678
1358 10051998093 10157562837
1359 10069529982 10090349307
1360 10050828201 10086088148
1361 10072606695 10074800786
1362 10091565129 10086600782
1363 9976227105 10090891803
1364 10032446836 10092246796
1365 10018159595 10028450505
1366 10035791883 10087796904
1367 10158553681 9989804951
1368 10080409906 10087271900
1369 10023609715 10090244309
1370 10177339544 10089344671
1371 10060576520 10076830799
1372 10085098034 10051578647
1373 10037224484 10058113063
1374 10053464326 10032614785
1375 10047278379 10138074433
1376 9969785205 10088652855
1377 9982934697 9893341926
1378 10017000854 10072803017
1379 10058859743 10089111342
1380 10050167354 10089223771
1381 10022785721 10012979670
1382 10071435271 10241918211
1383 10023682427 10093338880
1384 10116519106 9917122968
1385 10013576472 10078973183
1386 10043074419 10076917903
1387 10103928801 10239607227
1388 10166149046 9987922733
1389 10090017417 9951759475
1390 9979024589 10088916169
1391 10075308878 10079387212
1392 10093938871 10093253186
1393 10045093411 10100589881
1394 10065138315 10087996348
1395 10177339544 10082552701
1396 10046826708 10039974476
1397 10080748307 10090325209
1398 10059511909 10012602928
1399 10089210337 10015808101
1400 10327274220 10018062704
1401 10037646354 10049210441
1402 10096183289 9937947638
1403 10177339544 10181242206
1404 10036285911 10047982679
1405 10033706982 10053500254
1406 10177339544 10194165405
1407 10053264773 10081519004
1408 10164735623 9998870765
1409 10035201679 10064158958
1410 9978682538 10092286659
1411 10183865875 9804677687
1412 10042864226 10241918211
1413 10100960391 10085879574
1414 10043608379 10044547061
1415 10088034259 10086871822
1416 9988462705 9984612489
1417 10002331767 10089309791
1418 10070523761 10076327438
1419 10052890754 10104893148
1420 10099154110 10086018230
1421 10073167748 10085565030
1422 10067387968 10080320745
1423 9992346357 10038582004
1424 10076256261 10091947898
1425 10037906022 10049871737
1426 10053617643 10032444789
1427 10043961237 10053120267
1428 10021885495 10106459330
1429 9970457066 10090585865
1430 10136848049 10061756796
1431 9943594313 9944634268
EOF