NAME : 1451
COMMENT : tspgen
TYPE : TSP
DIMENSION : 1451
EDGE_WEIGHT_TYPE : EUC_2D
NODE_COORD_SECTION
1 10005139220 10102200520
2 10031297978 10045671566
3 10035142827 10016127643
4 10003122196 10030009855
5 10046892536 10051892784
6 9958372529 10033813382
7 10038420441 9987550074
8 10007399010 9769634418
9 10084638040 10036432759
10 9992467182 9822145007
11 10060921194 10032656136
12 10081057837 9848578848
13 10037841524 10044066889
14 10017775006 9822145007
15 9984257633 10113902070
16 10047886976 9769634418
17 10015995477 9822145007
18 10173474269 10086523444
19 10017007228 10102282344
20 10061448299 10088533825
21 10092517695 10088939545
22 10053463939 10143009354
23 10056431067 10132447179
24 10031225673 10126093611
25 10021908735 9769634418
26 10143127712 9848578848
27 10024129294 10086675452
28 10091502054 10033233114
29 10041169688 10059705373
30 10084041816 10033233114
31 10023456580 10034524088
32 10013342483 9848578848
33 10080199197 9848578848
34 10068624047 10020124745
35 10021049797 9822145007
36 10062171823 10132390647
37 10067588466 10042851265
38 10001762608 10003366294
39 10100931266 9769634418
40 9985651238 9848578848
41 9963265079 10022553138
42 10004885909 9848578848
43 10003590756 10025675245
44 10087701295 9848578848
45 10011218330 10026889117
46 9978643118 10033233114
47 10007271296 10011390048
48 10008973169 10021172468
49 10076141422 10065656922
50 10009791574 10018433486
51 10102721575 10083414849
52 10082850912 10073840335
53 10105905281 10072979017
54 9980153214 10033233114
55 10086400420 9853060927
56 10073967791 10106331768
57 10041070786 10000751859
58 10025600158 10026044994
59 10001379680 9769634418
60 10084447909 10105938226
61 10015904716 10011621387
62 10077107579 10043893994
63 10012202282 9848578848
64 10076292397 10036125819
65 10029572956 10019841285
66 10095974563 9848578848
67 10096445479 9848578848
68 10086113544 10134407141
69 10094537886 10023595673
70 9986290894 9769634418
71 10032317725 9960373016
72 10161338017 9643008863
73 10021604420 9822145007
74 10075411486 10033233114
75 10069830125 10041644305
76 10087328294 9848578848
77 10041640546 10139010224
78 10069465917 10039071164
79 10047653808 10132092460
80 10084554490 10120997079
81 10080153358 10044054325
82 10032317725 9769634418
83 10055118181 10088746729
84 10098141993 10091017209
85 9975046418 10122855764
86 9996488096 9848578848
87 10070983821 10037214498
88 10077820080 10037692137
89 10027966508 10033572373
90 10080286666 10008341093
91 10082908038 9822145007
92 10041019577 10046586985
93 10026095164 10038275149
94 10086744541 10033233114
95 10028525784 10046489253
96 10045661547 10071854647
97 10019408857 10005741399
98 10062117765 10009585520
99 10053254342 10076885143
100 10005133783 10193075174
101 10030050393 10135001612
102 10088149113 9848159293
103 10062761386 9769634418
104 10058538045 10035198422
105 10038816808 10133909893
106 9984276023 9769634418
107 10008575535 10023286180
108 10017607353 10034147233
109 10064042018 10033233114
110 10007708753 10055787960
111 10017225933 10029338177
112 10004676541 9848578848
113 10078609167 9822145007
114 10017718620 9769634418
115 10109848228 10108474313
116 10025026847 9822145007
117 10152194015 9668639742
118 10042426285 10042167203
119 10095408350 10136812066
120 10040421662 9848578848
121 10022723130 10112948018
122 10090965243 9848578848
123 10027135025 10121005294
124 10052951271 10077440984
125 10094494164 10033233114
126 10015528296 9769634418
127 10046604884 10007520627
128 9939401699 9769634418
129 10013972579 10021041456
130 10041837244 9769634418
131 10101008032 10068060533
132 10004084999 9848578848
133 10023359065 10039585474
134 10042383833 10065532342
135 10009071053 10012160491
136 10073987570 10035379209
137 10068024349 10032271535
138 10066596249 10033233114
139 10044080668 9971684310
140 10039357521 9769634418
141 10044158592 9848578848
142 10019534483 10112414989
143 9996313388 9769634418
144 10094305520 9822145007
145 10089933879 10073874718
146 10059241511 10012918084
147 10024857205 10083976379
148 10091975440 9848578848
149 10093976473 10033233114
150 10022974666 10116971140
151 10062872015 10032520827
152 10014428168 10013265200
153 10103505061 10038740528
154 10080944143 10116249480
155 10091999265 10080387980
156 10037052483 9769634418
157 10007929037 10036502447
158 10052302440 9848578848
159 10049441858 9769634418
160 10041800158 10034436738
161 10114707790 10079555140
162 10039400508 10086139831
163 10086205399 10033233114
164 10036706907 10036061083
165 10098544109 10068061613
166 10046537903 10067336928
167 10096008852 10085386825
168 10086685645 10111989044
169 10112311120 10064058472
170 10080453149 10067362386
171 10005586349 10009830597
172 10025489835 10012652191
173 10037463941 10052277800
174 10054996590 10038540323
175 10091622447 10006920256
176 10042278194 10054598501
177 10004031863 10030708691
178 10033776088 10049194493
179 9987083797 9769634418
180 10006762287 10114059787
181 9998591842 9769634418
182 10014371767 10021608948
183 10013059774 10015283537
184 10067735347 10038118807
185 10055910802 10032522485
186 10028650853 10037601886
187 10088055739 9769634418
188 10058952070 10084985139
189 10086349999 10123934546
190 10135949434 10240637574
191 9988952257 10114580417
192 10088642908 9822145007
193 10026394104 10088223260
194 10039183969 10061185269
195 10005432317 10020011732
196 10044529916 10036572957
197 10031857280 10130045167
198 10079861489 10049866462
199 9991280755 9769634418
200 10016205216 10005032016
201 10086770637 10140017145
202 10050335080 10072735065
203 10016736251 10071508778
204 10098631120 10006285211
205 10094651077 9848578848
206 10083020982 10035552438
207 10087561512 9769634418
208 10035495950 10051639482
209 10061613019 9922540667
210 10023423942 9987407508
211 10076533583 10041172148
212 10086178199 10031674631
213 10075494704 10043262963
214 10033609710 10090216109
215 10006742851 10016241337
216 10056961558 9822145007
217 10084285775 10121000007
218 10119453584 10061373359
219 10112301166 10160827209
220 10021111291 10133992711
221 10043207079 9994520097
222 10012767815 9822145007
223 9996090459 9822145007
224 10089708081 10133466673
225 10056297220 9769634418
226 10030749949 10055675868
227 9988982652 9848578848
228 10013258988 10020027002
229 10093937934 10136429356
230 10072391442 9848578848
231 10008476673 10011315508
232 10062444225 10045616992
233 10006289970 10020139054
234 10068954083 10033874139
235 10047577954 10140883186
236 10045745018 10099935558
237 10059566697 9769634418
238 10011094473 10015459435
239 10101833226 9809802363
240 10024386814 9987128493
241 10000544164 9822145007
242 10065572898 10033233114
243 10000233072 10001026919
244 10040533873 9941104937
245 10075195858 10133175853
246 10018825337 10042301247
247 10090367164 9841942038
248 10068990544 10025927185
249 10051052606 10052566526
250 10044558152 10064522477
251 10069901445 10052752867
252 10081003951 10022291473
253 10074061886 10041173694
254 10092854404 9823443509
255 10078266106 10067829330
256 9990016867 9989241495
257 10033479315 10078201326
258 9975034523 10148856077
259 10096503146 10090823597
260 10012987497 10081387486
261 10080085786 10069769769
262 10073666890 9769634418
263 10067085227 10006255231
264 10065879048 10138670973
265 10069597573 10019277542
266 10046904534 10133674471
267 10025873484 10019539721
268 10064396939 9980319345
269 10097616445 10033233114
270 10026916168 10014866628
271 10080141852 10033233114
272 10004694611 10072346024
273 10089507428 10135853183
274 10115992511 10082607949
275 10096374736 10063407008
276 10016117652 10074730590
277 10095457880 10085022220
278 10060385960 10014337385
279 10009263967 10022748126
280 9911085014 9769634418
281 10153435472 9665159906
282 10075838092 10036755748
283 10033471300 10001422647
284 10023656260 10015157788
285 10008021590 10030558898
286 9941487101 10033233114
287 10093302954 10143186725
288 10077097282 10038163839
289 10025940791 9822145007
290 10046516252 10067306148
291 10052584619 10137404329
292 10034111060 10044241592
293 10035974565 9848578848
294 10003729405 10007386489
295 10064483070 10033233114
296 9975701457 10034498840
297 10006091623 10009698840
298 10051553782 9848578848
299 9946843468 9933130169
300 10095021534 9828895717
301 10038244568 9822145007
302 10093556600 10129423456
303 10154761225 10227956656
304 10095618863 10137111336
305 10064403847 10040385586
306 10006185362 10013715187
307 10042863581 9848578848
308 10124591342 9769634418
309 9972541854 9822145007
310 10080418740 10012918084
311 10046206077 10139616403
312 10031443833 9971186324
313 10100978989 9848578848
314 10064371340 10041913017
315 10021521487 10031773124
316 10033464342 10092006708
317 10000000000 10076172425
318 10032931254 10127260370
319 10063778419 10024975408
320 10086436121 10036802469
321 10072301310 10056289245
322 10073226008 10033233114
323 10063367201 10018114302
324 10009571226 10012871545
325 10062779510 10033282148
326 10102853297 10147395942
327 10094121029 10023051019
328 10040646779 10058961996
329 10091212710 10043189836
330 10075695909 10031998284
331 10041427808 10034902601
332 10003837618 10012140568
333 10096939512 9822145007
334 10013830976 9848578848
335 10088741755 10135359582
336 10034346035 10056829010
337 10066095660 10038056039
338 10011933389 9769634418
339 10094530398 10070671129
340 10090069160 10123265553
341 10021100800 9822145007
342 10006690366 9848578848
343 10039165805 10055056749
344 9976632070 10028191990
345 10031336040 10045725675
346 10012395065 10043310399
347 10123398858 10075608374
348 10066128951 9864839977
349 10104512712 10156556234
350 9984017143 9982398100
351 9995085861 9848578848
352 10052149721 10056130916
353 10029075626 10038116393
354 9984014031 9990547892
355 10014226408 10021800024
356 10037202442 10052974229
357 10093154048 10079224602
358 10071875428 10025752279
359 10001725240 9769634418
360 9987173352 10112082534
361 10070650406 10084731218
362 10134487613 10192367875
363 10019052743 9769634418
364 10038018088 9822145007
365 10017476331 10007762627
366 10041651406 10060390193
367 10030245453 10145797197
368 10032317725 9991541350
369 10052642779 10075640901
370 10092825590 10083744395
371 10066688511 9769634418
372 10040688738 10136159093
373 10059176874 10154478624
374 10025456961 10037367867
375 10069546924 9769634418
376 10037768508 10058203355
377 10053754906 10033233114
378 10077546245 10052066818
379 10004312259 9769634418
380 10006081847 10092990254
381 10104731887 9822145007
382 10003723866 9769634418
383 10125809770 10033233114
384 10029737761 10050807148
385 10052832479 10144909799
386 10099259774 10033233114
387 10069470916 9848578848
388 10021459225 10124302875
389 10122675602 10075623614
390 10093632015 10137737174
391 10015011604 10022518553
392 10136830171 10197053379
393 10011629787 9769634418
394 10069627458 10049842576
395 10026386116 10130821850
396 10004124604 10091788404
397 10088386936 10116031348
398 10057377533 10091637294
399 10044074359 9822145007
400 10032895530 9822145007
401 10077701966 10033233114
402 10093335706 10027237345
403 10067642046 10045075806
404 9932667926 10069076314
405 10017516454 10072633952
406 10067528448 10071331030
407 10036442843 10007088205
408 10012072539 10029904214
409 10058859252 9769634418
410 10050485072 10051513904
411 10060579405 10011375556
412 10036472612 10037206105
413 10023726065 10091518373
414 9957992491 10022515902
415 10016992622 10025334805
416 10080734413 9822145007
417 10077220433 10031923966
418 10097355865 10072598973
419 10035535130 9995637677
420 10025268656 10037100170
421 10009902186 10013257888
422 10092053276 9837215822
423 10062628374 10090211441
424 10069211398 10052176030
425 10078062665 9848578848
426 10038369465 9822145007
427 10088770969 10091786116
428 10097336965 9769634418
429 10080733544 9848578848
430 10086189506 10033233114
431 10033207489 10003870375
432 10105398138 9769634418
433 10047235679 9769634418
434 10018275570 10019160930
435 10037998228 10130442151
436 10008386323 10011187066
437 10042822000 9991901738
438 10016453345 10028778884
439 10034727228 10007746384
440 10024060118 10033619505
441 10018261074 10018945888
442 10017665752 10036190608
443 10009899817 10013542733
444 10034798798 9848578848
445 9939137001 10086573285
446 10042276863 10039977435
447 10001126373 10020467174
448 10013826602 10009015856
449 10015576087 10122834948
450 10097296081 9822145007
451 10077071167 10130294411
452 10097698616 9822145007
453 10058387145 10040415514
454 10009812230 10044198309
455 10074021381 10055093314
456 10030769695 10044920548
457 10000751775 10087856009
458 10097380792 10017109066
459 10000532827 10000022389
460 10034357309 10035347643
461 10023800939 10041556889
462 10064495411 10059650952
463 10083312851 9769634418
464 10027885513 10148599450
465 10037216066 10023769222
466 10060962351 10143585070
467 10034179597 9822145007
468 10069533776 10053374253
469 10065753605 10030859364
470 10068096967 10006596356
471 10091926336 10097037727
472 10046751937 10004603915
473 10017014168 10012228361
474 10024013355 10035315610
475 10042450774 10054841130
476 10022207338 10116547176
477 10058692943 10073928428
478 10023205643 9991087680
479 10008703905 10084701850
480 10037380026 9822145007
481 10041181911 10038812408
482 10037378074 10133575257
483 10036690146 9974727024
484 10084938401 9848578848
485 10107705794 9822145007
486 10100842653 10156484756
487 10025201011 10036334853
488 10016615996 10119666719
489 10090850670 10020729393
490 10001370982 10052465161
491 10081726462 10031607062
492 10087474715 9822145007
493 10029580922 10033278958
494 10061948692 10061473491
495 10041507579 9994146223
496 10043713157 10041544243
497 10040417439 9769634418
498 10042211078 9998069680
499 10093913770 9848578848
500 10048264745 9955044212
501 10089785068 10079665332
502 10114367852 10033233114
503 10066202615 9769634418
504 10091020295 10062423086
505 10003986210 9995179396
506 10048971090 10008187067
507 10061476856 10151168344
508 10017548024 10008410235
509 10026739143 10039190641
510 10070095518 10003606218
511 10069830125 10027281195
512 10103195858 10077059350
513 10006954930 10012814320
514 10009807454 10013207372
515 9978106096 10033233114
516 9985584602 9997024220
517 10021287340 10047605468
518 10092341499 10055424027
519 10031243608 10081321662
520 10087571982 10072637453
521 10007583500 9848578848
522 10071471530 10017585100
523 10042638822 10131263893
524 10067887258 10046047321
525 10032554109 10003993559
526 10011993873 10016315626
527 10066987597 10039796043
528 10072057958 9769634418
529 10035008330 9997114312
530 10081344099 10050568488
531 10115054960 9848578848
532 9982065134 10033233114
533 10025362214 9822145007
534 10064189052 10042733314
535 10068272309 9877835032
536 10032013660 10033447000
537 10059241511 10041644305
538 10001483513 10001373901
539 9947913206 9769634418
540 10111669900 9769634418
541 10070918145 9769634418
542 10051448314 10000022234
543 10008101502 10114988924
544 9988638023 9848578848
545 10033028103 9769634418
546 10101434240 10033233114
547 10086921713 10033233114
548 10035438602 10051557954
549 10092659046 10068009226
550 10029695915 10087251979
551 9954837919 10081176729
552 10038318277 10055651754
553 10025779046 10037825750
554 10087578296 10125680715
555 10106218473 10086468794
556 10052597837 10060732145
557 10029306617 9848578848
558 9937203417 9822145007
559 10098938064 10086704381
560 10066903789 10064136181
561 10054462079 9985167366
562 9912885593 9769634418
563 10150896128 9822145007
564 10097094851 9848578848
565 10113522466 10062574155
566 10024410691 9822145007
567 10117517201 9848578848
568 10064158828 9769634418
569 10007662227 10025569812
570 10032394160 10047229919
571 10078522853 10040661192
572 10134306943 10211806779
573 10085706663 10076577640
574 10075638532 10024023400
575 10031177653 10097661357
576 10141107431 10205236178
577 10066370838 10039325288
578 10047815528 9848578848
579 10063016737 10084065968
580 10068465880 10081478175
581 9997407834 10015988205
582 10040572356 10055266881
583 10029307937 9848578848
584 10064588259 10078439207
585 10002514632 10009260544
586 10012420520 10013441108
587 10099061048 10084885770
588 10033009458 10036422749
589 10059241511 10027281195
590 10013416641 10020251123
591 10000183417 9848578848
592 9973133228 9769634418
593 10008902436 10006573272
594 10093968266 10087853805
595 10034961887 9769634418
596 10058166415 9822145007
597 10100092602 9822145007
598 10100399185 10077693349
599 10055136562 10053353421
600 10097715440 10081495894
601 10039393739 10001633235
602 10041090061 10062637177
603 10102880501 10163366973
604 10020756369 10105026069
605 10034384676 10059812300
606 10011564812 10022644286
607 10090465828 9848578848
608 9992219145 10123414808
609 10132359774 10106745631
610 10035014347 9997097448
611 10042270128 10061990933
612 10021160014 10032527186
613 10010474205 10014155238
614 10053808378 10077672770
615 10090116657 10136621273
616 10004768826 10024107643
617 10047790155 10133226476
618 10080756500 10040696161
619 10034196568 9848578848
620 10095244519 9822145007
621 10095201693 10022053604
622 10004158747 10006045724
623 10000937632 10090934218
624 10091393438 10131104393
625 9956955980 10033233114
626 10066288970 10032119248
627 10074681898 9856462998
628 10045131150 10039436727
629 10019152193 10028404891
630 10049533042 9969144625
631 10071638201 10046882299
632 10074057460 10130258384
633 10049005839 10135438770
634 10075133149 10083179290
635 9959344188 9848578848
636 10031140954 10045448338
637 10005171200 10007482035
638 10065458399 10051842906
639 10086371497 10035734008
640 10066957518 9822145007
641 10077238238 10028667157
642 10064578997 9769634418
643 10069248077 10042449308
644 10118617977 9848578848
645 10040067471 10097927798
646 10039078095 10003242467
647 10053971315 10033233114
648 10030027183 10056717316
649 10008058852 10022508215
650 10032348540 10013703350
651 9987873699 10110182404
652 10116635047 10078994381
653 10005360284 10001288692
654 10003468779 10085361881
655 10080086072 10123564581
656 10061950575 9921594487
657 10123475960 10099711554
658 10058671116 10074597259
659 10042379336 10055391061
660 10062237770 10052292377
661 10091842729 9848578848
662 10032317725 9941839925
663 10096323054 10079188578
664 10012780698 10019347055
665 10004124604 10066201683
666 10045950578 10048469681
667 10084212219 10037199540
668 10064818565 10051063550
669 10046676248 9848578848
670 10015742300 10023557324
671 10048374251 9959649282
672 9995823695 9769634418
673 10074586535 10036661890
674 10043929731 10063629102
675 10028846408 9769634418
676 10074736492 10040959875
677 10025784440 10039418301
678 9998427165 10001745589
679 10095829250 10025491648
680 10003938934 10013654979
681 10090149432 9769634418
682 10013487855 10020165463
683 10107168011 9822145007
684 10092235970 9848578848
685 10058186506 10158161148
686 10069459573 9900546568
687 10070308846 10094147589
688 10033746123 9848578848
689 10065324840 9891286452
690 10026262669 10133778446
691 10001771737 10007907337
692 9993029000 10130263917
693 10087141550 10033233114
694 10008570664 10011449128
695 10077262748 10046638276
696 10031205317 9848578848
697 10035657760 10047319278
698 9981361679 10029678934
699 10069581310 10036390848
700 10007683791 10024930989
701 10027351118 9848578848
702 9975589005 9973356086
703 10077316210 10129987875
704 10063477713 10151946397
705 9985269826 10052225196
706 10070785904 9822145007
707 10064527843 10032290794
708 10044633012 10064628900
709 10082868226 10022824161
710 10040871828 10058442560
711 10003761490 9769634418
712 10047717274 10019435202
713 10061605082 10088756710
714 9974401356 10027215014
715 10033524987 10130008313
716 10005676069 10007334117
717 10030973358 10125177474
718 10089137392 10078698818
719 10091738087 9769634418
720 10051086264 10091959751
721 10098036719 10031829569
722 9971090297 10036573315
723 10064975589 10174964295
724 10000790593 10055104705
725 10080137163 10124500427
726 10006460855 10124042757
727 10076879618 10052052405
728 10088270546 9822145007
729 9987897480 10110653440
730 10101601149 10008116152
731 9990906472 10033233114
732 10098491505 10065827372
733 10056278852 9848578848
734 10106362674 10157009286
735 10141087943 10089674774
736 10024483102 10090139570
737 10076196533 10023474940
738 10015008997 10088363540
739 10032317725 9848578848
740 10024780711 10013014528
741 9986112166 10131755839
742 10031956773 10051561561
743 10036937368 10070020143
744 10062981235 10033486429
745 10076590295 9769634418
746 10071307633 10048291348
747 10102915204 10083499652
748 9946828335 10033233114
749 10035381590 9848578848
750 10036728678 10132749106
751 10003433869 10093572739
752 10031066440 9848578848
753 10054588505 9928631424
754 10153670993 10098476153
755 10015181747 10074970474
756 10047652629 10026579638
757 10035372984 9996092176
758 10024494377 10033456236
759 9971498485 10175134085
760 9968495813 10034487684
761 10050482026 10027845455
762 10073971784 10049141402
763 10031318845 9822145007
764 10098182286 9848578848
765 10096333212 10074228033
766 10092080087 10022721460
767 10019704484 10018901850
768 10093443785 10127803162
769 10089229915 10084513047
770 10046614719 10034529888
771 10082064474 10037992178
772 10061220587 9822145007
773 10024800348 10036434413
774 10143842493 9848578848
775 10043955293 9848578848
776 10024316980 9952442708
777 10175237202 10085987856
778 9991708411 9989390299
779 10061295074 10079893951
780 10067004740 10041312881
781 10076177352 10033233114
782 10059468438 10041868833
783 10079783683 10040872064
784 9936084453 10094737838
785 9988752539 9986238242
786 10029687941 10039380301
787 10012092439 10016074318
788 10084706077 10117874841
789 10048327591 10064868279
790 10006583372 10045040285
791 10082378553 9864334327
792 10075037201 9769634418
793 10065739329 9769634418
794 10001387334 9769634418
795 10082354060 10042362510
796 10020965476 9822145007
797 9969515534 10155599623
798 10024514061 9822145007
799 10092396764 9769634418
800 10091632457 10054724101
801 10065407627 10062374163
802 10006397003 10015096646
803 10033155978 10048312934
804 10106919905 10062434787
805 10069715256 10045744299
806 10033123302 10033028184
807 10128106703 10033233114
808 10077643042 10049268121
809 10054470719 10051538734
810 10096571814 10033233114
811 10050209450 10138417736
812 10092288325 9848578848
813 10014296916 10021502540
814 10159653894 10094162628
815 10046415344 10014701452
816 10008147512 10084880813
817 10006079092 10007907063
818 10012851209 9848578848
819 10016833504 10019549664
820 10084639608 10074235487
821 10133818699 10053827581
822 9944168625 10251740405
823 9934759470 10097814414
824 10059301679 10147432308
825 10082186169 10125711732
826 10047135392 9848578848
827 10069815662 10072343057
828 10082630352 10033233114
829 10008587963 10154384841
830 10030940348 10033369670
831 10010725295 10015220741
832 9958155152 9822145007
833 10012747380 10019299690
834 10079084409 10113605648
835 10089980678 9769634418
836 10061240201 10041458828
837 10088348970 10012341950
838 10096968031 9848578848
839 10011043230 10016318497
840 10028672919 9848578848
841 10060179333 10138528943
842 10054849583 10023908639
843 10055744731 9822145007
844 10019396604 10028752351
845 10007036350 10076591600
846 10066606512 10026418785
847 10003692418 10004064304
848 10163227237 10112267630
849 10009800946 10100000000
850 10009355031 10024347701
851 10035093217 10051066948
852 10095703936 9769634418
853 10028816122 9994678572
854 10095501411 10032610249
855 10044678180 10016442721
856 9947324766 10033233114
857 9979468127 10033233114
858 10015569168 9769634418
859 10095872606 10136732762
860 10073336668 10039902957
861 10107229369 10025941168
862 10045061050 10065237406
863 9981254601 10129007301
864 10037557392 10054570065
865 10010417833 10043650432
866 10079359711 10034842013
867 10032317725 10176383179
868 10007246768 10006102533
869 10055240808 9822145007
870 10008824258 10009610642
871 10087896433 9848867563
872 10029207488 9769634418
873 10049138152 10098986760
874 10037624332 9822145007
875 10065375171 10006292340
876 10068026268 9859186594
877 10021276613 10040075186
878 10028421030 10036449135
879 10012405251 10007620265
880 10095172808 10033233114
881 10009523113 10012803147
882 10077777208 10018093869
883 10003293245 9848578848
884 9999767330 9848578848
885 10010121128 10074730590
886 9959602258 10055277779
887 10007327216 10011540742
888 10075726263 10129669947
889 10142535411 10094192826
890 10057717992 10010413083
891 10042980672 10062279902
892 10011301228 10028184908
893 10035192833 10085914155
894 10111050931 10104523687
895 10048983047 9822145007
896 10081181805 10044911032
897 10092471799 10078884962
898 10071889335 10145260777
899 9996713904 9822145007
900 10091417425 10033233114
901 10092602707 10090290200
902 10076724780 10058954874
903 10027380209 10036712895
904 10032317725 9822145007
905 10042126866 9977160868
906 10015041562 10115033521
907 10076485747 9880852017
908 10039914017 10057157496
909 10109726065 10069147554
910 10048518828 10070153047
911 10016133093 10097568891
912 10054264367 10077835799
913 10054268250 9822145007
914 10041813605 9769634418
915 10075519048 10051859868
916 10080791861 10031192376
917 9961668741 9848578848
918 10055375721 10063379206
919 10067600597 9769634418
920 10008366606 10085682277
921 10016302771 10013015638
922 10069596502 10076742602
923 10116309094 10166524954
924 10069704791 9822145007
925 10071382490 10011647502
926 10016687091 10113378286
927 10079751431 9769634418
928 10000560850 10018417483
929 10001599392 10070231061
930 10076345071 10040744641
931 10039669170 10057572209
932 10096049291 10033233114
933 10095416630 10142801480
934 10089498459 10032478002
935 10011072930 10114538513
936 10002686386 10004042956
937 10002415913 10008900240
938 10079732780 10069669912
939 10000158140 10092354012
940 10101504018 9848578848
941 10063925640 10030698018
942 10075806746 9769634418
943 10023381248 10147164364
944 10067847418 10045003892
945 10059466585 10031276293
946 10007460579 9822145007
947 10010417439 9769634418
948 10022684388 10114833146
949 10080890572 10065532031
950 10037374262 10054309724
951 10073908124 10103106636
952 10059367224 10085575329
953 9936285376 10093093001
954 10069923685 10046530451
955 10039405495 10024053095
956 10046914388 10070373546
957 10063335629 9769634418
958 10110703351 10145970473
959 10000525223 10000027737
960 10106427420 10160386670
961 10095869309 10012562234
962 10075501374 10031244155
963 10025207638 10009047297
964 10011176014 10026293179
965 10012495247 9995084490
966 10048626847 9822145007
967 10016117652 10091788404
968 10004159118 10063934316
969 10084098693 10128801097
970 10001495239 10003290626
971 10002173265 10001734244
972 10093928808 9769634418
973 10034837559 10051589768
974 9966918469 10037092585
975 10091770226 10148495838
976 10031293923 9996584788
977 10044690116 10027119182
978 10034709171 9999569150
979 10004134406 10131011263
980 10008904149 10021032477
981 10005068307 10099569022
982 10001554724 9822145007
983 10104382035 10033233114
984 10010972195 10001920753
985 10082073732 10068923494
986 10090759440 10132951463
987 10068716323 9848578848
988 10068695009 10037553651
989 10124322158 10081778864
990 10034542826 10008329029
991 10011198803 10026085479
992 10085751994 10075982757
993 10053176048 9987283642
994 10047479473 10137779824
995 10085148385 10112992143
996 10018616078 10111993814
997 10007652033 10032281972
998 10058564798 10016114639
999 10083834881 10022591973
1000 10015255388 10019783623
1001 10021874119 10140787332
1002 10052939147 10032294266
1003 10032007837 10070002606
1004 10098573963 10098945925
1005 10108194776 10089187645
1006 10090845361 10078213477
1007 9995907400 9848578848
1008 10014367867 10021603404
1009 10079063171 10033233114
1010 10102323588 10090139739
1011 10046260072 10010294779
1012 10080873794 10042251676
1013 10057891324 10154307866
1014 9991874442 9848578848
1015 10014599938 10014629316
1016 10057503557 9822145007
1017 10047733380 9848578848
1018 10055903252 10080650882
1019 10011188783 9848578848
1020 10082418835 10090998742
1021 10040316562 10136439995
1022 10044120933 9848578848
1023 10084927242 10042319408
1024 10006752831 10014686940
1025 10077364895 10050911132
1026 10088224924 10123409931
1027 10027488682 10040256199
1028 10022216685 9822145007
1029 10058916369 10077271824
1030 10090554453 10007709808
1031 10048954166 10049868166
1032 10101344712 9848578848
1033 10013549508 10020440010
1034 10027301306 10007539849
1035 10063896842 10084224866
1036 10073246115 10063358384
1037 10090436403 10072611472
1038 10000000000 10095756213
1039 10069830125 10012918084
1040 10079159542 9848578848
1041 10073775643 10037683920
1042 10001103241 10137597051
1043 10084091812 9769634418
1044 10043743169 9769634418
1045 10000588046 10003027432
1046 10093508583 10055207140
1047 10032892423 9822145007
1048 10082989441 10035202380
1049 10081267258 10012192554
1050 10020546707 10151917866
1051 10018950489 10055353471
1052 10070670092 10039669046
1053 10039188264 9769634418
1054 10026398311 9990859550
1055 10011721373 10015928235
1056 9983873944 9983874857
1057 9983842771 10069408705
1058 10040779642 10059150877
1059 10070309095 10044027135
1060 10020618956 10030490069
1061 10004898363 9848578848
1062 10046234962 9993620650
1063 10077613581 10111514692
1064 10066226098 9769634418
1065 10099172239 10017692306
1066 10035427456 9848578848
1067 10024274483 10035686835
1068 10157783407 10095565513
1069 10017676477 10069777937
1070 9967289241 10146096470
1071 10006078198 10013343982
1072 10099589276 9848578848
1073 10022865416 10077686250
1074 10082576773 10099748032
1075 10063231549 10052628770
1076 10089808046 10076010802
1077 9986339280 9822145007
1078 10088856441 10032276199
1079 9969378981 10131174508
1080 10065742820 10139898101
1081 10083012446 10042297032
1082 10082399021 10003316141
1083 10032606109 9988804122
1084 10049188596 10062537101
1085 10038425488 9997604183
1086 10080282909 9822145007
1087 10090399998 10104457100
1088 10068905442 9769634418
1089 10004113932 9848578848
1090 10105049875 9848578848
1091 10016276660 10026722204
1092 10049885832 10066195597
1093 10069711443 9899840569
1094 10059075803 10042033812
1095 10069899155 10072517344
1096 10024382534 10034622720
1097 10089688069 10033233114
1098 10027590242 10121843534
1099 10044002063 10088403810
1100 10006437677 10129832752
1101 10072035927 10019717814
1102 10095662678 10070117691
1103 10074770626 10116131512
1104 10033857630 10000331227
1105 10116875685 10059689112
1106 10085785331 10043193813
1107 10094053771 10011051427
1108 10031942619 9848578848
1109 10078181632 9876098406
1110 9954146096 9947026826
1111 10027361757 9848578848
1112 10033010678 10002562765
1113 10030096043 10128578958
1114 10109482234 10074120576
1115 10052282141 10075503044
1116 9962926939 10024146976
1117 10084772775 10026785067
1118 10079528274 9848578848
1119 10053570743 10081027600
1120 10034766297 10035995885
1121 9999201920 9998130347
1122 10049792959 10137386912
1123 10088504808 10050930385
1124 10085567574 9806919242
1125 10101349202 9769634418
1126 10006905040 10024036649
1127 10030151056 10016806320
1128 10028483700 10043048662
1129 10067612839 9848578848
1130 10094396988 10034362793
1131 9979000096 10060070809
1132 10075270273 10038215494
1133 10024139672 10015764557
1134 10088499100 10077185895
1135 10032317725 9848578848
1136 10022241779 10139975109
1137 10054432572 10078560137
1138 10067322344 10051428417
1139 10039202671 9961690531
1140 10066998958 10054872626
1141 10010546342 9769634418
1142 10067742853 10094609856
1143 10087899630 10040170948
1144 10058522650 10016355724
1145 10087836181 10078959203
1146 10054590235 10015946551
1147 10032803792 10036402277
1148 10035662152 10000273759
1149 10094176275 9848578848
1150 10052363579 9769634418
1151 10052309523 9822145007
1152 10016686269 10019094639
1153 10012300997 10060218096
1154 10011125890 10026471899
1155 10009510542 10012785277
1156 10002122072 10004888944
1157 9973249580 10033233114
1158 10097459840 10139728503
1159 10016894874 10098933717
1160 9963201189 9957233806
1161 10001239089 9848578848
1162 10093425411 10057191173
1163 10005490836 9769634418
1164 10018106804 10026918746
1165 10040082643 9982890878
1166 10020424161 9848578848
1167 10036781688 10140821039
1168 9973138813 10125500563
1169 10080059794 9769634418
1170 9973692926 9848578848
1171 10063165776 10089920515
1172 10018547537 10010479266
1173 10040442818 10069705936
1174 10122292023 9769634418
1175 10013483273 10020345849
1176 10036430992 10054009000
1177 10075177602 10094031981
1178 10082365459 10033594066
1179 10039410037 10002473703
1180 10082968480 9769634418
1181 10089613599 10130922743
1182 10019720771 10029213192
1183 10009375660 10026784244
1184 10002817241 10011518077
1185 10006217408 9769634418
1186 10020169974 10019756563
1187 9984444547 9848578848
1188 10072129832 10049595099
1189 10082496349 10093536427
1190 10026983521 10039538053
1191 9971905749 10026890005
1192 10015003062 10011361064
1193 10069448164 10029381913
1194 10074772587 9822145007
1195 10029020213 10054619166
1196 10062923085 9822145007
1197 10000831702 9848578848
1198 10085550021 10045731624
1199 10082424028 10023802405
1200 10084377975 10131009479
1201 10015574605 10019465218
1202 10085139284 10075714412
1203 9999542878 10004929957
1204 10055265952 10033233114
1205 9944227930 10061992343
1206 10032317725 9822145007
1207 10072601859 10040763322
1208 10062444253 10157353126
1209 10026461273 9769634418
1210 10012845530 9848578848
1211 10076097471 10036270791
1212 10003616715 10052442875
1213 10030530166 9822145007
1214 10025133971 9848578848
1215 10082517401 10054475992
1216 10166998351 10241057503
1217 10107978741 9769634418
1218 10067577402 10006230023
1219 10026252303 10156221379
1220 10005613495 9848578848
1221 10038543208 9848578848
1222 10053489306 10033233114
1223 10058124620 10075874001
1224 9971532444 10025958530
1225 10079245799 10048211739
1226 10015460006 10030402700
1227 10003988858 10062747357
1228 10082632196 10118649248
1229 10080826307 10085062132
1230 10101572861 9848578848
1231 10091229051 10080261525
1232 10091604158 10033233114
1233 10001297143 9848578848
1234 10017862730 9769634418
1235 10080171761 10017061957
1236 10046028702 9769634418
1237 10097002078 10034878493
1238 10066673710 10007658226
1239 10033868405 9984064049
1240 10069007969 9901812426
1241 10032122498 9769634418
1242 10053214806 9946081080
1243 10016330102 10065671545
1244 10070207974 10043488460
1245 10086601645 10074388729
1246 10065586097 10079093558
1247 10069680088 10027893477
1248 9986062600 10125215953
1249 10096210521 10086460280
1250 10076068225 9769634418
1251 10065039433 10076564807
1252 10019873207 10099663049
1253 10017623464 10112572152
1254 10080678149 9769634418
1255 10026253489 10147288383
1256 10031799554 10005913669
1257 10032790963 9769634418
1258 10065563694 10045816246
1259 10148449433 10197029713
1260 10033558119 9822145007
1261 10034586587 10057564004
1262 10015208512 10016283254
1263 10063516338 10049435052
1264 10094349236 10033233114
1265 10109547792 10152164307
1266 10014192207 9769634418
1267 10064709883 10046741482
1268 9959792961 9769634418
1269 10026234981 9848578848
1270 10090717319 10024939402
1271 10072665386 10032440677
1272 10049285697 9915027365
1273 10007731935 9769634418
1274 10119273558 10033233114
1275 10065621478 10022703734
1276 10087968799 9848664720
1277 10182831612 10093912045
1278 10047325028 10021936614
1279 10081913405 10127267610
1280 10074343928 10030244889
1281 10066444084 10044513008
1282 10040792059 10058482488
1283 10017595329 10026191625
1284 10006705436 9769634418
1285 10010373759 10030331769
1286 10153724547 9769634418
1287 10061959497 10069108992
1288 10038073275 10129605428
1289 10077118485 9769634418
1290 10003176225 9769634418
1291 10000000000 10085584369
1292 10141159276 10194251921
1293 10066923743 10033233114
1294 10018101600 10046307196
1295 10043758377 9769634418
1296 10071828863 9893905385
1297 9969671095 9958061639
1298 10031571078 9769634418
1299 10048771074 10061864011
1300 10031089501 10036774962
1301 10089581647 10128528716
1302 9945908825 10079284744
1303 10087704447 10042118458
1304 10107763790 9848578848
1305 10013869203 10020656778
1306 10056338667 10032711746
1307 10004447167 9822145007
1308 10094590671 10135649639
1309 10031565559 10124380134
1310 10070470501 10058922243
1311 10013124450 9769634418
1312 10025782258 10037830315
1313 10033883786 10132344553
1314 10065778529 9942020501
1315 9963997337 9822145007
1316 10083957019 10042132594
1317 10027268692 9848578848
1318 10081158527 10066999660
1319 10021632590 10140374016
1320 10046565798 10071690965
1321 10003604995 10000428193
1322 10095101285 10033233114
1323 10162454111 10033233114
1324 10032317725 9769634418
1325 10064757166 9848578848
1326 10040650486 10013238581
1327 10044835330 10064916518
1328 10031108273 9848578848
1329 10089412881 9769634418
1330 10085773497 10123114981
1331 10059530395 10066868003
1332 10052206041 10014668617
1333 10034921751 10072972650
1334 9939110615 10082562535
1335 10035158643 9769634418
1336 10016065233 10032215026
1337 10026881839 10078030899
1338 10167131623 9769634418
1339 10091946720 9848578848
1340 10000964028 10007112376
1341 10079344432 9769634418
1342 10091461340 9848578848
1343 10017677493 10007173565
1344 10011437998 10015525383
1345 10061846626 10041130393
1346 10059263728 10062507726
1347 10131669448 9726170646
1348 10080176505 9769634418
1349 10085487548 10116024612
1350 10088138762 10072926043
1351 10043241709 9769634418
1352 10088303286 10080982003
1353 10084767976 10121685512
1354 10110298780 10172369320
1355 10091178434 10035621435
1356 10092327857 10091483711
1357 9950978652 10079656999
1358 10008241300 10010980898
1359 10051651973 9822145007
1360 10031737261 9769634418
1361 9987559833 10033233114
1362 10022244646 10007648977
1363 10040616669 10058919191
1364 10037919030 10055084177
1365 10079528274 10033233114
1366 10094076338 10092047276
1367 10115805581 10165809150
1368 10024146111 9769634418
1369 10092751056 10020498772
1370 10056329904 10087124208
1371 9984562072 10033233114
1372 9930991862 9769634418
1373 10033466947 10133344451
1374 10027729508 10140096289
1375 10027781519 9848578848
1376 10001395643 10011372169
1377 10019538704 10028954363
1378 10069643684 10045552817
1379 10073682914 10047901068
1380 9983010434 10116647270
1381 10075896974 9769634418
1382 10009301167 9769634418
1383 10077801957 10046360998
1384 10099548764 10082025267
1385 10090675611 10033503876
1386 10006184944 10148976003
1387 10024694463 9848578848
1388 10084719789 10074655247
1389 10083418777 10005425806
1390 10034242435 9822145007
1391 9966796176 10016245783
1392 10036479599 10059109516
1393 10121245838 10178598589
1394 10032317725 9769634418
1395 10005191042 10051869413
1396 10028000767 10136680125
1397 10049589678 10009905944
1398 10043105111 10062456806
1399 10096031764 10143434623
1400 10098960399 10160096229
1401 10075141222 10054513009
1402 10023406818 10051554407
1403 10034758565 10056569570
1404 10035419271 10143084373
1405 10042911183 9769634418
1406 10006823726 9822145007
1407 10022238187 10032791998
1408 10073988301 9769634418
1409 10041529553 10061788931
1410 10073647621 10105876609
1411 10076759849 10047110020
1412 10097474001 10096068267
1413 10008488062 10032369082
1414 10072275764 10040062696
1415 10056527196 10085044896
1416 10080418740 10041644305
1417 10024499288 10055420622
1418 10068453457 9769634418
1419 10057670662 10033233114
1420 10005877747 10019718713
1421 10027141462 9989648272
1422 10014620522 10015836503
1423 10012524741 9769634418
1424 10150984528 9769634418
1425 10037711094 9961506945
1426 10037731856 10062317334
1427 10007111058 10020152674
1428 10025253077 10115464657
1429 10054794039 9769634418
1430 10010486546 10014172782
1431 10032317725 10261528218
1432 10065617038 10071006835
1433 10032711513 9769634418
1434 9959064094 9848578848
1435 10062163183 10035279314
1436 10028446259 9769634418
1437 10068582118 10041875114
1438 10052288430 10134948666
1439 10075762099 10091700119
1440 10044392990 9822145007
1441 10096760502 10016486273
1442 10071304007 10008703666
1443 10035880081 10041040392
1444 10004313893 10014799978
1445 10114527729 10033233114
1446 10090781909 9848578848
1447 9985997586 10111938517
1448 10113932201 10163864355
1449 10014973246 10027243825
1450 9989015294 10113993586
1451 10029892579 10034939019
EOF