NAME : 1491
COMMENT : tspgen
TYPE : TSP
DIMENSION : 1491
EDGE_WEIGHT_TYPE : EUC_2D
NODE_COORD_SECTION
1 10045988630 10009691034
2 10097709321 10033640855
3 10009618880 10090070554
4 10012433004 10099121717
5 10057889085 10062361817
6 10067646032 9802225157
7 10029720400 10167461500
8 10114802262 10094426735
9 10043562117 10014005368
10 10079950256 10000023818
11 10045024273 10018497981
12 10000000000 10100000000
13 10151892067 10047539704
14 10093072196 10028547059
15 10042234700 10071414563
16 10041131328 10078411682
17 10096998367 10106982178
18 10008989005 10112417931
19 10014223025 10100000000
20 10035011020 10033366975
21 10064877489 10075640659
22 10023892209 10073785223
23 10108175221 10098877454
24 10037210052 10127160717
25 10031957600 10032714095
26 10095013843 10104942983
27 10037210052 10069256865
28 10026115231 9997623229
29 10037918319 10005163367
30 10129973494 10002051461
31 10090351628 10026173175
32 10031793524 10100000000
33 10118905177 10062700836
34 10081767871 10090842183
35 10074310243 10037515234
36 10014346508 10083799693
37 9982555402 9999536226
38 10033562709 9802225157
39 10136193518 10141964289
40 10033675277 10034479092
41 10131038317 10094096971
42 9995614602 10090891615
43 10039533416 10032770572
44 10058493408 10036609309
45 10013344461 10089195629
46 9974368696 9980974211
47 10008848229 10032749373
48 10018647825 10009175918
49 10074860631 10050847277
50 9959613660 9965812693
51 9998006385 10080930117
52 10057798726 10102304655
53 10035968186 10038219714
54 10005737161 10139218111
55 9952698112 10097217705
56 10109482348 10018550293
57 10014655565 10086463378
58 10025972617 9998045896
59 10057313417 10101462542
60 10045628267 10015240569
61 10145939048 9642498396
62 10039533416 10028725600
63 10108082722 10106120736
64 10008215955 9802225157
65 10024014518 10100000000
66 10083234705 10013007743
67 9954058388 10097197588
68 10062744803 10067595801
69 10095082817 10142491966
70 10152853458 10100910116
71 10047646236 10093064956
72 10047443796 10063226831
73 10020804528 10100679366
74 10015456307 10083543727
75 9997686723 10108641289
76 10051115549 10042064323
77 10114617462 10013591313
78 10041829718 10079026039
79 10011721885 10083694475
80 10021215180 10051876624
81 10007372355 10083198157
82 10082526989 10032451181
83 9983150476 10025199115
84 10023693895 9802225157
85 10009587923 9987052338
86 10054319771 10034053813
87 10080953639 10174957357
88 10037210052 9982223834
89 10037210052 9802225157
90 10039533416 10014029409
91 10058640622 10054979174
92 10047368299 9802225157
93 10036082798 10019268623
94 10037210052 10055034813
95 10032654635 9802225157
96 10004492959 10046950014
97 10013350375 10083958647
98 10049000841 9802225157
99 10014093513 10092860647
100 10077131638 10062449594
101 10038321352 10013811016
102 10011433321 10086850588
103 10046369273 10060808125
104 10095606392 10028306798
105 10011172492 10101214656
106 9950860944 10220656236
107 10038710037 10087931298
108 10087855232 10032671743
109 10019312518 10121733001
110 10037210052 10088897680
111 9975629927 9802225157
112 10054380158 9802225157
113 10063934979 10072872161
114 10037210052 10061781911
115 10061213915 10021057251
116 10006145005 10080383695
117 9883274565 10420963670
118 10111417247 10103001776
119 10012713412 10005778465
120 9999897687 10086316686
121 10007457894 10075287061
122 10040359135 10032274746
123 10042441190 10015701119
124 10106778977 9802225157
125 10122543164 10084221327
126 10003740606 10051838825
127 10095461536 10078235634
128 9999733514 10107395335
129 9986407331 10102112816
130 10009788221 10099543571
131 10028926598 10124676695
132 10039147780 10008194834
133 10035216884 10086503485
134 10008421380 10060150855
135 10164512123 10048268617
136 9993324814 10099304748
137 9994146797 10051572401
138 10099797393 10103162054
139 10025623844 10048223769
140 10002419193 10016487414
141 10131323069 10181673372
142 10138128034 10084297511
143 10006051315 9983135422
144 10037963632 10008844680
145 10004606309 10079098450
146 10044996296 10034192913
147 10038713998 10023051115
148 10100343213 10148179281
149 10021761870 10089467939
150 10066162704 10088713410
151 10165431280 9926704653
152 10039058531 10071023038
153 10039533416 10016565874
154 10033624466 10000423316
155 10046029625 10061436984
156 10009142490 10115809754
157 10053515959 10023053300
158 10083495269 9802225157
159 10105372938 9802225157
160 10086418187 10032776422
161 10147356145 9991425821
162 10005706366 10092872620
163 10039362434 10018031620
164 10014451539 10082173843
165 10115893775 9802225157
166 9986471360 10010744102
167 10092211705 9802225157
168 9945198737 9979688842
169 10032968974 9930728116
170 10005402084 10081495534
171 10025133389 10072123472
172 10085522637 10035709769
173 10035893846 10036758779
174 10010065659 10082825130
175 10045738920 10099369516
176 10059342086 10022442828
177 10046233793 10014060419
178 10042566608 10085599712
179 10041111720 10015893009
180 10040666105 10013382325
181 10035646281 10032871061
182 10037210052 10121600955
183 10036734706 10011441053
184 10101338359 10025650656
185 9933184712 9999649386
186 10012309616 10091466434
187 10035716114 10033737754
188 10072334421 10094037915
189 10010300553 10088940457
190 10025851863 10027697517
191 10024357811 10115361018
192 10036451188 10083521118
193 10109101742 9751674037
194 10041548722 10052122792
195 10010151226 10043556178
196 10037326053 10089807796
197 10054426305 9993615527
198 10036932717 9965563176
199 9952264140 9990926450
200 10112700985 10088341483
201 10107398919 10022025408
202 10037210052 9802225157
203 10061593591 10066412874
204 10037210052 9802225157
205 10044133332 10063794415
206 10044850562 10063080233
207 10081627869 10029094077
208 10009756652 9802225157
209 10086424283 10133130730
210 10097048245 9802225157
211 10086001139 10006777305
212 10073183649 10138005027
213 10047471986 10011031770
214 10046843091 9802225157
215 10020908777 10098653738
216 10012630797 10079531089
217 10037293880 9964492787
218 10089806855 10033908459
219 10110795291 10017609989
220 10045088270 10016293006
221 10046999147 9802225157
222 10025655694 10100000000
223 10026681030 10094210009
224 10088522021 10135398714
225 10037210052 9768903905
226 10044693295 10013554065
227 10039835383 10067128280
228 10050695388 10095337969
229 10063746176 10093000955
230 10033717598 10041807427
231 10037210052 9802225157
232 10087756885 10099516555
233 10106294437 10099142866
234 9982349484 9802225157
235 10023869523 10087831100
236 10108579776 10085222751
237 10025127059 9985121288
238 10015157141 10083195252
239 10037934535 10030115063
240 10040192281 10010577308
241 10015109262 10118453306
242 10130957753 10101958727
243 10044031863 10018580772
244 10032968974 10130238843
245 10022464638 10007126496
246 10038735955 10009980148
247 10026378439 10066412295
248 10021881989 9980092990
249 10010531988 10053128611
250 10038848336 10035038424
251 10000000000 10100000000
252 10065510908 10065265458
253 10040801157 10072076083
254 10017967307 10096252417
255 10084903777 10063661203
256 10022827009 10109740022
257 10006062666 10092617445
258 10037210052 9802225157
259 10117248570 10095390366
260 10107644806 10082354863
261 10041958256 10010239320
262 10037210052 9802225157
263 10063839155 10064658478
264 10044769879 10062805483
265 10059090332 10023742039
266 10124459288 10040294106
267 10058120270 10024477677
268 10021664672 10047347537
269 10047770415 10010952696
270 10017953699 10112526055
271 10006763986 10073351211
272 10062659390 10092515217
273 10001502209 10103408287
274 10172011649 10069811291
275 9994342849 10096601807
276 10015671015 10102695814
277 9994267629 10029461919
278 10057324554 10032732240
279 10038828955 10039774746
280 10039533416 10035647061
281 10017022666 10096266388
282 10031103172 10077316087
283 10105606696 10109339897
284 10048995726 10068890306
285 10040097316 10008035283
286 10021860804 10025094079
287 10086546012 10059621612
288 10104711419 10018279867
289 10013829657 10082606906
290 10052841325 10210516896
291 10032597598 10043525133
292 10008675862 10087728644
293 10039533416 10015728975
294 10001070574 10071848702
295 10090007872 10137005153
296 9979927179 10017009763
297 10036931765 10037825292
298 10037520502 10100000000
299 10012120002 10085657433
300 10099113162 10043142938
301 10097110157 9802225157
302 10006136967 10065859204
303 10080253648 10019391554
304 10046268219 9937895315
305 10001572235 10058709252
306 10084186640 10059630101
307 10048642283 10009366348
308 10031667493 9981167850
309 10014941214 10001308274
310 10042970867 10087225951
311 10037210052 10092097054
312 10144213062 10195609479
313 10037210052 9840864576
314 10039890037 10087063466
315 10077730068 10053576252
316 10021080921 10116949997
317 9999278439 10104836911
318 10072426532 10098707447
319 10096370357 9970636599
320 10020116357 10100829694
321 10036773943 10063250781
322 9984775804 10004066421
323 10120394138 9718206481
324 10073817988 10093461236
325 10042446878 10021440994
326 9973611956 9998468039
327 10093149323 10031717025
328 9964749012 10006673127
329 10012220570 10120069064
330 9973433215 10052822034
331 10047193096 10024787938
332 10090535324 10032119780
333 10056967767 10084377653
334 10093600524 9993074996
335 10045357113 10065413551
336 10127848956 10138682663
337 10037210052 9977488288
338 10070734450 9865384136
339 10034541731 9985948804
340 10142969338 10093847179
341 10019240126 10096982636
342 10088005429 10033931642
343 10057225632 10088454677
344 10050000905 10043009951
345 10078728894 9802225157
346 10014634592 10096301706
347 10072651136 10073347075
348 10037210052 10066268705
349 10088422367 10043393967
350 10025357387 10127997947
351 10037210052 10074257358
352 10017721115 10103574266
353 10067361299 10129239019
354 10039533416 10036653889
355 10050986187 10017994733
356 10035736299 10061341539
357 10039316981 9802225157
358 10049545045 10069249353
359 10037210052 10095823797
360 10093856885 10099831587
361 10053177229 9917418911
362 10004744469 10085104468
363 9948550435 10227503946
364 10091395654 10001634301
365 10049650568 10058330006
366 10087150832 10031764297
367 9998795501 10078591394
368 10103740748 9802225157
369 10050648657 10018578849
370 10008758967 9974233152
371 10044359536 9802225157
372 9835020012 9944525448
373 10134486892 10000642528
374 10027251958 10079193159
375 10103773530 9802225157
376 10039424278 10069218333
377 10166714317 9802225157
378 10067162420 10097669150
379 10049428886 10098823230
380 10062716198 10036442336
381 10088216078 10135067942
382 10019188413 10100000000
383 10035209621 10037173251
384 9999917957 10088096614
385 10033657732 10034461063
386 10011567489 10088674998
387 10005888652 9802225157
388 9965728593 10097024993
389 10051776575 10032821290
390 10018072210 10013731047
391 9974844438 10114975328
392 10009007385 10100000000
393 10131420948 10090720656
394 10034781589 10097421693
395 9898371441 10006845901
396 10037210052 10073711966
397 10006646642 9802225157
398 10062256234 10071015181
399 10038514730 10039451866
400 10045541384 10073387172
401 10107372535 9802225157
402 10151877673 9802225157
403 10056592494 10061317643
404 10044066816 10059489129
405 10041291959 10010103041
406 10039533416 10018871061
407 10055806914 10060466781
408 10096841080 10047153038
409 10043706421 10067741333
410 10035490526 10080536565
411 9996594549 10089295367
412 10050377474 10088836946
413 10063595174 10234430729
414 10037381168 10027194048
415 10109582919 9750247962
416 10037621977 9977610775
417 10035181188 9970754224
418 9966622963 10088302289
419 10180354317 10064426412
420 9888676162 9998727451
421 10044873241 10013317901
422 10009423090 9942859436
423 10033274778 10085349470
424 10034297370 10035118322
425 10098424451 10137142591
426 10146593013 10198182580
427 10007476676 9972209638
428 10066295376 10064325056
429 10063382782 10087095383
430 9983094292 9802225157
431 10149342833 9802225157
432 10037210052 9802225157
433 10062866599 10063662079
434 10050492419 10000074726
435 10054374606 10100000000
436 9935485458 9957317928
437 10107042024 10096639337
438 10027549670 10024102799
439 10028669682 9990052538
440 10021791638 10120686500
441 10013140324 10010641640
442 10033012060 10140574458
443 10071444779 10097457380
444 10049107131 10058942780
445 10044741135 10065790666
446 10033815382 10021585769
447 10032662991 10038424223
448 10037210052 9976230334
449 9916926089 9959935139
450 10011580660 9938103088
451 10057275279 10061975598
452 10051948682 10198340048
453 9997602905 10096553593
454 10124337382 10135074350
455 10073639475 10048650652
456 9986621479 10088467216
457 10040837121 10009219445
458 10013342737 10102423325
459 10043747254 10061228049
460 10032968974 9986031036
461 10185140459 10075626148
462 10059627840 10064392969
463 10069292024 10074893955
464 10097173995 10107162644
465 10037210052 10096566554
466 10107639562 9802225157
467 10055777223 10066401934
468 10062671744 10064769809
469 10097921093 10077166993
470 10054996329 10096500712
471 9986279795 9802225157
472 10017979633 10097722740
473 9964800657 10048935631
474 10037210052 10053772692
475 10028277722 10028932840
476 10017394331 9802225157
477 10042760111 10063170722
478 10107879163 10086979513
479 10005352973 10077877450
480 9999912353 10096519438
481 10037210052 10062605722
482 10002609463 10015794835
483 10104092833 10115463254
484 10125408395 9802225157
485 10035151781 10034836252
486 10141240544 9656423469
487 10033321738 9802225157
488 9986967807 10024456163
489 10102974269 9769834182
490 10089443120 10032901996
491 10148217855 10094326098
492 10046476778 10059836239
493 10002229233 10096041106
494 10031123604 10022009373
495 10047779882 10010354981
496 10033215607 10034006758
497 10014975137 10098637894
498 10092866554 10031255706
499 10079015057 9840842697
500 10080708305 10055536844
501 9972310239 10147662086
502 10093274200 10030158251
503 10026918144 10022696898
504 10086424283 10133130730
505 10093164482 10136947055
506 9959957343 10087982107
507 10024194264 10080076233
508 10037210052 10062418358
509 10060678604 10032862663
510 10044873375 10053022491
511 10106036664 9802225157
512 10025817061 9802225157
513 10005257516 10059439757
514 10041593882 10060834644
515 10128319165 10099611792
516 10030291972 9984703824
517 10140798406 9992342878
518 10029432463 10068555353
519 10091448905 10078879754
520 10010108102 10059711175
521 10056850310 10057019414
522 10037210052 9823365572
523 10007058171 10075180666
524 10020953381 10027086968
525 10112270670 10049277106
526 9984895287 10107777107
527 10009490770 10085239289
528 10007033272 10080605182
529 10016448660 10096274877
530 10029544770 9802225157
531 9952757527 10001159264
532 10118455344 10091630154
533 10116337620 10077474245
534 10098093433 10032297841
535 10060281615 10058055860
536 10028074740 9802225157
537 10008180784 10089534810
538 9992105191 10098419632
539 10019887315 10016607598
540 10031142302 10015018232
541 10043615835 9802225157
542 10073087617 9982999881
543 10132416009 10182855011
544 10032968974 9968301232
545 10045179372 10011525936
546 10023292571 10082412174
547 10073481139 9857243706
548 10076787782 10022246332
549 10076230960 10046794681
550 10043083980 9992012595
551 10068547555 9871865491
552 10036738101 10063189144
553 10055062273 9991650814
554 10072243556 10034307644
555 9971202172 10059345848
556 10102563562 10112700688
557 10037210052 9802225157
558 10058658813 10065225576
559 10046716238 9936567510
560 10063576634 9802225157
561 10036473439 10032131436
562 10036366898 9967240107
563 10099655397 10095729246
564 10021286930 10007436150
565 10012399227 10086908802
566 10120648528 10017140308
567 9999572555 10096524463
568 10056958719 10062287611
569 10039879378 10086317379
570 10036483681 10036710331
571 10010259792 10097522177
572 10050889369 10040051471
573 9973996913 9980412710
574 10114741731 10094359106
575 10033812216 10034619803
576 10038446979 10026022076
577 10105616005 10113760404
578 10033100612 10037811525
579 10047280992 9934893733
580 10024686706 10074034137
581 10038137252 10019343622
582 10104675209 9764793064
583 10039533416 10023882130
584 10038239517 10100000000
585 10095369702 10032354685
586 10094723540 9977822428
587 10118276106 10125398596
588 10042767536 10011467878
589 10179113366 9802225157
590 10079497124 10026017617
591 10040757736 10026585636
592 10015003967 10079483348
593 10045957674 10066400187
594 10045022006 10100000000
595 10041355224 10059246417
596 9901313447 9965518295
597 10063978073 9885408181
598 10026709878 10153282260
599 10131472395 9685373574
600 10120618033 10052772230
601 10085481850 9988121174
602 9981886805 10128704118
603 10118786247 10094322033
604 10063060442 10005887641
605 10048096849 10079454143
606 10040855860 10066896735
607 10037210052 9802225157
608 10101873529 9773096473
609 9976620599 10008629152
610 9999482552 10097329993
611 10172624357 10084451931
612 10000658137 10010860887
613 10032714520 10082283537
614 10058747314 9900910710
615 10050796666 10008265851
616 10131421451 10071422096
617 10009913577 10091693320
618 10133647187 10056827384
619 10043755052 10021155764
620 10000009584 10049602880
621 9985738610 10024273698
622 10005983285 9802225157
623 10037210052 10060826244
624 10017551994 10100675853
625 10030298119 10041103139
626 9987881969 10110936101
627 10037210052 10093852364
628 10092904840 10040537926
629 10051624412 10082843859
630 9905266798 10031752834
631 10033821302 10033318319
632 10060087299 10067137033
633 10032968974 9987614966
634 10042191813 10021938109
635 9961064339 10007772357
636 10161251056 10043482460
637 10003829411 10078559913
638 10112267162 10094401323
639 10037210052 9802225157
640 10047173999 10056322723
641 10041909920 10019102078
642 10058365659 9802225157
643 10043904295 10064038841
644 10033148782 10035910515
645 10047050490 10094476500
646 9982428689 9997713101
647 10103439205 10099633963
648 10053186873 10100000000
649 10045642644 10064425865
650 10037210052 10069984464
651 10015774985 10138223815
652 10026709188 10125968468
653 10039173329 10040830945
654 9982330443 9998943755
655 10047603211 9933938767
656 10033528255 10036538372
657 10037210052 10101971258
658 10138068338 10150503453
659 10107069157 9802225157
660 9982357321 10096779065
661 10032968974 9977310620
662 10016209507 10132740925
663 10058877214 10069277267
664 10095385423 10014671491
665 10125607877 9966136775
666 10036420454 10032363526
667 9990451599 10101424831
668 10074939178 9802225157
669 10019661838 10013040573
670 10003592763 10051982585
671 10086967182 10133717689
672 10026974895 10128104118
673 10124651809 10094139353
674 10010527029 10037592074
675 10105510135 9802225157
676 10047103361 10012365657
677 10041153826 10075888021
678 10121113891 9966362934
679 10014872826 10133433407
680 10031014512 9983103107
681 10122401440 10094707905
682 10047945243 10010051539
683 10037149540 10076683667
684 10039533416 10028761257
685 10016489168 10090620521
686 10032928754 9977429820
687 10096479666 9802225157
688 10083245008 10037340962
689 10039049952 9802225157
690 10049882972 10058568812
691 10037339024 10081459165
692 10046977736 10010949449
693 9953684602 10177292004
694 10020012114 10096222176
695 10055855131 10058634589
696 10063799957 10067377787
697 9983956043 10122571463
698 10080753982 10039124987
699 10130397115 9997099227
700 9974511572 9982809158
701 10016838821 9947087645
702 10029109475 10029787507
703 10061142325 10036571607
704 10099381864 10024001095
705 10131636034 10039581279
706 9976360511 10145082533
707 10079870902 10039757431
708 10092710462 10030561989
709 10048065829 10029683921
710 10037210052 10098589944
711 9989098770 10092177977
712 10060308131 10034762977
713 10037210052 9995355059
714 10055723848 10060381427
715 10007123571 10078742786
716 10021153765 10008556691
717 10086138732 10029747077
718 9990879940 10084619166
719 10019076221 10115386409
720 10031253887 9802225157
721 10059451980 10062321267
722 10023674766 10087706891
723 10007958312 10078129265
724 10054069848 10078445886
725 10035704052 10036563757
726 10049302917 10062747929
727 10028665896 9802225157
728 10037048329 9965220533
729 10034966683 10029192004
730 10029311925 9802225157
731 9979692392 10009204337
732 10019319819 10015236882
733 10014244208 10038791212
734 10098551918 9782940814
735 10097193896 10029489659
736 10158685559 10072650500
737 9993966279 10096607376
738 10115390440 10094811593
739 10039548874 10008931039
740 10074080063 10099938024
741 10039533416 10008379205
742 10007474986 10084859485
743 10042194204 9802225157
744 10038204978 10034869399
745 10037210052 10077365468
746 10024143802 10008379932
747 10086806107 10027528994
748 10037210052 10091188062
749 9991174814 10092004465
750 10062832893 9977231356
751 10044571022 10016544611
752 10020740250 10100000000
753 10116865217 9728665234
754 10050703275 10084627923
755 10027992237 10059311167
756 10039530353 10100000000
757 10124054146 10173814524
758 9979963873 10118692595
759 10164034577 9588868224
760 10086500447 10001235994
761 10092299834 9801470271
762 10061370877 10130770900
763 10100485572 9777209995
764 10046878370 10096721290
765 9989318908 10096676108
766 10005195674 10069724602
767 10109491633 10103369512
768 9979509531 10113430690
769 10039533416 10009807078
770 10034647057 10020197373
771 10043106840 10072680824
772 10034716753 10089402945
773 10053141038 10037307520
774 10051882870 9998572601
775 10037210052 10064835199
776 10037210052 10087719281
777 10031854132 9980614705
778 9993116003 10077987450
779 10037210052 10103863421
780 10039533416 10012762059
781 10062187711 9978488795
782 10039137217 10008719821
783 10170048076 10051226920
784 10139045951 10037900752
785 10039979366 10070833300
786 10045252553 10015972823
787 10034019282 10032359860
788 10014207124 10119445607
789 10013920561 10103377689
790 10026225090 10047151341
791 10045155874 10043106224
792 10009896312 9802225157
793 10067461998 10096896797
794 9990356376 10111256668
795 10010607694 10098203123
796 10041541430 10039237308
797 10030302847 9985212287
798 9970581536 10089285642
799 10044370424 10045468876
800 10038301911 10027604566
801 10083654915 10037047395
802 10049383209 10079449764
803 10104771745 9802225157
804 10021383355 10076554334
805 10097676248 9802225157
806 9984758786 10078697909
807 10039533416 10021182162
808 10104116910 10110740443
809 10066733894 10060686242
810 9996004414 10088558613
811 10023473518 10106728385
812 10075353789 10072484226
813 10091034746 10035530862
814 10057117550 10060118728
815 9994536097 10096598949
816 10006096736 10088320191
817 9917928897 10081071089
818 10103991467 10067854503
819 10042245945 10063241295
820 10008854003 10074855654
821 10012059828 9802225157
822 10037210052 10125974342
823 10072243888 10104862225
824 10097589859 10041670991
825 10041866204 10095140102
826 10019482132 10121078384
827 10047049182 10011145766
828 10024976036 10094476692
829 10032518682 9978645162
830 10039533416 10031421056
831 10077875158 10030757399
832 10037210052 10200038720
833 10088746188 10020286886
834 10036392452 10027258138
835 10055971288 10209069968
836 10037210052 10084298181
837 10032265141 9802225157
838 10183518095 9802225157
839 10037210052 9977825479
840 10032826330 9977733377
841 10037718921 9963233083
842 10044097512 10018223962
843 10030966092 10095346813
844 10038371695 10017395247
845 10049123854 10059082098
846 9961108029 10091256389
847 10010183438 10061108587
848 10045796273 10076800069
849 10118351334 10094767804
850 10104935307 10058781077
851 10006052794 10077369163
852 10042376086 10041520158
853 9995229327 9928851308
854 10001159406 9954329126
855 10060911545 10068250522
856 10055590740 10060244652
857 9991079485 9925120634
858 10099115304 9802225157
859 10009107977 10016036124
860 10186954268 10078088082
861 10044269876 10046122732
862 10037824514 10026683793
863 10031143528 10035042829
864 9995265099 10141264660
865 10070486697 10087899491
866 9962005199 9802225157
867 10038358378 10013066882
868 10121629136 9802225157
869 10063606840 10050558522
870 10031237747 9982441500
871 10104350740 10152512046
872 10135972025 9802225157
873 9963438488 9984050240
874 10007191232 10087225382
875 10058072037 10067226921
876 10019894853 10016515881
877 10026349265 10077840840
878 9927780966 10289058940
879 9851910821 9958546005
880 9924959662 10015131077
881 10037210052 9802225157
882 10165930530 10094064139
883 10036210210 10031602310
884 10051599299 9970283442
885 10017673587 10127810968
886 10102582614 9770994938
887 10015371302 10117503116
888 10037987052 10038909650
889 10073513774 10047837936
890 10077072667 10162146289
891 10104818011 10051181410
892 10016493132 10112745372
893 10039266345 10019827942
894 10056848428 10025894227
895 10031986429 10100000000
896 9987407771 10096704372
897 10126547723 10054217266
898 9981379447 10132071177
899 10037216884 9964720983
900 10037210052 9987560452
901 10156863691 9995096184
902 10091957586 10017384436
903 9985606984 10012349790
904 9978702623 10112212171
905 10173436320 9969709619
906 10063450131 10088998501
907 10038053880 9962240358
908 10067012288 10061445688
909 10033642979 10028486471
910 10046018331 10062178744
911 10010917929 10076659838
912 10097226929 10033603103
913 10068821097 10077835199
914 9981895390 10109925574
915 10039533416 10041066492
916 10017211138 10013962197
917 10009916675 10086624870
918 10030265530 10090570175
919 10089374894 9983885177
920 10037210052 10093928876
921 10047704152 10009855673
922 10111148510 10091233144
923 10093150914 10140403275
924 10037210052 9986206888
925 10006732055 10087689982
926 10070617037 10092410742
927 10028482229 9802225157
928 10013776352 10098997672
929 10089988536 9808320323
930 10006022160 10075753395
931 10090124318 10099195653
932 10038875589 10014172407
933 10052376901 10008596569
934 10073092107 9802225157
935 9977718540 10059818515
936 10013400647 10112501885
937 10030305786 10025366011
938 10041190219 10019112772
939 10001625360 10096494104
940 10032968974 9928508683
941 10170841619 10106150526
942 10020150565 10007753101
943 10030092615 10068779636
944 10027785489 10072218430
945 10039533416 10021421152
946 10015279160 10085473828
947 10138481794 10027580248
948 10036984265 9965410400
949 10089723639 10041268099
950 10229803841 10007406324
951 10109340464 10070328353
952 10062677510 10030329530
953 10058521622 10030224214
954 10112029436 9742997159
955 10063607917 10067180237
956 9992066468 10102951585
957 10124107900 10094123944
958 10054847115 9937238174
959 10048708939 10009236437
960 10037210052 9939164321
961 10181913707 10114626193
962 10003062636 10101864456
963 10046758964 10067287927
964 10039533416 10019122446
965 10044669842 10015009128
966 10037210052 9875656604
967 10032968974 9977310620
968 10004919946 9802225157
969 10112260708 9900543102
970 10031127043 9991340334
971 10058176918 9902601208
972 10001103683 10071750577
973 10037210052 10083635663
974 10010829093 10060391100
975 9997576180 10082778474
976 10030367397 10060608154
977 10026695626 10079677556
978 10108422216 10002909942
979 10066806947 10075754648
980 10062045897 9967145362
981 10003088455 10088817046
982 10000225083 10078501154
983 10062839753 9802225157
984 10017068955 10079611729
985 10041182829 10012538429
986 10044233098 10017959709
987 10042204415 10010293445
988 10037210052 10147573980
989 10143617312 9649379382
990 10037210052 9744403949
991 10015083760 10052064361
992 10086115365 10020649471
993 10058037879 10095597783
994 10104949959 10097804384
995 10099823396 10005978791
996 10037210052 10125649406
997 10054710077 9993062465
998 10062643810 10071168556
999 10018549217 10100000000
1000 10013164478 10087491633
1001 10023088872 10120601380
1002 9962280133 9968552624
1003 10111622883 10093456515
1004 9969681037 10101949796
1005 10105101066 10209444355
1006 10004627034 10064605321
1007 10033140230 9802225157
1008 10068201583 10095647585
1009 10046406005 10009085247
1010 10046630139 10013287951
1011 10090007872 9808263015
1012 10037300988 10009631028
1013 10064870673 9882762759
1014 10042202979 10086906932
1015 9991793524 10102836725
1016 10086679357 10133406505
1017 10138100197 10041620018
1018 10097884677 10026856318
1019 10015360205 10008483400
1020 10044833197 10015423642
1021 10001998927 10097111721
1022 10023064785 10085161286
1023 10071514201 10080001602
1024 10079515319 10066555538
1025 10042778927 10069343360
1026 10045044433 10016138317
1027 10029690217 10096963759
1028 10112098588 10079611557
1029 10063571853 10030586212
1030 10148583134 10096545024
1031 9997827818 9877105721
1032 10030407902 10026869253
1033 10045301720 10010200940
1034 10023086005 10115779697
1035 10037210052 10066199998
1036 10115916468 10093643133
1037 10008581494 10055777250
1038 10032882007 10028713883
1039 9956037388 10001597527
1040 10049010067 10064200863
1041 9977081552 9999766353
1042 10093392832 10030073289
1043 9943648856 10097351538
1044 10057556617 10097167008
1045 9973612671 9802225157
1046 10057908553 10059935773
1047 10040388659 10040837528
1048 10110833077 10057375998
1049 10123069970 10103430289
1050 10126376271 10094649120
1051 9976064405 10116011480
1052 10079798959 10049259635
1053 10041454217 10089940131
1054 9966172613 9980368475
1055 10046931400 10010969734
1056 10049678527 9802225157
1057 10042576391 10013928217
1058 9969758344 10115788104
1059 10133561156 10036372540
1060 10037210052 9987969190
1061 10037210052 9974260111
1062 10113087345 9739861807
1063 10115371760 10070556145
1064 10010877180 9802225157
1065 10081379707 10079491172
1066 10004806380 9802225157
1067 10073252210 10030176615
1068 9990304130 10127971920
1069 10096694580 10027708642
1070 9999720607 10105088550
1071 10027597878 9802225157
1072 10029378935 10062942686
1073 10084126599 10181267343
1074 10042434125 10068156120
1075 10099603230 10018330520
1076 10023859249 10086319897
1077 10034760169 10015247685
1078 10032244284 10038224302
1079 10043066584 10012690505
1080 10083451034 10086966763
1081 10108989955 9802225157
1082 10029893808 10033789278
1083 9977638574 10024249860
1084 10039533416 10013793446
1085 10044674547 10066491045
1086 10209422744 10067374352
1087 10052320270 10062371901
1088 10004753356 10086928647
1089 10106623240 9759019636
1090 10093078992 10030298056
1091 10057885904 10054669898
1092 10001945364 10074940125
1093 10046059405 10010106913
1094 10039997782 9802225157
1095 10011678666 10025957004
1096 10058008547 10090626362
1097 10082181375 10038102716
1098 10002955293 10089191933
1099 10135056519 10094520745
1100 10013376970 10086342275
1101 10037210052 9802225157
1102 10004338740 10088002110
1103 10043592753 10016862423
1104 10014794868 10053843233
1105 9956086077 10087940550
1106 10050994582 10008562286
1107 10043551993 10019289294
1108 9971162266 9996230412
1109 10051874263 10074775088
1110 10037210052 10096477540
1111 10031299896 10031747413
1112 10039881527 10009306270
1113 10014981106 9945467990
1114 10043841160 10014423912
1115 10040954410 9802225157
1116 10094574399 10029227074
1117 10146110315 10094357267
1118 10045124866 9941283900
1119 9977806247 9990151418
1120 10022617193 10074641613
1121 9998202142 9878597544
1122 10007439868 9984384569
1123 9976004219 10096873023
1124 10045054328 10016359158
1125 9974965077 10142572047
1126 10039533416 10037841109
1127 9932808028 10274160111
1128 10056002449 10100000000
1129 10033560477 10084706782
1130 10034469834 10037940219
1131 10073278073 10056154485
1132 10142670274 10062071235
1133 10037210052 10134962928
1134 9981862315 10109949262
1135 10011628082 10080351746
1136 10039533416 10031510903
1137 10035160078 10032080673
1138 10044929984 10014434530
1139 10037210052 10063486329
1140 10106571064 9759174269
1141 10059118664 10111891967
1142 10087550704 10001492535
1143 10005600624 10091875299
1144 10022335458 10078963229
1145 10112288526 10056618149
1146 10136005847 9966176215
1147 10055207471 9989741435
1148 10060147726 10023465392
1149 10043459720 10010520906
1150 10042412707 10070035996
1151 10100669528 10110754476
1152 10067021126 10057533914
1153 10022645986 10064958400
1154 10001899936 10086062286
1155 9929673835 9996133591
1156 10112800504 9802225157
1157 10078512471 10100000000
1158 10028766928 10079546537
1159 10049413512 10086895328
1160 9995824029 10060655315
1161 10034168925 10100000000
1162 10037370993 10025230969
1163 10029838998 10084033581
1164 10123869503 10020553393
1165 9968583996 10087901778
1166 10029744461 10056036014
1167 10061315612 9976312295
1168 10045440696 9802225157
1169 10029130764 9977617976
1170 10147962994 9987977512
1171 10007335993 10133344133
1172 10083488997 10063179875
1173 10036048327 9968184264
1174 10036457182 9802225157
1175 10037576061 9963656482
1176 9955460225 9999830688
1177 9973811098 10152638290
1178 10037210052 9948630729
1179 10046435302 10070347931
1180 10036125040 9995034523
1181 10083402570 10038555239
1182 10146120215 10066413377
1183 10040010177 10084969647
1184 10092852052 10085880192
1185 10047922883 10010768436
1186 10031052277 10028436008
1187 10034378863 10038388289
1188 9988891267 10107944820
1189 10098280563 9783745034
1190 10087733847 10025582188
1191 10024153963 10088567222
1192 9986942108 10121177346
1193 10022100766 9802225157
1194 10137576033 10054668108
1195 10041192338 9952938831
1196 10036764626 10030550277
1197 10094759064 10088557415
1198 10010095166 10102253096
1199 9994651727 10030004433
1200 10123075028 10094230020
1201 10086384733 10006390609
1202 10037210052 9971885802
1203 10039533416 10041464748
1204 10018146163 10015916147
1205 10054424151 10111515693
1206 9983758439 10009130019
1207 10048804327 10091919644
1208 9968257235 10030258083
1209 10148051480 9944225038
1210 10023755014 10121285522
1211 10044031655 10014570786
1212 10013366558 10089545754
1213 10037210052 9999193467
1214 10037210052 10107882374
1215 10057918887 10033738783
1216 10052659694 9994227841
1217 10041400900 10059342286
1218 10110955345 10121323655
1219 10122885640 10172551185
1220 10088753625 10032109042
1221 10035636413 9969405064
1222 10093438578 10030040527
1223 10006153510 10080958024
1224 10005613511 10096435122
1225 10020208247 10100257372
1226 10016511217 10087007467
1227 10079261751 10035824134
1228 10082352326 10170110332
1229 10060489072 10059909493
1230 10067824164 10068887449
1231 10031868503 10039639302
1232 10035491073 10065689751
1233 10046924028 10012715171
1234 10064509637 10055660246
1235 10042491091 10012167626
1236 10122198978 10097978813
1237 10027320004 10094910042
1238 10039533416 10034586053
1239 10039533416 10037154680
1240 10035052854 9802225157
1241 10041214634 10012795075
1242 10000000000 10069292243
1243 9987442206 9934293748
1244 10064284328 10085763215
1245 10037210052 10139636351
1246 10017922579 10090232228
1247 10015765753 10087642604
1248 10069833907 10025520735
1249 10035916255 10036781805
1250 10037210052 9802225157
1251 10013422777 10085451860
1252 10072208814 10049675264
1253 10033636225 10034438963
1254 10029564830 10080235256
1255 9983375407 10124292309
1256 9987536195 10012632907
1257 10039609686 10008997247
1258 10091678829 10021891910
1259 10128788465 10043233377
1260 10005618638 10100000000
1261 10054547830 9983666843
1262 10037210052 10100649387
1263 10107183006 10097901533
1264 10190471418 10065452426
1265 10047599150 10011399380
1266 10037210052 9802225157
1267 10084996131 10032648353
1268 10135322344 10089595578
1269 10109484111 10089261844
1270 10042093788 9950267180
1271 10037210052 10085701887
1272 10014606332 10088331400
1273 10031003178 10025985172
1274 10043862718 9945024559
1275 10021256216 10069468918
1276 10049033120 10008604619
1277 10015199811 10086073600
1278 10045600453 10011540683
1279 10040000492 10090337367
1280 10007202055 10091801436
1281 10036810193 9965926304
1282 10060625641 10076912254
1283 10025404918 10080882740
1284 10037210052 9961365425
1285 10043196105 10063295223
1286 10025031245 10100000000
1287 10008483687 10065394495
1288 10047134771 10067118792
1289 10037210052 9986023535
1290 10107489133 10209702817
1291 10051416652 9922636778
1292 10098415790 10108438650
1293 10033493484 10058630604
1294 10111842788 9802225157
1295 10118291297 9724438725
1296 10035757779 10026976645
1297 10039533416 10034721745
1298 10062389865 10030549958
1299 10055952957 10073872218
1300 10032968974 9983230836
1301 10046126362 10067711875
1302 10089697813 10032719590
1303 9994489055 10062596118
1304 10057985985 9903167079
1305 10037958761 10048975006
1306 10113182087 10039685879
1307 10007181558 9933929362
1308 10036867508 10022463851
1309 10019750295 10099249714
1310 10037210052 10096011629
1311 10037210052 10058011682
1312 10026360878 9996895198
1313 10037210052 10106850943
1314 10047640696 10044262822
1315 10026146708 10077989641
1316 10030772005 9861290933
1317 10065588522 9802225157
1318 10115437477 10095311262
1319 10095496723 10028566524
1320 10039533416 10032495266
1321 10010703695 10055180431
1322 10137491030 9667535998
1323 10027213040 10100000000
1324 9994784370 10100236684
1325 10037210052 9602708548
1326 10037303034 10029419914
1327 10087513299 10004473690
1328 9969789820 10008271290
1329 10037210052 10089897856
1330 10037210052 10102315658
1331 10038926244 10042161622
1332 10079177285 10040254186
1333 10059922891 10062345596
1334 10039533416 10035164892
1335 10045211977 10081698217
1336 10005005736 10085611371
1337 10033090351 10033878051
1338 10009305248 10050620667
1339 10062869326 10100000000
1340 10232865057 10291456215
1341 10023355806 10125954332
1342 10037210052 10069815126
1343 10093576571 10044684272
1344 10037210052 10108706416
1345 10067599754 9802225157
1346 10001859456 9802225157
1347 10083453293 10129918623
1348 10155244508 9802225157
1349 10015474871 10083370754
1350 10021035449 9969596812
1351 9996223587 10088745345
1352 10025698256 10023177052
1353 10107605523 9802225157
1354 10103754006 10051336554
1355 9982692327 9913462761
1356 10109715647 10091051118
1357 10009964205 10101258136
1358 10098653717 10020384218
1359 10046923387 10012421371
1360 10016706454 10044568038
1361 10053040465 10024576767
1362 10043088068 10009373667
1363 10051251127 10099577789
1364 10019512622 9802225157
1365 10034464116 10015511692
1366 10104317437 9970186501
1367 10000000000 10080746397
1368 10097761918 10026944235
1369 10021878364 10100000000
1370 10108386601 10106931015
1371 10060157646 9984100655
1372 10038697075 10011330346
1373 10046104093 10010248496
1374 10010499325 10089439996
1375 10010940730 10090441794
1376 10044356238 9802225157
1377 10040368343 10058477854
1378 10055511423 10060163150
1379 10081704406 10038444311
1380 10036219247 10019817850
1381 10045241462 9802225157
1382 10050837954 10094865300
1383 10005573245 10092175865
1384 10014916629 10048502185
1385 9963682765 10097055249
1386 10046426800 10009432119
1387 10013603128 10086770506
1388 10013556437 10080465020
1389 10042594353 10056077300
1390 10094471684 10017933282
1391 9994380041 10085914040
1392 10039205925 10055355089
1393 10089971838 10032523338
1394 10133275833 10025680974
1395 10068362006 9980353120
1396 10041983738 9802225157
1397 10037210052 10058681704
1398 10017432245 9969964025
1399 10032440239 10033210030
1400 10112060762 10094425662
1401 10017778490 10099823227
1402 10045112660 10016245470
1403 10055634986 10060332514
1404 10059800491 10054196251
1405 10020318086 10006307631
1406 10024310850 10122224227
1407 10064149009 10064386385
1408 10109183496 10021706259
1409 10026590378 10126301705
1410 10039533416 10022173830
1411 10039405584 10053802648
1412 10055560332 10100000000
1413 10023684595 10068439027
1414 10037210052 9921038416
1415 10043974003 10018464676
1416 10022140829 10069401564
1417 10034918515 10040249826
1418 10130522075 10137707777
1419 10103316481 10022966166
1420 10028093040 9991761547
1421 10042479271 9802225157
1422 10110364769 10017918320
1423 10077428406 10155790092
1424 10089224023 10003554760
1425 10034139960 10037622322
1426 10094826630 10009290928
1427 10076882421 9802225157
1428 9952426973 10092678728
1429 10057808340 10096442562
1430 9964066929 9970388644
1431 10088914995 10199384822
1432 10037210052 10054766375
1433 10110263633 10120612886
1434 10074599161 10078424186
1435 10037210052 10137246529
1436 10089418610 9979898868
1437 9965319931 10089519248
1438 9998218332 10099957281
1439 10030756630 10035553722
1440 9990606540 9802225157
1441 10005743293 10113675683
1442 10059119187 10203683285
1443 10011784077 10083852828
1444 9987128526 10030263271
1445 10072869195 9959460210
1446 10021118909 10098633091
1447 9988409232 10027161060
1448 10148386328 9988086460
1449 10039533416 10012690717
1450 10225867047 10133760371
1451 10065719044 10074697336
1452 10041671788 10012712576
1453 10185894166 10093768890
1454 9958946879 10171457756
1455 10123160451 10172848299
1456 9993687951 10096611493
1457 10065895582 10080216086
1458 10037210052 10065064738
1459 10013886249 10079622747
1460 10026572559 10098413820
1461 10039527811 10021015017
1462 10037121488 10018990202
1463 10017743360 10100000000
1464 10061852032 10003261788
1465 9976097470 10041752805
1466 10064730082 10058106284
1467 9925017972 9974062014
1468 10023732926 10021002166
1469 10064063149 10062722807
1470 10036317558 10031883974
1471 9981758057 9996580372
1472 10045768276 10020406182
1473 10059159320 10057176443
1474 10047926011 10061979154
1475 10109180253 9802225157
1476 10111625544 10061450149
1477 10041194512 10069288059
1478 10035077315 10036193021
1479 10049762124 10058444635
1480 9996773700 10064036567
1481 10045725709 10067141581
1482 10035341163 10034481136
1483 9998015515 10088861828
1484 10000000000 10093649344
1485 9981341515 10054187744
1486 10128741551 10050665934
1487 10160260704 10029237560
1488 9993445511 10032606069
1489 10039533416 10017943615
1490 9996856359 10114095530
1491 10186829847 10093755052
EOF