NAME : 1501
COMMENT : tspgen
TYPE : TSP
DIMENSION : 1501
EDGE_WEIGHT_TYPE : EUC_2D
NODE_COORD_SECTION
1 7772548228 6042007357
2 -2723196731 5782982965
3 3899919861 8911514864
4 2248507616 14317008534
5 2246176852 9577925764
6 9998056768 2653463000
7 24914034756 8207128181
8 -1763318957 3990699610
9 -1910918014 -325749413
10 11246266296 2939649903
11 -2181304833 2237295338
12 11078374425 25260812530
13 -3727864395 6259993626
14 10243423745 5067914225
15 8838420577 8959792808
16 -4712429552 5859069173
17 10645551850 -1423058055
18 5095132853 12789631677
19 10490802580 906659736
20 -1131292953 422418011
21 8616023277 4084308281
22 5258401513 8738180340
23 7659877920 5744664596
24 4117982979 8972392875
25 7781562436 5870673388
26 1559670720 -5437535763
27 7166542844 17107178999
28 8739285248 4274174562
29 9168384122 -568312490
30 18568984052 11319170930
31 -2411030564 -558530483
32 -1753401121 3929758001
33 7129054250 11568246921
34 8777499576 5867649526
35 7704180565 6617492102
36 -1644869588 3547877907
37 -3746423047 6049783773
38 3432785029 8610565102
39 7788940125 2976912020
40 2236187497 9719298152
41 15778047806 3105720495
42 6004953079 9087444152
43 9605957970 4521109329
44 -2448727931 3190356624
45 9423889639 452028244
46 5332917420 9803236826
47 7804021211 5644675889
48 8358967612 13785906835
49 9177139912 4545839848
50 12212010245 6931926849
51 18191535771 5931498237
52 4095593436 7216768142
53 4238174558 5571312779
54 10000000000 1510754214
55 350586302 -543035690
56 5426945120 9041599327
57 18508362614 9025786285
58 3173601604 8503005586
59 12226330526 10743729406
60 9816502346 994928940
61 8487321087 1191318384
62 5999023406 3659559812
63 5284309998 3285962703
64 13825756064 2546610219
65 17781818687 5087599704
66 9026354695 6632786020
67 12714945413 6696781631
68 12241183745 5318460360
69 4182318672 9024800660
70 7217631189 17213665086
71 6590268568 7588983446
72 -3556105988 3825010133
73 2067394092 13855837720
74 6775570998 3408766603
75 -345426488 461899587
76 -6325733269 10120250624
77 10695994805 6879260667
78 11406303637 -60086912
79 7424474766 10156856094
80 2041879258 9267688448
81 19207017482 6064192028
82 9776926692 4959264501
83 15016753345 33469780058
84 16818398356 1530846739
85 4702368838 8477341154
86 -2174357930 4788664228
87 2947928361 9359516627
88 8730094696 6316241528
89 2203396674 11815115414
90 6100188642 5556285853
91 -915859303 382142551
92 5500357893 5306076388
93 9967284784 22944910742
94 8148414208 -954733387
95 4150492461 8786195738
96 -891378417 134585901
97 3720887281 8254123466
98 7231354318 4519712998
99 7561632042 5051441328
100 7829891500 3783706118
101 8664521366 6297461815
102 -2177311235 4167765893
103 26083793099 11286211413
104 8899369170 -638397851
105 5626873765 1515891271
106 2374513802 10338625650
107 -598935589 921189382
108 -3431686347 -4983260001
109 4783615380 12140319645
110 -188807769 269979038
111 3704431887 10714001307
112 -2177424502 -75149250
113 8038170572 4133926195
114 8593910595 4422121583
115 5441664024 13511924577
116 -1389943153 2439319551
117 9514235594 4503287927
118 5244635372 5318031955
119 10303499391 4810720833
120 10221065612 23473879289
121 9800044077 11508077747
122 7613079377 8272760827
123 -371701418 1171607990
124 15998574017 24566495538
125 8123438912 7158064532
126 10822781539 597190986
127 6770846613 6520791626
128 7027883697 -1035309825
129 14031105218 13779182219
130 7811825880 7465468461
131 9169245057 2624792964
132 5167607711 2938173719
133 8023336513 6044700727
134 4982182461 6607252987
135 3842565916 5203294406
136 4174055650 7537947314
137 17166618047 14412215283
138 7049666064 16863566662
139 3591402841 9655329191
140 5773674638 14203951527
141 -12459224694 -508316749
142 4949970410 8733166370
143 7084786156 4350864849
144 2174039839 9597085648
145 10157242474 4860023495
146 10595416571 6850455811
147 -3285635410 5725205998
148 8785360489 4166356184
149 5356753982 5350141889
150 7314417678 17415402188
151 7439655245 5051356387
152 280904497 -299704197
153 9104084311 100745549
154 -2707402711 4587604559
155 7160111619 17093774062
156 5367688186 5681454948
157 -2285547964 1322017823
158 5130005824 2824939832
159 5800018778 5472359107
160 -651648933 1562499550
161 15546349653 10682273024
162 13773256343 6153660532
163 5205125458 3505454021
164 2106096479 9546079355
165 21854418246 6612810430
166 6296848962 572867779
167 12308370422 10984441055
168 8483655792 19852505855
169 -182081551 457223271
170 7583348263 19804045510
171 5123756612 5283413179
172 891101023 4026950007
173 -838738817 2293844480
174 4618773479 11796731118
175 8956596106 1724214367
176 4612460304 11783572239
177 1914535274 6160147116
178 3171412765 6891903852
179 5231991860 13074894007
180 21128357058 9867011464
181 4580616688 8706566733
182 12213665642 -672827055
183 11084471417 5134971805
184 2639697974 8051436489
185 21611373567 1264899465
186 -5001389460 1271143432
187 3616219947 9707056774
188 8654953941 -3808904606
189 -2453573877 5420612932
190 5667406846 2436059833
191 8761485814 4170493803
192 6570805504 5041291557
193 5813212004 959472070
194 7395635921 5934062481
195 6559915739 15842754648
196 2032034086 15879410993
197 9714012786 4576435039
198 14121787551 7854259437
199 -3060041313 5194778749
200 7880979849 8299219358
201 10009777141 11547101412
202 9401253317 3207986829
203 -4569342098 5156575142
204 14288681334 6497666253
205 5346763797 1580151903
206 5104354587 4901289995
207 8330337905 -5158762692
208 8690203258 3649654249
209 8863005163 20643203433
210 23579271772 51317081487
211 5664450773 2885561085
212 2976172300 9000323493
213 5235022105 5782715796
214 8675128114 8876827459
215 5404079193 9859197414
216 4437080834 9407907276
217 1565107543 17438234527
218 -1002445456 457349216
219 5023037009 9474642530
220 -11567313210 4303143342
221 4005024744 7118176684
222 8211201191 3942021697
223 8222506981 182110641
224 9278872732 -124344200
225 -2578411966 3077569503
226 -2999026958 3709143323
227 9882241061 9995785818
228 3939900612 10381721178
229 9862288215 13662271309
230 4464127177 3987033366
231 -1123091357 3105384786
232 8575058158 4101914898
233 5130262203 12862853605
234 -133046226 1892266754
235 13603238706 5835980578
236 -1028145344 643969535
237 7312855923 9708089693
238 6878516605 -26173536
239 10682521932 5164579278
240 -181246174 -1238222355
241 8759388891 4169623184
242 13404488596 13529262984
243 -1431161458 2361611813
244 9519872467 15221979723
245 7634387887 4759366852
246 -3533470461 5174364806
247 4418791786 9773227759
248 3644582150 8592310402
249 2354823832 8717532402
250 -2398984614 5285407579
251 4076967360 6857981699
252 10108809727 23239898523
253 2686110108 7768380577
254 5859646490 3981515861
255 8140758607 13847184753
256 4581642136 8063405470
257 -178873350 772316165
258 -1120102329 -82374107
259 12724314157 4887979458
260 -221087656 411100611
261 3603751505 7577145830
262 14595357815 14302332882
263 -1018860594 707765734
264 4390526975 5162763485
265 3843051667 10179853896
266 8889925840 626854186
267 10099081132 4725848627
268 8463036086 4223645743
269 9817006005 4608734145
270 10098274991 5119596775
271 984747102 12642718909
272 -3785436232 -5720599241
273 10369045357 2539778618
274 5691745227 7950552757
275 9627802518 6573338358
276 9142524691 4678654688
277 10180734387 -940070086
278 6331720855 11311194094
279 9687298159 8129047919
280 20057161479 6291558028
281 4264746347 9640441248
282 4059345378 5419885995
283 4920064346 2474839866
284 89443203 -660305073
285 5892529108 1125813065
286 149360325 14485974809
287 9368732972 -1254854613
288 10654323348 -1730487719
289 7296085450 17377191374
290 17576562018 8849803836
291 -2213845744 2883592286
292 -855604559 -395679794
293 17238908886 10466521557
294 7472115356 12869787959
295 8840478741 3692405533
296 3525096788 7548086689
297 8086016522 6131782340
298 8762766030 9961856697
299 7716537064 6398518313
300 15441491882 11974835423
301 8617297076 432716533
302 5764278714 1127638958
303 7827120289 -2098065568
304 5638766544 3715171334
305 -1556640354 -919700280
306 5723318634 7888886628
307 20206490914 11561940613
308 8777625025 6329853860
309 12833747709 14895818024
310 8783448977 573072694
311 7270958157 6025505640
312 12633744953 14511821593
313 7569833553 15114280249
314 -399757896 -63093126
315 17336660524 12085008590
316 5743745921 2960087420
317 6300540317 668687429
318 9619345569 8539711164
319 7507467297 1601084945
320 5022791740 2179093926
321 -1945850533 2481893183
322 5670563340 2388073020
323 6304653996 8284783961
324 8865131526 15724983727
325 7963354962 5694768510
326 3060240686 7762266594
327 5557192091 3153209933
328 10066962210 6699110420
329 9690282304 22367540102
330 11352468289 10493064029
331 7802439720 3059037735
332 9029834860 4281909367
333 4024146538 6510436112
334 9098565666 4310445640
335 8650093610 4069798135
336 3571173561 5957321076
337 8987368662 4174769877
338 3183241709 8010993854
339 5396203710 4804795021
340 8820794081 -1112728648
341 10678116636 4966257782
342 7036735792 -853931866
343 5681076250 1157353429
344 5554590760 6869393049
345 6911610963 7666212760
346 11769592622 26701554482
347 3408375949 9432234945
348 9137486433 6774932118
349 11072996866 25249603806
350 6432139380 9020728631
351 -2136182654 5166358932
352 4938011144 2953914249
353 -1134142925 -194371037
354 6257451000 494874506
355 8249675408 -1147642068
356 -2621126369 5773993961
357 4294262900 6304431164
358 5679857460 7694634866
359 2462130150 8072500553
360 3706446062 8525165858
361 -3257272058 3556787750
362 7476166873 3750024280
363 2547046219 8519826160
364 9805086099 -894624054
365 8434764766 -1147642068
366 -673511837 673583534
367 6750217436 12997700350
368 3189531756 9433301943
369 5728783418 879445145
370 24844297001 5327956328
371 7216274964 6220032358
372 -1533150679 2179117009
373 18070573892 8035524503
374 861964329 -2730635149
375 9293155872 4749838319
376 8222537092 11609149754
377 -373273298 344485076
378 -2165862499 -686038452
379 -394567009 612575179
380 7514690146 14693596948
381 -258966439 868099200
382 3651070890 9779698402
383 5708941724 5102037203
384 18502923299 10737718327
385 8709987406 20324260582
386 -1502765412 2398051942
387 3297178689 7491598257
388 5805079490 3176201600
389 -1724828849 4441788670
390 8860964736 6771392321
391 5212844787 13034984769
392 2154558517 8801281461
393 8941548251 152280786
394 5322084743 7758263314
395 2538892618 8030268237
396 -8869018 499304958
397 8900902271 7243070210
398 5637811319 5592117423
399 3799779092 5249376111
400 2628016774 11268655767
401 9105767598 -658463838
402 6778017987 6513527453
403 5479933161 1637212970
404 -3157157650 4131739243
405 11129133034 7003308228
406 7734011170 31567335
407 6517533199 5682580406
408 -841896887 1368489017
409 20254790537 6448592657
410 9050036326 4290296793
411 -1774033176 3069137941
412 -2908715518 -3893204766
413 8684288086 419005437
414 8434702838 4034817115
415 3100345860 7492187847
416 10497934201 6657903639
417 3061307612 9124417793
418 7813122908 7176194498
419 -588395931 329989782
420 7372386995 4143193228
421 8223771253 3947240648
422 17623096211 1455356366
423 -3071955263 2936222381
424 9710921006 3096989356
425 8005686664 7671171058
426 -722184760 629217695
427 4556425882 5533438501
428 3508048422 14007993478
429 7282006148 12550690233
430 7705441496 1778107176
431 -681834374 722219988
432 4119704867 5011392844
433 -4997868896 4592554492
434 -50051587 289738663
435 2350847078 8532422692
436 18118176755 2227972979
437 13443717018 6674359957
438 472761444 -2410130817
439 6482869999 4373407622
440 -2079225742 3631379323
441 -483739352 279234470
442 8048771753 3926474411
443 6056424428 10719071247
444 9442120808 5084311911
445 -124527417 362307273
446 9021670361 4278519557
447 6135834390 43268780
448 11388231287 7077512037
449 -3258960595 3666577329
450 5632796373 1345697049
451 -2016330486 -108175113
452 8314561137 14636632538
453 4325895969 5482197648
454 8203032970 3938630341
455 2135129723 8934285939
456 17782842484 21783425093
457 4978092728 11587346806
458 3057411795 8438951382
459 5410709428 3482440277
460 5230904272 13072627091
461 5122665723 11003427914
462 7348082899 4178596309
463 3017409370 8218171862
464 9377395575 2042550647
465 -986326545 1905567298
466 4648720561 9023771528
467 -1395394076 -87640947
468 9173671157 5066827461
469 6239837801 9729481062
470 15286588685 1194895848
471 9670374265 1088791706
472 8634000152 4135034930
473 5655624424 9359310290
474 10008105378 1900691372
475 3784718988 6443494891
476 10385335708 4844698369
477 -1017719729 2546039783
478 6355381892 9903981504
479 6327342120 10202664648
480 18546797080 -5638754446
481 16008535534 14081937552
482 -155117545 774876281
483 4822381093 2817704778
484 8030649416 7294192970
485 3216193330 6448580202
486 6591247293 185956574
487 8060746411 7941574570
488 694302028 15361649232
489 3170789147 6859407599
490 10748250017 6873938691
491 8901849167 6008777092
492 7617654276 6215125957
493 9655152622 11719585768
494 -1059187009 2619417582
495 -1578275711 -182887341
496 -2327141134 2272194449
497 8034148442 8902048589
498 6346879434 2074348618
499 7935416728 18709782729
500 8302253442 4221683360
501 -1379124496 3018478348
502 -681155199 1804345755
503 6942325665 9536098109
504 -923392576 -1154056554
505 -991676385 2498086872
506 4922404711 3097625347
507 -3361238390 6472653401
508 -2156046440 5473602734
509 -2602781001 1653262086
510 698162093 -1657427117
511 6256609948 6797358462
512 2142062786 9053119312
513 -461306898 508091363
514 4108892070 5213024580
515 10497340104 -962948995
516 -2692131125 1872513448
517 2171761167 8988636147
518 3229275127 6954599764
519 13414162655 6865279771
520 -6562706719 5499516968
521 5516257747 2227093810
522 -2582573262 4804791869
523 9512963237 3834027117
524 -4828114832 6109871698
525 -895488111 894823241
526 -6485528450 3449050265
527 194827051 13607519548
528 9428732952 4342657716
529 6255284270 6135846567
530 9131493202 -60710570
531 4538705228 8536520868
532 5057118739 6268782945
533 -2180449259 -117480692
534 8520533652 7405737990
535 3833239604 9873077537
536 4289341223 6630761865
537 4930110508 5227954378
538 9084887869 4290322538
539 6616332541 5710875801
540 8970771223 2129467454
541 -2316415637 2102081010
542 7476569681 17753384022
543 2767168833 7895527323
544 9282286743 9651757815
545 16748713711 8612714251
546 -5630895226 -9567185174
547 2153051890 9318352896
548 -796232981 863766574
549 -4764343745 588271500
550 6673677025 3326007807
551 4867790798 8542508609
552 6060739981 8103576432
553 5923735643 8753774440
554 8327790791 19527628347
555 -1374759901 -695901484
556 3052211626 9726754749
557 12479653028 28181570228
558 -834909192 1193895534
559 9276461235 9504346458
560 -1071824033 2624865006
561 11646403763 -170584598
562 -371678123 364246997
563 -3556441174 4624440111
564 10051189526 3563065068
565 -599289293 1257333097
566 9863660391 6203266957
567 7758890526 8746066903
568 8904139915 4221601167
569 9547077774 6550219393
570 -1294048681 3329489380
571 8700435595 7166697688
572 -5309909268 -1613943595
573 4866442213 5020479779
574 1373942 503817484
575 8705086689 2316385486
576 -4503674862 9257565531
577 8119074236 4665306112
578 -2114541059 4014096563
579 8971561471 9745695745
580 6753616170 6517345310
581 5568076799 6976100555
582 6413555761 5923076474
583 9405032522 3096437212
584 3272134517 8584658238
585 -2687420713 4189451434
586 9082029028 9078116645
587 4134824008 10788010125
588 -2601807227 6594633073
589 5087364464 9050871055
590 10881856374 9865200730
591 8585503313 372054892
592 7338209161 4479161717
593 3726237274 10692897997
594 4404998454 6137347851
595 -1126614224 16776913
596 10710980001 2159483181
597 6920205378 5797902717
598 7777092810 2750458819
599 4618616190 8818425552
600 -2024333996 -2049842475
601 -1724023148 3212959968
602 -7660523 -2672161292
603 -5732088554 10589630472
604 9891633026 -2964073806
605 6421072631 5654954818
606 -3539383972 -5207739749
607 -3397709275 5504841688
608 -1015880765 824518356
609 6267405252 11566157601
610 -3107319686 2303793236
611 -1180000376 351748449
612 8196291688 5718887739
613 7522321469 12675526945
614 21732157033 6701556826
615 5367939230 3445100976
616 8016100868 7132090821
617 -4376673846 2012218837
618 3939540076 8655639444
619 11786371652 4386470771
620 3031577915 7120581310
621 2994297594 8503274118
622 4784682324 2825158927
623 17418311493 11253363812
624 6967581893 13475411158
625 -4736981387 5604664339
626 5900470053 14468237790
627 8673937100 4177530497
628 6084011256 6515208250
629 -1578419697 3053087793
630 6732278326 -1040909585
631 -86785700 739462173
632 3240809095 8281807696
633 6603864470 4894961963
634 5660465143 2922676748
635 12994225961 29254121292
636 1145957842 -2474212911
637 10826375497 7069786235
638 6361361690 7560914412
639 9201659538 14052788981
640 3132378021 8698559942
641 -2259038805 -475985840
642 7382916398 9950727282
643 6211765247 1283371211
644 1590553866 -3131185595
645 7269500985 17321779993
646 -3552640411 -5235370832
647 8984791799 20897049636
648 7725032337 6028399159
649 8375052251 4010050850
650 9938500300 6113619171
651 6633089318 5715674817
652 8377168863 3843079520
653 4101723247 5469639068
654 4257525396 9449623306
655 4781021499 4864848416
656 -1880631425 4888566334
657 -1054461530 940666934
658 5042535269 3559650045
659 9379993910 5620379454
660 5517846201 3118628762
661 -2175605910 3842548214
662 10035908835 8694781734
663 8882836035 6763724361
664 5963021897 14598617844
665 8963310315 9648587890
666 -2115863777 -2240622747
667 2920447308 9507860329
668 -19826131 494475478
669 9069332528 799241447
670 9303660662 4717626986
671 9232025292 419615605
672 4983959509 5243376331
673 8397629423 6450349001
674 14526755558 12788703898
675 -1688546628 -165723647
676 -658968037 913776475
677 3359003117 6180012882
678 11882239016 7330244238
679 2582979529 9280096058
680 7739485648 12599503843
681 6492035693 11535930661
682 -2035481098 4714322564
683 9604235173 5532792685
684 3620717958 7689850479
685 4180432276 9111723310
686 1933985971 9692091280
687 4695726208 8843863467
688 6901605688 4249572823
689 2886591881 7808305704
690 3398688424 7806584263
691 -22879816 14648192559
692 2993546001 8409185160
693 2130795662 10000000000
694 10689098785 3929888814
695 6537657557 6213086997
696 7270958157 5913500764
697 7684361362 9019194520
698 780054713 3795490420
699 2609234433 8071846989
700 11976576115 -568769297
701 9339114961 4410319054
702 5142464524 2691577644
703 9549751335 1780891260
704 18814661961 5742902259
705 4770090573 3926623391
706 8656633135 10000000000
707 21178209683 14544904461
708 4164937440 4295159172
709 8884239314 20687462875
710 8835747336 3428398565
711 5700048523 10425687348
712 -2037796299 2213638080
713 8983152550 4204181830
714 9493207622 3958540257
715 2640886521 7777887231
716 3214844125 9783727109
717 9492891067 9537238993
718 5058703491 6215699305
719 -208737574 552798768
720 7246161550 -540154934
721 -1977825292 4078888161
722 13003683979 6766376941
723 -850193049 137734896
724 7175645676 3604019298
725 9089025158 4306484526
726 17673525274 9470718822
727 6354963982 4711831544
728 8864094668 4213095868
729 7545752722 8394959346
730 8403156641 2969634157
731 10820046476 2205333685
732 14138107780 2336572322
733 7130283902 10820101007
734 3338298120 8731688171
735 -2674253771 6542622740
736 16999258153 2127048832
737 6677007339 16086814746
738 7210059943 4228492649
739 15121231117 8894261551
740 1334020035 4950149083
741 8458253480 8531706901
742 7169621328 9644261614
743 3925223671 10351129269
744 7049164566 1282992719
745 12034866 509698281
746 2660261716 9806405875
747 9944490045 22897398485
748 4322685505 5470739253
749 -582331567 637892114
750 -2138887884 -206371614
751 10209268444 8923574806
752 6641534347 712693895
753 9485842377 21941415354
754 12739405743 13621711423
755 8401161977 4020891320
756 5731530065 1962826863
757 7781318692 4266530110
758 392246407 2987161446
759 8066540786 5712502626
760 8677004841 6301036989
761 -3104769206 -996148675
762 3335147678 8978827928
763 10200240109 117430439
764 8915745143 126179690
765 9455504981 9454217847
766 8105867891 8626677829
767 -235077430 174026178
768 7231367999 14180334450
769 -3944893415 4589549119
770 5661838649 1095876608
771 -2398071549 6060769774
772 7783049501 6822237996
773 -2089194626 4325609886
774 -2610444948 5212588491
775 6426442520 -168477093
776 8524906535 19938486918
777 7289216716 7825168272
778 3620175181 6727914804
779 6013812244 1987979858
780 -1301347712 87669371
781 11602594934 7059364004
782 8736870653 4160273860
783 5098915672 3766987812
784 2038131924 9860011301
785 6616332541 7800104101
786 3926925302 6603839495
787 8052195219 3933356527
788 13658587957 30638885471
789 3773923769 6420667963
790 4430396077 7953774840
791 4462026387 11470015022
792 -3633309603 5904363690
793 2485482081 9778416380
794 -574591632 1433389013
795 8759462210 4060376283
796 18242701125 12243363936
797 5475076617 5384028610
798 -913953827 109954536
799 5576459870 6494002367
800 19396508179 8586037795
801 12085906252 6958296935
802 9526410156 508735766
803 -258339512 377369288
804 8066672229 4474518585
805 8205292559 19272298925
806 3086661236 6748349823
807 -5086135135 11807441582
808 759329763 -1935423259
809 8909543320 6367634277
810 7713139280 6284165389
811 7701252536 -925464666
812 -1857672381 2609314678
813 9592824772 4308737422
814 9897474420 6650570381
815 6557606195 5554757772
816 -1443145545 3154561017
817 -2656019313 3921700671
818 7844630244 5449694469
819 -3682510294 4600776109
820 -1742130146 -251551068
821 15752525483 9865892656
822 4665900115 11894959610
823 2719421060 9968369058
824 9308842728 21572485802
825 5297368585 2751693112
826 -2723431964 3979882247
827 -2724909298 2733693550
828 7405582403 -1147642068
829 -3212255648 6700364724
830 9427074522 21818922463
831 5066911719 5780056060
832 12879902279 9650279899
833 20320594901 9635674403
834 10327582982 -771415662
835 14451329237 9355511964
836 9486856055 12305604407
837 -1936352335 4087154736
838 -232201725 399037993
839 3335076974 7226147103
840 8764698300 1523470026
841 3143610970 6816049798
842 -1685098391 3135865489
843 9827913858 4728445436
844 5380856142 5670120462
845 -826663840 1813434971
846 8059343214 170457490
847 9449343396 10038375900
848 5721612664 7103624797
849 -1192790932 784124590
850 9672048571 -200637233
851 4073011227 9100979717
852 -4081498739 4278747217
853 10297583641 3411323052
854 6823209121 7053398747
855 9876620461 -996849409
856 6133438118 5397461988
857 8956446239 4038980287
858 4416729155 9860416564
859 -41781213 486399937
860 5016767518 5764471543
861 5785927907 14229491651
862 8341401029 4736060136
863 11652010197 4610260921
864 2670484843 7735812027
865 4435683595 4673161793
866 -1764648350 483318601
867 -3167799981 5685867098
868 7569197841 17946453700
869 15336335455 8082600709
870 6085472519 9410473278
871 7920754334 2560536718
872 7298025329 4372612141
873 3872152789 5104593238
874 9658324842 4883115572
875 11141831619 25393079653
876 5792658303 3384817431
877 7227216099 8562152765
878 12411445283 1865412675
879 9784157253 22563208528
880 1059266298 12056058490
881 4945397672 12477530871
882 13858426039 1103922962
883 -929391771 232402417
884 -1204237130 2704426646
885 5715648838 11173023744
886 -1637786728 3153668271
887 9670402363 4877052740
888 4943259626 12473074430
889 7522342273 6574539329
890 3714937656 9912819216
891 7731051126 8738185686
892 -3387702540 -4891582269
893 5765786492 3757478803
894 6195182505 1571194688
895 8745941700 4190765050
896 9232729692 21413839450
897 9917886248 4974154828
898 -3425815627 -171901053
899 9827122003 6832736770
900 18579943382 9137164781
901 6936404127 4602906436
902 7954675294 7377265738
903 -2121228466 2839026151
904 -1527232723 -156638267
905 9450401086 3441414530
906 5040687660 2975817188
907 14438950047 32265434665
908 9655614283 1800947014
909 3846202185 8617312123
910 27178301980 -646962700
911 -1177541957 1643167081
912 4958783361 12505431357
913 4354786224 8648845519
914 8060513245 14872381514
915 2362753388 8378964345
916 -2145658345 4982310389
917 7331535548 -1446588335
918 7107397697 16983899700
919 5166475012 1827199795
920 7931170950 12835264330
921 1936541896 9554815200
922 -1289129564 -1285015350
923 3186810158 9082227766
924 11515639451 7147068229
925 -4597826798 1198556632
926 11162393747 7820893451
927 5305495085 3043825348
928 4659215114 5218756962
929 22966686678 9151215317
930 7026353273 32353682
931 11432290609 5279382498
932 8801624019 4187158743
933 -5611094610 -9525913722
934 9823506202 14292638800
935 -2131744286 -413035059
936 -1575662483 420677708
937 10870560312 2423148509
938 2227073056 9100321647
939 3210882029 6488835666
940 -1004801220 344519237
941 7218703094 3382608413
942 4280253609 5950623613
943 2326439750 10031242206
944 9995002516 1758775824
945 12913668879 6785200341
946 12191922257 13210768521
947 5731889238 8287009618
948 -18620946 -682573083
949 -2145048151 5016211293
950 6795815355 3079817200
951 4091884429 9149374017
952 9370691772 655138145
953 3058640155 7974707714
954 10081020096 9544318865
955 6356478584 11065886759
956 15870727163 1614704573
957 -1615949185 2384066246
958 -6129894002 2060451517
959 5447250894 5688122074
960 5659727435 9079609194
961 3111699217 7998053369
962 -2441478968 4309119748
963 8620765543 332457092
964 -2769388561 590757812
965 9827213469 22652952833
966 7040589321 -1980794663
967 3549945792 6734359766
968 19366777923 42536761990
969 9561767403 6842010312
970 8979987856 -736495259
971 6489328809 6823386375
972 6201220696 6785892933
973 14190365111 4471485619
974 11016549067 -4833202979
975 25113133565 623949544
976 -9301718886 -17218473391
977 8882238498 4884832504
978 -3991432768 6591795977
979 8845580797 6562316268
980 -607331984 254096868
981 6181313032 6517286860
982 3772142247 10032053714
983 9331490114 21619690924
984 3073691908 7782314812
985 8808839831 8594579691
986 2871212962 7617444116
987 7058838079 -1366829515
988 9426380107 1834590130
989 -684517410 742806752
990 -213732990 989966682
991 5331839830 2521960039
992 -1898470158 3814052044
993 -2712601659 5757162409
994 -1753645071 3313776595
995 14155446860 8098367536
996 14357795937 14028234527
997 15959831352 4915140790
998 31716072328 8412358631
999 4173467066 4447755860
1000 3814790228 10120947114
1001 -6529928926 -6246564422
1002 698901162 14299655724
1003 11637082137 13650811243
1004 4268284707 6550423381
1005 6352490510 15410407481
1006 24455980036 1158985982
1007 9164270219 -783816564
1008 3869833864 8387457847
1009 5334724658 7247650653
1010 4444294953 6778225970
1011 7599927769 4767264158
1012 -2220348013 3180116350
1013 -1107132029 644930839
1014 9424468905 21813491441
1015 7578506517 17965856257
1016 -2066301530 -3549964296
1017 4208809602 10942222138
1018 25800615489 -7564622300
1019 -3976950291 6381889017
1020 14502631285 6452926364
1021 3100612363 8877432425
1022 -572688190 1077501921
1023 -4286676124 2588335380
1024 9546957741 4496613084
1025 15740840216 259847462
1026 -238737508 889545972
1027 9494638957 4301008250
1028 984747102 12510499094
1029 7048808252 5919329188
1030 5747729068 3770621680
1031 852708048 -2584070142
1032 9592040587 4515330985
1033 7906339492 -1147642068
1034 -2627960651 2489038731
1035 -2430393518 6153504963
1036 14651155554 2926133337
1037 9902909804 5193022734
1038 6373624455 10208425161
1039 5996264364 6653225160
1040 -2405444117 3667805564
1041 3735078770 8333297401
1042 10570419458 24202055637
1043 9324277714 3705599105
1044 4086941430 7606866876
1045 4420749136 5387899718
1046 3801370425 5230064708
1047 5453987016 4560572637
1048 4971094969 12531093080
1049 -2613673767 3896057729
1050 8468977310 4159142500
1051 5702504148 6523716839
1052 14314418874 11768419724
1053 4846667107 6949816420
1054 6616332541 7656147756
1055 3719685020 7028950575
1056 5325698309 2743992724
1057 1563003673 14000851231
1058 4633896911 3824012400
1059 1941319644 9624190294
1060 4266803595 6924100627
1061 3024012304 8451131000
1062 12275093433 13626516536
1063 5712526760 5452032561
1064 7162470150 11246472156
1065 10336604373 4824465657
1066 -2032530663 4192790052
1067 32556977 -272172105
1068 7397965624 19127379430
1069 5012755932 5251623412
1070 9323167884 8546112268
1071 5981820439 10580576704
1072 5666135938 13979803035
1073 3182053018 8594565108
1074 7850953849 8479479663
1075 3517019481 7265823785
1076 5069001572 4522582551
1077 10567804397 1401951221
1078 14493347787 32378818696
1079 8713915656 6540099120
1080 4697981915 5161474479
1081 -1312275702 120416788
1082 -605690539 241248571
1083 5186395553 4039174423
1084 3708883021 10015472341
1085 5376783182 3531453149
1086 12136624469 17184870130
1087 6520503251 4190692924
1088 -2118118568 -12044957864
1089 5919186439 6041734880
1090 21289384127 12199978630
1091 18866324803 5306774773
1092 2471874634 8316331569
1093 12197983195 6848202618
1094 -1722100312 2472038779
1095 6103243050 14890888067
1096 3374207726 6879714790
1097 6908300951 16568912021
1098 2749484924 7764936039
1099 7721247688 6027315264
1100 7819585599 6635743454
1101 7468119979 12249381830
1102 -1808930186 1447901810
1103 -1836875042 4803482569
1104 5972659954 14618706946
1105 -2060516305 2649809596
1106 763149128 14347787768
1107 5208688719 1786438563
1108 -5442327810 3224929957
1109 -10467704664 -4803639568
1110 -1415657050 3368053138
1111 9879463719 4634665899
1112 8602320079 20099843985
1113 323941396 2844789769
1114 8292326433 10000000000
1115 8342701273 4623699314
1116 16458037432 4828501966
1117 8014509477 4317072146
1118 2838802615 8780600925
1119 7819871327 4424668107
1120 10950556739 325836029
1121 6678760488 5728754700
1122 -3522943749 -5173472539
1123 2206776114 8986890343
1124 7389103463 5932191634
1125 2893681399 8405130121
1126 -2279461458 5740651182
1127 9718192765 3942160387
1128 6616332541 -875975146
1129 8271603309 7957324052
1130 -228295476 404655940
1131 5929009927 4947840178
1132 6589931138 5703314636
1133 5418502606 10335647828
1134 2599587122 10000000000
1135 10372453734 115381388
1136 8928936561 8567766789
1137 -2726665404 1703687393
1138 -17850048341 10129322959
1139 9293971466 6377333493
1140 10032239925 4816241301
1141 3469842349 5904165271
1142 6456510904 5199803840
1143 8865766872 6923254001
1144 10481685415 -463350020
1145 -1620095578 3246478958
1146 -4149110745 -1189843497
1147 8180293101 19220191257
1148 8845819417 14835570777
1149 10311459836 -757377126
1150 6479689819 5946282767
1151 8504881907 2231682306
1152 6013031736 9548662782
1153 -2560378937 5799288185
1154 9381662103 13639281026
1155 253971433 -4035175011
1156 5358808471 2952667378
1157 10360550217 987913807
1158 3714446545 5220126268
1159 2456667251 8444327144
1160 32212833053 -1179015271
1161 3911828646 14962919482
1162 7561945105 8511066674
1163 4392370478 5382226448
1164 5474781113 12107554220
1165 3735382998 5286772209
1166 7533528194 7910262039
1167 9390835932 6505472894
1168 14047812212 8672390851
1169 7304181615 21418699993
1170 4929822807 9969024621
1171 1880730299 6089685654
1172 2767912558 7656396858
1173 2656363943 10000000000
1174 -1432902205 3452589269
1175 5749253312 10494664839
1176 9931029770 4614475113
1177 11566749379 6621053204
1178 10122935966 2670815677
1179 17610377488 5283029263
1180 2235206470 9270048195
1181 7968408051 9431956531
1182 8040463645 -3177882733
1183 10621975067 13044939056
1184 3067154304 7482485592
1185 8109688239 2064744408
1186 -4686137708 -7597978062
1187 -1473325174 3394058124
1188 5133010329 3912247984
1189 9470490864 9436115098
1190 3464383144 8678801832
1191 4599358721 8904975509
1192 -2375300530 1033400872
1193 -158028242 343616730
1194 4176922439 4985285018
1195 3504486612 6505718337
1196 5406252390 11857417194
1197 -1253898390 12216741
1198 16915758352 7557197601
1199 9749696460 4940183099
1200 6311321442 15324596657
1201 5709042451 2397032778
1202 17386541469 14682375658
1203 8836281917 3565582485
1204 4080589580 6811972394
1205 6315119209 10544144055
1206 3349096322 12959466078
1207 9317868200 5851325273
1208 -4574449096 -7365179691
1209 10000000000 6679932943
1210 5587574133 3885932150
1211 -2806338884 4370208997
1212 6145593765 366573551
1213 4901165980 6117284689
1214 -2019866645 973598989
1215 10249449623 1828815737
1216 11443795341 5284159135
1217 -528389242 -492351785
1218 9576964537 6558778739
1219 7400845193 5156472474
1220 4994916360 6437618172
1221 6616332541 15960347116
1222 10749752563 6894656489
1223 30041665231 -241633542
1224 10007230809 -492482769
1225 9251678622 4974523681
1226 2034980077 9786077120
1227 9624876106 4529210452
1228 11198294719 25510768621
1229 5118517784 12838374103
1230 15778967669 18647021059
1231 3693746829 8457554887
1232 5201182262 8698697943
1233 8861869066 4212171822
1234 9245723805 3854157662
1235 -2121658153 4842435235
1236 8813753918 3655815651
1237 5445141957 6656141071
1238 -4727547988 3955217274
1239 10090218457 6705770837
1240 2276640404 6914901626
1241 -1606916857 1397119865
1242 -5058183530 10750122753
1243 2695751990 8126637930
1244 4458585290 4700413290
1245 8276842224 2798612110
1246 11714314380 6856040462
1247 8402011859 4302118119
1248 9001124105 3772324680
1249 -451214320 1229092489
1250 -51230997 -356374883
1251 9225348930 15206142509
1252 7755423162 1053753113
1253 -1164295674 -3116236
1254 -272185566 289115628
1255 -895534015 302973894
1256 5538021716 1809695959
1257 3746166853 5218444303
1258 4053208678 6824895171
1259 12736987464 5821078242
1260 5629305447 6817367466
1261 12890561454 13829340386
1262 5048917676 9079212504
1263 4517406718 8540974681
1264 8105866385 15625286960
1265 11796872851 2532152730
1266 5896241664 10700719735
1267 12212117558 6095185590
1268 7117989060 7403332153
1269 7232432671 7973225269
1270 9004770536 4168873966
1271 -971564647 -4634463847
1272 -121548292 435432765
1273 6703163005 12297939851
1274 9316796600 2001060909
1275 2581929835 9161485187
1276 -2132738327 3997416379
1277 7375626366 8276661438
1278 -1357998075 -660963942
1279 7070239299 -1082834976
1280 5754311514 1186498751
1281 9193698243 4349943637
1282 -3567103549 5760309533
1283 -3538097551 3965537141
1284 -480913584 -2059088484
1285 -898287431 297234806
1286 9436728088 4181449922
1287 5765434787 11262243198
1288 10000000000 2136203547
1289 4742774052 3911345863
1290 10013128608 4690162087
1291 9854385808 5762180970
1292 -587490418 -2410052093
1293 -2142490777 661257685
1294 11915809941 2957126467
1295 -477025629 520457868
1296 5146265365 3382575114
1297 6124526014 5158221481
1298 5768752451 10819550341
1299 2410708260 9170132647
1300 5912666432 14493659335
1301 2569491053 8877792069
1302 4097687320 9453138097
1303 8847484789 -2362735948
1304 6735855591 11877728383
1305 5973509324 5422513233
1306 7911756870 -87092705
1307 4514376880 11677869377
1308 9444696257 4717103873
1309 6786205829 -636706253
1310 5679259607 10527001534
1311 -1819687193 2883082204
1312 6563718877 7111369094
1313 8294101312 3976440913
1314 6410406789 3172487272
1315 16987287711 37577067080
1316 -1979847295 3868109273
1317 9244745300 4616229765
1318 2135856027 9370641689
1319 17998468283 20172438393
1320 4556224142 11663966889
1321 9528999891 15447853472
1322 -7685673949 -2658185534
1323 18964356517 41697974174
1324 12551801029 -494430530
1325 9141422981 3819804772
1326 16640338318 5418954482
1327 -2224758284 5168880961
1328 8658998473 3622013002
1329 3593701555 5557078776
1330 5835242578 7205554610
1331 5857875613 5493659390
1332 5018971400 6007467199
1333 -943639059 2470797877
1334 -2187591066 3647683943
1335 7137420591 6269818961
1336 -1341525607 -75006986
1337 4088435760 9914616614
1338 6468724331 9971613497
1339 7901101397 13511222475
1340 4387537239 5072565438
1341 -1604046666 3292884678
1342 4697439452 11960698687
1343 9168233145 5995411798
1344 2973465797 7804567961
1345 -2402328890 4211075782
1346 5797986309 10505805118
1347 4749445794 7070057620
1348 -2233954859 4816002094
1349 -1845113806 3287580631
1350 8861722248 11753312261
1351 418294569 13938994198
1352 13588185686 7707562580
1353 10384803200 -704714291
1354 7549876254 8538705997
1355 3430558241 8905345586
1356 -1152417609 378919144
1357 -1000109263 69723428
1358 6099969881 7095559147
1359 -2681022994 5377440255
1360 3622683564 5651143150
1361 -3851428125 2069440390
1362 5855905371 8798285569
1363 -1713755611 -139575783
1364 5116994602 7101458993
1365 19893989812 43635657085
1366 -2610170377 4752337968
1367 4305859213 5261691347
1368 104453866 -22157493
1369 9696446087 1049992440
1370 8197914059 19256919535
1371 6161568417 8619369825
1372 10481937887 1057502028
1373 4852878309 3904164238
1374 6616332541 -1147642068
1375 521500939 -848235028
1376 8372077897 8601005102
1377 12085804622 7277291841
1378 6771679848 -871953976
1379 4492549897 4107615842
1380 8124991772 6355406116
1381 7091748076 6259955407
1382 2743781856 7601719135
1383 -2136432296 3773735555
1384 -1176705523 2887996932
1385 5997159655 9847305769
1386 -1648687867 1561140882
1387 22079167890 13284616928
1388 6863713592 13074253782
1389 -4089991476 5229718386
1390 6647518845 3472943635
1391 9625342847 300833934
1392 4097171234 8527425574
1393 2696601979 10407576189
1394 8572171994 20037004767
1395 5885435852 333170022
1396 -4153658954 3889787682
1397 3925467653 11398622514
1398 -21814929 -270181583
1399 9533720356 3263076094
1400 8739191276 20385131722
1401 9881962856 1555843399
1402 3485545055 6120808953
1403 -640376774 109133120
1404 5672100873 6285866535
1405 -995298528 207373842
1406 10286552950 4803684858
1407 23096472230 5971049121
1408 -566032650 259177165
1409 4307883451 4483234899
1410 18963289581 11497317202
1411 -1494978528 -3682342489
1412 954165407 4158398374
1413 5292395988 2942651470
1414 -4769603529 4250419085
1415 1586698488 -3090657321
1416 17170612998 5907599308
1417 13398496717 14790952770
1418 -2582797284 2895661583
1419 6249865828 1295432986
1420 2187425827 9460339834
1421 16228463515 35995410437
1422 6992441879 6565238449
1423 9768524138 5226929135
1424 6114215934 14913759420
1425 2332212992 9374317739
1426 5253842503 6252821898
1427 -2505532477 -3052829436
1428 6141743792 8853346442
1429 9395507282 2033450080
1430 10000000000 2340870987
1431 7251820297 12416948443
1432 9793915067 4759903395
1433 9968841850 4671774713
1434 8055560630 4327416736
1435 5941425596 14553603553
1436 2903372682 8451348360
1437 -301867973 386616579
1438 9663295761 4254764159
1439 3070649371 8421853806
1440 5614451146 3297100261
1441 10290327450 6763080561
1442 8617280757 4110621454
1443 3302207870 7031843592
1444 6339619029 8694898621
1445 10408265832 6796857234
1446 4592157053 8748457063
1447 -1452142437 2371774714
1448 12332706626 6906687569
1449 8245169163 -54065392
1450 1711080464 -3675302824
1451 9741331995 9156111297
1452 8262749487 3969427251
1453 6718654755 1031282178
1454 21955743492 -8458623706
1455 -924231881 -278970630
1456 -494364627 323513100
1457 -2074794119 -362015021
1458 6025591236 3841466203
1459 8156301781 -1147642068
1460 -1686184026 -64764963
1461 9857802989 4881550704
1462 9534958906 4491631300
1463 -1526402661 -100924026
1464 5867963094 10661077562
1465 -1481393263 549487121
1466 -6937354027 3810296776
1467 13453927585 1214437621
1468 39956184 512862934
1469 12167024018 9427658011
1470 16552094479 5660576362
1471 7257691265 17297164382
1472 7049253575 10083845861
1473 5727128014 3915907245
1474 2196427590 9977292444
1475 14405393747 3858173449
1476 9251241905 8656109313
1477 5869993921 3005714700
1478 11159261053 7516884961
1479 -1986106970 -359085728
1480 -2044899296 5030519785
1481 15137139087 2254518274
1482 5085406862 9907768508
1483 -2659517845 5698598751
1484 -2572760702 3079187983
1485 8646882927 20192728641
1486 -1002370073 -560661983
1487 24394097656 9661395247
1488 7321469661 4433668109
1489 7580285191 17969563640
1490 7226818522 17232814722
1491 -920187993 -2599643688
1492 7397746881 17589089569
1493 -1977974253 696530047
1494 9405297883 40702859
1495 4347230388 11303731969
1496 9331403092 6503938867
1497 10378206058 1683731257
1498 8508865249 4065608531
1499 3573601224 5730745162
1500 9166508023 3129403271
1501 12179823503 4396370025
EOF