NAME : 151
COMMENT : tspgen
TYPE : TSP
DIMENSION : 151
EDGE_WEIGHT_TYPE : EUC_2D
NODE_COORD_SECTION
1 -12995547375 18146850103
2 2760303197 4584330290
3 14074728218 10737836089
4 15312726764 9412817818
5 9002501467 8194997500
6 2982382075 11709051243
7 258281246 1918123517
8 15312726764 15124922314
9 0 7061149945
10 5410477204 10041168190
11 -24609676 5434257195
12 0 3174766020
13 440662617 1091075918
14 7248580164 8507409791
15 6688317003 0
16 5406053447 11021240430
17 7101041437 4558564404
18 3825810654 4978217516
19 -1345060146 8346949463
20 17088883713 1258533945
21 1879037023 2045961084
22 1340517682 1159062408
23 4399767164 -1621082487
24 14182088125 3010113712
25 1975305666 2040585426
26 8121318956 8725178656
27 6324636013 0
28 7901874590 8740433058
29 8502213114 8585668078
30 -3425255077 3006200358
31 1941916583 5379593366
32 -8068871588 12467149044
33 1140026249 5870872854
34 15312726764 10301118365
35 10799338236 -3114527732
36 7406138866 5077430678
37 1473692829 3212963071
38 8641522414 6640179781
39 -15713820408 -22849438674
40 13423006636 5933659785
41 7014484074 9839560186
42 591499321 -3801457249
43 -8971266618 10514798773
44 6581234071 6890572451
45 344478533 7100212018
46 5921117891 -3811676152
47 2044030418 5680195812
48 7950719289 5436752152
49 2672565404 7568660664
50 5706038908 2607415134
51 4232929684 8351940461
52 11224030716 11948548266
53 8634049736 9716598317
54 9981142478 1003671244
55 -1635918136 5759805896
56 13239216080 2754434328
57 4252365152 530306985
58 1954774939 891549875
59 8327630928 5530632223
60 4418650217 4331782087
61 11291458162 7242042122
62 8591371054 6873394972
63 1959866009 2469714689
64 4646200760 8629982822
65 7484783544 3917059665
66 7769964118 10228714487
67 13233273890 -12081083569
68 6594036024 9145543470
69 4379955036 4545808544
70 1578073582 2002119072
71 16188930185 7488702112
72 0 4534595086
73 4103484883 -1747334298
74 4989300125 60854598
75 1997651778 1762097193
76 -370592613 -1273583937
77 -5913129876 17079163091
78 2854312739 4177245860
79 15312726764 7318632277
80 3545113271 2992953003
81 2327550028 6571539432
82 684188230 3076710127
83 684188230 5379593366
84 14647584827 -3135642127
85 660654255 4834867094
86 6753614742 9577299549
87 2363839464 6065180497
88 4294273048 4527353423
89 15312726764 735608585
90 12630044697 6535840316
91 3255275475 2779911390
92 929926305 4388479201
93 9658796510 -1825745759
94 4434952034 7828025119
95 3019154882 7083888992
96 -4903373656 1077035945
97 11575664068 -1140224796
98 5921117891 -1218424674
99 8444514353 2785452327
100 6819014360 -495864127
101 7676787921 1386027391
102 10821969543 -1079653830
103 12154346881 20250888656
104 0 5327182512
105 5921117891 88412774
106 9572106086 -1076179421
107 2442917784 -1660746300
108 0 9464832506
109 4489632957 6224811938
110 6439023260 4345495149
111 6095250888 6672748588
112 6753170371 1151957153
113 3480935894 -6844871328
114 14805670936 24607545728
115 15664083364 6375183245
116 4944222362 7832644321
117 -10606487934 12253049410
118 5745799693 428442656
119 9367721674 -1496838896
120 2175259552 4989795697
121 0 8460855608
122 11679041722 -4108569394
123 9413023763 6286015708
124 1941916583 3076710127
125 5778517551 4261793583
126 5995214146 7445846464
127 12719207879 5018099961
128 3799686357 3651610177
129 -15570807537 10600138710
130 8112958012 5477162108
131 5592516307 4098962028
132 0 10000000000
133 6481032627 10978098569
134 7980138920 5715716753
135 6208948332 -91926681
136 10010820688 -14276531609
137 6097031953 8194997500
138 -1865474082 13182919408
139 2605222607 5704899625
140 7001585348 5538931784
141 239778775 4099679351
142 3109349460 4801072206
143 -4189776575 5750661100
144 9885494091 5918660315
145 1781564527 10000000000
146 5854714809 -3763899384
147 16905238710 7967753202
148 8956523585 8483909494
149 0 6604456476
150 8861970899 8223265300
151 5921117891 807256808
EOF