NAME : 1542
COMMENT : tspgen
TYPE : TSP
DIMENSION : 1542
EDGE_WEIGHT_TYPE : EUC_2D
NODE_COORD_SECTION
1 -1211036453 -2795859324
2 9277172649 6152621247
3 10071287001 15169190553
4 4608464910 10382034162
5 2964107498 9837467521
6 2783642103 11667822659
7 3718131398 9155516285
8 11869642645 4279213329
9 3877370201 12771008709
10 7237330901 12147195352
11 4269391896 10069954832
12 -1038132881 5571539560
13 4182158112 10260990845
14 319557760 12389952676
15 6240920233 12930451588
16 -632062026 31541464985
17 2799584965 10202234657
18 2632526476 1258352983
19 3544118503 10968037503
20 3952534449 1024765743
21 4068883237 1561094278
22 13060420931 18356659968
23 8564374521 4055734071
24 13024391969 5148647533
25 5292830051 11573029714
26 9432877013 5928128627
27 3668745555 9821063368
28 -1320631790 7017783253
29 6303139303 -5363891845
30 5871277797 11024265948
31 3459776855 9905777670
32 12989599963 4875952566
33 -2850198827 7841353240
34 13856404040 31541464985
35 3232592474 1208994325
36 -2839864675 4930055988
37 5179329728 -2651570350
38 5376970679 -1566957047
39 5818190499 11026342987
40 4865204297 142053422
41 8962475374 2673265179
42 9212643040 3052873958
43 11179253175 1593292075
44 10166368045 2540314526
45 4453982675 -1778446497
46 10156058986 -5177695326
47 9399282050 3484174713
48 6784989250 13356791603
49 7789820490 4966235234
50 9055470334 13356791603
51 4344639610 1372434017
52 6210232861 -5995689368
53 9307132639 2412193550
54 3942575886 1404848327
55 7907708890 -10071799217
56 9483380080 27067449367
57 9316456744 19000492044
58 10986472349 15840925375
59 10075355506 2292745901
60 9605946308 4183542129
61 5833028321 11130032239
62 3447777935 675237339
63 3051400645 9278489962
64 13345844449 18661021952
65 4669910681 10160697695
66 3954901445 1637621934
67 3222571221 8954978172
68 8133978660 31541464985
69 2120611507 14160122023
70 4885145784 11954779839
71 7535628035 12755129411
72 3295300052 12254669790
73 3515148284 12581621964
74 4746013780 12939868272
75 4269391896 31541464985
76 5749467763 18206632759
77 3004352174 1848202099
78 6572697396 -6866067056
79 7806553828 23558843555
80 3639250401 272413454
81 14473368360 -18032750075
82 9400515074 14453911462
83 -980029552 31541464985
84 8974181871 27734115696
85 341866426 10452290156
86 8123911438 3730790962
87 5187651870 -445578889
88 10498701178 1565175111
89 953410706 11195313237
90 10092286107 4659911726
91 2794089382 -1012784699
92 7431083931 12810736275
93 -1515247872 5379240837
94 3834122210 861472294
95 2528010256 543424765
96 2363725901 -917338909
97 11983808635 -15564284363
98 4856703400 11357897140
99 6197930056 -614489360
100 9426927255 3951537600
101 -3199568228 16599847919
102 3410886018 700940000
103 3191621844 402719416
104 9042414743 2964790162
105 6600798344 11468427487
106 9223882865 -13232297282
107 11729875711 4958720409
108 -1588733307 6720826361
109 315415399 10561130906
110 5573028434 11305188333
111 11960717951 31548430367
112 4015916681 10615277983
113 2270074819 10740568812
114 5764038709 17582388809
115 2768117064 9508928135
116 4269391896 -10077246703
117 3513226832 9810577006
118 7856286802 31541464985
119 -1326724966 6392996082
120 4269391896 13356791603
121 7969471696 31541464985
122 7146752628 12050607015
123 4161984457 1589582307
124 9122125912 4455233236
125 9598008205 5389275837
126 11287935442 1564665665
127 6381701694 -2751784523
128 4911488269 15871399634
129 8441971075 6111382517
130 4071987118 9899155109
131 -2072920331 6975568033
132 4269391896 -2924906577
133 1115596457 10316349763
134 3954901445 1637621934
135 7121473697 12895002161
136 4196186 10886376488
137 10519453951 3055942728
138 13213488674 314078668
139 2358938002 10141673959
140 7809881574 12757735998
141 9440674057 4122244260
142 8135252571 31541464985
143 13577136459 6416939865
144 6518034225 12104802279
145 7074137447 12318458151
146 6187467105 -762729078
147 8934852695 5880766238
148 8645296221 3314461072
149 4839915284 -555491943
150 9943374116 2527044511
151 7256776104 13633015823
152 893577787 -4053352154
153 3178192623 9413212279
154 8734649920 3099501114
155 -2245496510 4802621963
156 3082626538 9023300055
157 2559798081 10579112836
158 -2418724541 7929878399
159 3257052566 940303278
160 -534984059 5873119394
161 8592669169 -5593314284
162 9219555346 31541464985
163 5617315963 14195988199
164 3587486456 329418439
165 3539570186 10808707557
166 3289991439 1247058447
167 4079829902 433529090
168 10057271255 3348715954
169 4999948948 31541464985
170 -1879294577 -6785014239
171 8122443788 5136340121
172 8235552605 13466537744
173 7442794263 12493540532
174 3970627227 9820237614
175 4632271518 11472433264
176 7031835372 13356791603
177 10659585081 1564665665
178 -2154362206 -6537053633
179 3828897967 -42039339
180 -6208735 -727192882
181 5210499416 31541464985
182 8303882225 2903598270
183 4199332318 9540319628
184 4063008737 10162793457
185 3674877382 2207928249
186 9327574731 2272323848
187 3323212415 9167315332
188 -3060715471 -3497038223
189 3972716162 9485497078
190 737685902 10183823876
191 -449579043 14726334647
192 6038946597 11120386222
193 5381757721 31541464985
194 4212080933 12003687367
195 7917695114 5144384335
196 4269391896 12021857208
197 3378481311 10362328174
198 973318051 -2209887098
199 -177578862 -1904512830
200 10000000000 15093173505
201 9011128672 2651022674
202 -8246907033 13564494831
203 10062657622 4263795079
204 5284331865 339368960
205 3682628795 1770672688
206 2890046197 9116721444
207 3190577956 1151005726
208 4367445481 10035879184
209 5236403201 11869210560
210 7145724542 -2117186401
211 7644372459 4942743928
212 7032433172 -7970019921
213 6649433044 11539922050
214 8727292984 3952621908
215 -4813370731 7851480034
216 -5140085282 2479621334
217 8136768394 -10621834496
218 8909434660 4013622716
219 3082466059 1683686751
220 18014189919 -4398228023
221 1037377935 12511306377
222 10000000000 1435136752
223 2305707233 289042475
224 2157044904 12570246903
225 -1858390564 31541464985
226 9542430393 -4033190724
227 4269391896 10479911509
228 4269391896 -1265685422
229 5021285554 140408338
230 4679240597 11368500694
231 3597578062 11195543289
232 2687317950 531955578
233 8363629501 4048808537
234 7210131327 4559660691
235 3260167333 9574148637
236 9088614757 2536272124
237 3782906658 1723853772
238 9553052832 -14022725496
239 1046532291 11350729799
240 8875441950 -12395594187
241 652172178 -1674089676
242 335871990 -216028361
243 1594271502 10882643349
244 4190918707 12861992783
245 10644220958 915315426
246 9454971454 2494693937
247 4834908484 11173978266
248 2385590986 10226526919
249 8679341733 25607602243
250 7771699064 -5552263406
251 9241191491 31541464985
252 9403232497 31541464985
253 7997751646 -3512794989
254 15935341402 5167181840
255 3753056392 944490097
256 7991522290 12951428966
257 1362959494 14737758115
258 9369036336 2936415637
259 8917787230 3754153946
260 6955000761 4096408573
261 3145015751 9326257560
262 5765311768 11044023500
263 3954901445 1637621934
264 3779089936 -626680090
265 2645203546 11786227512
266 3627307428 9295041531
267 9307227501 14354434057
268 -952466614 7714786452
269 -1611189629 14079195321
270 5823039714 10906957256
271 7671557565 22446941443
272 -1688905340 23388276268
273 -836404842 16916652169
274 2389170788 10262209854
275 5758695667 -479982220
276 -1418318240 7849277796
277 -810467186 13207213245
278 9658928024 6451341045
279 -567504412 6657741572
280 10614121329 31465267337
281 7887628511 5430629152
282 3749562638 12623459573
283 4538476870 12678342836
284 9437495745 14493345880
285 9619802134 2413945788
286 9619842862 -9596719270
287 5854750327 11147594610
288 5752395463 11127123187
289 -3972623989 -7248038445
290 9100567793 4041712468
291 2698620679 12200795868
292 -1969825707 5879403793
293 8474687626 3670338707
294 7360843798 12303570744
295 2780864934 9279284286
296 5414283686 10537889506
297 6341729438 11257166850
298 -7581280296 12434129774
299 5105947390 31541464985
300 8564329047 13562242687
301 6826523737 4899937675
302 8759952190 3959107725
303 7093944781 11894188736
304 2340767959 776415502
305 2677667136 1087835568
306 4238541422 11198582171
307 3763176631 10005430452
308 -1395729609 -1985327426
309 9700305529 2692212288
310 7726276896 -4389218288
311 4144943072 1182427227
312 4454553530 10507941190
313 7808454614 12756214355
314 7664267860 31541464985
315 10000000000 15093173505
316 2739951862 9708871908
317 9031019112 26228919824
318 -2692926704 8520674507
319 2911157924 9895837922
320 2594802451 9332464955
321 3338825009 10056156127
322 3358912802 1871626863
323 5684443022 17522107134
324 3811237036 1844831297
325 3406307345 1691988582
326 -1218829677 7430813118
327 10399386841 15016976199
328 3469425354 11081759216
329 3421918340 1600932142
330 -139024857 6662338117
331 2711548260 10007188406
332 9334435754 5701146111
333 3542461895 437534873
334 11184482833 7150438857
335 6799409617 -2450367534
336 9331525141 6612179398
337 9205380073 2622002124
338 11264927418 15093265437
339 10273806963 5378830002
340 5269413761 11564850323
341 -386222401 -2383020573
342 5254310639 -7508238077
343 4400311060 9723336645
344 8098414349 4115228380
345 3576234245 915604160
346 3435919705 9269021226
347 8970938733 26928085892
348 2843152801 10359196797
349 9188325202 2657684875
350 3565059113 9588179656
351 -2289674056 5494843459
352 5109770654 10335161666
353 3793308240 1820350367
354 -256103575 6655707269
355 3513737946 506509026
356 517444703 10362064462
357 9099875391 2891046023
358 6830583268 16748095696
359 5103693761 31541464985
360 4133824019 13425016973
361 7842659074 31541464985
362 3920501712 1718992832
363 4456697070 347498615
364 5590236658 18306801530
365 9205495770 2767137069
366 2414065931 10250713337
367 9526530783 3810568523
368 7777668899 12946442604
369 -6127591156 4711588239
370 -4217468536 19044108340
371 4666257565 9981720058
372 9213494829 4037863688
373 3683518765 12276648975
374 4168242292 1588130599
375 4849162446 31541464985
376 3006757574 10008856148
377 7343623039 -8717272937
378 3573235595 1702212477
379 8023214968 4513906519
380 -1918358615 6761655620
381 -319694841 6130713781
382 -1313407209 7192380075
383 3954901445 1637621934
384 3940009698 802193324
385 9186843706 2640538186
386 2839022651 9441671136
387 9507254032 3838946200
388 5679292958 11323216889
389 6585809112 -1307133034
390 5101788613 10574154170
391 4357298491 1258984420
392 8002328112 31541464985
393 8207052258 -5704772223
394 7948473875 12905524196
395 7620537428 12241388851
396 4901290452 11963402543
397 358057102 14723265112
398 2668745533 9033997167
399 7267192418 16623370570
400 -1664031672 6133082646
401 10265676574 3538078989
402 332405936 14829610591
403 5571363332 11810127827
404 12337233517 36789403881
405 4269391896 26902541057
406 3507425849 17842045736
407 2872333164 9934123263
408 5160326477 11095356033
409 9380502203 4608782248
410 2441952614 9566243420
411 4131182141 602490487
412 7090061670 20964011205
413 10715446395 -11501014437
414 10483438667 -11097756158
415 9098772286 2778503092
416 -843450823 6752644462
417 -2362690452 5830799448
418 10381530935 15500019841
419 -1664624113 5759894297
420 3670645714 9902570351
421 4269391896 13356791603
422 4269391896 11385801645
423 6132305603 -5808564450
424 3683648175 13016341016
425 10613297035 934419951
426 4358286948 12895164338
427 9971639811 6945786477
428 7531417479 4812249512
429 7352924210 -8739607622
430 -805893080 7236174642
431 6444662668 14502549728
432 9635837406 3164143952
433 5099809259 15888471544
434 8107142289 13074720602
435 4470082798 9964607353
436 -1688905340 31541464985
437 10078816084 2996331451
438 2884455671 10220416842
439 2343817996 9564959949
440 4269391896 9801602936
441 7808454614 13356791603
442 9684569576 5516555180
443 2623033202 9479451105
444 5079541141 11499587013
445 -1632660945 -2150321622
446 3788962475 10436322397
447 7282802566 -8571226144
448 1265641795 18682438
449 8892660207 3572691171
450 3877194085 10029602494
451 4326248844 -1471722208
452 4269391896 9681903094
453 -552617383 6015537840
454 9435543981 3828759635
455 3954901445 971276815
456 3070492925 1068500796
457 -395165631 6003439724
458 5135423952 662736414
459 6859667540 21060540937
460 -2091101748 6079612974
461 14501789031 4967742590
462 3829718934 9431637969
463 3350732351 8855124591
464 8218222798 26206943527
465 2604796016 1343150726
466 9345772902 31541464985
467 3310812565 8939430602
468 8044862388 -10401142733
469 11429069144 31668465108
470 9607045210 3885739124
471 6998814302 31541464985
472 -971612923 13653652772
473 10740163535 7777502749
474 10398375223 7589103065
475 9357405880 5904123491
476 4269391896 13340944467
477 -3875346207 6377303055
478 3954901445 1637621934
479 5679500425 12333845302
480 4269391896 10896209808
481 3965098455 849216725
482 2567803401 13500097739
483 3443867151 1172121562
484 4269391896 11348312417
485 3519523502 11763989798
486 3310261087 8929806852
487 11994175434 7906029620
488 4759108095 9953077323
489 6568733449 -6856548521
490 6402896451 31541464985
491 4804355241 -1170707289
492 3935656203 1671518719
493 9950815242 1872521388
494 3201368046 1533194530
495 4295139767 -332635821
496 9792412677 2963990853
497 9384670068 2856266837
498 9713930160 2991841361
499 10000000000 5110081348
500 7653734467 3848354054
501 6806241197 31541464985
502 5145517996 11917673679
503 4269391896 14312938839
504 9460598147 -8220394690
505 -145526671 6501277211
506 7029137593 4883063334
507 5415518261 -1320094062
508 4931253914 11931977161
509 9217723075 2223396086
510 3232216633 8876347353
511 4269391896 29481991290
512 4269391896 -7021744089
513 11083698313 6625501321
514 10707693192 4420760125
515 13949735068 6786135058
516 4076972713 13280034832
517 3937721394 9377775683
518 5889490360 -290912915
519 3496579365 9611702253
520 9396002131 3659189665
521 -869258865 13750874407
522 8690952328 3888411867
523 11049131288 5531042517
524 8322022104 4546514142
525 -2871718806 4937593710
526 1832981071 13661901718
527 7247034869 12304232185
528 4269391896 12972328136
529 -1731420122 8329097583
530 4269391896 -4513178136
531 9635732173 3478820071
532 5969003548 -591019537
533 4407837856 1307804164
534 -1238799075 5904996224
535 -2443633988 8464305081
536 7981821961 -10249765218
537 322110119 10821977270
538 3464443667 10415312351
539 4509777829 10092713107
540 10663966649 3031037485
541 -1166425715 6025565293
542 -2357583541 8588969606
543 12833628026 3688982441
544 3413184523 1637621934
545 9093196354 3558572193
546 8165940885 12698008504
547 -5926513673 3311045502
548 8826527171 3610822947
549 14228819076 6786135058
550 5583565953 11114950521
551 5634400404 11014772943
552 4876077815 10713465039
553 4893991673 10932812054
554 7320632777 12687608518
555 303155216 10273826169
556 5214228691 11798615997
557 4269391896 9637541161
558 8505079648 13499061964
559 7268815058 -1475010840
560 10572204458 21279150039
561 4176007306 9629062597
562 8931079386 -6063630558
563 9589811427 29039963349
564 8771951798 18012442826
565 4269391896 11511670532
566 -3020577636 4722855815
567 532361931 15466676050
568 13123557723 2548087398
569 10826666371 3755058929
570 5045544082 31541464985
571 5553982554 -4397232742
572 -1745096835 5259008151
573 8102140052 5042246409
574 10832458565 30832746858
575 7123501187 -8188699435
576 3479103602 10040352059
577 9332790246 3925072957
578 2675058076 917166911
579 5912793705 11944880482
580 3954901445 436758598
581 4269391896 11091603987
582 10899415052 1168158655
583 9435985374 3633278673
584 7502355265 5381008088
585 7637959287 31541464985
586 -2423665056 6786135058
587 -2698902557 5796530977
588 5691514975 17870712806
589 9512843704 2108422692
590 7115256118 4710095076
591 8155679329 16894165506
592 3271934818 327342742
593 3239247676 -4167776421
594 4857652412 10995766441
595 3954901445 996612107
596 9467019063 3269393139
597 2247949234 14509903069
598 5452772966 13657610409
599 3026524195 9640292182
600 4242077149 1571002208
601 9280396506 31541464985
602 8796430461 -3301418789
603 4681122704 -235774155
604 3332183081 10573754774
605 3485673659 -946663602
606 3244906248 10694621315
607 2563894532 10115740523
608 1021990326 31541464985
609 8334909342 3352232859
610 -1560963276 6792277586
611 5474325188 11550253528
612 6504501327 11494311262
613 -941224390 6642519805
614 -737582319 31541464985
615 3240660627 -740999113
616 -1697341554 5638568829
617 4055978932 13226496512
618 9023349755 2911550455
619 3243076338 9095420354
620 7160726163 4915006366
621 4485944881 10658734535
622 5174902309 11621197802
623 2539392552 9742355107
624 7441004002 4708201141
625 4269391896 25740204027
626 -1058202329 6348431436
627 8575136690 13573767441
628 5011899577 12048677739
629 3954901445 1637621934
630 -1169962122 -2298303386
631 3457655242 1591148319
632 3612338447 10319406571
633 9546121319 4461198096
634 1924007757 13671435018
635 2879555433 9003226582
636 4364245278 9875317621
637 10222241244 5302739554
638 26127897 14470517968
639 6066521394 -1795033142
640 1920278669 10514038184
641 5626214047 -504143529
642 5547450632 10715052565
643 2983928082 9271611071
644 8956386075 25723509793
645 5325088636 11574497122
646 -1432136837 5286774362
647 4269391896 31541464985
648 6940081043 12595155832
649 6992174587 -7873347912
650 8203453765 12736957804
651 -666258374 6809764660
652 4269391896 23050824034
653 4826263596 16105721352
654 23407134 6302973531
655 9791211575 14870531518
656 3401759051 9870565979
657 6149628791 -1641023421
658 -512560805 13136963402
659 8922553614 14738401845
660 -134697997 -2585084580
661 5230765811 12713263267
662 3680194657 10404794582
663 5142521681 11804295132
664 5048576857 11963283236
665 -3177728160 5054082813
666 -625455515 6423219315
667 4269391896 13356791603
668 7808454614 13130572667
669 1353002883 31541464985
670 3872228168 13478682118
671 -2971356441 -4012861821
672 7786599840 2989752151
673 9508710839 6292348357
674 -3466076258 4510621143
675 8222056951 13197260100
676 13468239911 26534245680
677 4186383145 13559053202
678 -316265645 6763714888
679 7303516521 4804527076
680 2401674810 11184046692
681 4549968884 10684504997
682 5071058799 10250689164
683 1044299609 10422867092
684 3954901445 813643259
685 9872921348 6925242936
686 5598844447 11112950090
687 976093468 -1488031957
688 7632123959 12568183781
689 -4243544389 6074914965
690 5191825184 11078008519
691 9037856203 31541464985
692 5908204337 10873074302
693 9615472680 3045019541
694 -842242464 5738827672
695 5563241251 12684870998
696 9875092333 2441768496
697 9552825117 2491403368
698 3664920369 31541464985
699 6517863755 4516394251
700 544956433 12237400129
701 -1053964874 13959893729
702 10454822725 30509134945
703 6589363140 12583009653
704 10000000000 15093173505
705 -1163930554 6048385294
706 4441313756 841305673
707 8144965102 5068500928
708 3344574510 8903089363
709 3133898489 9222759581
710 2737306118 941576011
711 9951215205 15041151734
712 9950815242 3428840137
713 9199707062 4148274573
714 10592388642 15412626009
715 3523614296 -2741801368
716 8109269919 13076989405
717 5984735155 11552636092
718 430160621 -838799053
719 8030344714 31541464985
720 8002977507 12963644262
721 8650815380 5544341209
722 -4519083944 6787892474
723 7582742377 4844234285
724 4482517579 12590563821
725 4269391896 -9286366728
726 3954901445 618247713
727 4067577098 13256074143
728 9488228901 14547445291
729 4476517335 11767422657
730 -1331719925 13311602910
731 4691124784 48943506
732 3040925062 12057056234
733 8055171983 12582998108
734 4269391896 31541464985
735 4269391896 10481969571
736 4269391896 -614595082
737 8189918694 5481320607
738 3089861992 8944345027
739 -2328183996 5427322761
740 6351448845 12091535890
741 7222126751 5047438967
742 2813788055 172912127
743 -3064779523 3937243740
744 10825405411 3803355089
745 9391851116 2993350945
746 5763647294 11066613910
747 5461097029 10656598542
748 -4785743694 3666422495
749 3516223478 378224954
750 -2573729054 7172559673
751 5814708259 10848150667
752 4821927091 11310623009
753 9165395408 2761200796
754 9950815242 2439632341
755 8999275626 2949460305
756 3596714367 9501674547
757 10856922468 7841862312
758 10711237695 3548558862
759 9437263615 31541464985
760 2886582237 10144514737
761 6832835707 14167464125
762 8829626503 31541464985
763 10146842649 3300712106
764 -1263857044 13376062888
765 4615969325 9930961486
766 9415887464 2741202476
767 4593204583 10493697768
768 2247110130 9223677054
769 2074598692 -71390592
770 9205225391 4172118167
771 3694823120 455719134
772 4269391896 31541464985
773 4531805015 1168743469
774 9208516510 18804625571
775 4568151302 12833118863
776 9991489050 4921582468
777 10374477845 2052876622
778 4269391896 -7634904361
779 9984464600 3488191601
780 11459984730 378623485
781 9414174292 2618222090
782 1792777122 10683216299
783 10551873350 -5486455380
784 3954901445 1637621934
785 3181466070 8999744237
786 3198827846 9904176091
787 8013490775 12974855108
788 4269391896 31408289962
789 7808454614 -6930967501
790 4783542748 12505146409
791 10720979466 7155276710
792 2275562692 13312333389
793 5373745918 31541464985
794 7328479389 21572023828
795 9655574543 31541464985
796 3515565374 141254906
797 6049643680 -5610070290
798 2903557801 9905747539
799 5911996434 -349876702
800 7904452521 31541464985
801 9791177218 4579058140
802 9150503922 14187311530
803 8165366996 -4999457608
804 4504999271 -1900951467
805 10261023735 7251190696
806 1022675853 -1375106491
807 9950815242 2921721327
808 8420292196 3283505484
809 -940487530 6090923381
810 4269391896 10206051412
811 7298311355 4196944689
812 6219154277 11764038794
813 3696101960 9662976018
814 7894997803 12848499872
815 10596154446 3671555086
816 8084115727 24397492347
817 4252155399 11698938591
818 9135260997 2523493579
819 -666521954 6027847621
820 -1000658901 5623225221
821 6526908879 11347092155
822 3184527385 9460981440
823 9319992334 3710449421
824 23042515 12754178788
825 9027792752 3647290483
826 3637233804 1787932519
827 -1273025884 -2240805045
828 -1196175705 31541464985
829 9898476526 3787690120
830 5699660049 11044033712
831 3864364676 9999039743
832 -3260180947 -5509223490
833 6224202637 31541464985
834 9624367171 2170952652
835 4269391896 31541464985
836 8150624205 5890084081
837 3795730783 9269166291
838 9512879031 2808842052
839 6845833107 12786512872
840 2593237232 11015484522
841 3633492947 495476364
842 8033487370 23372661162
843 11354965778 8116392478
844 2842054770 10285587393
845 4494249169 14410960124
846 11366540212 -6706570448
847 8487956316 13032354353
848 10686161872 30450714006
849 1014411791 15609444000
850 3128951541 9440399103
851 3169159956 1333936169
852 -202237356 -3455598661
853 2909816182 1443452790
854 4269391896 31403513338
855 7847943170 12367834217
856 -2611868818 4233831303
857 7573978571 -1888582898
858 10508294095 7391866551
859 -6093306622 31541464985
860 8709141506 2947416171
861 -4144606341 4092473135
862 6265144090 11719520594
863 12237843616 -14147130104
864 6947302704 11837923158
865 9939096468 6789949535
866 13229843042 6786135058
867 3958770157 9497277718
868 7522785939 4532011089
869 4269391896 10672113362
870 9060571024 4054177081
871 3929638675 9946317501
872 7724542225 5087872716
873 -3215159368 7570678030
874 -2379729862 4566100040
875 11525231338 -18758472037
876 8558246859 13555756934
877 8689514474 25120832639
878 5941997775 -248240856
879 11539959704 2301119766
880 9581320556 27964509730
881 9448703514 2265531771
882 9950815242 3859894677
883 10120959241 3015073909
884 7070681972 -1278360503
885 7930992287 12886882667
886 5903971678 -5260271487
887 3234218550 -1511258250
888 4269391896 13515858510
889 13620004176 1564665665
890 9406768964 2961293990
891 63019423 11124271808
892 7834111044 12783573145
893 3594062415 880144761
894 -5441841853 5931518397
895 734017481 31541464985
896 -2503438210 8025260696
897 7004449467 4834993477
898 5289472339 11716929093
899 3961984602 10740777919
900 9272502226 6661321931
901 -6607227291 12104967811
902 10878018366 -11783584737
903 7283982744 13047897823
904 4361543355 15082970839
905 7866693190 4053547340
906 4269391896 -1803917802
907 11150147714 7675590487
908 11958865236 16636169181
909 11885585974 -13534862523
910 7808454614 13356791603
911 -793075867 6686994853
912 -2590358851 6689502837
913 9484102700 6523800208
914 3954901445 1637621934
915 3510367778 31541464985
916 8359286263 -5268963027
917 3545166297 9252923679
918 4828446225 10825295603
919 10213462873 20628183789
920 3149964627 766199036
921 2901154110 10688568471
922 3370646110 9018443848
923 -365050231 6220316505
924 9483352738 2793612108
925 3575896389 1353623282
926 2908182075 348820556
927 9897500036 3551252708
928 4996650451 -3081542052
929 17159948639 22728200184
930 10015463759 2340397705
931 7524945262 12453893547
932 -1111120116 14365797202
933 -826892169 31541464985
934 8806999727 -12231245463
935 4685125922 10037928475
936 16739785919 7844622500
937 6995659584 4924012998
938 10489138413 3138554646
939 5626986146 11197375587
940 3664281324 10355228986
941 14188961475 5724544637
942 8011902058 12973160977
943 3740384617 12265671081
944 12398494590 2631909819
945 12782856812 18060678871
946 -2240585484 6710690420
947 4002871275 9559380061
948 5131801801 10395299856
949 8001435681 12962000132
950 9044919238 13673563233
951 5632796380 11319778438
952 5593636263 11310926686
953 4241858417 10270934505
954 5814182394 11024244228
955 -2673284997 5756687478
956 10000000000 15093173505
957 4317564580 12226371522
958 5435597233 31541464985
959 8742921319 4057505194
960 4720591902 10132838254
961 382770062 31541464985
962 3236885440 9467257069
963 6281664935 -793416620
964 7615910010 23021482632
965 4199463617 1580887800
966 4503692725 872220292
967 5616165733 17148281627
968 6399712105 -2227526066
969 8244955339 12780048531
970 4269391896 10148341866
971 4269391896 10191928675
972 7094600354 -8119300533
973 5684696042 11175330777
974 4297173433 933856604
975 3952931704 9863494519
976 4708062059 11044363451
977 217450825 -4391403341
978 9948394337 1872521388
979 171060436 -4827765527
980 3476479631 9321367249
981 4260168702 13061923127
982 4247363809 1223196543
983 3996004663 -622206252
984 5891524027 -1090090967
985 5997204236 10952011323
986 5665492203 -134638245
987 4109242206 1245725517
988 4950793499 10754336268
989 4825451183 -712721134
990 8701641463 26065248241
991 -355939238 -2005205538
992 3791843896 -84414844
993 5474471743 11337877640
994 3486689772 571459181
995 -2016234297 31541464985
996 3052586687 10776446914
997 4158548184 31541464985
998 -336897693 6356856382
999 7157102627 -2454343556
1000 3672851781 -1930640466
1001 10428862493 4154118177
1002 5734745628 11156948164
1003 9206345176 13778251317
1004 3854022852 9480760959
1005 4269391896 15591657710
1006 6341898427 31541464985
1007 9586471922 31541464985
1008 4056948433 9764939518
1009 5366943648 189424473
1010 10729417572 30245092903
1011 8079131308 4575411953
1012 8385320213 -4742597851
1013 3641173649 9408065611
1014 7707289256 -5030178096
1015 4158227735 580361855
1016 5379330512 11455152446
1017 4450170099 9946710425
1018 2212927228 12199155418
1019 -2263830051 4660009512
1020 4269391896 9730234784
1021 9320816630 3534404686
1022 12999521496 721860570
1023 4392172720 707417792
1024 3024662339 8713679432
1025 8004347982 31541464985
1026 7431232512 31541464985
1027 8045884634 24052395135
1028 4076734616 9429128379
1029 3301177952 1016924413
1030 8970443632 4175429947
1031 6074604329 19720186863
1032 4472994190 31541464985
1033 8016525714 12630611909
1034 9092997340 6314692312
1035 3314082277 1372876941
1036 2477676219 8316974026
1037 3444308537 673228258
1038 -2372706087 4546479726
1039 3836625362 11112640093
1040 7307943969 12222493749
1041 17017604206 48035091201
1042 5795720711 10984080639
1043 -3216101097 8463699577
1044 4606942367 10873768295
1045 -1573703785 5030329530
1046 6823853553 11782430431
1047 5516163813 12397894946
1048 4208673626 10173450427
1049 5069548297 11940881367
1050 1840820609 13828679488
1051 263972373 31541464985
1052 1931283783 11539216775
1053 396224948 -1317183729
1054 7188979922 -1655120418
1055 -802008218 -1833926487
1056 3734905938 10235568181
1057 2076570361 31541464985
1058 9349467933 3930614585
1059 6034988534 -1685696846
1060 5336358963 11153795976
1061 9545713412 6260672763
1062 3222231912 12581014346
1063 3055821282 10068791945
1064 3307954068 11325562295
1065 3679870945 9843234057
1066 3946626501 14332792594
1067 12394351917 -20845471141
1068 2299063752 -1207612120
1069 5398285251 11526472162
1070 5534061390 11093121658
1071 -689733051 7021112043
1072 4177378523 11109472514
1073 -186115330 6564862317
1074 3584814333 1497278470
1075 8593638333 31541464985
1076 7883693051 31541464985
1077 -140320809 31541464985
1078 8421673284 5754822729
1079 7418057892 5154046244
1080 -1197217010 6670128656
1081 4814675326 -7146511287
1082 5839180653 31541464985
1083 2865951966 13179446446
1084 1866129564 -970378207
1085 -1483304542 8035223953
1086 3275911423 8826745115
1087 4348687525 9744129436
1088 6197483279 14032345717
1089 6185934304 12588377602
1090 5285167812 11701560422
1091 9474509958 3973782658
1092 5883917301 10930413492
1093 7808454614 12756214355
1094 3457936620 9137126562
1095 6627147356 -6996816483
1096 3308651119 9139115422
1097 6474279654 19569056749
1098 6535273930 -941220507
1099 4269391896 10355039012
1100 3489891250 1231602244
1101 3954901445 1700617289
1102 -1031527341 -1662131458
1103 11741511360 2100057091
1104 2959774060 9368490903
1105 -3362876414 5312367640
1106 -3565859485 3862145650
1107 1419679593 31541464985
1108 10000000000 20240837766
1109 6723537994 11661045997
1110 7965468173 -10210495246
1111 5810674365 17963290032
1112 4718721394 -2259607834
1113 8574691221 31541464985
1114 8581701322 3998101232
1115 7493611903 4408071062
1116 5661151490 12484876810
1117 9309534131 3684266276
1118 4924752559 10286034215
1119 7067919104 -2268573606
1120 9609138788 2367636199
1121 1276308756 -388650634
1122 13137012231 2465016854
1123 8966767828 13644549967
1124 4806963667 -162576466
1125 2961056964 11278414828
1126 9287987685 2387241766
1127 -2905113058 6826992764
1128 7841149159 5044690354
1129 1652904878 587635800
1130 -336714222 13064428805
1131 -1724974613 6641789784
1132 10156187565 6420718341
1133 701504042 -1087980931
1134 8617031095 25032874643
1135 3245515980 9486043094
1136 10653088630 7729505542
1137 7628912374 22957916759
1138 3293505355 1035348443
1139 13342959474 5876182723
1140 5768079161 10963474889
1141 302158044 12447558144
1142 3453511971 10021461184
1143 10725126231 5450480715
1144 3954901445 1110083255
1145 4269391896 13369175306
1146 6778748917 4622259045
1147 -7390845548 1651997569
1148 2824618342 9937566872
1149 9950815242 3860496245
1150 10782525047 4203869498
1151 1546764017 -2287316430
1152 9595015870 29555803036
1153 3886579024 10178129162
1154 4269391896 12322801412
1155 7910678268 31541464985
1156 3954901445 901824478
1157 7808454614 12756214355
1158 4269391896 -5345210329
1159 4460682923 826018651
1160 3337804351 9709619037
1161 4395180691 1220560974
1162 -3477314942 4892127667
1163 3270063657 11671159993
1164 9182607892 3746016296
1165 3624354067 31541464985
1166 8673739330 -5705984097
1167 6635188076 -7016124477
1168 8769793044 3224951110
1169 3130512252 560749941
1170 9754491196 3552779915
1171 -3206451445 4004287296
1172 7565385353 -9249785641
1173 -2399105702 4911642515
1174 -4843920131 9560233299
1175 9865679270 2251583154
1176 2066286204 9977442979
1177 2433770802 11194123127
1178 10584639570 3531322494
1179 4491919696 15931456108
1180 3354378242 1562664676
1181 -212472051 -3682305351
1182 4073660880 11708611218
1183 -695119901 6516125835
1184 8373808506 13359080697
1185 2773491571 9160756917
1186 2880815584 1158880812
1187 4269391896 9708699386
1188 3954901445 555511677
1189 6143306502 14462054159
1190 2658085931 10383386069
1191 2497679743 716343644
1192 7090926510 -8110478618
1193 7993716533 12953768802
1194 4982394716 10340835848
1195 8669111912 3017261097
1196 2149898141 10391742143
1197 5202158466 349658637
1198 3229704443 1819257370
1199 8077274595 12541810775
1200 6901406484 13070027114
1201 6654886287 12407900152
1202 4414800634 1139868565
1203 3043539118 1205053863
1204 3621524507 9500080279
1205 9632254568 6048828189
1206 5433227565 261863610
1207 2472626383 13495800605
1208 7118811412 12180328507
1209 8335154279 12873701313
1210 9048389332 3123523985
1211 -399070487 6302292369
1212 4496382784 12983323443
1213 6549118042 -2753224633
1214 10287393168 1160501140
1215 3535773625 10933165572
1216 5545028763 11427756933
1217 12340922487 5630309537
1218 8211636486 4482499003
1219 4269391896 31541464985
1220 2539376032 539729837
1221 8009269547 31541464985
1222 3217148906 9865843097
1223 8684210664 3812113750
1224 876211700 -930207934
1225 12915098589 6103059178
1226 9621250366 14689293016
1227 9667478753 -14297493807
1228 1109685519 -768367684
1229 -1152351888 6258162224
1230 4269391896 14627727268
1231 1926098678 10023905935
1232 10261098906 7419706598
1233 5661814182 11189756186
1234 5468959323 11728597939
1235 3356511742 9270509886
1236 8857249240 5606754986
1237 4269391896 11834672183
1238 2884847610 11335952774
1239 9979229871 1694669418
1240 8657310111 3891174932
1241 1366844421 11309404439
1242 4269391896 13697252555
1243 10368339410 -5836289484
1244 8407041837 3873288676
1245 2401943086 9897758676
1246 5481525550 -4245861389
1247 2982638051 252313601
1248 1667865353 11194748725
1249 3954901445 1535957221
1250 5226242170 11736309373
1251 3766231315 871481890
1252 7960107045 12917929252
1253 2851675311 1383573006
1254 7943284048 5740890472
1255 833689492 11009086020
1256 2816676792 9201712071
1257 4015877604 9945988335
1258 4207542031 9805192656
1259 10571823743 4135162691
1260 -3483337269 4691146423
1261 3352230568 524854595
1262 5012231982 10881399998
1263 4203152956 -626218752
1264 4297620743 9793830998
1265 3631248822 12238743009
1266 -678683809 6441168082
1267 4269391896 13356791603
1268 6697017499 31541464985
1269 3369463893 9418559526
1270 -1212053519 -2129007069
1271 4157689608 -7587964067
1272 -1077075699 6336049269
1273 -1558212374 13554947236
1274 4693960085 1139227428
1275 8045210471 12521920864
1276 2548917974 9833115761
1277 4360264975 14002486468
1278 9189614392 2440265295
1279 6073774574 -5668015244
1280 7927263123 31541464985
1281 768115888 34954440
1282 13846767155 5181191778
1283 4946589168 13022618490
1284 9896016668 5788580686
1285 5604192528 294097568
1286 3117252143 9339158368
1287 8040016380 13003140744
1288 4233584953 9550746221
1289 -2876487653 5824780889
1290 7823848301 12843646682
1291 12165473293 5749769834
1292 -3422621877 4114139692
1293 8465585495 5847638379
1294 6810844850 21617205267
1295 11168490888 1954274693
1296 4892646634 10118809609
1297 -1747950291 5387941718
1298 8564889926 3901116056
1299 9638933387 6055777039
1300 2291451760 31541464985
1301 13815215588 19161536879
1302 910922652 -469647028
1303 14666552185 44780425320
1304 9335036372 31541464985
1305 8133978660 13103337624
1306 3646180971 13654162490
1307 -5894255709 31541464985
1308 3500014031 12098095824
1309 3458262496 10088280314
1310 4269391896 31541464985
1311 -1419889780 6300766139
1312 -1053741219 13960106170
1313 -2109714485 7114034370
1314 4485356031 10470621383
1315 5417491176 11496303467
1316 -709795406 6373659867
1317 7313787603 4422430863
1318 7519708601 -4102133484
1319 9794268308 3793341984
1320 4974938352 16296484298
1321 3334057810 12571479182
1322 -183332803 6652219689
1323 3242079222 1433402694
1324 3375599508 31541464985
1325 5577849684 -3349288608
1326 4150932245 1592146227
1327 8553429274 25376994372
1328 8669417058 13220763478
1329 14116925749 -526221819
1330 9895650456 3269236413
1331 2869122825 1253148921
1332 900462356 -309176857
1333 -6007812682 -12241082408
1334 -1726341721 -1914928258
1335 5575235796 11182490626
1336 1742807819 31541464985
1337 5995102701 -5479102301
1338 -2009148507 5809194315
1339 5813767083 12795694438
1340 9955167830 1810587455
1341 3839448180 9384313145
1342 -3544960073 31541464985
1343 3477004398 9926162060
1344 -38003726 -810231343
1345 6410378294 20046685749
1346 8316834084 -5209963772
1347 2008239680 10657818037
1348 3560247516 9547807434
1349 4269391896 11783205457
1350 10311776288 5403097472
1351 4269391896 -3525870080
1352 6847832560 31541464985
1353 5851411013 10812512618
1354 5752817978 47109920
1355 2280410256 1071151667
1356 7808454614 -9833462224
1357 10326033795 3189510162
1358 11667899180 16334061632
1359 -808693102 6463256352
1360 3368630179 1152722140
1361 6772383620 20153868967
1362 3954901445 1443473634
1363 2817741090 1479925401
1364 -1665325349 6711810166
1365 6662157263 31541464985
1366 9879642613 14964830146
1367 10000000000 15093173505
1368 2134748857 10368878847
1369 7578947423 -4184462504
1370 5804624408 13019909253
1371 -3334580194 8855637395
1372 6561357532 -6838836904
1373 10408185770 -7661011824
1374 4142037070 1607562943
1375 9557749065 4107541503
1376 5408783175 11478857094
1377 3299165688 9115052385
1378 -1096688274 7559089497
1379 8834095713 25452403356
1380 -1688905340 31541464985
1381 9873477541 1872521388
1382 7540083770 31541464985
1383 9400175287 6710380277
1384 3313611596 13842203085
1385 7511655761 12825170324
1386 897062148 12728943454
1387 12765702244 5925960828
1388 -1532231189 31541464985
1389 4269391896 31541464985
1390 -1184802 -559666542
1391 -2791291608 9081613717
1392 5058165425 11911176290
1393 4360484546 -186321913
1394 5471779225 11224111078
1395 9086756574 13861395804
1396 9995844492 28492936352
1397 7974385710 12933155338
1398 5849100705 -270092132
1399 5222182373 285598322
1400 5786579078 10969719886
1401 11786431445 1581590718
1402 9851534831 14934857352
1403 3947102437 733427727
1404 7522131475 5236979119
1405 3167292886 1000368652
1406 4269391896 10438213368
1407 4114587309 9842007173
1408 3120809112 9322294939
1409 3563792812 602956859
1410 5352793753 -147283474
1411 4797857411 10357582705
1412 4269391896 11027820478
1413 9042986185 14175174069
1414 9283210436 3036871292
1415 2476759915 9781235136
1416 3942396009 10103464408
1417 8539511614 17590660903
1418 9020986454 18464336787
1419 2890365085 11018469327
1420 8842595492 4033025593
1421 3836932768 10058460857
1422 2062121553 9895072979
1423 4269391896 15093173505
1424 7509078264 12711471118
1425 -3610629136 4276950306
1426 3912476875 13934935358
1427 12225056432 8040436421
1428 -516186737 6215267172
1429 9512494759 14573321240
1430 8177146284 4899818798
1431 1979832752 -3082714528
1432 4898486462 10104017535
1433 10064893516 3650660049
1434 9915431110 3027974720
1435 10047861782 15144211020
1436 10268836565 -10724751022
1437 5939860793 31541464985
1438 5054993816 12195942769
1439 9854588385 3043975872
1440 10402004340 2494497427
1441 8893730489 5699328660
1442 3098146870 10757394998
1443 3702384304 9225789880
1444 -4668225209 2615363195
1445 2353556750 9874725577
1446 3922775513 1637621934
1447 -1688905340 23902443905
1448 -2728174428 4459001049
1449 1871704275 11133945948
1450 4582043735 10471865980
1451 9235107963 2814422365
1452 -47685918 -2903126903
1453 8179585131 25219837586
1454 7314780503 -1707131119
1455 8588541543 25057651999
1456 5175167844 361507078
1457 5282122640 11663524089
1458 3506248753 9602516220
1459 4063161682 912994591
1460 9065950643 -12853058298
1461 3954901445 1637621934
1462 5258896440 10489177349
1463 7391300364 21732229815
1464 5759532418 11049286132
1465 2820243384 11074089970
1466 3491167831 9901620517
1467 20228468443 909155358
1468 11566873839 5078929746
1469 4292717785 9735755193
1470 5096397462 11869485499
1471 6847070340 12910559019
1472 -6066459133 3009749399
1473 4269391896 31541464985
1474 7770834415 5262847091
1475 5566977040 11333501712
1476 10165692332 1872521388
1477 10695155683 6498844367
1478 4838406822 12328066475
1479 7444399003 5264794513
1480 -3429616190 4612657523
1481 -4101116192 7472721491
1482 8021036812 5789854229
1483 4446640468 10359600466
1484 9663993241 3075935573
1485 8924435281 2943427390
1486 5093282461 10225639328
1487 3597232548 1338760677
1488 13132019272 18433009013
1489 8435264845 13078807027
1490 4691492251 11097270392
1491 7036687211 31541464985
1492 -537428637 5974944354
1493 7758355416 31541464985
1494 9207832198 31541464985
1495 7629044587 14311667810
1496 -1597383205 6572168908
1497 3929351165 1653073880
1498 9232638048 4433136524
1499 4737942863 13119780617
1500 4048668830 11122731742
1501 -1850263004 5327761076
1502 659406250 -1762363627
1503 5599501360 11075221255
1504 6104629775 31541464985
1505 5205578538 373578100
1506 13425137960 1564665665
1507 7987274728 5755281042
1508 7053521639 4580370863
1509 4476769328 10313346918
1510 2307284897 15409421786
1511 -269231030 6409191687
1512 3369755049 135062071
1513 2797335061 788480264
1514 2916660352 10950696060
1515 9744554193 3983321070
1516 -2571547001 5459202981
1517 9625753318 -6221882514
1518 9950815242 3885572537
1519 3510243663 11308740041
1520 8911710478 3794365344
1521 -2572797619 6354400221
1522 5378504880 11422820922
1523 2283217356 15598779572
1524 3954901445 1637621934
1525 18622710654 -83178336
1526 -5174316580 4949831053
1527 -3537561033 4141663886
1528 8150729236 4937386829
1529 2940662332 9245802661
1530 -2463540210 6610168767
1531 6405050096 13446757144
1532 9909192635 20076060299
1533 9289893503 2348804000
1534 7877923710 -10000276756
1535 9809051731 2435022888
1536 -1933113995 6464934798
1537 11321114915 5372570691
1538 3745624137 -1768204304
1539 4746217857 10503649653
1540 -1526469438 5511619098
1541 4041337363 1512697676
1542 -551786383 -2187454680
EOF