NAME : 1602
COMMENT : tspgen
TYPE : TSP
DIMENSION : 1602
EDGE_WEIGHT_TYPE : EUC_2D
NODE_COORD_SECTION
1 -3683829957 7601693373
2 4772057169 8398036152
3 3684670783 6795920881
4 3396486826 16579546851
5 -4406758833 5494598603
6 9185601390 7799462752
7 2449653294 8486948014
8 8694109639 8247882688
9 14268278692 2426362583
10 3682681829 10335517158
11 3374393724 9603184082
12 -3361076184 3132411984
13 1142241108 12861328845
14 10734183800 8169779653
15 9998149616 8501079971
16 4922435678 8861922391
17 3359054419 8021766293
18 -1438446425 3420774487
19 3192979206 8458490220
20 9471970616 8405471859
21 5584060526 14952141765
22 -618745493 -2327664705
23 6096225768 1405458309
24 9037727341 8473357012
25 4956000865 12588532688
26 882294270 -1447989890
27 4427721874 8411218825
28 8379901872 4245030182
29 8654901505 17802568829
30 8968902930 7117305738
31 14286012910 4680671008
32 5504654522 2054122390
33 9043795208 8846670830
34 11981445697 8122028967
35 8387960350 7466090304
36 7863879487 2411788845
37 3389040740 8450984120
38 22726620719 7048568636
39 15588451198 16694927266
40 -1317262082 3210372656
41 -1469035283 4018511641
42 1243623613 -1596796549
43 16437088619 2041528111
44 3363039094 8451979577
45 -2381624680 3099152584
46 5421430725 11373604196
47 298414236 -1540926283
48 3649767322 6573223895
49 862855341 -2115449741
50 -1624239324 3278724336
51 9119808363 8245629305
52 -1823049305 2094686084
53 4333925407 8376095166
54 2545427668 8199261362
55 -2448540983 2893609468
56 5161706733 8383118648
57 -2118882013 3019085524
58 9337126689 815463387
59 4923392040 12115993697
60 1542760727 -1539341811
61 -18086310356 9820242306
62 9151846331 9305606297
63 4553852565 9194195664
64 9937450057 1576025872
65 5891431336 1590596500
66 8837856859 8229389325
67 -2537832730 2586754831
68 14003718501 18059917981
69 -1042501006 3218317245
70 5584970273 7237533605
71 1901030759 -4000880587
72 14288770294 349597363
73 6391375990 2350591658
74 6154735211 2199777302
75 -1250743010 3659596072
76 7278285235 13700345395
77 6145468294 1909951775
78 2004166861 9355890353
79 -4474406649 7049059638
80 16437088619 2303939895
81 7533914854 619392877
82 3554805476 5803246065
83 5529425918 10676113066
84 -1116264535 3473912840
85 3820322339 6894716887
86 4713463724 7476450257
87 9906765821 8201456862
88 2491133056 8485359985
89 -3668517881 8273993264
90 -1317262082 3472677345
91 16432934210 8208102631
92 5658208294 1880127867
93 -3978952354 7181459549
94 -5672204367 2010840876
95 -1317262082 3015135923
96 3546215240 9095311156
97 8271509491 3698708366
98 -2103365186 2676394428
99 5175944019 2706091942
100 5039109136 8168590085
101 2446954904 8054781424
102 3485702467 5986897074
103 7936868506 13756587675
104 7727339236 3237952694
105 4823194290 8396078397
106 4442443159 9783201612
107 16437088619 2991818610
108 -2146923438 2768271755
109 5018463625 7215073242
110 9293138608 7866679541
111 -2433163079 1743439545
112 8363332714 1940698997
113 3696751302 8356402482
114 8512306812 4919719545
115 16437088619 1117916824
116 8465913516 8256619042
117 -2126617733 2987495717
118 -3178837817 7482350375
119 -4743952074 1373552878
120 21815087715 14953830056
121 15011678699 17415358417
122 9395430056 950254310
123 -2577935289 2624791571
124 -1756772663 4363278778
125 9948506183 8273175805
126 -14701856 12700288841
127 6440064304 1092625120
128 9041422173 7282649986
129 16437088619 1791821454
130 6837566274 8177002675
131 -1619193003 2144921258
132 763729936 -1304947416
133 -3234261666 3789726605
134 17383938747 7342544281
135 8379774460 4006419901
136 5119695206 6624092310
137 -1317262082 2872785197
138 7723114249 647263836
139 14271119726 8034370148
140 6710895518 1950637493
141 2049580514 -7905986371
142 7767193753 8283369116
143 -3363419625 7359696918
144 16437088619 492605851
145 -2118445362 4414343287
146 4546281316 8552459546
147 2241957717 11644794442
148 4810260246 11755700231
149 5829183506 8410287496
150 3848622970 6191251373
151 26914524250 27582964600
152 4627102364 8472508696
153 9747588478 8358429732
154 9963959925 763468475
155 7460723153 3910926594
156 10396053230 679263228
157 10072018804 4817116890
158 4671821338 6644623892
159 16437088619 2449199375
160 7752236906 4473327862
161 3130731256 12414709611
162 8215713202 -1784787968
163 1725734043 9957112810
164 1783432247 12624255998
165 8954520876 8237912997
166 -1005221717 3302579190
167 2872050579 9123557884
168 2049580514 17001510283
169 8368558857 3484183221
170 3391994756 7680409021
171 1950033711 -4100882831
172 4437904665 8396003629
173 9475078739 8231164651
174 4368379982 9525981241
175 -1651155081 2881838982
176 4653737147 9436238597
177 5880631481 1748228697
178 -4759564097 6906373172
179 7965363088 8696557264
180 3454821427 12751337318
181 7105001120 2706091942
182 6543757487 3094228046
183 9991441273 8823407894
184 -2845495225 2549834451
185 -4990154 -2323374448
186 -2082012226 2633432468
187 16437088619 3475288299
188 16447027545 7207094335
189 6891656127 11642059883
190 9380443834 8221606788
191 3219306150 8470953124
192 -3955984120 349597363
193 8518399061 2741683523
194 2444138799 11597366155
195 3597650116 6206469160
196 4615121670 8404044335
197 -1317262082 3754717093
198 2875191480 7141376097
199 -6331718748 -1446839327
200 8670526212 8096403627
201 7779430926 1058668584
202 2131192507 9895095627
203 4874857568 8304998398
204 4398295559 8412345395
205 3793130775 9360345020
206 -1651280305 4671393348
207 4417081700 8497420623
208 3678875306 8439887974
209 8566799686 8181753617
210 12999539273 6063392014
211 5654497648 8411130847
212 9632881232 4248720376
213 9987142172 8198379701
214 1093569029 -1328478768
215 9457358379 1183560199
216 6274085575 17282349922
217 16437088619 2198291716
218 4048569992 9922787218
219 5341538885 3049019659
220 6793629391 2335882310
221 -4063729084 7339051051
222 16447425610 7951051562
223 16437088619 4566616075
224 -2834193785 2410559178
225 -1317262082 3490781380
226 7711905738 4218815964
227 9489853874 1156613798
228 6511644883 3078855484
229 7002428502 14157537105
230 4128112795 8422689182
231 16437088619 3565378293
232 4461658418 8771362557
233 2049580514 11964280442
234 15622853145 16335562170
235 2993331454 8501865455
236 21901878833 7489637356
237 -1728940829 2702225560
238 8986298287 7895221960
239 6301163787 2253067508
240 8341321802 3348005311
241 16437088619 1083134741
242 3469862233 9254197923
243 4697006482 8351602590
244 6722116875 3006090240
245 -3561025747 7425538040
246 1709238712 10812188986
247 8605316065 3937310967
248 3353243541 12796499779
249 -1937170854 4333481733
250 8695699270 5180285482
251 17106392747 8916491806
252 14095462788 8041095071
253 11962402408 2319593574
254 4152504324 8421755367
255 3191009798 -4415310398
256 2093476128 -2508796445
257 8421897427 8258304172
258 11692317560 1978038858
259 8021081429 10124973028
260 16901159424 11041859317
261 5760908989 1868495915
262 3349057962 7950913629
263 3010559855 10010809194
264 3718098208 15172152815
265 6917878209 2991110958
266 978051209 -953594480
267 3368522357 6121656644
268 16437088619 3453188579
269 9298876269 11251337181
270 3486303775 11769202073
271 6052280056 12534835893
272 3577164479 8562456597
273 -953019924 3126815180
274 4864041816 9274921399
275 16532398446 7947798427
276 12799160409 8037110076
277 -2941936023 4702781565
278 -1493213197 3724503224
279 4459215821 9685359145
280 14288770294 349597363
281 9659150423 1016227177
282 16437088619 2434113113
283 3800398150 8429579627
284 -4330904386 7021782263
285 -1751304839 4231576992
286 -2330509721 2906169342
287 -1317262082 3794299687
288 10003883119 7901140443
289 2550279876 8483095584
290 4026049288 6392165383
291 4292491218 9150388686
292 4430523261 6787006685
293 9185246742 7873283657
294 8397054169 349597363
295 6691989083 2051990601
296 1853206859 9274862963
297 2049580514 13809883462
298 3828025608 11751882876
299 -2174958958 3322084654
300 3544995583 5974276142
301 9188824971 8153127028
302 -4549238716 6499363146
303 -3907958674 3210525885
304 1122939758 10704763384
305 10003300641 7775912697
306 2215214731 10796663857
307 16437088619 349597363
308 -2687483662 6616294507
309 15541536932 8381276476
310 4250560604 8418001340
311 6488573565 3016298984
312 524635367 12612131626
313 4618500187 8734936369
314 -2201938829 4467438759
315 2568286928 10191144643
316 6368036813 8368237084
317 8078749185 2302277771
318 5920755909 8335577100
319 4431431944 8886207589
320 8056584682 3660195849
321 -1420839295 2767681180
322 1072642761 -1596235331
323 1298226709 -994375271
324 9894019920 8160245609
325 -1754804283 4115091585
326 5658208294 2293109904
327 5312692610 7112155524
328 1294603572 -2033180547
329 16538427634 7947567603
330 -1770874992 3719262101
331 7418407265 9039194542
332 -1860985601 5013544162
333 3542256068 10421366770
334 1118164494 -1488023520
335 767767110 -1353747574
336 10274882298 -112375534
337 1845321971 9044581541
338 3364009104 6350865780
339 12756331349 7544152687
340 -1940500241 -5446217396
341 -1317262082 3612092055
342 -1344126493 3148919970
343 -3661971132 3278310921
344 12072196339 2077974675
345 10978348449 -250771299
346 7105001120 641181755
347 3333059345 8453127334
348 8329661923 9942508837
349 810447309 -1901407390
350 -760649512 15093327242
351 1030621596 -2041696397
352 1080755895 -2270474120
353 14328185149 8032185432
354 -4031439511 7297744939
355 15707621892 8989307153
356 7105001120 2293109904
357 1001077169 -908108099
358 4813611504 8395484288
359 -1141863697 3565000787
360 3050826869 8463932438
361 4849856965 8395057633
362 2596906760 11060624980
363 16437088619 3192039420
364 9454916276 8903289508
365 6890256181 8322281743
366 -1762594618 3646124938
367 7574951257 18730449122
368 759482192 -1288973536
369 2916234225 6943757689
370 9898713948 602582478
371 6622736845 1467145829
372 7004041113 8312585964
373 16437088619 3493147267
374 2168643582 9222018984
375 1846539120 -4825883287
376 -3632642630 6347318417
377 12410042548 4350413360
378 -1919751895 2908394778
379 906213078 12733889301
380 9333461601 7614130650
381 8426103500 1970744892
382 -3296097850 6998003526
383 4425276937 9922033991
384 4564816931 7089004779
385 -1203435697 2664038665
386 -3107896832 3253330456
387 14101707134 7871279775
388 10040280414 542738199
389 3589478684 6721045623
390 9986448856 8198406244
391 8580500634 8252232142
392 9349280227 8283654760
393 7206960695 15109338440
394 -1843079707 3126730321
395 8460629158 7172043471
396 4510917898 8408033715
397 16513403632 7259448421
398 6193896871 8450429985
399 2988262236 9845403771
400 2747688374 10286385130
401 4259634513 9363022271
402 -3760154603 2365180550
403 1061289262 -3106798845
404 5001095456 7649800479
405 10016194196 8024493408
406 5192350992 13117558792
407 -1067938386 3326825033
408 5001890221 8357550375
409 -5321436223 6479184105
410 6490899197 8332231299
411 3485694083 10846419327
412 -1870614822 -3179290052
413 4370766005 9051237911
414 3132287187 11661708040
415 8830350113 349597363
416 893326701 -2109383900
417 16380390123 8267674375
418 9465724979 7785291665
419 16437088619 -59478738
420 1898100147 15076057439
421 10044133078 7950915472
422 1194326764 -1143613682
423 4313199299 9016491570
424 9607733817 8212905126
425 8386797409 8259647955
426 4805742099 9605305211
427 14288770294 2149442995
428 4377429387 9284884304
429 -1317262082 20069997100
430 13367459066 8162208871
431 14306558089 8033013412
432 4808621209 9667692913
433 1313141479 -1884589582
434 2193807130 8560045526
435 -1637633485 3334519955
436 12492916692 7237716449
437 6829738697 11228498804
438 -5320444101 5742205358
439 8107719567 9097174053
440 -1750520271 4078014439
441 4670766152 9590401278
442 1537938870 -2102499610
443 -1710778235 3425055779
444 1152425775 -1389058508
445 1725567796 9785113846
446 -147781902 13000434336
447 8293172775 8263232319
448 -2048351150 4362729361
449 21130765067 349597363
450 16437088619 4098689588
451 -2143937431 3150623363
452 13977480745 8055450233
453 553370762 -5208534687
454 2146509531 9713840990
455 11478189081 1156870999
456 9513550265 15111160182
457 8984503354 8236765136
458 5781326966 1685632427
459 10906590305 3455534023
460 8775292561 4801731089
461 -1070804533 3293332948
462 16437088619 1396753206
463 7405700552 9545002834
464 4037381577 9269719695
465 21770093739 1806875137
466 3890660172 8607250488
467 9753328599 8207331115
468 -1419630677 3784239667
469 3906887348 6204002219
470 4147898727 8421931689
471 -891307125 -2237668267
472 7186264001 2138574819
473 -104717948 -2082758668
474 4093650360 8090112103
475 2665660873 9395764498
476 10154400344 691577665
477 11852722897 7674472732
478 1257345581 -748028144
479 8019211139 4295042083
480 16478377290 6255917293
481 -6433197340 349597363
482 14318344884 7970137266
483 6087077203 1562793722
484 -1142282367 3226032631
485 -1633099953 3688740164
486 790602581 -2957543110
487 7063467305 8310310867
488 9861195099 8079265838
489 2030522506 -3109453706
490 9216991605 8227864460
491 15471724658 16840727275
492 11570224559 16911751347
493 4619724251 9197224361
494 -2262137894 4159647459
495 9109789759 8231968620
496 3654877719 8546020471
497 -1317262082 3482234836
498 11950167504 5989512437
499 4468734281 8409648690
500 13787182524 8052897398
501 10017255990 8197226811
502 -2307088545 1585963206
503 -2243834775 5091485574
504 14326187773 349597363
505 9996483681 9131424085
506 8692452824 11191669747
507 818273865 -2647469314
508 1141186157 -2642622570
509 -11137201750 1853443541
510 4724743252 9045094930
511 113661412 -1290294726
512 12194544010 349597363
513 8931093542 8238809899
514 2589355088 11778929147
515 723089980 -1059630021
516 1739199712 9364770640
517 4257005543 9158556811
518 -1317262082 -4194908231
519 6223076289 1386279056
520 -2564967777 -2833154790
521 6777518624 3219168579
522 2278367422 -2789393662
523 -1084260555 2919267098
524 2343945072 12800631517
525 8451772994 1666206258
526 -1403630870 2918770361
527 -3048339411 2614973680
528 1858774049 9184331582
529 8444890882 349597363
530 12628924095 896473338
531 -2599436563 1946221664
532 6744638554 2930006735
533 8271873408 13931400439
534 17756482994 4940890791
535 13559177217 349597363
536 -1862054817 3149084970
537 16437088619 1009435634
538 8963165975 9143347011
539 711744089 13515775599
540 2667557296 10027684764
541 2908153124 8469394618
542 891555230 -1648521514
543 -3238788893 7268987662
544 3828492212 9756401401
545 -3251555057 7713415040
546 -1895765138 2684552381
547 3043847763 8504520183
548 5044878849 8279125570
549 2839280670 8107613894
550 -3045786468 2161169676
551 -2777161318 2173118573
552 8559041012 4916141213
553 10727757085 13164542885
554 16426580403 8195443850
555 5782257481 8359361229
556 10025944209 7940156934
557 21484908833 14966758884
558 9779767347 916207404
559 6140472570 1467145829
560 6873598760 13665739756
561 -1317262082 3264313626
562 -2090419201 -4845102766
563 -3701412954 8056585870
564 -1396429021 2787270923
565 3438421900 6239501679
566 6135519212 9759468920
567 25154474034 -2236335205
568 8038154882 4024592276
569 8435100944 3789301300
570 4632745813 8403369605
571 9384812268 8221439545
572 13317445052 4404879276
573 11546532334 8138679369
574 2046635870 9643880699
575 -1317262082 3308588961
576 13256302157 8103095446
577 11408488208 2662135342
578 9458115299 1147904652
579 -1862454887 3190284119
580 20641841163 7790470838
581 16437088619 10914171049
582 16437088619 4975394272
583 -4487939472 6949388378
584 12752606266 8140804474
585 9835623717 8420061029
586 4869072604 9348740253
587 2701576049 7830967020
588 3847114917 11789409219
589 8739062011 18460225272
590 9628471827 5355589480
591 8525441997 8254340029
592 7887408884 8278766750
593 10215498283 3836432077
594 8987939642 8236633580
595 6622736845 641181755
596 8134217343 3395523445
597 7950128257 14075541596
598 1761169759 14384685057
599 -1317262082 3671936767
600 369825905 -1357106391
601 2993174117 11690821247
602 -67333864 12599444444
603 2351146275 9490615518
604 4359694640 9026411240
605 9031693929 8055956770
606 4950054665 8391221623
607 3277629675 6746616233
608 -2557416860 1377165070
609 -1857686394 3289393271
610 8300233375 10015728296
611 7525186117 8292634235
612 4647118029 10358782665
613 -3895156500 7755540532
614 6097810473 2979452112
615 -1367251893 4211463545
616 1478742672 -1479057442
617 10059628653 7890137243
618 -753880462 13921626683
619 -1082953936 3428283019
620 2291047040 9943729422
621 18148578346 9566422501
622 -496140029 -1829567870
623 1390359373 -2223334392
624 232385827 -1290957142
625 3640847263 6369011831
626 1103957696 -541909300
627 6731973127 2938153052
628 2049580514 -2535959526
629 -2138284895 1875292115
630 14313243519 8032757464
631 16437088619 349597363
632 4156379470 7534456430
633 -9273780837 3507963745
634 9993653565 15744291267
635 -1292669531 2845177043
636 10473596175 346039309
637 9995450558 8223814365
638 16677649959 11220409446
639 14306600259 7663364232
640 -1595370061 4070061842
641 7908066500 8277975886
642 16437088619 1365387460
643 4352864612 8414084692
644 5611133432 6923753029
645 3820603902 11443360640
646 14772245032 7938853893
647 5674494611 1731040873
648 8730078232 3351590429
649 12812347136 7522329086
650 7713451066 4150147940
651 -1443328503 3192353838
652 825820161 -3902083455
653 5747176339 2045557439
654 -3444734652 7479628974
655 -1039835169 3450418516
656 732783540 -3330638464
657 -1386064109 3512194901
658 8200490153 4171134303
659 25741584654 -16718995034
660 7699849784 1078878039
661 9082021228 4295915076
662 2742721081 7984383363
663 -4972146631 1790414217
664 1910319916 9931999311
665 -1727054954 3160397700
666 6552167469 8329885680
667 2459408352 8018385295
668 6603140469 1964897313
669 -2391034116 3548327612
670 6471827693 1474906869
671 6684401493 2315764512
672 -2432078908 1665596756
673 7982793516 4006205511
674 16479174923 6525361636
675 9971533391 7344985816
676 3651990809 11354600167
677 7105001120 1054163792
678 8671905558 5000132521
679 7787041242 8282609266
680 13391274880 18065938410
681 -1832663520 4217555949
682 6154271007 2810962350
683 7855466796 2698920163
684 10004361912 7398640167
685 16067557106 6597674533
686 13829764618 8051267168
687 2205856575 8496281627
688 3753208752 9097966187
689 9729840897 8095245188
690 17425996560 7913587551
691 8737268318 4461779641
692 3123700033 8461142532
693 392226591 -1503350895
694 6358179891 8381324977
695 18869412059 6823458522
696 2207543556 12936011619
697 9052482017 7488592361
698 9034102239 1785612860
699 4602414265 8389576599
700 -2154278324 2526364155
701 3801716341 7487414109
702 12683380886 14315230249
703 9909278308 8201360673
704 -1894543721 3141326078
705 2541941588 8721786430
706 8987101633 8116408630
707 -2302468580 3591413229
708 9528023812 5071647447
709 3459500213 9537262878
710 -2324561439 1924594185
711 6629982709 3020975656
712 4272898181 9039711265
713 4670034420 8401942033
714 957865899 -1075284440
715 1604518454 -3160736743
716 7131776299 1676451703
717 9271610143 7966368679
718 2496791767 9593104504
719 -5492968744 6423194982
720 -2176776431 4170962136
721 4938029076 9296896300
722 3208842782 7199904258
723 2533575963 7695249435
724 8135009080 8270060972
725 8539184817 8253813893
726 16437088619 349597363
727 3634031751 6145010374
728 4472751622 8504534251
729 -2060715395 1866505969
730 -2354309231 2235548563
731 8193474855 8267049195
732 16437088619 719049366
733 5827066430 13372607354
734 -1485759988 3503160256
735 2045551881 8642010247
736 8277677607 11189180487
737 -1317262082 3514336033
738 854076629 -1250604211
739 1287535594 13245748053
740 12014352880 8120769135
741 6708422117 3159778929
742 9001834600 8228183917
743 15949088631 2060153068
744 3583280188 5892510805
745 9485043789 8217602241
746 6543583869 8688426959
747 18195387098 6498813555
748 7649781203 3089357558
749 9887283504 8202202731
750 1325273157 -1015905377
751 9669839174 4070583560
752 10209825825 11910456396
753 4600140219 8701782587
754 3949685342 9281533871
755 9600618879 423936483
756 -4380678586 3963022836
757 9994238381 8198108026
758 4126712934 9206047151
759 3801976562 8546770327
760 1377156785 -1029498804
761 307972480 -1535181742
762 5860912572 1766038234
763 5764878059 14347802919
764 13642251879 1481300370
765 6608387314 2044014976
766 -2750263229 1387895849
767 4823488478 8376308065
768 10182063993 3956389112
769 -1194161497 3463680105
770 -3506149019 3360325754
771 4772623211 9277760163
772 -3953547320 7667821023
773 -1292466779 3567922346
774 -1982668538 4630179797
775 1888562580 12264946458
776 3375611476 8352526324
777 6318119993 3068704733
778 16437088619 511100937
779 1960348435 8850377424
780 2369367179 13094251385
781 15354150519 7254556134
782 843985397 12407678317
783 7944210220 4373582767
784 9201345410 8228463466
785 -1148101667 -4774052459
786 15905968922 16298324344
787 2904118267 11091782944
788 -2351312052 3734219168
789 -1864001736 3918266975
790 2049580514 11828411653
791 -1888033356 3731374390
792 7776951860 209466957
793 12829772882 8067322213
794 8638007866 349597363
795 4210015309 8910337455
796 14367634450 8563511004
797 8655306373 349597363
798 -2085554828 4608539666
799 14088085606 8041377502
800 16437088619 5049687461
801 4311479768 6142032946
802 3082527020 8359561125
803 3553619397 6212773383
804 2174802675 -3040587137
805 3362471537 6416639346
806 12045604841 5870002188
807 1734996288 -2531979219
808 7914461744 13949292860
809 1553711787 -1913308798
810 10008150561 478858853
811 16399864968 8089541177
812 2789442840 8264275566
813 501024407 13764060162
814 -2222859722 3892026944
815 5799367339 2163231279
816 9991746772 8244739202
817 4007020982 8427325111
818 -2081646425 3116053771
819 -2385686457 5137500883
820 -5003083884 6977792811
821 16807062115 11393752005
822 16437088619 2977059676
823 4698392182 8400856372
824 -2792356608 2650233649
825 16437088619 3026623203
826 -3344810952 2882154596
827 10951969198 -55823375
828 18494566681 4323295020
829 16437088619 3352880468
830 16437088619 3357746014
831 9750077975 8249549835
832 4373420203 6756482908
833 8020687869 3709324524
834 -2116415161 -3887318073
835 9912057195 8201254285
836 6833272187 2094233150
837 2196444221 8652964011
838 -1064128353 3194074963
839 5761958232 2858575883
840 -2421929167 4663510782
841 2025551496 10838911909
842 5550066264 12466304348
843 4378752733 8767240410
844 -1643788348 3042503338
845 8406250266 8258903214
846 9795827583 4250309527
847 4296919356 8402251399
848 3474556278 12880972693
849 11380471254 3853494234
850 4390094877 8376102828
851 10004008442 8197733985
852 -3513294497 7879040351
853 19572434823 7685326819
854 -1165368582 3413772945
855 2387855230 -3053729971
856 3378876982 10317917352
857 8657014227 1674081357
858 2541484437 8483432312
859 1783237998 -2434301849
860 4978318744 8390139549
861 -2491232006 1815971894
862 8370927928 8748238999
863 2049580514 13881083438
864 9560715726 8158811865
865 2952672098 10658944534
866 7876390485 2955033676
867 16486454543 7830293342
868 7986751369 4141963692
869 9968398688 8199097284
870 6622736845 1054163792
871 9991985572 8267865814
872 7752571021 2518570188
873 9993878492 8359893516
874 -1023118357 2847291271
875 1529937561 -2191366280
876 6786532185 1596045216
877 4539945640 8745664961
878 -2246179052 -7467377642
879 12950691787 8084921953
880 7055395245 2322085108
881 -4149588746 7076675521
882 9990219662 8198261881
883 -2711169582 2181965091
884 4754040166 8502801736
885 3432078405 11633488168
886 10081570910 8194764552
887 -1317262082 3461235755
888 -2496940273 4765128238
889 9981752981 7037322928
890 -2322755473 3918500425
891 2137692487 9387328268
892 16834883209 -530951933
893 -9790902246 -3530673561
894 7998660399 3756532292
895 1467672293 -4020056443
896 4824617374 8396023916
897 7575298829 4252016210
898 5994242709 1881036016
899 14248932581 8195544597
900 3888455664 8431864314
901 8593344373 8444953304
902 3549431800 9493593071
903 -6528075368 6724193304
904 1148931656 -1771082493
905 13103210894 -1983779363
906 2622455170 8900067644
907 34516866 12391380704
908 4493239890 9322729878
909 122366826 -2601916089
910 958855726 -1017801297
911 3742646696 9258858580
912 -3421272210 1988351565
913 -1136608740 3684299473
914 2843782187 8471859022
915 6765663774 2645165081
916 6521934794 2063314492
917 4856787489 8333655932
918 9639092771 8173992313
919 16437088619 1132090475
920 -1317262082 3501049596
921 -56666151 -2729022761
922 10298145484 8186473122
923 7323322955 15300550156
924 -4501838286 7875383175
925 -1317262082 3838830429
926 7699091540 8285976369
927 3363099832 12986670703
928 2153579117 8498283039
929 9511887440 8216574547
930 6561880960 2171218283
931 8459275043 1841448033
932 9330881575 788054129
933 -152277901 12888613850
934 16635194762 7943862931
935 7669704675 4214711910
936 2753922968 8448509879
937 16437088619 349597363
938 -2483483170 1806293030
939 -1317262082 2636057056
940 16514572264 7948480892
941 16437088619 696253664
942 9478578423 8263527414
943 6433145453 1831672288
944 -3098780288 7209112007
945 2049580514 -6530274721
946 3406338006 6519123960
947 3251519164 8460727733
948 8811712544 7933437001
949 8767280111 14231346819
950 3162271372 10421902040
951 6134882701 8584768769
952 -4834016565 8067807348
953 8610471025 349597363
954 11367796200 6704067830
955 6675355682 9124081331
956 4151579437 8733819048
957 686847380 -1274808755
958 9116532663 7867504012
959 -3420422610 2407331780
960 2399683308 9726887312
961 -3379301687 7832082103
962 10004908089 7862891861
963 16429771259 8234734599
964 3919719636 8430667391
965 4952482539 8391128673
966 -2881414458 2303338391
967 9594399222 1069921138
968 8707356599 8329394822
969 3988265205 8428043165
970 5704110667 1966310797
971 -1602182427 3047619275
972 7007089261 2157957334
973 4333670274 8414819535
974 4510955136 8408032289
975 16437088619 3152635839
976 8054229306 3585878401
977 4874884705 6546501873
978 8776310650 5039698925
979 5887999442 1882742272
980 3372047006 9941346037
981 16437088619 4102348381
982 9656277591 5270003274
983 -2103323544 3778218278
984 8496741209 8047625265
985 16437088619 349597363
986 1968856659 9153972246
987 7794665853 4334886011
988 5852001278 1488294304
989 15527995242 16770441189
990 6528932904 2022168160
991 16475468406 7949977960
992 4026662803 6573233450
993 3489222187 -4992205821
994 4517873594 9398409912
995 9114391006 8231792464
996 10559120266 212993004
997 1782586157 9277580795
998 266454060 -1446512993
999 16358146101 349597363
1000 2389895572 13587472334
1001 822589607 -3851632653
1002 -3298707661 7640439519
1003 3871100353 13158402933
1004 6907061601 565362606
1005 5919808342 1775704942
1006 -1393198020 3398999505
1007 19578751110 7831170613
1008 8128770034 3886954014
1009 4163752844 8514503340
1010 10155764611 3597945772
1011 2643196658 8898099782
1012 16437088619 1361038976
1013 9807118778 4907653663
1014 11014464373 -1491477407
1015 10033761346 8075954975
1016 -1979868253 2553179082
1017 2751209285 8525387946
1018 16437088619 10999863474
1019 8782115975 8245333230
1020 -3433463154 7479311261
1021 5919140887 2227262051
1022 -2616809887 6532895148
1023 1945510192 9123131217
1024 6883093157 2221082209
1025 2456967326 9039341329
1026 3601757855 6323209885
1027 13433606723 7995946290
1028 -2654540345 2019955986
1029 8755055501 8245549412
1030 -1972107477 3929927533
1031 11123623226 5749858001
1032 2760463545 8323046195
1033 6751632258 2650477899
1034 -2147762572 2603347330
1035 8908629932 8239669905
1036 3436454704 6802358356
1037 2328407197 -3961936276
1038 8837044908 11488364137
1039 -2572009441 4865350222
1040 4393193607 9337982592
1041 7986434354 3535919358
1042 -2440203433 2601518473
1043 9570296481 8214338392
1044 13543930776 15788080836
1045 1379018758 -1558176333
1046 9814488031 8204989662
1047 8740363041 7897487647
1048 -822312443 3151223308
1049 -342271106 14860456965
1050 8846764705 3335792177
1051 8293536090 3909114316
1052 5933575605 1710471051
1053 1496555218 -1757248848
1054 2357679834 8375282978
1055 -1317262082 17166727686
1056 -6453024569 1882532815
1057 9626981412 2435643046
1058 2049580514 17961258166
1059 14288770294 3997212478
1060 -2431154626 5823255005
1061 -2689433638 5012863918
1062 8669547190 8235524014
1063 -4365297000 6863231937
1064 -676429458 2918243022
1065 7105001120 1880127867
1066 11433801748 8142995193
1067 3931488272 8420916486
1068 9448730190 7161199510
1069 4607339471 7143126183
1070 16437088619 349597363
1071 1800864460 -3254858339
1072 -3640797571 8132656232
1073 8825223721 349597363
1074 8245564375 2413811451
1075 -3844859900 7249239116
1076 6140472570 1054163792
1077 14062987289 18600343562
1078 5208662442 6749204675
1079 11695349362 3629099567
1080 14288572210 8034356334
1081 6701081108 14166745790
1082 -2167457873 2809668083
1083 19308087396 7841532814
1084 2577906420 7684445762
1085 -2791631787 2191193251
1086 10017149924 8197230872
1087 16050410270 7677140482
1088 14285139978 8033833391
1089 12769351039 4616186523
1090 8201781473 6876607579
1091 6140472570 2706091942
1092 8628084125 7886806419
1093 3906763135 9340557910
1094 2049580514 -4730557870
1095 1596277328 -1574982411
1096 2696599019 8477493842
1097 9521505297 4598024840
1098 -3036788280 2322093243
1099 4536623236 9581301957
1100 -1317262082 3878045558
1101 -3292435351 7529728583
1102 2673721657 -3947095393
1103 6584343550 2284687257
1104 2325050474 9883361696
1105 16445278102 7549399471
1106 8016210447 2557586406
1107 -2818621002 2050858903
1108 6079711029 12455083572
1109 8120759086 8269833075
1110 9025631594 7502311081
1111 3396051978 6097671906
1112 2708551416 8569151565
1113 5847776689 1614683666
1114 6085219670 1172570305
1115 13223358958 -4360083405
1116 14266767638 8105601517
1117 16455769727 7435442675
1118 -1317262082 2864755029
1119 4082825126 8424422994
1120 8773909970 4767319030
1121 8609553804 8063460830
1122 7840534369 3110184777
1123 5800801058 11460961726
1124 7225352162 8304113201
1125 4912850619 8795660141
1126 10048738336 693167251
1127 8061990976 2488905537
1128 12519414835 8101433136
1129 4562836538 8406046040
1130 9311004831 7802623137
1131 19362397456 7712787463
1132 922291028 -2488780095
1133 -2416782058 -11838396391
1134 8623647546 1897991446
1135 149306239 -2893445534
1136 6403482856 2456892276
1137 2192989384 8758457592
1138 3845503595 9006754523
1139 9818782510 6943837299
1140 6682422689 116940021
1141 5050034275 8036369381
1142 7817511665 4013979320
1143 5751840950 1608658544
1144 9063993477 2530849488
1145 4335700103 8422891389
1146 7920783082 17922002416
1147 -1943135275 1896719930
1148 4143961510 10026231356
1149 7931586914 2455009657
1150 -3285975382 7744758170
1151 6808651738 2874568466
1152 24162197365 349597363
1153 9897756754 8309977400
1154 16451111571 7738370175
1155 2186066959 -2816349633
1156 1876639312 9800957759
1157 4852809158 8370178683
1158 9759072047 1769447645
1159 -5801786898 -1075284984
1160 6531051493 2439711716
1161 827670706 -1605678879
1162 8434837032 8271622200
1163 -2060882184 3005085272
1164 7962965328 4396946516
1165 -988238439 3042400805
1166 1632897416 9408336083
1167 8342048358 1592230497
1168 6140472570 2293109904
1169 16437088619 3410110416
1170 23055447183 12135456374
1171 -642989004 -2298360978
1172 16334618207 7955370327
1173 16437088619 3493136051
1174 18701712631 -10204184136
1175 16437088619 1558958015
1176 1337822168 -984168481
1177 -1152146501 2881253626
1178 -1243669714 3506549340
1179 4533691370 6841616094
1180 8987779803 9558814447
1181 1495180796 -3921422112
1182 14388343494 8655219654
1183 18967128887 4941704426
1184 509638381 -1894254984
1185 10032423253 11634522084
1186 -1983692342 3469880366
1187 8968944527 8023119775
1188 9155011924 -1823853927
1189 16437088619 2227735412
1190 4753036317 8618978956
1191 6679629251 2815267413
1192 1135557606 -1402901458
1193 6622736845 2293109904
1194 9502007801 15558207300
1195 -2327119039 3839260660
1196 17885527725 10780674054
1197 10369580648 787266448
1198 -930821746 3173299552
1199 16450341252 7293649335
1200 9012514882 2839135120
1201 4731067552 9629687210
1202 4254484065 8986667532
1203 4361046949 6314214575
1204 -2074867880 3741641435
1205 -2814120585 3669597640
1206 14288770294 4987932168
1207 -3757337592 4066765065
1208 -1426856775 -3253121329
1209 7686051272 4369952465
1210 9293407704 676943247
1211 4395341777 8412458478
1212 -3653500094 1855622829
1213 -2743424154 2837352258
1214 14063542685 -2636048958
1215 9736569642 8072135119
1216 -1214377537 3549102618
1217 12417917082 645416184
1218 -5360745671 1280497257
1219 17726136152 1388557908
1220 5032033869 8388083097
1221 4285115230 9564522954
1222 -1317262082 -7737587965
1223 4391201335 8412616993
1224 -1317262082 3126847619
1225 -1677245827 3281881740
1226 3455634683 6340040213
1227 6018078999 12547078295
1228 4620519740 8403837673
1229 4375970168 8552166461
1230 5699066558 2099581229
1231 13573621337 7281634702
1232 7990250819 3333447496
1233 15787375630 16446456062
1234 1319038931 10658176072
1235 14273540080 7484986947
1236 16437088619 1195595327
1237 4268941904 8561483229
1238 -3274573349 1784813376
1239 10170155184 7270755868
1240 4554160960 8336845924
1241 -3355429670 2827755163
1242 6302039518 1492525992
1243 15678878049 10214196878
1244 9425945164 -3760886939
1245 11954249573 2272614218
1246 4928482999 8392047481
1247 9238991591 8111832311
1248 -854691250 -4224171567
1249 7262470054 2543692439
1250 7524496799 2163113058
1251 -3551963020 2677124442
1252 -2563791767 1906604357
1253 -3292099691 7581078752
1254 16475468406 7949977960
1255 14288770294 5151828962
1256 3985724404 8428140438
1257 7772485642 3864345327
1258 3252338174 8456217697
1259 18307756298 11879090556
1260 6190575921 1771608486
1261 8682997980 8466581738
1262 6837805317 283770621
1263 9972968125 8198922346
1264 -153857303 15052988147
1265 16437088619 -1609160917
1266 6317588465 1323941605
1267 19582267398 -3718081045
1268 16437088619 349597363
1269 6861648984 1841269497
1270 -2618953084 2086740006
1271 14847542107 15573958280
1272 -1446572224 3267087500
1273 9850249037 8203620573
1274 -2257077438 3072771410
1275 4249409377 6499419860
1276 4022813908 11455739207
1277 9887943857 5075388421
1278 -4217039443 349597363
1279 -1907622734 3213541913
1280 2481783066 7879451658
1281 -775291569 2805518656
1282 23071960975 10815034188
1283 -2650680990 2434909538
1284 -3709652073 -5782851089
1285 16431321463 7951668100
1286 8159637187 -1705760854
1287 3475330784 7340361176
1288 12509638557 502369112
1289 10023826822 568679713
1290 -11535554890 4782842605
1291 -1483193231 2803005799
1292 -3730449219 2043032593
1293 -4318833708 8088650811
1294 14288770294 -6120376259
1295 -3453508463 4494994314
1296 13253485426 8073329677
1297 5501899571 12235458456
1298 9717721842 8881787671
1299 16447654905 6692702187
1300 4478353217 9229889033
1301 7002385203 2354871683
1302 -2878302011 2411950469
1303 1296231380 -2275012414
1304 9948168120 7722660916
1305 659014856 -3586894139
1306 7793692875 3700236900
1307 -1849722197 2265922096
1308 3354414470 -6673170433
1309 7152857335 9168299441
1310 -1719004737 4683049773
1311 -4161021716 902057222
1312 6622736845 2706091942
1313 4794386751 8770050553
1314 -3869019438 6541470634
1315 6113387893 8812774066
1316 -15395936374 -8770384137
1317 10033076449 7845194477
1318 8728869327 5256288813
1319 4311073647 8393678634
1320 18367814431 4247903585
1321 3492770228 -7958832909
1322 7945431123 4373610287
1323 8971396319 8237266931
1324 3556093353 6324149509
1325 4693879639 12325147624
1326 13390193929 8068095873
1327 2305207693 12991464845
1328 1994148888 13201458374
1329 8205121423 1946782545
1330 8634772126 6916547995
1331 4310452601 8406022864
1332 9643149495 1335602529
1333 2879060065 8472498869
1334 -2172679472 4041069918
1335 -2367916447 1661941717
1336 3399125528 6024010049
1337 5092885266 11820289906
1338 5995779125 2301291548
1339 1375662741 -1058307963
1340 8374251339 11545564483
1341 8379458683 2406622418
1342 4574278521 7511304948
1343 9848700366 859045733
1344 3135665666 9644701684
1345 3096335504 9107197506
1346 5066420769 7123602817
1347 8411989501 8258683491
1348 3174490479 7185327745
1349 5973235961 1691984280
1350 3478749456 8078690530
1351 -1351536059 2958410159
1352 16437088619 3496026078
1353 154223850 14063220069
1354 7386776375 -1033953568
1355 9579301595 8427881138
1356 -1317262082 3516417795
1357 -1589178089 2300138901
1358 217478802 -3742890460
1359 2046172168 -2705668211
1360 -6011000734 8810859160
1361 4084185957 8424370895
1362 1337859092 -1575572972
1363 2879699692 8470483941
1364 8524198635 2926940312
1365 20397388586 349597363
1366 1725577006 -1647024648
1367 9551663816 375857329
1368 3588388109 5974082392
1369 18542778844 4190389516
1370 10947991604 -2044655284
1371 -2305241924 4946283585
1372 -2047021493 3946231905
1373 5658208294 2706091942
1374 2935239269 7236261861
1375 16437088619 3514658196
1376 7772242213 8283175838
1377 8484125915 1658732533
1378 4318956050 8415382861
1379 3041302620 7894776667
1380 -2428686552 1737848034
1381 3667801543 6394080715
1382 6076860423 1649781218
1383 8551662811 8249069545
1384 9497136579 7379898365
1385 12433632143 7615301583
1386 218804587 -1420661626
1387 -1594842714 3804280412
1388 1269218545 -1444292276
1389 7639596394 488168433
1390 8338418358 2043456479
1391 -2209747709 1756689852
1392 -873643474 3046546006
1393 9662705683 8193715610
1394 2851900051 7561377701
1395 1800726753 9329356172
1396 -1317262082 3877577193
1397 8280801293 4009658258
1398 14181369816 771911364
1399 -3032391332 4121453441
1400 -2798048685 4172801111
1401 -4952601165 5456369660
1402 2772626572 8474583172
1403 8787421872 8244310284
1404 8306229164 7715981946
1405 7703483243 1723795899
1406 -2054692322 3208838908
1407 -4411244399 1846470194
1408 9978302852 8399217966
1409 6496216548 8332027728
1410 -3749327121 8708031066
1411 12778472310 7618563167
1412 16413064863 7952367043
1413 -3071629067 2449369209
1414 9900740426 8201687540
1415 7924244318 3546658488
1416 9111363069 8338579043
1417 10855103666 -1785779234
1418 -1317262082 15634916891
1419 8678133319 14885566617
1420 -1349844727 3732213973
1421 3199855236 8611083348
1422 8694841835 1765129621
1423 3308804158 8473639506
1424 332804987 -3002701290
1425 -2341395009 5039478998
1426 -3919542974 8039870647
1427 109098133 13293094955
1428 3554520961 10638266450
1429 16437088619 4272124259
1430 16437088619 1041368707
1431 -2101120513 4834186448
1432 6028087668 11569429709
1433 8246738421 8295097862
1434 -1730572363 3705067896
1435 12485745946 8037022530
1436 8315219479 8219352557
1437 -1317262082 3508229436
1438 -2273269630 -5623978992
1439 12515256027 14317674982
1440 12331216101 8108638214
1441 -4182606915 7150043361
1442 811022772 10911717662
1443 -2977871533 7231803087
1444 6866804092 41439668
1445 8174953176 3835467976
1446 5489067780 8484607358
1447 6097509447 1719619538
1448 5620627020 2123858803
1449 9861172805 8171561101
1450 5725411390 1907023679
1451 6198698655 2147022333
1452 8987179539 4838542467
1453 -1317262082 15131021236
1454 3552666045 6045456009
1455 4180798621 8964582173
1456 10015938461 880251393
1457 6934552475 2497636885
1458 -11264624255 349597363
1459 16437088619 2937845091
1460 4619955303 6893785445
1461 16437088619 1011810889
1462 16747565154 20447876039
1463 -1534441363 4490667884
1464 8927309641 8258298194
1465 -1163817720 3533168902
1466 8831119635 349597363
1467 16437088619 1590533476
1468 9153821785 8252146431
1469 1591265107 -1830463840
1470 42249852 12542836623
1471 -1405394988 3390746556
1472 6070708066 1647878852
1473 -2712718898 2092625265
1474 2483414885 11386642403
1475 6103410641 1448440097
1476 -2661718438 1299809521
1477 16352646215 8042145700
1478 -1317262082 3498964215
1479 8061443976 13704567812
1480 2041136329 9461851906
1481 4455804171 8384524406
1482 -1012100867 2850150102
1483 16437088619 798444061
1484 1949071069 9422383804
1485 3891184328 12455886760
1486 269348443 -1672693864
1487 -4184133484 7876176017
1488 -1072685967 3133990909
1489 7686869636 3035534030
1490 -1552197686 3041495662
1491 14617937791 18007537244
1492 -4684188145 8397349493
1493 181472141 -1745705765
1494 -1317262082 3275817677
1495 -1558886954 4113977360
1496 5786234029 1859638790
1497 17816268925 9496053164
1498 -3626120111 2054384330
1499 -3593272729 3192501577
1500 11046327722 6930427629
1501 17309636622 -8915934588
1502 15731586031 16516141363
1503 -2484286827 2866004355
1504 6437333681 1091211111
1505 2438787188 8564806020
1506 5610171304 7163720981
1507 5470767482 13916453229
1508 1016754206 -1459763058
1509 -2318550409 2913457735
1510 7669795614 4304910191
1511 4719488390 8400048717
1512 9842782379 4412851223
1513 -2738193000 3427579106
1514 14288770294 4899076013
1515 16398679233 8447022884
1516 4679246877 8401589339
1517 6406679706 3258455747
1518 16437088619 2771682760
1519 -3173516770 2668195601
1520 -3757003194 7737384070
1521 -3672354053 7959797518
1522 23771414323 -3271337454
1523 4351955517 9354051009
1524 -2107972269 3683384669
1525 1503148473 -2101592645
1526 16437088619 -2943061530
1527 2049580514 12575624273
1528 2830937473 8472350774
1529 9698806084 8209418478
1530 8593019679 7761338564
1531 -499908653 -3666953214
1532 4819404106 6800982349
1533 4457893766 8511603249
1534 4720099126 9196735278
1535 16437088619 1405852448
1536 6871928610 1696615694
1537 2819703438 8844629107
1538 -1535768260 4021565740
1539 6720547563 2947627530
1540 4300861034 9505100029
1541 7119163432 2698067161
1542 6622736845 1880127867
1543 2256194587 9714536835
1544 -3271504857 7087569741
1545 5536994727 2174524351
1546 14799231956 16760907492
1547 1505928753 -4363547114
1548 1778432505 -1887479976
1549 3790484770 6376178287
1550 -2067897607 3937737985
1551 -14012404985 931550957
1552 3919925379 8430659515
1553 -1317262082 3800027999
1554 -3189158033 6517218727
1555 -12233797996 9972641056
1556 218964726 -1522061021
1557 9233466251 8215470972
1558 -224026041 12908840773
1559 7877091775 8279161735
1560 8898910256 7623925901
1561 9433270751 7946638790
1562 8683189423 349597363
1563 8347818939 8259689712
1564 6867535524 8717627980
1565 -3951360701 8765993485
1566 1190792800 14349304467
1567 -3132484982 2616943889
1568 -2630510480 3419911234
1569 1294859735 -1299934150
1570 8863640363 9563192022
1571 8297785862 7207644697
1572 4414506191 9078134649
1573 5652082616 1970819446
1574 8976910613 15074169952
1575 16401345805 -4574637085
1576 8070663247 4035720806
1577 9217806527 8633157290
1578 -4224361372 3109836364
1579 4169529459 12868415593
1580 2864115532 11867070639
1581 1377117185 -1355420176
1582 17991981062 7891919168
1583 7732603269 8335143434
1584 -4788579968 -260092008
1585 9971771238 8198968168
1586 8722637113 3577302642
1587 11153101619 -222609415
1588 -3061527643 2885915382
1589 20678417307 349597363
1590 -2010766885 2555401421
1591 -1763935969 -3071126417
1592 7105001120 1467145829
1593 9445580816 8219113057
1594 13556740745 8318897184
1595 8165487889 3973612652
1596 2238037134 8495049613
1597 8123445054 11120946308
1598 -1316922453 3203559313
1599 8460575070 15330880109
1600 5037294133 11105605778
1601 2606216489 9141271620
1602 12409227913 8105651578
EOF