NAME : 1612
COMMENT : tspgen
TYPE : TSP
DIMENSION : 1612
EDGE_WEIGHT_TYPE : EUC_2D
NODE_COORD_SECTION
1 10061873662 10139847092
2 10097496167 10037326361
3 10036170522 9861520967
4 10091900546 9871942318
5 10123727125 10057271997
6 10151850901 10098200032
7 10001350361 9978059724
8 10176003983 10087247812
9 10157204742 10115946840
10 10092826983 10048118469
11 10038767822 10012766848
12 10056265582 10023029462
13 9984741478 10046758011
14 10001743157 10120521230
15 10134058798 10094671142
16 10020911205 9949528668
17 10108297282 10049958563
18 10070932567 10023665485
19 10097496167 10050419030
20 9972257412 10028403174
21 10112714812 10239448062
22 9938034966 10061773466
23 10040023684 10045959419
24 10089287572 10063299770
25 10119979113 10063828494
26 10061425940 10020715365
27 10086763024 10061687993
28 10098650953 10080233711
29 10007073479 10103620804
30 10012758094 10096335870
31 10092826983 10008538671
32 10008814776 9972091555
33 9970225851 10026589031
34 10096060240 10092831932
35 10004041470 10108042007
36 10088306283 10056264880
37 9994891435 9998615977
38 10130106607 10094723481
39 9994599149 10140360751
40 9967156431 10077995535
41 9976806666 10042256466
42 9996270595 9942214894
43 10099066862 10093964898
44 10066806324 10003557233
45 10022894909 10076725579
46 10094331063 10072075364
47 10091794359 10132586326
48 10014856523 10109234093
49 10085918224 10079410459
50 10084565282 10095234463
51 9949995269 10108988032
52 10100000000 10069602709
53 10078748182 10031019121
54 10042599078 10050766626
55 9959928482 10107331627
56 10024194510 10079967197
57 9945047407 10067776867
58 10090516198 10221638486
59 10065951634 9998206396
60 10084444277 10052122837
61 10042967107 10019932589
62 10027130678 10047617879
63 10046497455 10037475305
64 9947969487 10106566173
65 10045511814 10010725784
66 10119586598 9997116809
67 10122498240 10102235362
68 10049603292 10056009833
69 10039042066 10083116179
70 10097602027 10084370326
71 10025360559 10052274173
72 10036176948 10046215885
73 10115732798 10273903407
74 10027673127 10059782094
75 10016456881 9938274792
76 10066414006 10004424931
77 10118272123 10050542842
78 10050896535 10082778319
79 10064724276 10094537630
80 10074401711 9772960649
81 9924345383 10055331393
82 9964300185 10042730256
83 10097496167 10046939066
84 10153930404 9747564207
85 10124781895 10103947385
86 10097496167 10034495123
87 10066911086 10130204981
88 10068093823 9970065947
89 10015488099 10095398419
90 10081998449 10128758768
91 10050271416 9982376720
92 9953340018 10119418539
93 10028892679 10054556365
94 9954325427 10069752286
95 10034578959 10036514014
96 10154949100 10063171831
97 9986307476 10021168647
98 9967624663 10047653449
99 10090609242 9948264008
100 10080221342 10135481650
101 9982989640 10045747664
102 9966270926 10093631735
103 10095362234 10069686635
104 10092903106 10080751217
105 10074830438 10061862173
106 10086536748 10054883999
107 10175070279 10080932308
108 10027506482 10047374449
109 10043120804 10127989605
110 10117960682 10048415637
111 10029599476 10052208488
112 9999000940 10145653588
113 10011331543 10109652705
114 10032241894 10100000000
115 10042384372 10074983644
116 10159284186 10074248792
117 10088273050 10144942612
118 10051682908 10046642361
119 10004451100 10118912336
120 10139315261 10321332955
121 10040861308 10008518289
122 10133271663 10051859224
123 9971696088 10071039377
124 10093016016 10074372103
125 10149740283 10303347335
126 10092826983 10140035963
127 9992389958 9994401354
128 10092826983 10053252230
129 10092826983 10049052386
130 10047438279 10009223842
131 9913902429 10056676928
132 10031725976 10049382806
133 10044233113 10026651430
134 9937417101 9958506362
135 10062973865 10056764967
136 10157968721 9739466844
137 10097907395 10051825273
138 10092826983 10049052386
139 9970210497 10044312330
140 9984544758 10030753153
141 10126862971 10051046053
142 10088467874 10050788726
143 10117089693 10090753468
144 10097220659 10051179923
145 10090830286 10040439863
146 10054044557 9846594061
147 10100000000 10088936563
148 10080362573 9755897965
149 10137499815 9780509722
150 10042813532 10021555266
151 10115339349 10066969506
152 10117857812 10197584497
153 10014247062 10081221277
154 10036178171 10020017241
155 9781492236 9931135512
156 10018081415 10071035307
157 9965553768 10065745485
158 10095632148 9864459960
159 10086405538 10178843490
160 10094841474 10069872368
161 9957310656 10005579368
162 10115464469 9881763490
163 9929592404 9966518054
164 9967192679 10092204316
165 10128019042 10052894478
166 10109029406 10257284305
167 10144160469 9767154224
168 10104491682 10033290923
169 9952623303 10069803959
170 10092826983 10029262915
171 9929271669 10048725202
172 9979898590 10043073488
173 10073344860 9772561445
174 10014929306 10089006241
175 10083360975 10090932180
176 10092054288 10100000000
177 10055332388 10034900189
178 10099799404 10049106642
179 10193450898 10037863289
180 10059528229 9982132001
181 10123535037 10172703230
182 9971106702 10074222704
183 10092826983 10149508127
184 9963821433 10028460271
185 10100000000 10052628349
186 9941532026 9962821614
187 10015106633 9927379575
188 10158737957 10055041853
189 10097556100 10069608559
190 9983716594 10049507392
191 10066098726 10045638113
192 10098650953 10096201640
193 10127570887 10051087519
194 10100000000 9855701837
195 9996149929 10139337701
196 10053190367 10071672449
197 9978671997 10038442095
198 10054648879 10100000000
199 10030609534 10039037234
200 10094927529 10100000000
201 9955664760 10054566280
202 10128553570 9798448133
203 10035441138 10061678975
204 10115885549 9823849199
205 10063969427 9957253487
206 10067425588 9938662655
207 10107839180 10047810728
208 10151795385 10064203522
209 10092013548 10100000000
210 10106591721 10032089401
211 9981959103 9916751688
212 10133662034 10180302087
213 10092826983 10004117017
214 9974895422 10027046198
215 10001214021 10118770925
216 10038500133 10034298585
217 10124758848 10096590789
218 9954403331 10048575581
219 10110185173 10277300622
220 10088457685 10004472484
221 9909172816 10068216669
222 10149448227 9756551567
223 10024935118 10076408600
224 10057328566 10053570379
225 10063113350 10031692946
226 10171531349 10045500468
227 9907637958 9903198887
228 10080919163 10092656997
229 10071051610 9942352238
230 9967245109 10029567992
231 10098650953 10093166164
232 10015558592 10091047775
233 10101050291 9853595862
234 9971211773 10063292530
235 9982416097 10039584207
236 10041055866 10057324171
237 10083740930 9904585907
238 9944220779 10141210301
239 10017804806 9955814345
240 10086285740 10100000000
241 10107481155 10054237030
242 10097496167 10050917209
243 10098650953 10096201640
244 10074930365 10013691414
245 10069337289 10045608183
246 10199444424 9656302545
247 10119958759 10093388094
248 10037270011 10058292774
249 10095362234 10095252421
250 10054489614 10028488640
251 10098855143 10079994193
252 10019224926 10078800914
253 10144465907 10350611213
254 10099762788 9856177477
255 9922329393 10041944836
256 10092826983 9870084688
257 10049925156 10026512247
258 9877646673 9801483056
259 10011474865 10101445497
260 10071731571 10033109495
261 9970881315 10070423285
262 10057809494 9841791732
263 10077061310 9971548360
264 9927486198 10089772581
265 10029878911 10058155707
266 10014023847 10094185050
267 10100000000 10100000000
268 10014716953 10093715769
269 10041547483 10069192139
270 10057174272 10018559040
271 10099989644 10030647264
272 10100000000 10058852259
273 10093016016 10076754056
274 10040632687 10052083822
275 9989498141 10021230683
276 10071661831 9958992765
277 10107955762 10028068624
278 9972496133 10072500424
279 10081697361 9956697221
280 10101730964 10050153660
281 10092826983 10045746507
282 10077966173 9750518875
283 9975247311 10043353154
284 10064005466 10077161819
285 10089445344 10048324375
286 10092826983 10049052386
287 10075345751 10025111334
288 10022531982 10059052655
289 10031162030 9924126165
290 9956074309 10079625561
291 9967936520 10053362482
292 9975575006 10064663419
293 9972991167 10036106899
294 10136342116 9782831062
295 10068997406 9946170644
296 10036404603 10043664482
297 10100000000 10068681327
298 10028311162 10051223774
299 10091442991 10043233986
300 10145845081 10295378627
301 10088091037 10071160033
302 9961031051 10072661667
303 10132799561 10113212143
304 10093140891 10046463043
305 10110922328 9844483385
306 9992877053 10010217550
307 10144081253 9767313064
308 10039168587 10090372484
309 10035402744 10033608343
310 10013803075 9967142802
311 10073441154 10091304101
312 9976806666 10042256466
313 9947457317 10081324998
314 10091023665 9753285421
315 10076047376 10054102768
316 9996559781 9952441432
317 10061774553 10059562403
318 10115976659 9916173759
319 10070469315 10062698496
320 10003975947 9971677601
321 10118261111 9815968150
322 10063718838 9980624689
323 9992830580 10014661030
324 10121197452 10297436048
325 10125677915 10086792234
326 10078459367 10100000000
327 10098842251 10096740256
328 10070093045 10076275975
329 9982256658 10050835835
330 10098650953 10079709925
331 10058258668 10075410240
332 9996621230 10008784835
333 10035790274 10026298259
334 10029507395 10060579028
335 10092966744 10069729160
336 10097227685 9861260696
337 10078756553 9745308549
338 10100000000 10069522343
339 9968972728 10061848007
340 10078968610 9755371424
341 10073233444 9781549829
342 10069955909 10100000000
343 9991815706 10004145421
344 9834235017 9981881790
345 10094773268 9731543297
346 10033787032 10036489293
347 9972687216 10057899526
348 10069244596 10013556178
349 9994166611 9929493720
350 10092826983 10019637994
351 9972360733 10078870013
352 10100000000 10100000000
353 10091678108 10036323442
354 10095618397 10056684115
355 10115412334 10027183694
356 10116833899 9821947631
357 10047107845 10063382862
358 10088174351 10038849990
359 10111726915 10262655394
360 10092456412 9906024562
361 10100000000 10074716106
362 10171644816 9712044454
363 10016886790 10091907953
364 9990481184 10159228202
365 10048662316 10031073487
366 9948452183 10124432870
367 10005179717 9991279761
368 10160529166 10040721224
369 10001700661 10131883261
370 10003802963 9969573752
371 10098650953 10096201640
372 9986019661 10174406254
373 10136214384 10329540379
374 10098163823 10046062591
375 10092438665 9755985563
376 9936860047 10042877984
377 10052004345 10063618847
378 10093591166 10073091806
379 10060890155 10112988172
380 10022388851 9938345954
381 10051210396 10010111953
382 9916235639 10147812193
383 10150483292 10075487396
384 10013038962 10106070929
385 10089362442 10114809210
386 9981009428 10047687008
387 9973200358 10059271630
388 10092840484 10113863482
389 10098650953 10081723599
390 9997465864 9913864069
391 10053742465 10058696191
392 9969999975 10082804452
393 10048381516 10005680769
394 10151331115 10043639761
395 10033282878 10134872888
396 9997219005 10139745444
397 9988277694 10171512685
398 10088657544 10048808160
399 10092713504 10052752574
400 10024509713 10090716160
401 10098650953 10096201640
402 10157885949 10008118116
403 10033678601 10058838700
404 10122059816 10074138078
405 10078765788 10065795671
406 10097938887 10047428239
407 10141465574 10042073908
408 10127897108 10058463922
409 10054531421 10058221144
410 10083744592 9914575746
411 10068581300 10053805754
412 10079714947 10112712194
413 10097114047 10070829885
414 10090207631 9913415978
415 10002425780 10126251079
416 10085757239 10048706847
417 10073283323 9925119444
418 10093549818 10083118481
419 10117954451 10101190037
420 10001526985 10144411970
421 10005584779 10108931386
422 10100000000 10039928716
423 10022045031 10063533684
424 10060662427 9982709856
425 10093272140 10069832543
426 10067782467 10088486792
427 10045041634 10063572692
428 10062269590 10076230220
429 10092826983 10049052386
430 10035231222 10023916542
431 10092826983 10022956145
432 10092826983 10046783515
433 10070863179 10062367978
434 9943181550 10058572966
435 9993772716 10141910159
436 10073391733 10099487539
437 10155801853 10267075490
438 10115153056 10261382771
439 10097373309 10047819468
440 9967448765 10033954304
441 9914108258 9975083569
442 9987398628 10157853147
443 10047737385 10010156567
444 10099312438 10098064108
445 10060270449 10015708197
446 9992460756 10135652363
447 10126347027 10094237035
448 9988354565 10028484725
449 10089398160 10051789396
450 10006451250 10107427659
451 9801444785 9935902366
452 10073622472 9784065501
453 10004523647 10140036564
454 10100000000 9855701837
455 9939292485 9951304188
456 10037327897 10082471848
457 10052433791 9981572102
458 9958697044 10001694220
459 10076121572 10084858585
460 10015065859 10114381239
461 9999569048 9997951672
462 9953691189 10108574819
463 9976806666 9849083517
464 9960960327 10072061628
465 10068896557 10080856341
466 9921066013 10040164484
467 9967346558 10044379191
468 10032124406 10070648946
469 10082198282 10048429807
470 10097496167 10031059280
471 10100000000 10100000000
472 10100000000 10077132283
473 10140624888 9785901132
474 10042152448 10093806494
475 10051735780 10028576515
476 10057195037 10119049867
477 9946768911 10085917122
478 10010844884 10104244326
479 10092826983 10048793115
480 9968718662 10045708146
481 9945811865 10071370239
482 10034569232 10055188395
483 10073335332 10096702877
484 10027689882 10129225517
485 10029888452 10072966957
486 10037915830 10040722878
487 10100000000 10100000000
488 10020571545 10072374516
489 10046325641 10041239771
490 10089650330 10048832528
491 10008347535 9956962540
492 10065287351 9969475010
493 10097496167 10046682075
494 10111733698 10262652874
495 10043122131 10168232530
496 10074357556 9780773092
497 10088802808 10062422669
498 9996669025 10129634521
499 10092826983 9870084688
500 10100000000 10095345537
501 10049282881 10007617416
502 10071084542 10051516602
503 10156022953 10089655579
504 9911666531 10233335478
505 10086351023 10094311678
506 10126495477 9646230893
507 10111659548 10033271597
508 9930639242 9956687705
509 10092826983 10049674091
510 10029638890 10058002589
511 10096595027 10031744426
512 10067406258 10094462042
513 10062590315 9810743139
514 10050455834 10046570485
515 10092826983 10001309584
516 10101674307 10129182126
517 10152334904 10066580436
518 10091116951 10035050065
519 10087474827 10069686635
520 10092826983 10022820828
521 10155686461 10360698000
522 10100000000 10049472547
523 10008160692 10178670190
524 10100703884 9913064227
525 10064073066 10047372563
526 10047281871 10050673852
527 9997574025 9999708562
528 10069337289 10019554677
529 10044829341 9997684382
530 10012473064 9936365931
531 10094761321 9866206084
532 10179784484 10088834896
533 9974206162 10060307249
534 9951798202 10070798320
535 10021814821 10063204737
536 10084548880 10048567494
537 10068620227 9936146518
538 10002686744 10113215259
539 10100000000 10067290495
540 10026419826 10045404178
541 9976806666 10042256466
542 10088362648 10052249259
543 10055896654 9981771516
544 10082621194 10036490991
545 10007898694 10134811361
546 10147288185 10304353252
547 10053039395 10052903247
548 10005617620 9978238211
549 10072206259 9938605032
550 10048154287 10033302582
551 10085427686 10044371076
552 10077028194 9773952749
553 9945988617 10109131168
554 10092826983 10037629372
555 10044826052 10018260960
556 10094814731 10232671469
557 9988050252 10037654119
558 9997004267 10012071291
559 10065177544 10058268495
560 10069804372 10100000000
561 10067545283 9777702538
562 10030721380 10059086080
563 10067766863 9983180276
564 10069444358 10076307554
565 10093310247 9869115680
566 10094562594 10036963619
567 10093715970 10087521000
568 10093081834 10044210653
569 10111955514 10278523525
570 10109700540 10124434539
571 10035777859 10046005709
572 10056803226 10069505378
573 9976378307 10049509183
574 10005692013 10112280887
575 10040235681 10062907551
576 10007611487 10095370973
577 9937658634 9969074530
578 9976806666 10043979999
579 9990690353 10021379296
580 10089713005 10076493565
581 10068989859 9997986335
582 10034565467 10127891261
583 10076309876 10007219545
584 10098650953 10089581688
585 10076486543 9773748152
586 10131567516 9796814678
587 10096836315 9894850512
588 10082840978 9900013422
589 9963806585 10045202890
590 10158550012 10057216228
591 10056742103 10070506778
592 10083512315 9752613817
593 10126062692 9832324374
594 10134867488 10049747835
595 10016739613 9935412692
596 10029807415 10037128784
597 10023413245 10063845347
598 10020630759 10118495735
599 10073311418 9951395157
600 10097496167 10049325885
601 10081131861 10125371072
602 10046322974 10030860250
603 10099097563 10047495588
604 10068588814 9939677394
605 10018474653 10072649628
606 10088616989 10050475591
607 10035018962 10097019595
608 10095664150 10055525046
609 9952583861 10005939134
610 10167489392 10080728469
611 10053844948 10049087448
612 10090026840 10058899457
613 10053549673 10072566425
614 10030784872 10039660727
615 10126297613 10068189406
616 9951256364 10046181265
617 10078170282 10046531632
618 10063221242 9956439476
619 9954434542 10066665088
620 9923936003 10039044046
621 9997221520 9977780730
622 10159338710 10096596363
623 10099258961 10050448378
624 10045874904 10001513468
625 10160608794 10071536308
626 10083239246 10058601022
627 10090883530 10129232982
628 10010469849 10139698685
629 10067337499 10064796005
630 9995113763 10017673733
631 10074695205 9937589476
632 9922368150 10042751167
633 10050864376 10085260593
634 10102489598 10049618376
635 10040001607 10054856359
636 10148344020 10052304311
637 10126924440 10095367040
638 10085748402 10029631048
639 10154428071 10097147331
640 9976806666 10048261455
641 10071971434 10009376675
642 10115858028 10156760131
643 10153530060 9748366949
644 9934233746 10046617608
645 10091365323 10035768444
646 9958025847 10113765131
647 10148214266 10086346905
648 10083603459 10047172413
649 10126801489 9667018026
650 10065775118 10032266647
651 10071637854 10096820584
652 10006166328 9957134921
653 10092826983 10049052386
654 10097447288 10049323021
655 10059136286 9975535321
656 10100000000 10100000000
657 9969105022 10088635813
658 9986240316 10191643304
659 10062745272 9768557668
660 10008933575 9909271127
661 10057425741 10120910329
662 10051069889 10025940277
663 10079197777 10084053965
664 10117591746 10137932820
665 10121693638 10054099612
666 10020516901 10123722474
667 10063215196 10037848287
668 9971434946 9903317104
669 10159977084 10090807695
670 10021714216 10064566379
671 10044124439 10044609834
672 10098650953 10096201640
673 10076592755 10051183360
674 9908046640 9996927212
675 10086073267 10100000000
676 10004256159 10112284200
677 10096414357 9876039433
678 10113608976 10265270997
679 10093084012 9883053154
680 10100000000 10053304397
681 10013794543 10116794419
682 9963101826 10023548916
683 9981083502 10016564269
684 10037358250 10054416958
685 10081300409 10075785497
686 10001750825 10114612837
687 10048563318 10062969529
688 10140429920 10074530961
689 10066337642 9961605139
690 10057906754 10085876128
691 10013004155 10103518334
692 9990365609 10026216067
693 10045659257 10007607567
694 10072693413 10175147310
695 9969480044 10083581823
696 10092826983 10037904001
697 9947918486 10015394345
698 9805637573 9936904063
699 9967738442 10086591446
700 10053913466 9781249512
701 10071799844 9809042055
702 10028997849 10039649256
703 10079345789 10048262722
704 9984483685 10044719891
705 10005788327 9978411168
706 9976806666 10042015719
707 10084401295 9776737788
708 10000511074 9931124156
709 10089116656 10035278402
710 9976710364 10027209480
711 10069357943 10092077834
712 10156627836 10178626448
713 9978211093 10062120077
714 9954411083 10099661521
715 10008350907 10114858251
716 10125366063 9795983497
717 10153949749 10059015876
718 10092826983 10108147034
719 10008411206 10138506283
720 10057388011 10136245137
721 9998605753 10141751765
722 9959021735 10070605135
723 10155632964 10122338921
724 10000144128 9951524437
725 9920709832 10173708664
726 10098650953 10091212895
727 10011140121 10113236622
728 10092879692 10054242890
729 9957206673 10039211403
730 10092826983 10046588618
731 9945351320 9987897252
732 10062944173 10000290453
733 10027545081 10082488709
734 10020022570 10095763138
735 10076304108 10130753239
736 10058822621 10029207673
737 10066631386 9989506652
738 9960854334 10059884428
739 10034460882 10049699219
740 10098650953 10090283380
741 10006131733 10192328180
742 10055935297 9968060025
743 10081094141 10124318818
744 9957298369 10094985339
745 10014026240 9966832569
746 10004665503 9984453733
747 9983201308 10004391979
748 10100897360 9891245233
749 9907088659 10242514720
750 10092435039 9881553135
751 10098196857 10042964736
752 10125374402 10098891497
753 10179180313 10446669815
754 10083187188 10062780210
755 10086997170 9895079536
756 9949851507 10121135415
757 10003172824 10161671203
758 10008210438 10093474093
759 10037972924 9889820232
760 10041804292 10020242499
761 10097635915 10073782440
762 9935418742 10051488213
763 10053848212 10080690792
764 10061848451 10135614595
765 10051994991 10128563649
766 10064086613 10013675421
767 10079608861 9921448121
768 10015042040 10077094580
769 9997652293 9949715982
770 10094113074 10059300906
771 10109923679 9849195513
772 9970673152 10081820267
773 10125542846 10273775093
774 9976111756 9906534986
775 10012867466 10150898310
776 10116571358 10250206501
777 10019675438 10107513691
778 10005901659 10105081139
779 9887263431 9810134557
780 10092826983 10049052386
781 9944342150 10109630201
782 10019683669 10093621513
783 10148832559 10248872689
784 9908063117 10052804377
785 10003143842 10111140844
786 10068566637 9795833344
787 10099177016 10053970910
788 10095318701 10032169675
789 10156831035 10119335555
790 9908572703 9928572795
791 10087406322 10053781295
792 10092178089 10023955765
793 10100000000 9855701837
794 9983018475 10185733285
795 10031443660 10058652977
796 10002811020 10116996549
797 9968919487 10047287485
798 10039237762 10043766841
799 10100000000 10100000000
800 10028717569 10063571693
801 10092826983 10040899977
802 9972065102 10036850939
803 9968796472 10074685966
804 10112615073 10054502507
805 10117834066 10083868874
806 10015248054 10098217666
807 10113347499 10152517158
808 10074246042 10150956866
809 9986994139 9954500742
810 10003554047 10127194452
811 10049456861 10073287566
812 10139370617 9937422143
813 10086249938 10042692248
814 9998447137 10003504693
815 10155997573 10061455194
816 10037178764 10030073773
817 10073265916 10050617540
818 10091868283 9757717964
819 10098650953 10081896334
820 10031345407 10095242446
821 10037307133 10111205213
822 9918664033 10072163846
823 10056219832 10088208561
824 9949038974 10033453491
825 9968454497 10042287192
826 10069661135 9948352509
827 10092826983 9870084688
828 9987620827 10180534909
829 10125472927 10098701603
830 10057954760 10033730642
831 10156829005 10178433896
832 10037448672 10025928420
833 10098650953 10089386481
834 10091069674 9759942354
835 10123531219 9882536683
836 9963961513 10041504058
837 10097646116 9918198736
838 10018867323 9916497584
839 10064499246 10154923124
840 10100146841 10086242582
841 10075775587 10173543293
842 10026373592 10084433790
843 10092826983 10022637947
844 10100509263 10036095592
845 10167456659 10065595317
846 10096437318 10033026828
847 10055691868 10043747860
848 10121379871 9812832352
849 10170909844 10064100297
850 10006790693 10117164540
851 10158319273 9994759167
852 10157690509 10111541987
853 10041826305 10022152343
854 10035050961 10071111412
855 10079370270 10100000000
856 10057131549 10075487456
857 10099715965 9856271363
858 10033732901 10031451764
859 10034836832 10038622662
860 10084300666 10127171122
861 10134437520 9643191667
862 10088543871 10099153931
863 10138327185 10031369499
864 10089790300 10044806168
865 9994078313 9999018697
866 9999051909 10139659185
867 10037762806 10072566425
868 10136477091 9836133913
869 10114871822 10068108791
870 10098604068 9858500865
871 10151383834 10102435321
872 10008098600 9920179631
873 10090619123 10046782495
874 9975677729 10060262611
875 10041440638 10056837254
876 10092826983 9870084688
877 9976806666 10051155805
878 10110700293 10024698646
879 9917870182 10038497811
880 10075693017 10141956527
881 10091866925 10033540059
882 10094437015 10056506532
883 10072341654 9978198100
884 10111154680 10278820991
885 10170547444 10120548649
886 9977285321 10023005346
887 10128875579 10042059156
888 10060819898 9990359653
889 9999488611 10004336745
890 10038227680 10039861685
891 10098929432 10038849077
892 10005908980 10134948537
893 10002108782 9925777116
894 10056209181 9989158931
895 10042937208 10023606549
896 10092826983 10004116572
897 10016527897 10083124075
898 9935727235 10051798391
899 9952766154 10124810624
900 10089461218 10062067140
901 10146919659 10072147403
902 10040268003 10038026801
903 10100025179 10051964551
904 10084883098 10123515021
905 10117845385 10094438057
906 10089561133 10222253501
907 10109116755 10028844586
908 9965073478 10056554947
909 10020126804 10067919603
910 10065419740 10054469916
911 10142969710 10345239203
912 10021663729 10073905267
913 10161021771 10036380962
914 10092826983 10052015657
915 9994689179 9959899066
916 9963539654 10063420103
917 10105925574 9899162751
918 10044201555 10066985592
919 10099702547 10041255307
920 10072372056 9932016395
921 9969483316 10038355916
922 9987299057 10162460301
923 10008049748 10156583185
924 9951726402 10051965798
925 10111525194 9832592289
926 10030075981 10038106875
927 10105509596 9844654364
928 10065266129 9769509870
929 10086846851 10044492581
930 9956259057 10113694852
931 9997174385 10126606146
932 9971347677 10047238498
933 10153186307 10097258554
934 10100000000 10092506044
935 10032685262 10055207954
936 9966717385 10093632106
937 10002738906 10112056330
938 10036058014 10048006890
939 10095472620 10035724346
940 10061892772 10050496382
941 9947622891 9993738748
942 9916626898 10039425500
943 10117679790 10068364683
944 10087682244 10041686472
945 10069804650 10082130101
946 10057354045 10063245175
947 9961389335 10022822191
948 10077941221 9908420000
949 10057384283 10133091537
950 9957364204 10048178122
951 10097496167 10035373283
952 9983104524 10037982067
953 10019033133 10068931094
954 10086412488 10132805050
955 10052143307 10034497516
956 10092826983 10103905783
957 9956737023 10041080882
958 10098650953 10096201640
959 10017536239 10077688854
960 10112410262 10047143913
961 10087706185 10052023358
962 10067805371 10067641885
963 9963599500 10087345781
964 10080710000 10037312646
965 10095194797 10056531687
966 10076215655 9921263463
967 10193539403 10401941941
968 10071343227 10126219480
969 9972370456 10059770477
970 10066782256 10050384324
971 10062025066 10024675945
972 10014067225 10105365283
973 9985495211 9991141669
974 10112946954 10081669221
975 10117036949 9821540488
976 10026152713 10046359364
977 10149947250 10091067568
978 10092826983 10059127286
979 10123922490 10070186497
980 10092826983 9870084688
981 10085779369 9776719003
982 10044957228 10014394072
983 10138262294 10080483517
984 10103764883 9848152745
985 10092826983 9989404622
986 9962737410 10036817614
987 9949239909 10046331322
988 10105414436 10156173772
989 10080996324 9775451630
990 10098650953 10089636939
991 10152341555 9750750060
992 10044821463 10006996235
993 10061118666 9841130411
994 10092012432 10135415980
995 10098147929 10055876271
996 10104958401 10049762987
997 10081264624 10035984376
998 10047701011 10066036512
999 10050563509 10048444607
1000 10091606716 10070269150
1001 10052403471 10019633249
1002 9984402897 10034793374
1003 9989706630 10017622673
1004 9959348342 10017254027
1005 10158943552 9585629428
1006 10005003189 10118547467
1007 10076219082 10160308606
1008 10051372638 10097346511
1009 10127870614 9623456304
1010 10134247294 10080247384
1011 10011450168 9976032397
1012 10008526729 10132890784
1013 10092826983 9870084688
1014 10098650953 10094955949
1015 10098609772 10096201640
1016 10081045988 10130378843
1017 10000520368 10119574773
1018 9969210694 10041995303
1019 10123074565 9825066947
1020 10037036716 10023554946
1021 10040024408 10040567816
1022 10022677957 10083611008
1023 10178169059 9529133109
1024 10010198371 10107992035
1025 10014964764 10104803204
1026 10096298554 9863123726
1027 9982290445 10049259189
1028 10051582927 10048657337
1029 10016130626 10078261036
1030 10053549673 10095241325
1031 10078872700 10039363305
1032 10096337318 10056167184
1033 10063354866 10058645579
1034 10100000000 10043426205
1035 10006574231 10191214251
1036 9969401486 10083463251
1037 10047471602 10005591273
1038 9991808145 10139615015
1039 10046161619 9998288090
1040 10043936565 10012034130
1041 10066345339 10051569288
1042 9968885543 10026937986
1043 10142164345 10071339224
1044 10090748028 10037894176
1045 10088292373 9754419386
1046 10006179195 10099701462
1047 9976806666 10043759411
1048 10016580553 9957950686
1049 9935643274 9995427895
1050 10098650953 10076293432
1051 10098650953 10095833883
1052 10134400815 10077563464
1053 10097575327 10055917760
1054 10096652882 10039456115
1055 10004977411 9977057893
1056 10151046516 10065086310
1057 9915978599 10351503373
1058 10042408733 10023646580
1059 10080057512 10057954106
1060 9968128136 10070818592
1061 9999754371 10134040212
1062 9931249997 10138001747
1063 9960304220 10097161025
1064 10092826983 9870084688
1065 10047290592 10004441118
1066 10028601861 10194408659
1067 10062804148 10052305567
1068 10140025939 10314219091
1069 10038086957 10024221221
1070 10037723817 10024267575
1071 9968184887 9960382131
1072 9988244557 9984500669
1073 10089437015 9928886588
1074 10073042527 9773621477
1075 10116622817 10094773867
1076 10077834119 10057615599
1077 9924257312 10042109085
1078 10033018844 10035841785
1079 9995121542 9978999504
1080 10054059901 10009896783
1081 9982743084 10035621020
1082 10163305081 10060629962
1083 9968266925 10056322116
1084 9966727414 10005050113
1085 10021927327 10064300918
1086 10098065056 10013816724
1087 10102035213 10049429299
1088 10135127146 10034229304
1089 10084090408 10096252584
1090 10098650953 10070329352
1091 9998233771 10006378554
1092 9966748024 10085288571
1093 10098650953 10088568655
1094 9987011145 10030342559
1095 10121934441 9811720366
1096 9944085732 10080358569
1097 10118792825 10094721804
1098 10093515886 10092347408
1099 10071401731 10026655721
1100 10009512703 10101222009
1101 10099470255 9856764045
1102 9969903029 10053861109
1103 10136683897 9617678628
1104 10086933271 10060586287
1105 10036184799 10065322244
1106 9983196589 10046355831
1107 10118035649 9810354360
1108 9946700944 9996580398
1109 10092826983 9976508008
1110 10048323962 10075617185
1111 10006218744 10139237356
1112 10100000000 9855701837
1113 9951942655 10084550156
1114 10023748497 10085201384
1115 9998337721 9941984147
1116 10092826983 10049052386
1117 10067901131 9942013970
1118 10096365815 10018380029
1119 9987797290 10148885045
1120 9959034216 10093877959
1121 9935870317 10076290165
1122 10150965942 10103092581
1123 10112648790 9823739083
1124 10001064986 9996024657
1125 10063112382 10121713820
1126 10091021221 10052026407
1127 10100000000 10092135185
1128 10100000000 10049472547
1129 10093126347 10079569298
1130 10054456489 10009652830
1131 10093907220 10072840298
1132 10016599404 10103627901
1133 10100000000 10033961116
1134 10025094350 10092855473
1135 10092073585 9871595351
1136 9913213268 10230234066
1137 9953726881 10069154287
1138 10091138008 9745214565
1139 10105640930 9699284512
1140 9965635875 10036173209
1141 10093562414 10046599010
1142 10100000000 10056241791
1143 9956373111 10004050947
1144 10124075544 10287155842
1145 9976806666 10042256466
1146 10040435253 10029594730
1147 9976932400 10033348514
1148 10083147688 10054640236
1149 10052946869 10114402931
1150 10035618137 10033179389
1151 10089684495 10047872594
1152 10084834298 9953168021
1153 9974251719 10007033673
1154 10120714736 10095434399
1155 10038911643 10070160814
1156 10105671142 10176312749
1157 10182961188 10078272769
1158 9976806666 10042256466
1159 10033436566 10078587111
1160 10098619785 10056973707
1161 9904448640 10063481795
1162 10027946158 10047626005
1163 10150275885 9754892003
1164 10079013660 9793185299
1165 10092826983 10036166853
1166 9908042975 10021432711
1167 10036183223 10070797977
1168 10097829304 9860054370
1169 10138045360 10077992460
1170 10097365935 9860983486
1171 10092826983 10049052386
1172 9991706586 10006043182
1173 10057198101 10040787167
1174 10099825098 10090938784
1175 10129825920 10255932610
1176 9969900125 10041851914
1177 10041000350 10046016628
1178 10054468044 10007623664
1179 10015819999 10152195219
1180 10063662072 10024136341
1181 10105041951 10030256884
1182 9969394874 10046807297
1183 10101508331 9879708241
1184 10009651076 10118643950
1185 10069484736 10016252215
1186 9951676809 10084363208
1187 10116276891 10275654469
1188 9954635367 10067379144
1189 10026954756 10089601808
1190 10030270377 10092428630
1191 10087116165 10017831839
1192 10096670003 10040120022
1193 10042400746 10008073110
1194 10089876778 10057001814
1195 9902758518 10055535023
1196 10052402029 9859445797
1197 10100000000 9855701837
1198 9920300779 10098962139
1199 10014652822 10107522170
1200 9949697492 10073329966
1201 10057999740 10014558698
1202 10041029020 10030031632
1203 9992644180 10151777218
1204 10094770171 9866188338
1205 10130188818 10103905358
1206 9983707421 10037220304
1207 10034317855 10050577776
1208 9981377415 10045668676
1209 10190518633 10070367380
1210 10106323097 9843023186
1211 10046440860 9995868120
1212 10155310271 10141910116
1213 10093965610 10098529115
1214 10062323340 10048639613
1215 10098650953 10078655227
1216 10053867003 9986721819
1217 10092351991 10051822566
1218 10162618582 10066855022
1219 10040587869 10112445817
1220 10103757824 10111577865
1221 10140533899 10069430578
1222 9969029919 10059271894
1223 10073871082 9772760215
1224 9999580739 10006826253
1225 10095362234 9865001173
1226 9991737702 9995147567
1227 10092826983 10043825209
1228 10000000000 10000000000
1229 10121672856 10092785261
1230 9967685555 10036711668
1231 10155382516 10067032422
1232 10099858781 10049464275
1233 10092826983 10041293361
1234 10156218270 9742976731
1235 10123907877 10277779193
1236 9970064871 10039972275
1237 9947042199 9964881726
1238 9991367732 10002908404
1239 9946015317 10114121362
1240 10039898686 10019346828
1241 10050983756 10023281792
1242 10098650953 10096201640
1243 10100000000 10055440735
1244 10020539982 10074541944
1245 9883680950 10020214498
1246 10072499641 10057634460
1247 10001621068 9987943141
1248 10066806932 9954793023
1249 10054009448 10005046973
1250 10040791034 10037209841
1251 10070807962 9948834480
1252 10198136631 10406700744
1253 10052217369 10020121196
1254 9938337711 10309793107
1255 10090663945 10025939901
1256 10033879320 10037059450
1257 10025569445 10081745705
1258 10144435903 10070096586
1259 10108539224 9838579557
1260 9916688246 10223266272
1261 10097496167 10031549335
1262 10017618339 9929511138
1263 9980882936 10052490573
1264 10093016016 10065902641
1265 10090215492 10051052208
1266 10148724459 10280975174
1267 10125887931 10072780971
1268 10078481366 10041576560
1269 10031808953 10037287506
1270 10061026367 9981504926
1271 10025823527 10114551001
1272 10082482091 9900734162
1273 9945037577 10120536871
1274 10154680557 10073397671
1275 10058186912 9981759960
1276 10004320726 10127652302
1277 10091426041 10041452099
1278 10047749155 9994701753
1279 10096210141 10052210653
1280 10012632139 10085817592
1281 10035821571 10038489037
1282 9984485325 10159443450
1283 10055177278 10053097371
1284 10105100948 9899512410
1285 10072168785 10030176246
1286 9707676332 9913500188
1287 9965292401 10074765590
1288 9904789900 10247124038
1289 10080609080 10100000000
1290 10035614303 10035719008
1291 10043860419 10092976397
1292 10066920797 10087209303
1293 10033248665 10051891135
1294 10092733098 10065425670
1295 10031942826 9915348576
1296 10083378872 10132509227
1297 9972278383 10043137087
1298 10024794165 10111304288
1299 10089787210 10036065828
1300 10102442585 10054845767
1301 10129676085 10121964938
1302 10120676973 10082605456
1303 10004508316 10103857706
1304 10095806120 10082271523
1305 10028623892 10041063786
1306 10083616263 10092903050
1307 10175383739 10065956588
1308 9999808812 9976270731
1309 10115924384 10275569648
1310 10070197419 10120749423
1311 9922248044 10418958820
1312 10044418943 10003988654
1313 10082745243 10045577709
1314 10131957600 9791622599
1315 10088040651 10022787624
1316 10104156280 9718670729
1317 10090971583 10219613085
1318 10082842378 10046395993
1319 10096680034 9748705738
1320 10093653585 10032163509
1321 10078327491 9774443532
1322 10093663393 10118243737
1323 10087104315 9968713263
1324 9959802870 10106876548
1325 10055614945 10017614992
1326 10098650953 10070389487
1327 9965768975 10046581406
1328 9917790254 10221056599
1329 10108789971 10108977521
1330 10036288946 9826011865
1331 10045986022 9994880333
1332 9952723617 10007911724
1333 10092826983 10049052386
1334 10094877741 10100000000
1335 10074909846 9778474569
1336 10034092860 10031363090
1337 10197164582 9473312622
1338 10059365325 10050898495
1339 10037559039 10016906866
1340 10090288966 9889173705
1341 10092480987 10007674286
1342 10095457497 10040347351
1343 10119793482 10095637578
1344 10087251571 10054907734
1345 10035792338 10068467782
1346 10122329959 10059321191
1347 9967506307 10037773684
1348 9954886290 10058659611
1349 10053278782 10009888980
1350 10053571452 10100000000
1351 10040413827 10031370478
1352 10096395698 10235068940
1353 9940078848 10062482444
1354 10105116663 10078865155
1355 10104343223 10026112142
1356 10100000000 10046577559
1357 10033757052 10026317665
1358 10097496167 10051183941
1359 9997610327 9935716937
1360 9962140205 10106148641
1361 10096723988 9891464165
1362 10088391198 9909346601
1363 10109584306 10149978227
1364 10026254595 10099999031
1365 10092192466 10062784998
1366 9946170206 10036085229
1367 10100000000 9855701837
1368 10096603524 10050817439
1369 10066566327 10060201866
1370 10100000000 10074258779
1371 10102679726 10054552942
1372 10066499730 10147128268
1373 9947010535 10077899977
1374 10004470476 10109838758
1375 10095362234 10073947599
1376 9959046205 10043887993
1377 9956791527 10040644961
1378 9965772434 10051661423
1379 10044235170 10049324653
1380 9970953617 10030701175
1381 10084519626 10053930160
1382 10075713360 9787975210
1383 10014841411 9934314751
1384 10039323065 10045814765
1385 9997004341 9971628767
1386 9904736586 10056271149
1387 10068457135 10100000000
1388 9921831449 9949400299
1389 10181504847 10156058533
1390 10100000000 10100000000
1391 10068630986 10139394764
1392 10030679323 10138365610
1393 10015241201 9942620876
1394 10067055017 10059711019
1395 9954240164 10034623623
1396 10092733098 10082469528
1397 10042054378 10031703190
1398 10062118170 10091740013
1399 10092826983 10052951183
1400 9981847892 10024101460
1401 9979389620 10023969562
1402 9958880172 10041206417
1403 9961620359 10005092491
1404 10065665348 10133244451
1405 10100000000 10060247504
1406 10057389670 9997766365
1407 10123652082 9808276266
1408 10122761421 10093573570
1409 10078652985 10048222140
1410 10088020023 9747920013
1411 10011592372 9962542157
1412 9988288699 10033937605
1413 10159412908 10333472840
1414 10049303520 10011039201
1415 10100523538 9878970188
1416 10050027471 10036432978
1417 10066116507 10063478398
1418 10038064887 10050845519
1419 9983423011 10159455939
1420 9901363050 10014994074
1421 9934499949 10052570383
1422 10048060390 10039169380
1423 10089300372 10122527310
1424 9996274992 9986648457
1425 9961736939 10040328484
1426 10042466320 10018590717
1427 10102241725 10066463073
1428 10089755888 10037232791
1429 10100000000 10029818911
1430 9967348305 10087741254
1431 10029376506 10049184053
1432 10031397897 10051255965
1433 10051134903 10117424151
1434 10045725999 10039087217
1435 10030868950 10035211095
1436 10016562964 10113522378
1437 10032744851 10053165175
1438 10058829267 10068874492
1439 10198058162 9659082186
1440 10160192317 9581959792
1441 9937391014 10145939645
1442 9979724738 10022209004
1443 10071194539 10138987006
1444 9958623050 10040585834
1445 10092826983 10108153096
1446 10100000000 10063988537
1447 10174295553 9706729374
1448 10039678946 10025689139
1449 10023704791 10068800882
1450 10073281530 10045143336
1451 9940949677 10278615246
1452 10097302166 10032992672
1453 10098650953 10096201640
1454 9948562067 9997945682
1455 10053302823 9807344061
1456 10042809855 10042331334
1457 10083393342 10056808955
1458 10083314462 10094668554
1459 10088533222 9756315428
1460 10191163228 9490948278
1461 10096425222 10063003780
1462 10045850006 10068727019
1463 9927016104 9996144375
1464 9935470277 10063841934
1465 10079595541 9724879010
1466 10107262764 9713816814
1467 9983237449 10049883420
1468 10097752721 10076316414
1469 10074361131 10028053661
1470 10095026211 10055199643
1471 9888956621 10037110628
1472 10032948817 10049282633
1473 9973286401 10216766559
1474 10074243192 9995419954
1475 9909821694 10046513193
1476 9997392409 10174433721
1477 10035440554 10036546764
1478 10100000000 10060272371
1479 10098650953 10096201640
1480 10127292252 10121702049
1481 10044154872 10046201405
1482 10077353539 10033052903
1483 10004782264 9991645764
1484 10039442537 10033962000
1485 10100000000 10065932826
1486 10063925180 10044448960
1487 10029819072 10055002033
1488 10093125185 10044132416
1489 10172345060 9546247585
1490 10092826983 10059052201
1491 10167984210 10082096972
1492 10096212685 10096201640
1493 10052283982 10010966071
1494 9985979487 10004804308
1495 9974487980 10073096204
1496 10041397702 10061195275
1497 9956034486 10059504061
1498 10075068348 10065753282
1499 10086199393 9890804417
1500 10181627551 10044778250
1501 10120933663 10262824907
1502 10096275689 10054484769
1503 10090884870 10057877234
1504 10083187545 10062830642
1505 10095627125 10049216405
1506 10016682649 10116684746
1507 10093664733 10078078372
1508 10124903272 9805763997
1509 10039030469 10031574804
1510 10064231585 10129899762
1511 10002648124 10141014925
1512 10247269036 10136066602
1513 10077802815 9798096422
1514 10086028608 10060756021
1515 10070921883 10088639017
1516 10040096386 10023664391
1517 10099586383 10096036244
1518 9971037123 10038169309
1519 10040096867 10053992551
1520 10026581618 9862903841
1521 10086868543 10128329352
1522 9960885981 10102369801
1523 10092826983 10133629611
1524 9953905392 10003474055
1525 10100000000 10086111034
1526 9989835691 10173006409
1527 10087709574 10080878197
1528 10099111890 10093254892
1529 10143437260 9768604354
1530 10057376545 10137567202
1531 10146221685 10343900737
1532 10087921229 9758551665
1533 10092826983 9998187732
1534 10063084881 9789732082
1535 10008169440 9984527666
1536 10050335172 10056741141
1537 10183085253 10113083855
1538 9949861538 10087343625
1539 10064042018 9956091196
1540 10058925998 10002215078
1541 10014097275 10219279787
1542 10163286209 9728804572
1543 10083013780 10057246804
1544 10098650953 9858406854
1545 10030109381 10132732339
1546 10144307437 10284494268
1547 10045702916 10008604639
1548 10037677529 10037340068
1549 10083436028 10079226943
1550 10039577769 10039298463
1551 10110812706 10125677941
1552 10089991085 9888553114
1553 9947898132 10070198212
1554 10070222128 10128706974
1555 10100000000 9855701837
1556 10002869067 10107260764
1557 10103764713 10046712644
1558 9980176745 10043866601
1559 9952231125 10005691797
1560 10098650953 9858406854
1561 10107267660 10264311762
1562 9960887961 10037615261
1563 10001154255 10111772883
1564 9975110143 10026060896
1565 9939543607 10025184119
1566 9983163849 10046298817
1567 9923112678 9970402652
1568 10156201273 10063307665
1569 10155948694 10124862278
1570 9963850010 10217801333
1571 9928607832 10042845349
1572 10004369972 10117525982
1573 9957116751 9996060231
1574 10061793424 9814576256
1575 10039618127 10020589869
1576 9974266168 10072322344
1577 10081340348 10034365238
1578 10058095108 10136773935
1579 9960925793 10052143095
1580 10024704826 10062079024
1581 9964075865 10063747056
1582 10043437843 10036645502
1583 10059483360 10090753950
1584 9981029704 10049049490
1585 9989824340 10159455836
1586 10092983726 10036110017
1587 10083958964 10046604708
1588 10047917558 10096846140
1589 9993649391 9997924498
1590 10010771350 10100723534
1591 10037953434 10121734092
1592 10046378240 10100000000
1593 10076109905 9796082117
1594 9945387667 10086866713
1595 10069985678 9980205965
1596 10024955783 10060501889
1597 10110566546 10251770009
1598 9931666028 9983421702
1599 9971079140 10041920975
1600 10064572680 10131053282
1601 9953639306 10003572892
1602 10089516197 10041178215
1603 10068579304 9947605509
1604 10074695361 10028454975
1605 10092425979 9897269117
1606 9924786437 10077037420
1607 10130304668 10249745191
1608 10094249504 9867232344
1609 10071176983 10038616918
1610 10050113070 10039943161
1611 10126624410 10066853529
1612 10033536495 9907556115
EOF