NAME : 1672
COMMENT : tspgen
TYPE : TSP
DIMENSION : 1672
EDGE_WEIGHT_TYPE : EUC_2D
NODE_COORD_SECTION
1 10097425121 10013262674
2 10057334133 10116107638
3 10287947789 10062103192
4 10008322179 10057197574
5 10117063603 10018171609
6 10035294261 9921072009
7 9991486015 9921072009
8 10140141721 10116471277
9 9897260537 10020623231
10 9940451607 9923905695
11 10106385966 10020845797
12 10043666076 10034135990
13 10074241063 10164568298
14 9992587876 10063175613
15 10100168258 9996795381
16 10100000000 10000000000
17 9987755261 10063734309
18 10066526463 10151178217
19 9955005295 10056804640
20 10140141721 9962675850
21 10048575725 10147313354
22 10100000000 10000000000
23 9965657398 10092574335
24 10033708192 10031651943
25 9913520691 10024217265
26 9976696703 10065012783
27 10140141721 10046116987
28 10118225982 10073169041
29 10100000000 10008088150
30 10097380451 10014628615
31 9913520691 10035003980
32 10139287831 10052738757
33 10140141721 10158987046
34 10014181443 10012749876
35 10140141721 10113003387
36 10225817832 9845361332
37 10099480055 10058047996
38 10032312070 10119503409
39 10115404783 10097322422
40 10046144731 9894440972
41 10140141721 10119822501
42 10041397503 10107562368
43 10059795501 9995543772
44 9980440738 10063024764
45 10069554130 9921072009
46 9988106311 10015065883
47 10025770838 10153736850
48 10004170223 10063088244
49 9972524812 10054020204
50 10087137450 10006107434
51 10141378392 10046485512
52 10049691437 10004079495
53 9813625471 10001311494
54 10087226692 10000000000
55 10100000000 10000000000
56 9997806145 10069836172
57 9913520691 9894440972
58 10045277656 9982637568
59 10063951283 9921072009
60 10038554003 9993197534
61 9961870595 10021809143
62 10002270788 10097579558
63 10150424266 9941891905
64 10036465047 9894440972
65 10080601845 10059041018
66 10074667539 10000000000
67 10071264522 10000000000
68 10092084046 10036148259
69 10011496779 9907387537
70 9913520691 9947246123
71 10069367065 9981791048
72 10002366673 10065647066
73 10059891524 10055394672
74 10140141721 10046116987
75 9988581816 10085204608
76 10140141721 9926773591
77 10093938988 10000000000
78 10082826756 9921072009
79 10092317188 10019956167
80 10003495780 10153287621
81 9986292838 9986153284
82 9913520691 10072316530
83 10073349289 10000000000
84 10140141721 10270774672
85 10039777618 10000000000
86 9970294383 9894440972
87 10000600203 10005815888
88 10044170775 10025318643
89 10088130168 9976196680
90 10071668748 9921072009
91 9886338035 9938421021
92 10067945935 10011875249
93 10032602864 10000000000
94 9994499071 10042280499
95 10098485618 10027854699
96 10067187144 9883830988
97 10140141721 9894440972
98 10116395535 9971839918
99 9913520691 10072316530
100 10072880450 9990687464
101 9905511148 9957138804
102 10100000000 10007876474
103 10175502218 10058867695
104 9948609128 10108774162
105 10095553449 9969142834
106 10153402166 10432794123
107 10100000000 10000000000
108 9913520691 10142116349
109 9964550439 10060467528
110 10051406997 9894440972
111 10115737255 10089468748
112 10119709462 10080381758
113 10007906215 10226210753
114 10043435147 10109619476
115 10003459906 9894440972
116 10035371202 10036228769
117 10056506315 9894440972
118 10093737134 9894440972
119 10087270805 10052229367
120 10117756515 10048704929
121 10067348193 10198437657
122 10117636046 10048718856
123 10066245322 10026754196
124 10055095214 9999267910
125 10072017617 10000000000
126 10100000000 10020566258
127 10056444278 10040077395
128 9977735349 10062554704
129 10046112237 9989917262
130 10020595402 10001226348
131 10017672098 9788702899
132 10076102817 10016565113
133 10079982930 10070781815
134 10017885163 10060251006
135 9980521788 10145025152
136 10052983173 10016776013
137 10171941189 10126593383
138 10035373495 10108255629
139 10088917781 9894440972
140 9994332573 9997202288
141 10140141721 9921072009
142 10060537804 10021469686
143 10089978141 10075825346
144 9993690447 10079415326
145 9921129757 9800231336
146 10183909509 10061608482
147 10047271571 10153287621
148 9995982794 9921072009
149 10100000000 10040858733
150 10074822451 10059356008
151 9950743796 10068013186
152 10005435651 10029827142
153 10140141721 10003743856
154 9943517938 10144806991
155 10094865736 10049437931
156 10140141721 9894440972
157 9997853629 10072050038
158 9953440377 9888224982
159 10100000000 10003187572
160 10037150876 9900433742
161 10082491808 9981554435
162 9913520691 10153287621
163 10058399728 10049947339
164 10046989730 10016820525
165 9999662436 9922592577
166 10178410756 10097862017
167 9913520691 9921072009
168 10140141721 10013127124
169 10092343773 10051642883
170 10099282780 10160769061
171 10100000000 10000000000
172 10134698750 9893541321
173 10046836451 10117002646
174 10116331550 10027055062
175 10100000000 10000000000
176 10076208001 9894440972
177 10036086146 10029207865
178 10141859805 9894440972
179 9972342105 10053019213
180 9913520691 9894440972
181 10089548589 10049731960
182 10009195867 10118619290
183 9993722403 10053837219
184 9913520691 9893281519
185 10037738270 10015462905
186 10028776880 9846157156
187 10089760682 10043812420
188 9983752494 9990693711
189 9998375663 10002758703
190 10044526968 10153287621
191 10195050340 10037038166
192 9935441948 10121286049
193 10140141721 9894440972
194 10139493133 10176085286
195 10100000000 10039119278
196 10100000000 10010398460
197 10038611093 9895154786
198 10100000000 10002255398
199 10106909621 10056861206
200 10093701725 10000000000
201 9913520691 10131870347
202 10031003344 10025018215
203 10068825625 9894440972
204 10088295477 10041951264
205 10022778288 9921072009
206 9884571311 10076528181
207 9900636247 9945450122
208 10041822111 10034953944
209 10024085409 9955659320
210 9962469592 10020236570
211 9996376477 10068971426
212 9913520691 10040268315
213 10079441698 10231372696
214 10102600525 10124771378
215 10044460310 10042172494
216 10100000000 10059927276
217 10140141721 10017613184
218 10159043329 10034785027
219 9913520691 10048741336
220 9996079549 9921072009
221 10097094272 10004739178
222 10100000000 10039623048
223 10140141721 10094935410
224 10087755565 10004742366
225 10073578533 10008472609
226 10060355145 10055341073
227 10057497091 10007896549
228 10066561391 9894440972
229 10065935535 10000000000
230 10069250248 10000000000
231 10078056790 9894440972
232 9913520691 10072316530
233 10019490667 10038508147
234 10140141721 10095362203
235 10100000000 10000000000
236 10002114816 9990970053
237 10024086831 10005243414
238 10121461943 10038815693
239 10060973054 10153287621
240 10093888487 10029668833
241 9997904073 10064572408
242 10089058481 10044849878
243 10078436758 10063068983
244 10148617236 10003894332
245 10097693391 10205274048
246 9999595591 9921072009
247 10176821563 10053960489
248 9920474790 9997929198
249 10214542403 10020757372
250 10140141721 9949382353
251 10119599097 10076710210
252 10008202563 10206741929
253 10116134179 10024095024
254 9999971190 10062261987
255 9965207746 10014877596
256 10090151526 10070745326
257 10058787887 10111718751
258 9913520691 9920922407
259 10100000000 10000158609
260 9962023987 10036695615
261 9898598195 10028134029
262 10048922742 10000000000
263 10100000000 10014299374
264 10033554015 10024759263
265 10001074696 10066574967
266 9913520691 10110655870
267 10182703092 10042068674
268 10039107306 10028671714
269 10032751555 9981211467
270 10068649582 10201981816
271 10091623806 10013518023
272 9967559332 10007762771
273 10068973609 9921072009
274 10052677105 10059273444
275 10042884746 10036621236
276 10011225172 10012044659
277 10038953994 10012136542
278 10055570640 10108655802
279 10093021652 10051564514
280 10037728875 10029415692
281 10092509224 10013812916
282 10055370918 10046882498
283 10047001615 10107709822
284 10069045711 10155550826
285 10084121842 9890112512
286 10583523057 10065658261
287 9984832796 10036341295
288 10056464942 10168798579
289 9935864849 10106571266
290 10067069079 10013591729
291 10044589562 10113102764
292 10100000000 10003030414
293 10090516927 10008304058
294 9946263639 9921072009
295 10070894770 10066244171
296 10085974462 10249163804
297 10213147682 9961636213
298 10114548846 10326982311
299 10002221345 10062061892
300 10026900650 10017759649
301 10140141721 10046116987
302 10100000000 10050757751
303 9866096303 9942348285
304 10100000000 10000000000
305 9857217476 9894440972
306 9977351769 10041990677
307 10098442367 10144595405
308 10100000000 10000000000
309 10099293829 10002169881
310 10066719710 10008422531
311 10065343073 9894440972
312 9985614924 9975848050
313 10030771018 10058761279
314 9938773044 10069397118
315 10076715189 9921072009
316 9980480051 10064575392
317 10099944525 9976357179
318 10191944860 10056581934
319 10140141721 10016022487
320 9996143549 9894440972
321 10064245062 10054891361
322 10100000000 10011007561
323 10081885742 9894440972
324 9959786767 9905508524
325 10140141721 9926773591
326 10127265931 10065414297
327 10130443249 10065737390
328 10071651656 10000000000
329 10158489844 10043995769
330 9996924182 10068660252
331 10118477375 10068052058
332 9996702646 10073683018
333 9913520691 9921072009
334 10125232669 10031455201
335 9943786425 10068817524
336 10067962044 10000000000
337 10100000000 10008513655
338 10058616614 9921072009
339 10114509043 10049080368
340 10065160685 10107072884
341 9872409397 10061166548
342 10140141721 9921072009
343 10082688470 10058496691
344 10086471486 9885134330
345 10086094388 9913241293
346 10100000000 10000000000
347 10100000000 10000000000
348 10083237539 10019600037
349 10071967222 10068396033
350 10077489317 9904164823
351 9913520691 9921072009
352 10077337885 10146943377
353 10036798522 9894440972
354 10049805647 10160851266
355 10100000000 10023248523
356 10000115634 9894440972
357 10100000000 10038304873
358 9964047483 10066475153
359 10042589429 10113958700
360 9931332977 9963874902
361 10277816545 10037790718
362 10033994101 9979279250
363 10016623281 10060396892
364 9794283518 9921072009
365 10064544910 10137798726
366 10044655450 10001174430
367 9987910439 10061151239
368 10069483088 10114710970
369 10181095178 10067149532
370 9901716658 10103666423
371 9891480299 9894440972
372 9948045424 10013356518
373 9985572547 10006832284
374 10181958671 10041282550
375 10049235471 10093639218
376 10041199757 10000564486
377 10057386943 10153287621
378 10045993428 9994980811
379 9887236914 10075355184
380 9986970613 10063825022
381 10071804261 10029227483
382 9913520691 9921072009
383 9913520691 10108684819
384 10106980785 10008028430
385 10111437612 10042262736
386 9967666089 10090665610
387 10036622492 10114760327
388 10052600622 9921072009
389 9974857839 10065225373
390 10098423047 10010379672
391 10079186667 9921072009
392 9994951075 10012719066
393 9968822507 9921072009
394 9843572921 9895155312
395 9937509937 10067340098
396 9930512559 10082591667
397 10131868460 10032531157
398 10084918849 9979248181
399 10055117776 9894440972
400 9913520691 10080910797
401 9913520691 10031836546
402 10048780870 10010319212
403 10035137402 10096696834
404 10043319455 10007544487
405 10042745811 10109902602
406 10061416284 9894440972
407 10006168104 9921072009
408 9993134692 10078745125
409 10134826959 9982125558
410 10055017296 10041837963
411 10062908977 9999837867
412 10060603045 10105677145
413 10023610827 10133176552
414 10180258843 9686427332
415 10100000000 10010573388
416 10028746671 10114120492
417 9997241464 9894440972
418 10147878501 10105222268
419 9986540950 9993848953
420 10013724650 10026648504
421 10089403750 10190885879
422 10008805315 10088452598
423 9913520691 9921072009
424 10055638708 9894440972
425 10036020152 9921072009
426 10100070371 10126877169
427 10162323307 10095684087
428 10059871648 10117184434
429 10175939264 10102634311
430 10140233689 9926686200
431 10100000000 10038255448
432 9981478869 10060803154
433 10051195593 10124568723
434 10067713495 10054490378
435 10094851567 10047583839
436 10155166775 9940842814
437 10140141721 10018921106
438 10140141721 10396681078
439 9956256477 10101507399
440 10089643986 10003136074
441 10100000000 10045996446
442 10115719043 10062452142
443 10070516952 10000000000
444 10102770945 10054951751
445 9903716509 10073449987
446 10032263846 10095387203
447 10191903383 10368792501
448 10049616994 10089910846
449 10079872445 10057542076
450 10024557342 10059479639
451 9973600392 10008129866
452 9996597917 10079481429
453 10100000000 10065173420
454 9967996093 10070591510
455 9992932363 10031225188
456 9923652672 9894440972
457 10051567232 10047097858
458 9913520691 10045616722
459 10065210971 9894440972
460 10100000000 10021801015
461 10100000000 10002732775
462 10140141721 10106105025
463 10069971513 10205581916
464 10062776751 10105796543
465 10067618876 10152086102
466 10001911749 10066292499
467 9984319561 9921072009
468 10044723919 10046339641
469 10032414241 10130850629
470 10055064342 10101128587
471 10028696979 10023125695
472 10009230880 9921072009
473 10071223888 10116754127
474 10060523039 10048789498
475 9913520691 10064494331
476 9981369823 9989590409
477 10150026850 9750479767
478 10145907616 9937557705
479 10043910729 9981973570
480 9995699453 10075106319
481 10140141721 9921072009
482 10054272315 9894440972
483 10001485749 9921072009
484 10045573463 9994544117
485 10065901187 10067470498
486 9990891767 10063371699
487 10100000000 10000000000
488 10088078254 10015971997
489 10043996337 10000000000
490 10125215515 10053896984
491 10000733719 10067963853
492 10012774560 10108974115
493 10039788446 10010156074
494 10095203774 10000000000
495 9991797809 10063266952
496 10102542933 10021703392
497 9981239892 10000855002
498 9944973675 10140985183
499 10100000000 10023473623
500 10002735376 10003198178
501 9989097486 9894440972
502 10100000000 10048779464
503 10000088636 10060321556
504 10062414590 10070613187
505 10092978192 10012263833
506 10090474747 10010816281
507 10036512569 9990982138
508 10030244295 9997913735
509 9975349613 9992924330
510 10137124131 10063926775
511 10116329220 9930233405
512 9992332440 10063205143
513 10096205086 10050583784
514 9996506157 10062722622
515 9954873077 10066136076
516 10130842288 10107790324
517 10098127069 10011242752
518 10097660362 10205216720
519 10116930307 10029520186
520 10042257605 10107125529
521 10140141721 9921072009
522 10040063155 10037964491
523 10051667136 10056345489
524 10076155629 10018536928
525 10044538071 10000000000
526 9934568484 9894440972
527 10007665325 9976398061
528 9913520691 10009775750
529 9913520691 10072316530
530 10029726694 10026829488
531 9971521016 9976964423
532 9913520691 10072316530
533 10086257299 9977976342
534 9846743841 9984815858
535 10089768031 9894440972
536 9747075730 10157039475
537 9913520691 10142116349
538 10140141721 10130195520
539 10112464391 9964374918
540 10071242606 10065159329
541 10242627142 10033015532
542 9982827275 9894440972
543 9913520691 9894440972
544 10100000000 10050757751
545 9994912205 10062906898
546 9957944286 10106932872
547 10043057358 10110443347
548 10074656092 9921072009
549 10093770336 9970837207
550 10017693929 9921072009
551 10032552957 9921072009
552 9965511266 10066305926
553 10060486132 9894440972
554 9975234249 9894440972
555 10140141721 9894440972
556 10075052137 10055837975
557 10079284468 10053152663
558 10053151227 10003772873
559 10130131054 9894332286
560 10048110842 10005292469
561 10140141721 10046116987
562 9913520691 10015967661
563 10067920257 10000000000
564 10005934461 9894440972
565 10051368056 10153287621
566 9974465707 10045235880
567 10059550710 9894440972
568 10087907737 10254428819
569 10084665122 9888961467
570 10140141721 9926773591
571 10041754822 10057491447
572 10090344834 10052139321
573 10003213349 9921072009
574 10140141721 10107187691
575 9999307673 10004552358
576 9963287939 9921072009
577 9913520691 10142116349
578 10019908087 9839697222
579 10049165342 10045142984
580 10047430071 9921072009
581 10146244913 10005634583
582 9964704304 10099560732
583 10130982991 10036015837
584 10069422217 9983812174
585 10063286860 10105253232
586 9913520691 9894440972
587 10100000000 10009481571
588 10081000966 10057625654
589 10082296938 10153287621
590 10119554516 9899384467
591 10140141721 9926773591
592 10006049558 10031499038
593 10121691046 10094100786
594 9920175397 9894440972
595 9973860505 9894440972
596 10140141721 10013885810
597 10078009221 10053300094
598 10135466511 9931216129
599 9925532168 9894440972
600 9998652694 10062811397
601 10096000857 10032715779
602 10140141721 10010425041
603 10140141721 10396681078
604 9959989377 10099720848
605 10007474945 10015263841
606 10098285450 10000000000
607 10049637482 9998580659
608 10123750323 10043730547
609 10001500264 10164876602
610 10068900245 10153287621
611 10079803425 10014282227
612 10083963983 10023837482
613 10130493006 10102832287
614 10067381840 10056135289
615 9946563695 10022985516
616 9929394680 9916047871
617 10073695373 10000000000
618 9886911279 9994771006
619 10164405811 10044373517
620 9874167728 9927749383
621 10001875253 10008141884
622 10079781977 10061521204
623 10140141721 9921072009
624 9955691454 9894440972
625 10048764881 10000000000
626 9958976501 10067061407
627 10041965218 10129310525
628 10000998283 10153287621
629 10065259106 10026229508
630 10215476346 10028197165
631 10090539660 10008382920
632 10097284125 10023613195
633 10099577409 10011535317
634 10021336256 9987138748
635 10041853243 9979666868
636 10022150082 9894440972
637 10004979984 9921072009
638 10140141721 9949990799
639 10100000000 10050757751
640 10100107282 9894440972
641 10084166745 9921072009
642 10084020514 10052605131
643 10156582129 10068198673
644 10094034873 10000257871
645 9993612670 9938475290
646 9997903402 9894440972
647 10114300312 10069176394
648 10231700092 10437866875
649 10237733508 10044208200
650 10124810734 10031579695
651 10038526394 10001362289
652 10140141721 10058944599
653 10100000000 10019745205
654 9913520691 10059571027
655 10149153031 9951807679
656 9913520691 10021983236
657 9913520691 10142116349
658 10046829342 10142557316
659 10009236918 10021034448
660 9993510171 10066587203
661 10072197627 10161021546
662 9920496769 9962118860
663 10045344619 9921072009
664 10053094755 9969597434
665 10140141721 9999402841
666 10004429418 10046111610
667 10071409413 10006220253
668 10129896599 10164566530
669 10013096040 10001498476
670 9953993373 10067637504
671 10096193637 10014898355
672 10024277534 10140839706
673 10079078768 10065120388
674 9560129096 9827533330
675 9994808311 10076370644
676 10101744375 9921826788
677 10100000000 10004355450
678 10050030701 9894440972
679 10080939456 9999335112
680 10140141721 10141053179
681 10001423909 10066756293
682 10089695852 10065831348
683 9927900498 9978755523
684 10018604899 10008998671
685 10020407891 9894440972
686 10100000000 10000000000
687 10005962660 10144420813
688 10130124524 10011261606
689 9948603705 10070733527
690 10235381040 10044584841
691 10190815558 10046739890
692 10061945601 9921072009
693 9983652113 10034905462
694 10140141721 10128464312
695 9913520691 10061249095
696 10100000000 10000000000
697 10073560409 9894440972
698 10100000000 10021862322
699 9997681004 9921072009
700 9957188623 9894440972
701 9984248459 10044014899
702 10163289705 9985600329
703 10064026594 9932688255
704 10024396590 10050814428
705 10190005292 10031013687
706 10079826014 9921072009
707 10005476901 10109887262
708 10035508565 10013538240
709 10139704237 10046167564
710 10067585806 10024751487
711 9996531691 9894440972
712 9931857426 10124692180
713 10066531665 10054627008
714 10072195437 10000896166
715 10022315058 9923444131
716 10001506090 10119597755
717 10059737641 10139394991
718 10100000000 10009217964
719 10093281926 10014593916
720 10159988553 10108163775
721 10004040063 10018686316
722 10000010475 10062317490
723 10140141721 9926773591
724 10117713465 10053534105
725 10053869017 9999223703
726 10005842533 10060715621
727 9974555284 10015702360
728 9943735778 10113348887
729 10100000000 10000000000
730 9983003302 10218656521
731 10002177511 10065915443
732 10109578666 10225903089
733 9913520691 10213552413
734 10187048141 9882201568
735 10068396705 9994948065
736 10049050696 10004868648
737 10044605816 9973835001
738 10084846245 10206439528
739 10140141721 10396681078
740 10001061743 10062195953
741 10043170160 10057327820
742 10079688107 9899506254
743 10140141721 9979313198
744 10104872914 10217735406
745 10096734987 10008932882
746 9966834465 10015259908
747 10178306329 10076182428
748 10032016055 10058617341
749 10054030308 10002645594
750 10129126674 9889672456
751 10138660672 10181816838
752 10013468164 9998926664
753 10046288744 9894440972
754 10100000000 10015521178
755 9919034519 9974613444
756 10068572415 10057446947
757 10036086330 9894440972
758 10027433137 10033479277
759 9926056545 10104225492
760 9996767929 10073590396
761 10122643614 10048139934
762 10058008466 9998776405
763 10079941907 9921072009
764 10091929961 10037853985
765 10071548271 10024405703
766 9913520691 10142116349
767 10067989557 10000000000
768 9913520691 10111651018
769 10165823475 9898904365
770 10021769713 10089465868
771 10011025805 10022381534
772 9989111055 9894440972
773 10100000000 9856471507
774 10086236883 10000000000
775 10083662237 10031482856
776 10071289635 10019968790
777 9651735673 9861908926
778 10075537069 9894440972
779 10091777012 10264966273
780 9931815574 10103084454
781 10094100796 10051439755
782 9986936572 10059855986
783 10051660698 10176588497
784 10051854438 10042168676
785 9913520691 10072316530
786 10072400167 10000000000
787 9995720733 10153287621
788 9995055824 10079287371
789 10170452094 10102712155
790 9963243344 9978802954
791 10127283084 9888419406
792 10100000000 10038382912
793 10099880352 10037613838
794 10053328083 9993565205
795 9913520691 10072316530
796 9903750789 9752902046
797 10031006640 10058734039
798 10071163522 10054091522
799 10032587579 10058551267
800 9863993597 9949582477
801 9913520691 10142116349
802 9972546357 10086028220
803 9913520691 10072316530
804 9914420845 10000994643
805 9913520691 10019795602
806 10090297722 9894440972
807 10140665346 10001721654
808 10072813379 9914071721
809 9987126058 10124286215
810 10087685804 10052181389
811 10049245349 10149136986
812 10092651582 10004077807
813 9955596992 9935884130
814 9972623707 9991629575
815 9981094377 9894440972
816 10073360885 9990230938
817 10039980712 10027109565
818 10140141721 9894440972
819 10061098693 10115011098
820 9913520691 10105882677
821 10100000000 10031758348
822 10004422470 10034140132
823 9913520691 9894440972
824 10091801810 10173285659
825 10001452495 10006987192
826 10090395461 10046514054
827 10102335533 10078052417
828 9982967712 9921072009
829 10057719616 10004589693
830 10123685654 10003918470
831 9913520691 9921072009
832 10140141721 9945108202
833 10043352351 10000000000
834 10061984888 9894440972
835 10110784182 9954670091
836 10032097911 10023465276
837 10123588402 10048030708
838 9900689630 10154308845
839 9968112415 10116750675
840 10187646981 10130056263
841 10100000000 10019117670
842 10042946326 10132532580
843 9922433996 10076270431
844 10070403208 10125383115
845 9994967857 10062900464
846 10090608106 10001173807
847 10131372948 9921072009
848 9913520691 10139142665
849 10090560759 10000000000
850 10045264969 10153287621
851 10058847347 10084701119
852 10040513940 10108411803
853 10140141721 9921072009
854 10097255392 10008776425
855 10140141721 10159007051
856 9997514325 10073441259
857 10246223473 10061601348
858 10145815108 10131836130
859 10110799927 10052267225
860 9991090704 10068889191
861 9954088542 10057458034
862 10054850324 10155440220
863 9969330760 10125780713
864 9879451267 10058899870
865 10096861189 10013320200
866 9995327058 10208354139
867 9960802658 10099428663
868 10129986774 10069183027
869 10055187901 10000000000
870 10055700057 10005041945
871 10124972367 10091093710
872 10140141721 10049236272
873 10020955734 9894440972
874 9913520691 10014062373
875 10154057712 10071550396
876 10074102453 9911340562
877 9985582530 10044703382
878 10178533835 10132800772
879 9636954465 10111090849
880 10050383681 10142143271
881 10241124691 9950635571
882 10041097980 10057567384
883 10178940114 9894440972
884 9992394132 9894440972
885 10113110037 10323063907
886 10070338112 9993103276
887 10056395010 9994653518
888 10069696127 9993713312
889 9913520691 10106871778
890 10077290804 9999596113
891 10002248675 10065814478
892 9948612573 10070712061
893 10220479635 9954460840
894 10086677045 9921072009
895 10081810421 10074330180
896 9891172479 10072013440
897 10072191337 10031405679
898 10100000000 10000000000
899 10000730758 9894440972
900 10069175015 10054321412
901 10053137032 10012950670
902 9895544655 10159197770
903 10100000000 10027842181
904 10059993294 10039603683
905 9913520691 10062572626
906 10153496130 9936829813
907 10158641814 9921072009
908 10080765582 10054488742
909 10047540322 9921072009
910 10067233224 9896010550
911 9972936431 10001273821
912 10060465520 10179693618
913 10012888387 9894440972
914 10177303798 10053883281
915 10100000000 10010067072
916 10038974909 10014312984
917 10409608420 10063566481
918 10016525792 9953136290
919 9919434584 9943660726
920 10096962903 10011593958
921 10008758203 9993335744
922 10022397734 10028892266
923 10100000000 10000000000
924 10079495175 10054982046
925 10169760379 9945109880
926 10099386852 10057718114
927 10100000000 10000000000
928 9970908174 9921072009
929 10057577726 10055662169
930 9864726264 10003127106
931 9994782697 10076406985
932 9994854777 10076304719
933 10065694121 9970968322
934 10124341517 10075183289
935 9762758056 9894440972
936 10022380911 10037251466
937 9972731043 10062965645
938 9959833488 9921072009
939 10315502175 10031757071
940 10140141721 9926773591
941 10067453574 10054520427
942 10125866296 10102693615
943 10038696153 10015944095
944 10145018219 9857208045
945 9998970806 10067019275
946 10093866399 10041595874
947 10102976556 10014758142
948 10100428712 9855563196
949 9999159303 10121558066
950 10140218018 10098436855
951 10133279470 9785962391
952 10140141721 10060991640
953 10044849831 9894440972
954 9943115762 10068895059
955 10002660001 10122447904
956 9913520691 9894440972
957 10099410189 10285754207
958 10140141721 10017385380
959 10154759649 10086776000
960 10100000000 10026147984
961 10088808174 10065236008
962 10118099802 10048665242
963 9990649390 10112564378
964 9994499831 10043419927
965 10140141721 9926773591
966 9913520691 10113382044
967 9998219213 10062524577
968 10140141721 10396681078
969 10019104353 10014701745
970 10028902082 9933220656
971 10124832618 9991533308
972 9942190068 10151023830
973 10036159628 10030493755
974 10060085867 10002330642
975 9913912556 9780576257
976 10033879409 9907577083
977 10168686995 10063830488
978 10095208456 10029395629
979 10096020156 10013582945
980 10043939240 9897184291
981 10006323662 9894440972
982 10134625868 10084422201
983 10074170837 9911195678
984 10081421125 10000000000
985 10123763989 10128805563
986 10144183932 10177872023
987 10122509177 10033525397
988 10071046747 10019844072
989 10140141721 10030516346
990 10056396926 9988990563
991 10068593635 9956162276
992 10072753976 10054237029
993 9976288777 9894440972
994 10153432843 10140600490
995 10069617596 9921072009
996 10045629885 9894440972
997 10064958662 10191930089
998 10099525164 9961312255
999 10052491869 10004940584
1000 10140141721 10110077005
1001 10190699523 10030813258
1002 10047570017 10144574443
1003 10140141721 10022623190
1004 10156035309 10043264459
1005 10140141721 10114580675
1006 10092728468 10022629662
1007 10065210971 9894440972
1008 10122447629 10025735509
1009 10140141721 10054721996
1010 10048256320 9995908528
1011 9987963451 10061124679
1012 10140141721 10163871133
1013 10076851185 10146056980
1014 10151148046 9916315020
1015 10103187207 9894440972
1016 10006736583 10061539888
1017 9961571929 10096456482
1018 10060108642 10055369571
1019 9913520691 10078953443
1020 10120442963 10343034148
1021 10108519686 10024320977
1022 10087704667 10000000000
1023 10140141721 9894440972
1024 9896634543 9929082540
1025 10048014769 10034076076
1026 10010415339 9921072009
1027 10104121453 9894440972
1028 10051308687 10124765019
1029 9985612906 9894440972
1030 10074995452 9894440972
1031 10139071573 10004183976
1032 10065990162 10194739240
1033 10157711397 10095701621
1034 10082517180 10043179631
1035 10140141721 10231412779
1036 10151244830 10298222239
1037 9985517160 9894440972
1038 10001013078 10060417060
1039 10046718768 10001455987
1040 10030695376 10026817803
1041 10020382533 10017026673
1042 10008443715 10118490912
1043 9993179247 10114264106
1044 10063143764 9999975198
1045 10069811752 10061665102
1046 9908757913 10146642097
1047 10068353071 10000804549
1048 10245721403 10016006400
1049 10140141721 10057505705
1050 10078755457 10053213822
1051 10073622463 10045526605
1052 10007110102 9894440972
1053 9928202392 10070354913
1054 10057184495 10011860772
1055 10088099615 10017770383
1056 10088372612 10167040265
1057 10012239066 9921072009
1058 10059802818 9941637157
1059 9991495461 10081070816
1060 10082144643 10059598067
1061 10069711435 10053147513
1062 10084219836 10244385317
1063 10178818014 9966116167
1064 10058113652 9921072009
1065 10135601158 10100832405
1066 10067361718 9921072009
1067 10079211926 10030721296
1068 10110085622 10012409704
1069 9913520691 10063546897
1070 9913520691 10041135465
1071 10265146239 10061828944
1072 10169309701 9894440972
1073 10075343646 9988346854
1074 10069290321 10154107882
1075 9991156860 10113260519
1076 10100000000 10029777921
1077 10149982192 10107840118
1078 9980058117 10153287621
1079 10015251592 10046532846
1080 9913520691 10124237035
1081 9987420704 9980765848
1082 10179661310 10093299710
1083 10140141721 9894440972
1084 9984542592 10051083459
1085 10097084862 9862647800
1086 10020423313 10096086066
1087 9999135974 10012670817
1088 10131475074 10085460492
1089 9913520691 10290846306
1090 10100000000 10038237122
1091 10140141721 10035754403
1092 10093142606 10033917219
1093 9997379114 10022314526
1094 10223084540 10034149174
1095 10101849166 10025607882
1096 10082665761 10045874589
1097 9913520691 9966792444
1098 9990095290 9975154759
1099 9990993847 10042442639
1100 10135439859 10180353316
1101 10032856821 10008115066
1102 10062595550 10185494471
1103 10140141721 10103700620
1104 10140141721 9921072009
1105 10063415581 10000000000
1106 10033921285 9921072009
1107 10074442571 10069322409
1108 10072880450 10213504017
1109 10092875548 10051581405
1110 10084005875 10052606824
1111 10091074404 9894440972
1112 10195457453 10547326061
1113 10059339641 9994159128
1114 10077455935 10060799568
1115 10100366953 9894440972
1116 10066370340 10049222907
1117 9960302056 9921072009
1118 10068662133 10000000000
1119 10097633513 10051031339
1120 10089227008 9894440972
1121 9914499376 10091785490
1122 10023527400 10059598710
1123 10048612205 10120084788
1124 10196646533 10061005055
1125 10076925607 10146192521
1126 10133764353 10173903179
1127 10087685482 10001926508
1128 9993837722 9894440972
1129 10263468605 10138592876
1130 10150887654 9937921212
1131 10140141721 10396681078
1132 10198333033 9955993277
1133 9975957246 10054281161
1134 10140141721 10028184074
1135 10084944518 10052498308
1136 9913520691 9921072009
1137 10144773135 10009557385
1138 9926020157 10085826094
1139 10071098438 10000000000
1140 10201157384 10060404433
1141 10140141721 10396681078
1142 10068413739 10023598585
1143 10100000000 10000000000
1144 10089299754 10004729724
1145 10067508704 9995791873
1146 9913520691 10021511866
1147 10135186403 9781922178
1148 10191102372 9894440972
1149 10083289170 10043898229
1150 9973853179 10019549465
1151 9986379621 10029123451
1152 10079488169 10000000000
1153 10077414719 10170076750
1154 10053891881 9894440972
1155 10122497964 10048156772
1156 10140141721 10028754657
1157 10019057454 10025019003
1158 10100000000 10000000000
1159 10009577581 10018310127
1160 9980396575 10066995946
1161 10142137981 9924876679
1162 10023800029 10032072645
1163 10083511675 10000000000
1164 10165113919 9943340032
1165 10003513750 10009819973
1166 10093923833 10009382642
1167 10060868815 10014225681
1168 10100000000 10039562791
1169 10029313497 10094855258
1170 10043403360 10057300860
1171 10095222493 10000000000
1172 9968195926 10008114071
1173 9998744179 10070314598
1174 10077820140 9894440972
1175 10057834920 9949416375
1176 9960936119 9929959748
1177 9913520691 10164609744
1178 10182748528 10131173989
1179 10012863708 10060831534
1180 10176329946 10157757738
1181 9978112307 10005053503
1182 10091558829 10013198342
1183 10130457784 9892172583
1184 10100000000 10015354418
1185 10082154461 10161524655
1186 10137656281 10009753729
1187 10093666524 10270112104
1188 10095962397 10043805390
1189 9968160519 10033465809
1190 10074236762 10000000000
1191 10057387928 9992409755
1192 9730504278 9891467041
1193 9989329102 10171791365
1194 10076339141 10047085679
1195 9913520691 10150793930
1196 9995735989 9894440972
1197 10039954202 10105057261
1198 10053225302 10006442506
1199 10067145530 10027572501
1200 10055776182 9989674548
1201 10091329989 10044558410
1202 10066438068 10049792683
1203 10061937462 9894440972
1204 10140141721 10060366379
1205 10087701063 9921072009
1206 10102146648 10151154451
1207 10084363842 10000000000
1208 10109804065 10018273309
1209 10034030241 10152526633
1210 10057164855 10127819139
1211 9913520691 10142116349
1212 9993048847 10115609742
1213 10140141721 9921072009
1214 10085038348 10044910596
1215 10089598536 10035632890
1216 10175005046 10068591478
1217 10074849491 10053665389
1218 10097659009 10029267225
1219 10009838578 10012777008
1220 9805941851 9989682157
1221 10140141721 10004871896
1222 10039199687 10024771504
1223 9970914230 10005134405
1224 10100000000 10021015388
1225 10100000000 10021624976
1226 9942999202 10071353035
1227 10122633490 10074073739
1228 10131544078 10102693537
1229 9876452419 9921072009
1230 10132596159 10002369881
1231 10054169073 10045054895
1232 10140141721 10046116987
1233 10140141721 10153364525
1234 10052641550 10056232838
1235 10070840717 10041660158
1236 9962900411 10047909216
1237 10154297955 9913321872
1238 9997665170 10066135009
1239 10065210971 9921072009
1240 9864837230 10056731460
1241 10168609349 10146725145
1242 10083745939 10128749216
1243 10002127491 10090281900
1244 10064598483 10054850503
1245 10150841314 10006935246
1246 10273387860 10038499771
1247 10071727147 10054026361
1248 9858126578 9904460818
1249 10034624705 10126475553
1250 10124103065 10251112806
1251 9992476808 9996063217
1252 10052245926 10153287621
1253 10044767946 9894440972
1254 10035654435 10000000000
1255 9968116295 9894440972
1256 9951048815 10067977923
1257 10010903439 9921072009
1258 10089240912 10000000000
1259 9993756971 10010395006
1260 10094698550 10015457210
1261 10038791489 10108303295
1262 9913520691 10006269124
1263 10006339594 10158038988
1264 10080549929 10175518474
1265 10061376232 9921072009
1266 10063367545 10147463217
1267 10121961336 10050720391
1268 9969134125 10006905239
1269 9902111710 10023988306
1270 10100000000 10001702287
1271 10139266494 10012717363
1272 9868867621 9924204953
1273 10082996320 10052723538
1274 10063172506 10078666303
1275 10014252409 9980144505
1276 10044760596 10038031337
1277 9913520691 10483747471
1278 9953660953 9888825689
1279 9955623225 10211059539
1280 10140141721 10137006696
1281 10044974761 10026730572
1282 10151017426 10081724260
1283 10062440679 10144086601
1284 9913520691 9894440972
1285 9853356445 9894440972
1286 10003740042 10090079832
1287 9984006085 9921072009
1288 10056578739 10133912146
1289 10100687959 9894440972
1290 10125302362 9986460921
1291 10081054057 10026495122
1292 9991146072 10081566519
1293 10100000000 10050757751
1294 10096229624 10002335627
1295 10100000000 10017000357
1296 10100000000 10000000000
1297 10063703788 10074399081
1298 10140141721 10046116987
1299 9913520691 10142116349
1300 10174950526 10189591097
1301 9969447572 10027332414
1302 10070756721 10017430415
1303 10100000000 10031749597
1304 10101143789 10050625518
1305 9913520691 9894440972
1306 10012012086 10096719195
1307 10072950463 10162328229
1308 9973042795 9941609539
1309 10079758666 10014562606
1310 9991049379 9921072009
1311 10095298403 10051301300
1312 10092523544 10004185604
1313 9998075307 10062541213
1314 10140141721 10396681078
1315 10067108133 10140240373
1316 10043971384 10114930637
1317 9995908434 9986412371
1318 9903431052 9942619665
1319 10006850085 10061526766
1320 10140141721 10153287621
1321 10058212987 10007687117
1322 10120502343 10077261450
1323 10006100875 10060349093
1324 10145514206 9978829597
1325 10084557399 10045394699
1326 10041343429 10030299408
1327 10140141721 10111440981
1328 9913520691 10142116349
1329 10057875614 10049375403
1330 10039806474 10104800851
1331 10083120736 10052709154
1332 10061730738 10141407731
1333 10143010519 10146722924
1334 10156053383 10035273560
1335 10140141721 10123048750
1336 9991049370 10033594563
1337 10100000000 10032785060
1338 10100000000 10012927677
1339 10133887843 10052062982
1340 10194806630 10035548724
1341 10100000000 10032885723
1342 10100000000 10003531661
1343 10081113782 10000000000
1344 10004422179 10004124006
1345 10046679077 10009134431
1346 10093432992 10040153361
1347 10077329703 10225620960
1348 10060030061 10012182814
1349 10094981080 10015670331
1350 10072912487 9956743661
1351 10140141721 9926773591
1352 10186571883 10157139278
1353 10001531591 9993170714
1354 10121006993 10052426001
1355 10063841933 9977113418
1356 10013825469 10089946297
1357 10070965500 9894440972
1358 9958162613 9891162794
1359 9996832826 10072707915
1360 9987052354 9955698374
1361 10049942664 10056544854
1362 10100000000 10000000000
1363 9999983334 9921072009
1364 10069212015 9994173331
1365 10002959083 10064806573
1366 10088779612 10156768378
1367 9985549696 10089506489
1368 10001132318 10062187794
1369 9970563605 10025292585
1370 10062121360 9998523912
1371 10134621662 10090130689
1372 10048949551 10120670313
1373 10100000000 10043152167
1374 9970909829 9894440972
1375 9913520691 9894440972
1376 10141877963 9993139691
1377 9945176169 9921072009
1378 9913520691 10152392489
1379 10089236815 9983980964
1380 9951936876 10047888569
1381 10150583617 9937805403
1382 9913520691 10031445888
1383 10085002721 9979168483
1384 10100000000 10026058464
1385 10100000000 10009317205
1386 9979995233 10037398376
1387 9985758177 9921072009
1388 10019187787 10060100410
1389 10062618017 9894440972
1390 10061259464 10027662414
1391 10033738990 10021136963
1392 10035333235 10097036737
1393 10053371225 9894440972
1394 10137230591 10273897999
1395 10093822642 10051279374
1396 9966576896 9924000529
1397 9997629816 10062592716
1398 10086623538 9921072009
1399 9995000470 9934831838
1400 10140141721 10156119491
1401 10102818136 9850500730
1402 9960400868 10005288531
1403 10100000000 10043987643
1404 9990017071 10063472822
1405 10100000000 10018243587
1406 10015226629 10010693075
1407 10043508180 9894440972
1408 9987266540 9921072009
1409 10033608591 10058433228
1410 10056258365 10000000000
1411 10140141721 10046116987
1412 10100000000 10000000000
1413 10100000000 10020626963
1414 10001719473 9894440972
1415 10140141721 9894440972
1416 10010197424 9905459021
1417 10101396393 10040817420
1418 10095581922 10000533674
1419 10140141721 10112916800
1420 10074042235 10056366663
1421 10012970368 10091223724
1422 10039774694 10153287621
1423 10090007117 10007468057
1424 10140141721 10396681078
1425 10067206602 9894440972
1426 10066938480 10049453443
1427 10068196895 10008077962
1428 10027600571 10018979559
1429 9934955393 10092470797
1430 10149279071 9964013320
1431 10080546520 9897687537
1432 10041999547 9894440972
1433 9913520691 10064921516
1434 10015619940 10052477441
1435 10083568457 10011534907
1436 9858848322 10194067832
1437 10052048194 10156770160
1438 10098862219 9927428504
1439 9913520691 9894440972
1440 9964604519 9921072009
1441 10140141721 10115272594
1442 10037822359 9953261925
1443 10108221812 9964624830
1444 9976851682 10064994866
1445 9976009385 9921072009
1446 10040417980 10116857467
1447 10092547177 10038025905
1448 10033284541 10058470692
1449 9960806865 9949433905
1450 9985056198 10064046346
1451 9867102907 9974127936
1452 10100000000 10043907862
1453 10060001620 10108446954
1454 10074117382 10066845240
1455 10012610565 10010668863
1456 10101373369 10211661314
1457 10050894743 9894440972
1458 9924499302 10131684111
1459 10096094929 10035802205
1460 10122136650 10070829788
1461 9983914076 10064178386
1462 10067946306 10000000000
1463 10055434218 9990356424
1464 10122550367 9895134044
1465 10084704940 10245706432
1466 9982882818 10076224379
1467 9995910091 9921072009
1468 10031475967 10026437209
1469 9997614329 10102511630
1470 10233450149 10650794079
1471 10076861144 10153287621
1472 10125763454 10056556837
1473 10072689930 10000000000
1474 9987783480 10052187971
1475 10023760942 10006515171
1476 10008686311 9894440972
1477 10140141721 10055476782
1478 10079125685 9921072009
1479 10140141721 9926773591
1480 9913520691 10072316530
1481 9913520691 10106486662
1482 9868261211 9985078703
1483 9913520691 10026369761
1484 10154200343 9921072009
1485 10239137149 10061516116
1486 10034622685 10022588369
1487 10029027872 10058962803
1488 10323449440 10062530193
1489 9913520691 10072316530
1490 10091966532 10125741749
1491 9933194227 9954846028
1492 9913520691 10034016276
1493 10100000000 10053515934
1494 10217958466 9915356983
1495 10027537239 9921072009
1496 10098699594 10065398683
1497 9913520691 9960808085
1498 10033155101 10105317352
1499 10091915462 10034817982
1500 10075034042 10000000000
1501 10071652175 10041287038
1502 9854260270 9973872736
1503 10140307570 10153817180
1504 10001619661 10014167663
1505 10096984545 10010321660
1506 10072383081 10124605134
1507 10098124403 10002379161
1508 10053053690 9993733845
1509 10041619451 10009956401
1510 9913520691 10072316530
1511 10025903785 9933296938
1512 9897975843 10023276679
1513 10042848852 9894440972
1514 9995694466 9999073936
1515 10054090953 9999676014
1516 10055312563 10165660231
1517 10123533762 10050991201
1518 10140141721 10046116987
1519 10051090354 10042073197
1520 10101274059 9853772162
1521 10015294137 10091557494
1522 10138454077 10042528489
1523 10056619395 10000000000
1524 10135824963 10046616045
1525 10056209960 10133272063
1526 9965203677 9999214841
1527 10082383292 10239383733
1528 10073065675 10121569030
1529 10092277203 9975998898
1530 10140141721 9921072009
1531 10100000000 10000000000
1532 10043940203 10134689132
1533 10056507116 10133787830
1534 10089329708 10079689421
1535 10060693478 10105271504
1536 10026283694 10000000000
1537 9867764271 9921072009
1538 10140141721 10001827446
1539 10003128970 10035523779
1540 10024750344 10046855560
1541 10134385357 10046782477
1542 10036300616 10014929190
1543 10081837752 10025919048
1544 10029023021 10027849557
1545 10140141721 10026198606
1546 10140141721 10115908096
1547 10054089417 10043160939
1548 10140141721 10396681078
1549 9913520691 10121069058
1550 10118667340 10117770281
1551 10077157422 10169630166
1552 10052830136 10099178500
1553 10071642041 9991864241
1554 10140141721 10055986671
1555 10071603348 10127806215
1556 9990551813 10059519494
1557 9933813146 9974726995
1558 10128357081 9893131704
1559 9912837210 10039271915
1560 10061358839 9921072009
1561 10035501580 10058214381
1562 10100000000 10001951586
1563 9988386284 10061208854
1564 10005569632 10016538261
1565 10129163512 10043176228
1566 10140141721 9921072009
1567 9913520691 10130049761
1568 10012910849 10060826084
1569 10100000000 10000000000
1570 10078296982 10171608078
1571 10098826174 10050893456
1572 10140141721 9921072009
1573 9948049745 9921072009
1574 10050158945 10056519850
1575 10140141721 10153287621
1576 10053711361 10056109157
1577 10122280114 10247948745
1578 10067277011 10014080168
1579 10088105950 10020068178
1580 9980568965 9894440972
1581 9970983322 10013904036
1582 10093461067 9870325525
1583 9991688130 10021282777
1584 10093577614 10053321577
1585 10140141721 9921072009
1586 9913520691 10116563470
1587 9975213113 10001961048
1588 10079125685 9894440972
1589 10140141721 10396681078
1590 10100000000 10059122465
1591 10148100765 10076577084
1592 9913520691 10024548810
1593 9987254987 9894440972
1594 10053394699 9993250032
1595 10145514206 9978829597
1596 10070149753 10157467092
1597 9988895376 10016435447
1598 10120130196 10015964471
1599 9840217923 10026711949
1600 10048930863 9964671537
1601 10113807468 10068084298
1602 10090313703 10047159431
1603 10052249972 9943434822
1604 9997126145 10062650946
1605 10086869815 9921072009
1606 10109504871 10120931689
1607 9987703099 10061694537
1608 10063862209 10054935623
1609 10124997235 9891662499
1610 10083737250 9980370975
1611 10107973832 10034140123
1612 10100822201 10016083469
1613 10107580583 10061917188
1614 9974361920 10037592426
1615 10068134144 9995197560
1616 9917784385 10184552285
1617 10100000000 10054858519
1618 9913520691 10072316530
1619 9952809725 10060553281
1620 10135235844 10019279133
1621 9976691307 10059313927
1622 9977422769 9894440972
1623 10005638294 10033149782
1624 10109652442 10313647610
1625 10065544007 10038025411
1626 10043984797 10112053085
1627 10014435583 9894440972
1628 9905822485 9921072009
1629 10086601729 10020398761
1630 10041364312 10030529596
1631 9913520691 10027178809
1632 9942269463 10076065692
1633 10255368672 10061711343
1634 10053619688 9954737336
1635 10027418382 10009728287
1636 10156988758 10442561725
1637 10130337529 10049331524
1638 10032525887 10108671212
1639 10107837309 10150053751
1640 9913520691 9900141219
1641 10155466029 9939665126
1642 9970786203 9921072009
1643 9913520691 10072316530
1644 10033363170 10023749075
1645 10100000000 10023186922
1646 10009729631 10113120406
1647 10251561835 9991114399
1648 10116084828 10045122954
1649 10222783409 10621744643
1650 9977291653 10083663169
1651 10082573616 10009474267
1652 10140141721 10109726451
1653 9983736327 9986108738
1654 10045960775 10028081706
1655 10044916887 10137349000
1656 10104577641 9920795635
1657 10182063957 9886937703
1658 10095581708 10045008220
1659 9967106559 9974141851
1660 9913520691 9861908926
1661 9934753296 9953455402
1662 10054941217 9921072009
1663 10069045711 10203060618
1664 9989540285 10084393009
1665 10086097894 10017023810
1666 9951342037 10048312637
1667 9913520691 10058207246
1668 10002282841 10065766004
1669 10009428162 9921072009
1670 10042562984 10008345752
1671 9941686076 9921072009
1672 9983853870 9971052053
EOF