NAME : 1692
COMMENT : tspgen
TYPE : TSP
DIMENSION : 1692
EDGE_WEIGHT_TYPE : EUC_2D
NODE_COORD_SECTION
1 434544511 7399485168
2 4320447 9725885899
3 6284012754 5988646090
4 6038662058 6761967649
5 4964345453 4527973160
6 -96494374 18821197589
7 -987507428 11885028737
8 -2066448437 3316705741
9 2404408854 18821197589
10 -3209940239 1809524530
11 -2784993086 1897360552
12 1012344056 1161856960
13 8479600388 993977804
14 -6400675040 4560019066
15 -987507428 2376142952
16 1355008473 10128471877
17 -1976282758 9422578809
18 -1302680099 8745167977
19 7915113000 -5184152685
20 4967528045 -3179816315
21 -987507428 10628676708
22 -987507428 18821197589
23 654341459 11208666862
24 4839123696 16874416284
25 7734596576 -5142562734
26 1959717556 -134692391
27 11056568036 13480216711
28 -3568912600 5283071415
29 1861087087 449112123
30 -13219851886 3392121519
31 5190151640 -2535029573
32 7698680148 343356332
33 -784318233 11488355802
34 -4274643105 6170377241
35 -987507428 436292777
36 -1755665007 4452514398
37 3803465188 -2225600182
38 -1490282253 12866563045
39 5439624450 -2349541676
40 -562685989 3152436295
41 -987507428 21105808187
42 -10301694179 -5199413007
43 -1572644435 -3042660558
44 6401114903 -4347544403
45 8809197241 23536579011
46 -1164678553 39273832
47 3824604841 12536319826
48 -3986671098 177079879
49 -219606457 7721888721
50 7302696267 2285186110
51 3828801151 -5222116761
52 856275993 -1742034165
53 1127319549 15666575231
54 1405724641 12536319826
55 -1152406904 10881529625
56 12726257945 -3241012000
57 -988418218 2928774742
58 -4591624817 6951001955
59 -622478937 11172407561
60 9347649950 3926618521
61 4023013433 16151192010
62 9955796057 -533558203
63 4247561273 15097013828
64 -229347923 14489128929
65 -5448303431 -14429026116
66 -987507428 12536319826
67 -530983030 15097013828
68 7770945534 22004027213
69 8035979741 3401056108
70 -1225334894 3333324383
71 2900721394 -1383530200
72 -1325285883 3933060533
73 -3085199977 12536319826
74 -3386073604 6436609362
75 -720968427 11364682130
76 2707572226 15097013828
77 -987507428 8858609000
78 10086203359 8132997109
79 -3394272068 5234020563
80 -987507428 13288284009
81 -2249824985 12536319826
82 2067471818 8479280678
83 11198331663 14414232368
84 -1621606218 2819126918
85 5620195090 3326113156
86 -3129712121 -9418368796
87 9049870848 18821197589
88 9567990240 8194095259
89 -987507428 11715298153
90 7457135317 -15098013006
91 5334129715 5138214479
92 -3384262766 16564056954
93 -6405638208 -17037587253
94 -95905208 8807245074
95 1680156952 10858573566
96 -3057172323 15925499740
97 1338601677 15090979574
98 -894495241 11703447146
99 3393474581 7623844149
100 -1675996986 18821197589
101 4612265854 15486356759
102 -3748779722 4483699116
103 3358053016 -3940796044
104 4048781437 -1954377337
105 2565686480 -1784068095
106 5996854603 19733181083
107 -987507428 11885028737
108 7078353688 13950612871
109 -4834806399 12476857496
110 -6177440648 1425953289
111 2504836791 5067154217
112 7988344393 18821197589
113 2048618255 -376669573
114 -987507428 10868455672
115 -2797769717 1632875595
116 8786593073 9006065983
117 2299262637 15097013828
118 5542122811 3364399443
119 -994209744 11561836616
120 -579135444 2111796261
121 6947719588 1584404054
122 -3980681247 -2384923665
123 5349626924 17998095194
124 701334061 10377123216
125 -1190406473 4113482417
126 -987507428 13454246590
127 -4080188439 5072202417
128 18062397 325680842
129 -987507428 15097013828
130 8035979741 4452180934
131 1902841736 1287849011
132 3143791122 9591194852
133 7008551468 12536319826
134 7706285968 12536319826
135 1564574198 -537967976
136 -10881939711 2325916470
137 -1064528319 12035391571
138 9837748965 8848435245
139 2270711198 15097013828
140 -192336245 12536319826
141 -987507428 11885028737
142 -530983030 10691154318
143 -1823094917 1868332245
144 -4615463801 18821197589
145 -3757222107 16755202801
146 -1602179591 10925098958
147 81227558 7490314030
148 -3362050451 12248188848
149 9845794088 -18194889329
150 8363897293 -17566111805
151 7939988831 2089174882
152 11502812219 -26109866793
153 1911369068 5694732681
154 475973128 7727366262
155 -3943135764 6201229774
156 8365869999 3284818777
157 7805750795 4118858155
158 842437782 10349337896
159 3515084127 18821197589
160 1227847737 1857370652
161 7519384779 3960438038
162 -2302759661 3415519791
163 -491528171 -349870952
164 -2748663786 5107873701
165 5590444144 -10017100525
166 9867828261 1034858552
167 16295716171 -6489557727
168 -768423808 12957970183
169 9709778488 8530283496
170 6936254057 3234366581
171 5636821401 10540145827
172 -1409661720 12709172867
173 11266086543 18821197589
174 8570910688 1394971225
175 1922024600 15097013828
176 427514696 11617150313
177 -621753275 3767565599
178 3738929861 -2748052023
179 1840359476 12071406935
180 1078629738 11043677980
181 -987507428 18821197589
182 -2197192853 3655284398
183 -735943790 2101380232
184 9019732398 18821197589
185 7973022718 12536319826
186 568803140 7029150900
187 7217090466 2326913122
188 8594849619 4113869119
189 5549052030 -2942246954
190 2410946092 12536319826
191 -987507428 2261420076
192 -987507428 -1047011030
193 2716642962 -3513239173
194 -588194575 11105476449
195 -11048037005 1687081049
196 -668724177 3805562149
197 -181396381 587680213
198 -987507428 1404744447
199 -2722416101 12609521372
200 4175265671 20304305273
201 -13232242272 4654851769
202 842667752 7882293139
203 -437485674 288736727
204 -1015502618 8623776799
205 812702736 6727541374
206 4313723233 3750016745
207 -2357663757 5452499061
208 903354666 18821197589
209 8035979741 12536319826
210 -1065194278 2216865087
211 5978451445 3831060204
212 -987507428 18821197589
213 -8357083726 3011566116
214 5789628056 6311481901
215 -1289186118 12473976252
216 8980883880 4788000831
217 -3924465249 6237814764
218 1147188926 2076914391
219 -5852034022 13057571964
220 -673655187 1909991315
221 650389927 7473895235
222 1123603008 9907823791
223 -311550540 1453974701
224 9792300946 8550864199
225 -6098093051 21862089790
226 1816206410 17824819516
227 6764692913 2899792159
228 -987507428 18821197589
229 -865784205 12536319826
230 -2089281592 3809434435
231 1780985072 15097013828
232 -3944738116 11760738870
233 -748946921 9110937082
234 -1034710294 15097013828
235 -987507428 18821197589
236 9782868758 -21428384220
237 10382211025 784131905
238 -3800153098 17375972368
239 4058272760 18821197589
240 7592086476 -15465334091
241 2296858645 -2452494731
242 10364056466 7120510958
243 -495318244 13796373113
244 162822211 7556191760
245 -2773179129 1331072135
246 -1596092155 12536319826
247 -1103305624 8507931401
248 4452882649 -1662817556
249 9978197850 -21960046893
250 -987507428 -8068844214
251 -987507428 18821197589
252 9417147690 -8427296898
253 7803592227 18821197589
254 -4388744780 3704712225
255 1450797570 10383052034
256 -1904057081 59212897
257 1166812609 7679291052
258 -854783052 18821197589
259 -2042855034 1707822224
260 -157902199 7655968805
261 -12338504220 4943338992
262 -2360118641 4267945912
263 1448722833 -2790807828
264 -11663469855 11529903429
265 5967003137 -4189178422
266 -1483414847 18821197589
267 -435906215 7781375180
268 8127182691 8978098182
269 -534748733 8354453884
270 241279902 11051878513
271 7969812476 -5601759305
272 -1712781812 3944218258
273 7575981666 -15421498704
274 405519226 9324606170
275 -695531895 2047031139
276 -1993608776 4142921653
277 -1684318838 3157451355
278 9598649449 8376512843
279 -1073251827 1962712524
280 1695382390 15097013828
281 2678566772 11917083224
282 -962640759 11836483171
283 1586894718 10752154487
284 4576172536 -6659734158
285 853209458 15097013828
286 6266306719 6554322529
287 7416354960 -14987013699
288 4983875565 4192519778
289 -1120193329 3091660511
290 9222879797 3932305181
291 4008458468 17194556526
292 230093910 8282912042
293 7457242244 312635221
294 7264699131 7031633384
295 1033593823 11433980338
296 -439608897 232366556
297 9039871498 -19406033600
298 3684691629 6491430514
299 161624809 9641653253
300 -987507428 2044933741
301 4324571661 3736819505
302 5110557267 -3983073261
303 8797529514 8186882965
304 4361661144 -4489194901
305 5687538807 -2339821497
306 5699455326 5675615606
307 1865087471 10830563545
308 230747711 7817326120
309 2164842832 18821197589
310 194985400 9107380994
311 7617950709 18821197589
312 9726580421 -1662817556
313 11559537074 13152551694
314 2004613807 558102048
315 11088154540 -24981217660
316 145404875 -2950474159
317 -816724563 18821197589
318 166757085 9631633846
319 4921902585 -8197409513
320 10182732300 7011507299
321 3509332069 16093162660
322 -7091764724 9038048386
323 -1188610880 1692080549
324 -684509308 2542983312
325 -1880937042 3948127074
326 4237970073 16573440936
327 8139243527 3757912010
328 -2340826944 2251653860
329 4245555587 -1144797758
330 1467176925 14481533229
331 227403190 10049257499
332 1380607515 9851383555
333 836153694 7401848586
334 1910290848 107130734
335 8579509085 1426687886
336 8785444790 864948535
337 -12781089296 -2146835197
338 8699174212 12536319826
339 6609552522 5816666517
340 2196604170 9251419550
341 5160426925 5810151507
342 1017197899 7971374035
343 -2641476338 2715324799
344 7874693413 1426067787
345 -987507428 1683170891
346 659862258 16582965035
347 -963544324 11838247140
348 7535687674 1366463865
349 -987507428 13808639479
350 -987507428 -2322456689
351 2321115501 -2272234496
352 8349953941 18821197589
353 -12203976534 -3278190427
354 4548524016 -2895071135
355 409043146 755084064
356 -6248032504 6460301528
357 2084085104 5888560133
358 6101300769 2044491026
359 15774915075 23914375002
360 -7627414387 9562600620
361 -4668348822 -8513257745
362 -1831098377 3958810412
363 11290564721 13655986375
364 -1441973335 18821197589
365 9400567485 6273585313
366 10615051365 7735434757
367 4162923693 -1676122345
368 4964562976 -3150866714
369 -6574313285 5466717227
370 459071299 2016115462
371 7647084302 5388679131
372 440276201 8330179652
373 6860351861 -3435832129
374 2167432294 -2261299406
375 14360680882 22387170837
376 6234321423 3497927437
377 -2110307568 13659657377
378 5203054613 3308618755
379 -4283562027 11611161196
380 7491704387 18821197589
381 -987507428 17045526808
382 1682890932 256669044
383 7432522687 -4552843698
384 -577583958 18821197589
385 9905835934 -21763086322
386 -3913470397 17597194297
387 6784484162 -13267136160
388 9595133486 8737625068
389 -1762045624 13397108847
390 -3106296573 3541668409
391 -315863835 18821197589
392 2384677690 6615093531
393 -1172768770 1862363045
394 -3132926799 18821197589
395 5122133511 16151079779
396 -647100338 11220474307
397 -398998236 -62404006
398 -1647220378 9682965844
399 1468004830 -4831338322
400 799934542 18821197589
401 10963406061 -1199404870
402 4220384604 -1721840674
403 8458418753 121444312
404 301709908 8374470957
405 1499673118 9644161129
406 798694650 7546112424
407 98732824 7353511802
408 1720902273 5894050796
409 -987507428 12536319826
410 13093575584 9275868719
411 8090171767 44975683
412 9019732398 4189399728
413 7339536057 12536319826
414 5202690075 -2357293229
415 4537426667 2988377299
416 -1709044498 4136742071
417 3118602233 -4637931656
418 -987507428 452248245
419 -1561879426 10237153522
420 -2023863206 13497176298
421 632243003 7942333155
422 7922405673 12927171563
423 860949733 210159257
424 4344326874 17058528881
425 169438720 7449999612
426 13778447249 -3787557786
427 967548067 7877059468
428 2775291898 -500209066
429 1903054670 -1256646558
430 833243592 8247482243
431 1543248204 6944400534
432 6880635168 822942551
433 9049870848 4946226040
434 -3478087004 5173349494
435 1371583801 9137472956
436 -265567215 10192277969
437 4926883317 12536319826
438 9266414472 -1491886572
439 -987507428 2395366330
440 1210207508 7198693975
441 -2242719315 5400576671
442 -6219970006 1314792018
443 8691814846 -18458664578
444 2170406624 15097013828
445 5615903768 3107382843
446 -987507428 1087376033
447 -4268473336 1172671771
448 3026480223 -165353685
449 -3135574943 16078560033
450 -1727019423 18821197589
451 -407812763 10753328870
452 -987507428 759520359
453 4759092194 -2232437951
454 234164903 18821197589
455 -819513817 862456012
456 8186441995 3890859220
457 5705004161 -2372216763
458 -2672677793 3993176089
459 8348477575 5388679131
460 -1245233957 15097013828
461 3727978589 15097013828
462 3162734302 -2155782684
463 -6394434232 5519762525
464 -1204682808 13214601812
465 -6640269189 2763165444
466 8079277922 -16791411557
467 -2452252930 10271796202
468 6866206465 -3447261689
469 -484217982 18821197589
470 -987507428 4189598513
471 5581847482 3123982969
472 4003979803 12536319826
473 6184952987 5594888364
474 -3022054378 10287053557
475 -404019580 12536319826
476 4381138400 15097013828
477 1025970915 8848131325
478 -3306388806 11694207704
479 9400567485 -7976217316
480 -2296792981 14441061033
481 7003261103 3207713154
482 5641708152 2894513793
483 -1475807021 12467048278
484 8515545965 -794451443
485 -1983400650 12536319826
486 -987507428 11885028737
487 708993677 389127078
488 4941255457 15774882354
489 -987507428 -1247340408
490 -987507428 18821197589
491 1709909290 -3520285773
492 8048683895 1326015352
493 3095256805 -3225495855
494 4946659648 -1636410867
495 11186647103 2400797317
496 1422227073 9659791763
497 360068685 7676269710
498 7524112661 7664167589
499 -6945374659 3745337732
500 -2465201315 5203584678
501 3549425886 -836836828
502 470052663 7439181448
503 7844152564 2021262955
504 2414130769 5845092
505 8342659221 8025377308
506 1962783867 -143038527
507 -1746494549 1830513148
508 5781630402 12536319826
509 5082957712 18821197589
510 7919681655 12536319826
511 -1139625067 12181998025
512 -987507428 2786391322
513 567180240 8098440603
514 -2471382474 18821197589
515 1157060569 10277768454
516 -1304255632 8749456391
517 7136528993 4328817037
518 8955736531 8143361617
519 -3890412121 2666955242
520 986097735 8540779226
521 7647084302 18821197589
522 129942542 7503802377
523 -802478263 2217211197
524 628382733 1908140560
525 1700908083 15097013828
526 9344395332 -1119660660
527 -1014657427 18821197589
528 7972834803 -16501685981
529 5125475232 -3215259868
530 2760555665 8469500258
531 7795690757 12536319826
532 9864744047 18821197589
533 1873956757 8767865108
534 3028322695 11750060296
535 4811975708 -1689620325
536 916704288 8142299921
537 1314557938 8957246111
538 3471157157 18821197589
539 4552944290 15752137678
540 12452159199 4452003801
541 5699662584 -2822082546
542 -594863930 7877342153
543 2744424865 11806028025
544 -987507428 15097013828
545 -355794059 8835576305
546 -3689465414 5487966116
547 -1948145847 2236962824
548 1475839686 7075997761
549 8708488300 18821197589
550 -1087333563 2275787037
551 666930927 8422183368
552 -1130585555 2992345555
553 -13914627862 11945612937
554 2840465389 14127600789
555 -7644456536 1614552306
556 2634621172 15097013828
557 -530983030 12536319826
558 -3617341296 2199106790
559 -1712713095 9861229272
560 1402096230 18821197589
561 6140726810 18821197589
562 1559390778 20246582436
563 2831021466 -2577390544
564 -130475945 8839513313
565 -223324472 8134309823
566 30181887 -8452519768
567 -564210134 11058653198
568 7321303362 3019436785
569 4952794327 -1910531139
570 3851989604 9819170021
571 38263824 7350551216
572 93151544 9518029130
573 1420423465 8798974153
574 733614061 7236321290
575 -591819137 13585756887
576 -2674143699 18821197589
577 -1777762659 1717967435
578 4221051295 -1417804148
579 -987507428 -2184443218
580 3596734705 -1662817556
581 405403848 7288676923
582 -2972344849 2363586900
583 2314183722 15097013828
584 -747830401 -7732076919
585 11528575538 13490193831
586 401388580 8216105122
587 4273608046 -3226148628
588 -956644977 18821197589
589 -180313432 7926528263
590 -2231052034 12536319826
591 -3822959582 6633436462
592 32793857 8482174516
593 4536579188 -3135474844
594 1118506543 2059673750
595 391267530 55572711
596 9423472444 -860503851
597 -2846933513 12948443032
598 2341418154 -1334085506
599 -2821303421 4948683532
600 -987507428 -1344352453
601 -745068898 11411731900
602 3337913318 -1286903906
603 -91165065 7469062387
604 7004639358 5417472399
605 4891055378 -2419256880
606 933407892 7547498865
607 -540941877 11013228107
608 -458890485 8242225588
609 7997780938 18821197589
610 360428097 15097013828
611 5727080563 -2862160392
612 -159394880 7595770363
613 4971956956 12536319826
614 3550342425 -1507846768
615 638179581 12536319826
616 -987507428 -1662817556
617 9404408465 18821197589
618 112609254 12536319826
619 9952814089 583881361
620 2389835260 9483189938
621 -282608722 10224309236
622 1236318736 9648397528
623 3496898276 -1124823638
624 1364883660 8797939209
625 9369990918 7687610606
626 -987507428 18821197589
627 5342759373 -2336841873
628 9328607693 -302080384
629 9751264122 6273585313
630 9170783977 -7946337182
631 -987507428 11156379414
632 -7401633060 1138528161
633 -2080267807 12536319826
634 -17395614545 6899347141
635 -3445264822 12890281413
636 -694391774 2579997017
637 -657168319 8425808891
638 4459433504 3671083520
639 11903294261 6418333634
640 -9432885753 5120537414
641 9747825089 -8628923732
642 9850338616 9123764496
643 -256348071 10457634288
644 -987507428 8512335677
645 -987507428 -838351013
646 4869062467 3471417233
647 -18774587233 4706089730
648 7838065992 1382592071
649 4442327368 -2244845960
650 9401802612 3554800151
651 10783290211 7136178512
652 -987507428 -2581763681
653 9675441796 18821197589
654 890216097 15097013828
655 1462664850 10895518199
656 5019741877 -2930942215
657 -1696077648 15097013828
658 -987507428 -1454666895
659 6609933085 12536319826
660 7047198769 5914323982
661 56927536 -4001264756
662 0 535278899
663 -987507428 -2307257969
664 8708488300 -18504047749
665 12673232240 4487581817
666 -530430747 1822207042
667 -2905842646 5153619812
668 -238008190 1260607645
669 6700559321 3045471827
670 8347403030 18821197589
671 -911830452 15478277174
672 3654897065 7445797810
673 2170289300 506673863
674 8699174212 5831132222
675 -895884723 2659749745
676 1867076172 11800201643
677 -4277967184 -8742901777
678 -987507428 18821197589
679 519174803 -4273184118
680 174046965 2193286923
681 -151710822 12536319826
682 -2215049760 4756429435
683 4440383743 -1691846029
684 -2533247222 5491253663
685 -6958582953 23541967777
686 -9857177217 5952306174
687 -987507428 -2442415414
688 10067057674 -1662817556
689 11355795607 18821197589
690 3240405864 12931789386
691 -711371824 1534387444
692 -1675728966 12842822154
693 -1131614680 1904881252
694 -1207102854 2296184360
695 1583615675 7768201975
696 4204275630 18821197589
697 -1634919086 -5976922444
698 3698480580 7966660507
699 7997780938 5831132222
700 3492927413 7503512962
701 3974226204 14587222147
702 4289945136 -3059025939
703 -987507428 1091742057
704 11296102808 -11539071099
705 9347649950 3401056108
706 4284767693 3138631274
707 662689398 7721932013
708 4800153621 3761526533
709 2064722427 -2581745397
710 -1681628804 1258746156
711 -1944299002 5060270784
712 -8860589182 1244510885
713 2958388939 -3648909974
714 -768543261 2787686666
715 726345020 2036567593
716 -15100875993 2400807802
717 7396699909 -4209741911
718 -4117343483 1379409157
719 -725551241 483266439
720 -3529807605 3249787887
721 7617862617 -4625439989
722 -860848126 -673607451
723 -10777866276 2121893908
724 -987507428 4149810150
725 -987507428 3347871168
726 7950292591 18821197589
727 1005844715 7802528355
728 1722104167 -2199785751
729 -1412376098 16615565613
730 -530983030 8202698227
731 9064162735 8344100227
732 -174768544 12608749383
733 -658873760 930754789
734 -874983291 -5585459535
735 -11692740294 32784152590
736 3905974328 18821197589
737 -462971744 13522832526
738 -8254692155 6447575902
739 2765515710 -1211917428
740 -745871350 10242009654
741 3608253163 -6573160895
742 9751264122 -9079570489
743 9049870848 18821197589
744 9014539868 -19337083899
745 1708514076 10687466626
746 294430181 18821197589
747 -1822185188 18821197589
748 2466035395 15106459563
749 -1323937802 12541819686
750 1854124875 -2631295558
751 -822534282 10177539405
752 4166466933 -6141203062
753 4312420050 -1795123112
754 -987507428 8705299332
755 -987507428 3340553357
756 -987507428 1637178098
757 2829846954 9994405497
758 -3215754385 16235089097
759 -1623021953 13125702053
760 2513289891 -1662817556
761 1228585215 -4690498486
762 8478173581 12536319826
763 -1822712555 3989411113
764 2673389779 -4335429487
765 8517282920 -844109939
766 8508345571 3210384053
767 2256259915 -2153117723
768 -987507428 12418669781
769 -987507428 2031385172
770 -4834081413 7183252278
771 -516394717 18821197589
772 -1164583112 1958565795
773 11997681303 12874124629
774 2723252625 6693733751
775 -3233989573 2983733245
776 -987507428 11885028737
777 7647084302 7158491495
778 6411530658 13803037181
779 -9925514313 450967678
780 1974400611 8386176353
781 -987507428 -1092291520
782 4572496837 -2748787997
783 -6092378233 -7675565030
784 -1216300980 591649556
785 -5487989336 12796490846
786 6391831007 5599633231
787 9438461591 12536319826
788 -2635606439 12373235743
789 11005687089 -24756751015
790 7271779544 12536319826
791 1261146310 10207427458
792 -382357691 788620919
793 -4932003423 19585609507
794 -494247659 2003273284
795 -987507428 11885028737
796 715162016 7794127679
797 5320138287 -1920691424
798 8363897293 -17566111805
799 128773822 7694386975
800 -4030641006 2526737867
801 5253117685 12536319826
802 -1424942315 12371442827
803 -5038045343 18912390151
804 1295030065 -4275615473
805 -2041711823 5000641696
806 -987507428 12536319826
807 4761203121 2697880136
808 6561860649 -3550641168
809 7251545296 4441700517
810 5889655264 3090705586
811 666087698 12154124782
812 7890698931 1998574764
813 1523787587 11451023863
814 -1328006608 4100859745
815 9783216144 18821197589
816 436956189 7368917548
817 7970893628 473648846
818 -2934896885 15686789423
819 -11724748695 9613439489
820 -1662965235 10439379343
821 1396940367 7275547316
822 -987507428 12536319826
823 7074205927 4129665207
824 -1169222563 2499343332
825 -8278735791 2857975082
826 -987507428 -1662817556
827 -1788164 12536319826
828 -987507428 18821197589
829 8874969963 8296589154
830 8318571054 -6282617800
831 2004843580 6043258162
832 -3989155893 4555305165
833 5382584308 3299968186
834 -6797442237 23227383329
835 7104185933 3347133244
836 12072978351 14061847141
837 7680317641 18821197589
838 6850709055 18821197589
839 401752963 7276610411
840 -629021493 2378940810
841 5186532286 -2481879679
842 2644404174 12240637165
843 -731197454 18821197589
844 4348048483 -1258492410
845 -331869902 12536319826
846 663136328 -106308354
847 -11605933465 -6757592019
848 4946349134 -2377679775
849 -987507428 -1838626618
850 -4833684549 6063307452
851 -3129712121 -9418368796
852 1889943513 6267570026
853 8760255119 -18644950904
854 -6327155270 6538078834
855 -2285225954 4707940891
856 -16790225383 42735638330
857 -348414788 18821197589
858 14516130382 18821197589
859 1051267192 8067672027
860 -9014124867 11530611691
861 -4768635496 7839731920
862 -987507428 12536319826
863 835670573 680416958
864 3438940464 -1254162790
865 -987507428 3401056108
866 -955917651 12536319826
867 4344791189 -3240741782
868 -1483540501 4502906231
869 -4366645776 18481898859
870 -987507428 586957149
871 9863371337 -1636333268
872 7997780938 -5656360300
873 8699174212 12536319826
874 8107480472 1783738291
875 98341382 7277724917
876 7680087929 162534367
877 6980616656 938639230
878 -2630630849 -682753704
879 -2475470802 14789882020
880 3631589055 -2069194823
881 9400692454 -20388145543
882 -657208129 1350670163
883 9937564481 18821197589
884 -534760567 8354441673
885 2041695326 -357826180
886 8035979741 12536319826
887 -987507428 15097013828
888 4291482149 -1463693784
889 237953863 7435388097
890 1216561872 15097013828
891 9400567485 5388679131
892 -318049274 11418292956
893 -372565662 13090342316
894 596960523 6944279000
895 1953513384 -2274620136
896 5783317682 18821197589
897 -15510618278 3204054771
898 -3077623832 12536319826
899 7671314476 627446909
900 82377362 7451641274
901 -1729406702 12536319826
902 -2505216219 4174014605
903 -530983030 10791508663
904 10169065795 4084578025
905 -382817255 3258584304
906 7830874965 -5330520718
907 -987507428 16920094338
908 1490293927 9910503890
909 -1266004167 18821197589
910 606552363 2095966295
911 -14323041390 875963259
912 6584685691 5150446592
913 5937213813 12536319826
914 6858883199 6164003298
915 1332130167 11722308370
916 2565573765 4948581407
917 -809651440 11537812158
918 -1737291984 1030459098
919 -2523533774 12536319826
920 5680282443 -2653525281
921 -1083757644 1902320789
922 -1260741425 3871212909
923 -987507428 3548845616
924 -987507428 17235699617
925 -987507428 18821197589
926 9448502909 3968615455
927 4832582164 8173986052
928 4675297042 18821197589
929 -604456519 11137223576
930 3798604114 -3626041409
931 -1280371905 15097013828
932 -17465044495 7035455614
933 10674271102 5027067265
934 1157511474 10265892636
935 1812620630 15097013828
936 8708563805 12536319826
937 924318469 7718859129
938 -1008848641 11926691786
939 12529444557 -4218578402
940 1978087544 10857656982
941 -1978638092 5147630335
942 -1893530417 2525913973
943 -4875380989 4092090491
944 4498439071 -1875698902
945 5853310168 -2850652740
946 2080184649 8339794382
947 -530983030 11143716110
948 -3330719354 3414098788
949 -987507428 8489960262
950 8512187128 -6306414976
951 -3401404298 -4937778321
952 -4246245484 3357079533
953 7441300110 12536319826
954 -530983030 7899541616
955 1051608112 7856946520
956 7109777338 397008325
957 -5764743413 4427013618
958 -5353018218 -8110497408
959 -1022953672 11954228113
960 7515627196 452715613
961 -860852297 18821197589
962 -530983030 11936990870
963 -143429759 519135748
964 5289900503 3266287285
965 -359762385 1272123856
966 -104471163 10210072548
967 314867945 7910693456
968 -4849256577 4052733999
969 -13171989633 -1380525440
970 9270739144 -813434729
971 3734214595 16382935773
972 2456575320 -1561149109
973 8708488300 131216000
974 4540119593 -2073741436
975 8026660236 4745127482
976 2958391184 -4250725033
977 410181835 9156411676
978 -5077217624 -5943342516
979 -4073847223 1134693301
980 -987507428 9428580401
981 4184218133 11397805443
982 -198916301 12622954427
983 3922823041 8519363384
984 13263929924 965645903
985 -1194442311 8450557524
986 4759367754 -1533184023
987 -84512218 646462437
988 9282747347 1320045744
989 6556557335 2029516131
990 1320110434 10069344310
991 8062847043 31109030554
992 2470218599 11837999185
993 2500859628 -2018280610
994 -7118939724 4654661030
995 9554387571 -8695221315
996 -260378466 -237008217
997 8011563290 -16607100341
998 -1460107741 14459335760
999 9019732398 3663837315
1000 4870279691 -5293340538
1001 -987507428 10670439305
1002 -1222117873 2036376117
1003 9006661791 -1031188492
1004 9160765171 8575639297
1005 6856802636 956831075
1006 8691814846 12536319826
1007 -2187123244 1681363206
1008 11284147829 13977121611
1009 5953408219 -4708998672
1010 4828034888 3673096552
1011 -2230057746 18821197589
1012 -2550350835 2800860667
1013 6943026015 -3597231457
1014 11485143291 13926482500
1015 -2113933104 3552735530
1016 -987507428 11885028737
1017 9677896725 3583270055
1018 -987507428 9175647825
1019 9401785299 4016346571
1020 -987507428 8562189247
1021 7582425047 378747703
1022 5791112209 -2805512291
1023 8677548268 8085927762
1024 -4173515114 1060634192
1025 -530983030 18821197589
1026 2415053903 12536319826
1027 9947165555 4048866885
1028 2107949532 11240197107
1029 2534736220 -1662817556
1030 675967417 10652916384
1031 8856627467 12536319826
1032 7520229504 -4441928502
1033 -4235418369 4501470325
1034 5002129405 -1655904891
1035 -3116513270 16041347178
1036 4868247351 9572335471
1037 8708488300 18821197589
1038 11094204938 13737688078
1039 -1331726350 18821197589
1040 283180763 7714299655
1041 -331500669 13463671635
1042 -2969684105 1600836907
1043 2066616715 7478069561
1044 1128651958 18821197589
1045 8348477575 -17524141156
1046 -19994040165 11993225857
1047 7658138657 599543440
1048 3422128825 9039578871
1049 -779173470 1655415334
1050 -954967444 11821503062
1051 7986652948 12536319826
1052 13467189487 -3197931616
1053 -2981344246 3659853153
1054 5087639390 5511849867
1055 -397932887 12023270417
1056 5040315533 12424631840
1057 1392338205 7239012225
1058 185953023 2844315870
1059 3658297154 11736932835
1060 8035979741 4714962141
1061 5313927864 17421356988
1062 -966022928 598731819
1063 -987507428 3231845363
1064 3143714599 18821197589
1065 -987507428 16842122092
1066 3190029366 8812788636
1067 1045160572 8493519810
1068 6422447499 -4137280231
1069 6077013920 5656141475
1070 -248841424 1464202759
1071 4480348040 -6995550293
1072 -530983030 10695397551
1073 -2844431553 3723026415
1074 -2636835125 15104903002
1075 7533562862 -4466989920
1076 7936104709 4872334887
1077 3698736018 -3132118044
1078 1410073987 10417015132
1079 9872022417 3588193686
1080 5429742139 7513484845
1081 -2110719965 14077802889
1082 -987507428 13878952320
1083 -1354436061 4214494115
1084 -987507428 3770499608
1085 -3253009025 4641995276
1086 -2172378601 4247923270
1087 6854821631 4635795408
1088 7166941002 -4034365997
1089 11735967914 15097013828
1090 -8690917391 -6146960839
1091 179203927 12536319826
1092 -1175359393 4190155813
1093 8691814846 -18458664578
1094 7404871571 18821197589
1095 5679131186 5608028592
1096 -4056423742 3444834662
1097 1906423331 15097013828
1098 7013305972 948382947
1099 -205103190 18821197589
1100 2426813965 12536319826
1101 -13035559307 -1647979520
1102 -2488430881 1738281413
1103 8835980313 -6915017602
1104 548850921 18821197589
1105 9019732398 3401056108
1106 -4348853949 7442044104
1107 -7506792563 1344679822
1108 3618197554 10402183120
1109 -987507428 12909951023
1110 -3784693313 2792332026
1111 454959297 7551097066
1112 9111095247 8348731096
1113 7874489115 1216365345
1114 -14647063654 12487560048
1115 3974793720 -2134783333
1116 8673266393 36223744
1117 6654384408 2601194091
1118 -3434028969 2030383803
1119 -4709535907 4504491578
1120 74517435 7649011192
1121 -530983030 15097013828
1122 1555074224 -2251220022
1123 7651420969 -4980184454
1124 -644505332 12536319826
1125 781515000 6774870181
1126 7183893450 994148378
1127 4887186031 6529288892
1128 -3243749826 14028530078
1129 7541336834 18821197589
1130 -707984081 12536319826
1131 -1772822579 12536319826
1132 -3066705163 5742945457
1133 8348477575 7158491495
1134 3049861322 -3255707681
1135 2647326415 6946145911
1136 -7531567642 462707044
1137 -181407002 -52639476
1138 -1274385303 11633315089
1139 -1948969216 10504290474
1140 -1828734762 49581516
1141 -4309552290 3276360308
1142 -723507611 11369639213
1143 8639195533 34282543456
1144 8157612391 1868472587
1145 285999032 7270304970
1146 5882929483 -2859359134
1147 8348477575 7600944586
1148 -1731188841 2048600303
1149 1545948863 6939128214
1150 1178161822 11344580107
1151 2422463198 -1394231269
1152 9925038838 -9418819469
1153 5146709153 5104574074
1154 4095736593 15910324586
1155 -4444671328 12432494878
1156 -3262996878 2092689759
1157 -5293458744 20291255018
1158 335972386 9919059369
1159 -1782257748 3364668384
1160 6243348209 2158189312
1161 7011036693 18821197589
1162 -3289187972 6065148504
1163 -1438362890 12765204279
1164 24633666137 33480769018
1165 -770414376 845397682
1166 -944046802 2753385708
1167 4617965397 11180629354
1168 9019732398 12536319826
1169 -357453978 10655016718
1170 -714454501 11036007837
1171 -1829466898 18821197589
1172 8123329670 1708960356
1173 9295757838 3680570232
1174 -7920293084 -6600284601
1175 4319718421 -2603438915
1176 138196348 18821197589
1177 7997780938 7158491495
1178 -1720075905 2226348377
1179 -987507428 11885028737
1180 -6945955454 9703884091
1181 -61717448 10077669691
1182 -4765173316 4830195837
1183 -3646169977 945156359
1184 9577447567 4029244985
1185 7291058730 18821197589
1186 5984369474 2896810409
1187 -987507428 18821197589
1188 371362203 7026660840
1189 7024080958 18821197589
1190 -987507428 11885028737
1191 11756985436 12536319826
1192 6751267524 5820662163
1193 1011644212 15097013828
1194 7458727996 710043446
1195 284369766 7018586011
1196 6831352776 -13394706981
1197 80592544 7485786402
1198 -1777983130 1712846647
1199 -794399520 3178037736
1200 8185786607 12536319826
1201 1406365095 13911917882
1202 8126945604 3459870313
1203 1530345832 15097013828
1204 -3209150953 13179662572
1205 1355770195 -2733886688
1206 -3923692645 2677071670
1207 8404215042 18821197589
1208 -1067937718 2933433351
1209 11708042442 13387937771
1210 -734940536 1287074541
1211 -780589227 1142574548
1212 -987507428 18821197589
1213 9069649155 -213310528
1214 653263576 -2987527804
1215 2394442810 8835132897
1216 7883727930 8191686703
1217 9900196466 -1662817556
1218 636934111 8283026702
1219 1278805598 10142866059
1220 9124757986 5219819478
1221 -2659104218 15097013828
1222 -61623353 7410559804
1223 -987507428 -26410734
1224 2294262917 12536319826
1225 3067246965 4335758953
1226 992681280 7836009856
1227 6466106452 5102093887
1228 3228710804 -1662817556
1229 4281059561 10940832787
1230 -644367489 8241351140
1231 3582476414 -2726595502
1232 7164493483 3143842523
1233 7502593715 -4408780221
1234 -3649534153 -12004336223
1235 2523299723 5031110245
1236 -987507428 20188321806
1237 2211929139 -1400807483
1238 937150649 7051632102
1239 391364937 -3432740420
1240 2786555748 -1662817556
1241 -10780446100 2126951320
1242 -683626668 1719919288
1243 -2924012736 5605984048
1244 1283550858 -2823612374
1245 -544222806 1575959911
1246 2018138032 -667319773
1247 5190194057 -2662013400
1248 -2034854816 12536319826
1249 12853859116 -2417736245
1250 -2029127741 13507071534
1251 5491963053 -9749046650
1252 667407548 8654246791
1253 -7380571184 1097239067
1254 8078830286 -507308033
1255 -2228997272 12536319826
1256 -831309380 1181402960
1257 -2723736915 3154808737
1258 -619470963 3550057702
1259 -14292370897 6391978738
1260 11691440142 -12867248856
1261 1839073995 12163539255
1262 1275634991 9773212604
1263 -3732911704 5032942208
1264 4664344655 18821197589
1265 -3523331983 12414661948
1266 -987507428 11054788022
1267 -530983030 10461020576
1268 1364452530 8287844438
1269 -552367577 3550390272
1270 1978529788 10609515189
1271 9853010603 -11396608931
1272 -3276141510 1231062181
1273 -2174249064 3336234499
1274 -864169330 18821197589
1275 8454240723 -6547476794
1276 8897418529 1498597907
1277 -814118065 11546532059
1278 -2009878982 -534103796
1279 583831333 -2285770956
1280 8144937475 485048882
1281 8708647039 8233620933
1282 6307968492 21600362549
1283 7621220772 3734154398
1284 8034838961 447870256
1285 -2911126388 5446930721
1286 -2702268770 3623109243
1287 8699174212 -7025644376
1288 -5251090923 -3849690533
1289 6476558021 -12428997642
1290 9163802161 716442177
1291 1900284823 14190540353
1292 -1656423521 18821197589
1293 -333597745 7685625488
1294 7660970541 -15652828364
1295 5921742076 -2504544129
1296 2065418920 12536319826
1297 2357170471 12314254330
1298 -2884450100 12903596144
1299 -55065187 8849383105
1300 -987507428 504053893
1301 2046769811 16799014720
1302 1775491072 25292697863
1303 -2925333819 18821197589
1304 7647084302 -4971718262
1305 711511850 8569496671
1306 1455740798 -1623362707
1307 6704032205 12536319826
1308 8873271251 0
1309 6520282172 -3960439254
1310 -14043805214 12606711414
1311 -3099527062 4300877021
1312 1886659859 11209183508
1313 6944951803 -7048331122
1314 5820262359 17150704195
1315 4267979363 3278890001
1316 -4942655411 586846093
1317 12501597605 12935788530
1318 7023341320 -3754025757
1319 223409313 12536319826
1320 -987507428 14335331786
1321 2242708270 -1245816963
1322 -10361124130 -5164453029
1323 -987507428 11194803737
1324 1095364488 -958034715
1325 3263804990 -1407135081
1326 -987507428 11885028737
1327 825588035 10290951786
1328 4247434478 -6361587139
1329 -987507428 10752949009
1330 1304721188 9250777718
1331 571703225 8049752979
1332 1873322304 6588872264
1333 -2396530930 18821197589
1334 -3153117388 4751839820
1335 -756791711 2965098291
1336 -2627936190 18821197589
1337 1453810666 18821197589
1338 -15528920573 3239934063
1339 8363897293 -17566111805
1340 -1068141303 -692017720
1341 -4603278029 1233018935
1342 4093326932 -1989202774
1343 657760157 7618426061
1344 -858831539 1959954388
1345 -1387150167 2132505931
1346 1306037807 1360474752
1347 7708062189 -15781006258
1348 3911269914 15097013828
1349 6248064119 -4303481819
1350 5159575392 -3277107203
1351 7577676251 6250249787
1352 -530983030 12536319826
1353 -289609402 1023033811
1354 -2631976625 1850527054
1355 -4091003752 4966075909
1356 5147448563 6609440758
1357 3767784227 -2007500096
1358 4375786520 17022891801
1359 7071954126 2322553399
1360 9305627343 -1049173989
1361 2504282969 15097013828
1362 8159578264 23497325511
1363 740483225 7021770307
1364 -730503371 11383296577
1365 7421614791 12536319826
1366 9566437832 552990669
1367 -3829141401 12536319826
1368 -8747341095 3776615420
1369 961456899 11303663748
1370 8235352483 12536319826
1371 11066376939 18821197589
1372 -942512428 12536319826
1373 1293554249 15097013828
1374 -3350925098 18821197589
1375 -1246430188 1936184945
1376 -987507428 3094123886
1377 -2741038945 1157100922
1378 1744581418 6677111888
1379 -1756758760 13539363365
1380 6888203013 24641159032
1381 -1115425623 12134755037
1382 -2540919614 -880191722
1383 -987507428 12536319826
1384 8737278919 -18582412405
1385 9376101834 9499326978
1386 -28364987 12536319826
1387 8213067269 1815793421
1388 -963864456 11838872114
1389 -453297695 15105818696
1390 1445132993 7135944425
1391 9400567485 7158491495
1392 -2023799806 13908114365
1393 3964393951 15974605262
1394 818118559 8360023571
1395 9049870848 12536319826
1396 8708621152 8054229370
1397 -14898929096 2004916924
1398 7837903507 0
1399 -6415897973 6292378628
1400 -790807344 2433687299
1401 -634086115 11195067493
1402 -1844043332 3603388154
1403 1488083250 410959184
1404 1569456814 10585020163
1405 2625197586 16993632598
1406 8036901070 18821197589
1407 -4883160297 5136523784
1408 -12446507169 11368362727
1409 377558042 -7639682329
1410 91222279 2530471373
1411 7800221659 1609021181
1412 8473202201 3616742448
1413 -1130372740 18821197589
1414 -2277254775 3569307333
1415 -1196289860 4380310654
1416 5855301233 -4066482354
1417 5617263506 18821197589
1418 2013373090 12264336079
1419 83438504 15097013828
1420 -1715749324 3963574695
1421 5981364558 -11081139633
1422 -17915279214 7918082785
1423 1550452542 10212434146
1424 4175000396 -1662817556
1425 4496818542 7381469430
1426 -987507428 11885028737
1427 9812752462 8697213187
1428 6826112319 21304915033
1429 2388651813 5293974528
1430 -1137428364 12536319826
1431 800772319 10140609664
1432 4350630812 -1662817556
1433 -2959687909 15256155169
1434 4708992183 -1662817556
1435 2447402833 -1462114004
1436 4556587862 3623727372
1437 2318978883 -155907638
1438 -2782917210 12536319826
1439 7145496521 -3737579282
1440 6901468283 -3516101022
1441 5641217006 3095044360
1442 10135877286 -314205462
1443 -353390064 1479921749
1444 7203029412 18821197589
1445 1526508150 10420913737
1446 5784705026 18821197589
1447 -987507428 9688478773
1448 -1576952138 12536319826
1449 -597587908 2054891749
1450 -3018982121 5334949398
1451 -1707126092 12536319826
1452 5828664287 3398820116
1453 -6551360182 22746973475
1454 4003410734 15673803328
1455 -1139213194 602745306
1456 9043664796 -1316988221
1457 -2154288747 14162859363
1458 556093480 -904074302
1459 7016580987 18821197589
1460 616890145 7800212760
1461 1152388933 12536319826
1462 2160287464 382393821
1463 -9182875735 4630424978
1464 6298560172 -3261336015
1465 611287856 7455529060
1466 9344911113 12536319826
1467 -2210485143 14272567903
1468 4937367259 10061092378
1469 1034288048 10077013107
1470 8488441514 -17905106437
1471 -812869403 12536319826
1472 -129698519 1444882360
1473 -1952305117 13768539973
1474 1865321446 122242649
1475 3674234060 9608479501
1476 -4987931865 7434743825
1477 52912091 11127292637
1478 3405755478 -1662817556
1479 -987507428 10262351573
1480 4509612408 15652062812
1481 -987507428 -1458364837
1482 304615195 479362622
1483 -1963825960 4394075758
1484 -987507428 18821197589
1485 -2486304328 -370366510
1486 -3421076669 18821197589
1487 11437805579 -3261944765
1488 7897645383 1866251302
1489 9934135548 -9436578378
1490 -3115979387 3456541987
1491 -786996867 11493585123
1492 1591090003 18821197589
1493 2665501804 646487931
1494 13239903078 11710187405
1495 -1580453568 13042598589
1496 5068768546 12536319826
1497 -314896820 620419006
1498 8699174212 -6657876451
1499 9603551148 3798088496
1500 -2031455239 4153117354
1501 -17755921940 7605683377
1502 7864451767 12536319826
1503 5423716982 4259234775
1504 8310143042 9581727115
1505 7276948747 -4249126900
1506 2620585290 -1662817556
1507 -3409406882 5422590340
1508 -5678099799 15124456803
1509 9174765600 4724672543
1510 -1647440532 13173372845
1511 -987507428 971284876
1512 -1440206085 12768802628
1513 -6964284374 7046996242
1514 9567832021 12536319826
1515 4262446405 -1162561468
1516 1176142007 11297415812
1517 7256357024 8237351075
1518 1631758286 10422769474
1519 3211624782 -4344944469
1520 2504502536 5067806760
1521 999310798 -882960769
1522 -4009035083 971514756
1523 -1246007114 8590910818
1524 5434929077 17755383572
1525 2033824508 -336402744
1526 2783023897 9846692217
1527 412459782 7132722896
1528 2361045579 -286454683
1529 3445724510 8632450361
1530 12346061143 -3159855612
1531 -5309010065 -3815619296
1532 -987507428 -6884922398
1533 3244910290 7691985114
1534 861530023 8981948492
1535 -7711574418 2951887935
1536 2278355331 -1722765014
1537 606124148 8773886353
1538 2184485559 9410588827
1539 -987507428 11885028737
1540 -622821910 -12177529
1541 -1683387390 1853366231
1542 -3201707698 3368341712
1543 2287963705 11716900275
1544 623011375 6693679166
1545 684582597 8153390731
1546 -1228548839 1859696763
1547 6547018228 5111263511
1548 3819744915 -5282369549
1549 1255988112 13161886496
1550 -852911784 11622266490
1551 3825326099 16793762556
1552 6407696930 3463056612
1553 -7215891312 4475799954
1554 -987507428 -8686066362
1555 -10351977429 -5169833623
1556 -977597007 779769256
1557 5351791443 -3590301951
1558 3344844082 12536319826
1559 -499004964 18821197589
1560 7647084302 -4971718262
1561 1714744203 532096086
1562 -2549689418 2887931699
1563 2567593183 -1004430059
1564 1429669913 18821197589
1565 1945735 9689459838
1566 -872409709 1988745424
1567 -2254149134 3095932392
1568 -10366560834 2130406551
1569 -987507428 2015242869
1570 8340411721 12536319826
1571 -1460370095 3449827054
1572 -987507428 15097013828
1573 828157780 1536880381
1574 3698495491 5474550961
1575 7304365263 -14682190996
1576 11231997015 13687189441
1577 -987507428 12536319826
1578 -1850715529 18821197589
1579 -690141561 18821197589
1580 -72405031 8831492152
1581 -758085343 8295840298
1582 4965798629 4553850816
1583 -3425794366 18821197589
1584 7708062189 -5090761391
1585 450511111 9377381247
1586 2204675657 18821197589
1587 -3786808007 4801701579
1588 86261878 9788779359
1589 5041212980 -1821360916
1590 -4200757822 3794111515
1591 4266063877 -3521768710
1592 12593706814 12536319826
1593 9751264122 -9079570489
1594 11625573341 4318978604
1595 -987507428 18821197589
1596 306871354 -9000752139
1597 4513396706 16638136605
1598 2718552657 -3337971088
1599 1199508369 10142986885
1600 2586882614 7339000531
1601 -1911951356 541693218
1602 -3642392856 3941881481
1603 3839158332 10247535998
1604 1554656603 12670456912
1605 6278022895 6042282777
1606 5856527992 -4502398114
1607 9241269400 7805697823
1608 1078420620 8315151746
1609 -6269822806 1779354026
1610 7170929987 -4042153430
1611 1324781589 18095480607
1612 7997780938 12536319826
1613 2233006665 5902929796
1614 -1166425137 4042805597
1615 -3358106451 4668221945
1616 1544510826 8717500039
1617 8001777494 1450548580
1618 1565593386 -3844648654
1619 -2415757897 5404283597
1620 -5102067010 1190744919
1621 5455506830 3185565453
1622 7056212711 7003854461
1623 1065043276 2104984018
1624 1286804177 10281039977
1625 1031098106 18821197589
1626 7078939790 6005970326
1627 6489660315 -3111542017
1628 -271256231 1207023658
1629 -15671309969 3519070134
1630 -5505728033 6309031520
1631 -987507428 8484436991
1632 9278652747 -1662817556
1633 7599566623 15943411
1634 -2819703475 3845078663
1635 -3444214148 5120394063
1636 1295746091 18821197589
1637 4587717945 -4307522816
1638 1459758806 -417175412
1639 -541684080 11859130072
1640 -17038941991 6200136542
1641 -1825260085 13520518293
1642 9751264122 5831132222
1643 876921011 8184583099
1644 -1301832632 12498665214
1645 8331090164 7759940782
1646 10333131903 8507635017
1647 5947339595 -3845028952
1648 -2330783825 3968497400
1649 8428361462 -17741575644
1650 2946096849 -2819500104
1651 -3018825767 4619740360
1652 31751579 11207110401
1653 3289145299 -3753237391
1654 4234152794 -1736405512
1655 3308647177 -1662817556
1656 -747458481 11416396924
1657 -1294282663 18821197589
1658 -987507428 18821197589
1659 742481754 1171100580
1660 9049870848 6273585313
1661 5029758160 3552791232
1662 4388030807 20874827406
1663 3471640560 -3566971660
1664 5406263942 2890014459
1665 758184327 15097013828
1666 7690423942 18821197589
1667 -987507428 12536319826
1668 7168490164 2481199431
1669 3906602285 -5433882241
1670 -16808013850 5747431669
1671 -987507428 12536319826
1672 -1648234677 13174923200
1673 124310049 9883335964
1674 594518717 7157014523
1675 7997780938 6716038404
1676 -1839554724 18821197589
1677 -1641553155 13161879303
1678 1706978265 6624761076
1679 201336297 7571046194
1680 -6423322577 21766413104
1681 -987507428 137963973
1682 5756992952 7833351292
1683 -182856562 9537435255
1684 2231679440 -304311667
1685 2536189632 -1603161113
1686 -13017296948 35369997653
1687 -2217697277 13861507391
1688 8363897293 -17566111805
1689 -530983030 15097013828
1690 7122367755 6172179684
1691 -13090460965 -1540351890
1692 855492439 6784896262
EOF