NAME : 171
COMMENT : tspgen
TYPE : TSP
DIMENSION : 171
EDGE_WEIGHT_TYPE : EUC_2D
NODE_COORD_SECTION
1 8522014460 3927364114
2 6926864197 4183911559
3 6699859029 2598408351
4 9574622630 4169641572
5 -3874252293 8695142048
6 -3874252293 6817269614
7 5313783914 8988935085
8 -6042523062 12932005460
9 3874359703 2588501104
10 2291974446 -241499677
11 2871172810 5497011923
12 3955604492 2113877010
13 2291974446 8414797143
14 -3169509591 1923839266
15 243982742 6727476245
16 2291974446 13673823320
17 3373753256 7222958581
18 7521404260 8635462182
19 1661378378 2545775302
20 5174590733 17135519620
21 7539596138 -514799021
22 -2387314196 4227412082
23 652390168 822504486
24 1477809385 7717567663
25 719761500 5917421981
26 9935951440 4370703164
27 5141541324 7614095732
28 4026019018 7651046635
29 9933232108 5618494900
30 -2663374683 10113190164
31 1410829969 8297414677
32 7230469670 5078213554
33 3874102719 2464673165
34 1450894044 -710892659
35 5013605842 7212705190
36 275513147 6554191680
37 3671067081 2191322816
38 4072927648 2363280716
39 3807370597 1627579994
40 3578638592 9689074084
41 -3874252293 6538034004
42 6896039461 6381630131
43 4782467631 1813695093
44 4934705930 4886272573
45 3469929820 2510560273
46 8742831638 7807096955
47 3820231830 2257973818
48 6939735718 -3783187574
49 6862858835 2109442977
50 1422551171 2861464207
51 4677963558 108033773
52 8315597174 -938762393
53 4696792202 0
54 5758414512 10943567425
55 6062354047 7049584030
56 16040806884 2624815277
57 3734504287 13908247163
58 5869948577 6147303394
59 4106129212 7566559105
60 9884002690 1734202955
61 3631978058 2268223316
62 -3874252293 5518847918
63 3597613463 8030920207
64 106130826 1732321020
65 1130573202 -363127104
66 3372671790 -2210836435
67 -3874252293 -1729571715
68 -4269732706 12918765165
69 4258441512 607217338
70 2291974446 -5140407205
71 -2893269101 16285502197
72 -3874252293 13799233251
73 4976249979 1119721860
74 -3964139767 12208334126
75 3250377357 5051896521
76 2482999114 -620561884
77 9674869096 1882697756
78 10697068334 3818791254
79 3530521735 2216253859
80 2291974446 -2088213960
81 13032782147 4974684178
82 678747741 -879279098
83 3839047857 2484277049
84 5494431456 -1975291591
85 1549707700 7007826147
86 2291974446 8798279997
87 2653801753 2140272087
88 1642902579 5279383738
89 2701107986 4513333538
90 2751009770 11474416211
91 2291974446 141357339
92 3702947304 2652006124
93 3654206902 9389139912
94 -3461783983 6072075145
95 2285072706 6095172637
96 2207515137 5675751655
97 -3874252293 -906122898
98 8510604985 1901402757
99 6899535730 5022077413
100 -122501552 8106514276
101 5004874679 9992153549
102 2291974446 3570681626
103 1048184056 4650784671
104 4473898433 1271108548
105 2291974446 666820249
106 728060449 5620889692
107 7209106583 2196385911
108 8478476455 4700762317
109 8522014460 3114739747
110 9638256443 2040022053
111 5416509190 10207577209
112 -1242768494 -5541658442
113 9316999354 -6088500161
114 2291974446 6191929538
115 2291974446 2631412226
116 3302945350 9285908183
117 4501549194 1309790221
118 8873803208 5163696964
119 1766088545 16152560129
120 9196833749 8255700157
121 4828402411 2083130427
122 9303355086 7906622181
123 7882842673 -4418430282
124 2291974446 5494828326
125 9781010502 1736485552
126 7274315018 -173859693
127 9782605309 11204074005
128 6678169534 11450807399
129 3767872658 7798796394
130 3114204765 6770279918
131 6103987290 -2424347472
132 5231127217 1235793104
133 9610437815 3315036751
134 1285752621 3550174072
135 2867812260 1113547931
136 7873553739 189284854
137 -3874252293 -3570556890
138 9077841771 -6095563558
139 13504446813 6926069141
140 9733820068 3542141848
141 5188289610 8329866002
142 6449827456 -2407250935
143 714197980 9482103872
144 6409417493 7359551256
145 8639735993 7381221910
146 -4442641887 12879892648
147 9338130715 4545858118
148 2675689329 4539748478
149 1832559263 3469931573
150 6864071209 12322573179
151 6917541464 87439807
152 7707884390 8285711940
153 4040603127 620941262
154 4931799249 0
155 6952433682 568738509
156 3092307343 6845017491
157 3968195870 8091483533
158 7170388344 1522622574
159 1054262715 4856567402
160 3745591159 2562555468
161 7398935370 13073671489
162 -3874252293 12082180664
163 1057246602 9737286507
164 1525461767 4289151444
165 9476542265 6403382625
166 3149071265 8452309237
167 5158856329 6802033868
168 8068320174 4386900896
169 7213118010 13472372394
170 250029740 126011217
171 -3874252293 8942989751
EOF