NAME : 1762
COMMENT : tspgen
TYPE : TSP
DIMENSION : 1762
EDGE_WEIGHT_TYPE : EUC_2D
NODE_COORD_SECTION
1 7802942660 8591430835
2 13324264103 13204185181
3 7250231551 -6572340331
4 4398455594 4838296753
5 19370644410 3375328052
6 10096084164 3540095717
7 7166100808 7016821834
8 922673723 -7742377059
9 16945737219 -2395337197
10 12747837390 6782361680
11 6565225707 -17675897289
12 -1842450336 5821234126
13 7802125464 7640292251
14 7635292299 170721326
15 17394799949 2505077366
16 -1436653417 4723814690
17 10184041008 3511968718
18 10572557393 -629597402
19 8235274090 10390476041
20 10209033314 3920789260
21 4341937471 6552809403
22 11116727646 4138592893
23 5847473412 4122253630
24 8324572726 8771243935
25 19996207985 10204211930
26 7741970023 8995823161
27 4730746543 5454441767
28 3625027809 13515683525
29 4389896983 4796927549
30 -2815760977 7838855142
31 10232886841 3994885266
32 11613923544 4439275573
33 10429563563 3711961328
34 7197202455 719539838
35 11933619086 7012053759
36 4968697126 9895789855
37 11836065745 -16891971444
38 7785127735 7820571818
39 2181707218 12429688912
40 10713867746 3905552427
41 -451543905 -2097424175
42 10380334410 2850749654
43 4921681688 7135075283
44 15036769082 1075718662
45 14856779852 -23689568994
46 5187746534 -1931072539
47 5160031772 5308560170
48 9347921756 10101703058
49 11828620087 4412947929
50 8203500417 -8717507956
51 9912220063 5461876827
52 8084228008 7899867594
53 -4604120518 5706240320
54 8766179767 7216367436
55 8741629904 11747018740
56 8351450881 9686460862
57 10480942504 -13842499665
58 6451874983 -17215043557
59 3501677831 14453799034
60 -151375960 1454814350
61 11637335130 4496011200
62 10699193970 1959891994
63 5243994758 6683968776
64 4387873326 4731214290
65 -147928196 -2711763699
66 10513711065 3783280076
67 6199391917 9885765035
68 11638380040 4470282094
69 1636777540 -10454463243
70 6287339169 18667690880
71 5501417010 1679722794
72 5874865722 8320773032
73 2998423111 8676278304
74 3720301505 -12296088680
75 15769027552 5896611073
76 12488392770 5006885730
77 17876876281 3455709123
78 7995329134 1840995043
79 10250231871 3622162950
80 4693995820 6977311378
81 5711944387 5179956511
82 10926775118 4017002111
83 13068202181 6628802719
84 12678794855 6841643558
85 5533300362 9678394098
86 -1961275346 4727137107
87 -3400839510 6167673227
88 18465344738 6183243907
89 7798162624 8677960735
90 4206774115 8566053217
91 4724972782 4874308992
92 972303973 -1903445265
93 11106595449 4113307618
94 2313569569 10173936973
95 7926869793 7559285096
96 7839424664 7761951618
97 8744605015 6327065904
98 7688625763 -263412684
99 10975104221 4121495976
100 5789616052 5342401112
101 8848861942 7975882979
102 10507832018 2768453060
103 10490865652 1634885196
104 9646367035 -522195397
105 9218608384 -1644955160
106 -1741298625 5808524191
107 5005036378 4877760853
108 5199550144 5189137694
109 6281975713 11302955447
110 4416467156 4688887912
111 10308807195 4291522928
112 9847332391 5349317537
113 11386850112 4325055413
114 6682466609 1477122343
115 7651773645 -62207615
116 6689148034 -5309718379
117 6078473445 2760802149
118 37691312975 7603540115
119 -1224578633 4172142269
120 5607735093 8821226001
121 9146083153 -10838628285
122 -2569560462 15525412638
123 5620052554 906882332
124 13329352621 5590636263
125 -1240479714 155861406
126 4942378275 -1378913473
127 8550841064 24503662921
128 12852453008 7022870737
129 8585337829 9207659935
130 9024795498 -860214755
131 8195122232 -8698654292
132 4392700008 4701956178
133 8623957132 9751107784
134 1923875525 11142771137
135 4624868907 10735840622
136 7749963983 -7696902217
137 6674878468 9681070548
138 5499750919 5151022404
139 5105647240 4243099929
140 10830071795 3995395796
141 5110434255 9804282760
142 1721805381 13968472527
143 4986285845 4859130815
144 10189463511 3558386726
145 11167544938 1818044113
146 4905012511 5628131786
147 2109253503 11389326166
148 6899182102 317139631
149 9094520523 9424583443
150 6102073791 3640887740
151 10000000000 28240019867
152 10220733139 3598950358
153 2150984607 14386357991
154 9864225222 -1947076903
155 -2123826716 6304549736
156 -2615467692 538127613
157 6074229556 -3925950108
158 8071378057 7883573068
159 5768101531 8397204647
160 1152555939 -3826679513
161 6156617211 8967783977
162 11285166594 2911489429
163 12946505325 5611269710
164 5929984999 5244686049
165 9407617815 -11427167059
166 7090083483 8293246082
167 10719195759 3898115846
168 8324756701 7747776317
169 4699666283 4793707327
170 -3347444674 8674285136
171 8980360163 25611089188
172 2522211941 9864592286
173 -2785862152 5186312328
174 8812127096 9487635863
175 -1167049731 3728823661
176 7508865097 8507998504
177 10000000000 28240019867
178 5066309256 5013103475
179 10268410086 8132519154
180 8060927665 7397692824
181 18410198933 5572957237
182 1168492207 -2134437282
183 7795529565 8029891694
184 11037486367 -15094905905
185 7884452053 -7999544488
186 10959567342 4037004263
187 27607658245 8174388883
188 16655538915 7646557451
189 10916405658 2716276029
190 9485951518 9724664955
191 6197425170 9045095845
192 5907302457 2472899347
193 6002692412 5305497243
194 8239657951 9372296512
195 -1230096655 12511179723
196 7886269375 -8003634059
197 -3026469840 16553608608
198 8495712260 -9375080450
199 7382397053 46882559
200 6169455246 -4140239146
201 3914535816 9089795189
202 6509710846 9657112977
203 7323590692 8510695199
204 8323531124 8476911032
205 8249324105 9545247366
206 7701714791 -754653498
207 7627934867 8353531568
208 7963326469 7515725339
209 14272287845 5141929356
210 9185936793 -10928312046
211 8412838327 7407723019
212 4772530510 4826401670
213 6571680747 -5045378454
214 5283153928 -2145770470
215 -1434234139 3404854505
216 1088635836 -1991160654
217 4444769270 4630647105
218 9299732414 17952761570
219 6189739485 -4185885337
220 9610184846 4296203535
221 8590348509 7734894463
222 1698194213 14021517803
223 9710640640 9845013116
224 10898452939 1278408899
225 5828456719 599431122
226 -446716101 10748316523
227 5236712858 2554423842
228 7802771645 9513348383
229 7372225076 7234642628
230 5450585098 2416781681
231 5270779211 3598952757
232 -123293271 10020509071
233 4714752983 4842360828
234 5491891966 7696699916
235 -371663200 1278118699
236 4974621767 -14614871857
237 3723632237 7312111510
238 13585485420 6281872127
239 -26613812 -340307985
240 12733493623 6806092159
241 10732550932 3917906033
242 8238017943 8204246198
243 5463314733 8725872693
244 10189839535 3585436210
245 7982801743 7813421444
246 -181912311 -4052649456
247 10279337032 -2979010932
248 6517819864 7654994006
249 8796493887 5452022141
250 7759576923 9155480139
251 9404403264 9557683826
252 10650688180 7908489610
253 5927974745 12733054077
254 6987713075 7973277308
255 9521970717 5235607917
256 6835739967 9635806636
257 152439569 155553508
258 7025684716 17559116168
259 10013893701 4999164309
260 12165511768 3748715224
261 8484736036 9680851401
262 8293205555 7711604673
263 18726650653 2311908764
264 -1587108754 4563731813
265 6568272437 843975111
266 9389893146 26666985381
267 9170701190 8992102121
268 5742759984 5121626407
269 5296259808 7813733156
270 10171600497 4454321296
271 13421427666 4774944572
272 6199299732 1103021149
273 -878025552 11718904258
274 5474079108 2322104730
275 9377952236 4471997002
276 7017125997 7864903284
277 6256722750 576908706
278 9644536445 -277710720
279 9096781243 -10727682816
280 4712306648 -861176848
281 -1192975303 2740690084
282 10722719150 3920624585
283 6295985366 9678830595
284 4598548730 10626838758
285 7215535526 -6494262894
286 -1842586959 552983380
287 11188721858 3006853062
288 10187622449 -13182433329
289 4972057284 9965570860
290 9007830683 4583710124
291 9942801637 826642851
292 7942164347 7716362502
293 5760855546 12925276434
294 13476696496 -1844896633
295 5037026 440100006
296 4836023277 10271608918
297 14569827054 -410060481
298 -4537763090 5582401854
299 6490590599 1153513902
300 10589383886 1437003667
301 6900233001 9425932965
302 3680110388 5880971251
303 7102600690 4892907307
304 15609944836 -1300839049
305 244186022 46733336
306 12435261431 -18240358276
307 -2313787708 6494675737
308 7201089686 338599640
309 7952032276 7983040792
310 4842676609 -1154552023
311 10262029173 4420154919
312 -1106201818 2252897358
313 8303495650 7870859468
314 3768308701 10800624994
315 -1726182504 5205720634
316 6284983211 9655027820
317 10438685274 9448851744
318 7390270041 -6887472867
319 10346486657 3657723182
320 5722131267 5256437977
321 11473685190 7185381826
322 -3020617491 4595318394
323 -3987939103 18717229816
324 4881844766 -1242693223
325 6211218234 3621191394
326 4701462775 6383055046
327 4243575194 4339884879
328 2668076334 9962953547
329 7832615878 8910227722
330 193438918 -1801410940
331 11463635303 3523093120
332 1091032313 -2025074017
333 9038630874 12562387968
334 10606068251 6973474794
335 2347543151 9930122700
336 6091977163 -836981182
337 -1341794300 1318244700
338 7560749884 -7271108433
339 7370931068 9001173682
340 10651369052 7588252715
341 11390092825 4326016692
342 3418334577 11412998670
343 5101775278 4884414463
344 6159366688 1162841112
345 7884452053 8829910043
346 -1435331687 -689711672
347 -503514974 10876132617
348 6827391089 -5620810598
349 9152438481 10016811003
350 4598703446 4744365149
351 6540003931 -950578703
352 5918931065 -172202387
353 5825511618 3532649756
354 8150775265 7507070475
355 933450384 -2668489344
356 5821479985 2186411320
357 8275300879 7540445808
358 -660641718 1396180225
359 5089803946 -1710669589
360 5166408064 2756874512
361 7616935235 7075706337
362 18850825382 2567651989
363 7648537299 7595852446
364 7063463001 6889608429
365 -1561627977 -4836213672
366 -381941689 199917202
367 5810309861 3671751570
368 21207323829 8718087383
369 5771854775 741042153
370 -1780987580 13750864999
371 635160395 -4018016279
372 4706199355 4825772933
373 5568676676 8802513149
374 18146826875 3119370396
375 9414624761 9686460862
376 4833556090 10383337245
377 11185027114 3957855998
378 12939087400 -19374131964
379 9482215961 -11595037355
380 5280907229 5048856163
381 -586582413 850873314
382 7271657618 5685544815
383 3532819151 6369713954
384 -3508894621 6406438848
385 -281163771 10375769479
386 3025334404 11341936524
387 6573843951 8418336019
388 10195686141 3581795379
389 6589809507 7720691719
390 7731699472 7490386922
391 -735604872 1560033496
392 6171417494 -4144654847
393 5462281582 2593631340
394 -97990326 360952053
395 5492346178 5237958461
396 8993643706 7410376301
397 10795405039 3947906771
398 8952728713 9066039507
399 14215316409 -562518731
400 6151672865 5373099546
401 29760819269 8052495646
402 7931696390 -8105859743
403 11609247288 4111738240
404 -2491870149 7984533279
405 -3063207427 4406797674
406 7648259499 7771143927
407 3788211601 17279270102
408 2458558286 9785152862
409 13916830929 5931682847
410 4779187976 11347739115
411 10545827376 3735054452
412 -3255443061 506766288
413 7996705344 2359188575
414 6081248684 2464062158
415 6715901766 5499783406
416 11811685417 -16837107709
417 4894518989 -1271214381
418 7825353096 9130849152
419 6345408135 358846241
420 8101646328 7729397033
421 6040543696 1064344297
422 4632482208 4771517176
423 -1857970058 5779418607
424 -8761056556 3212369918
425 7843783497 7741488555
426 8938150789 8482624140
427 10649346743 2692488576
428 5184803590 5959417118
429 5950939410 939333401
430 9165968732 -1597422649
431 6412203205 -4686501675
432 16797320191 2860567316
433 -1291653598 2123482593
434 8087875769 7801973560
435 11861491708 4861035941
436 9710119233 27492622193
437 -3755725805 4337792680
438 4473597854 4809666626
439 11154951889 4165816390
440 4091816953 4805397636
441 7857881176 7846474206
442 -1801704691 13797485294
443 6354970131 -4557708486
444 6835547743 8808300615
445 8875041545 9089946150
446 11339413030 4317828279
447 10286678871 1612008763
448 8222582022 7891290553
449 -995189935 3265012481
450 11402041232 2055633854
451 6140332582 8598539825
452 19037658902 2795954186
453 20080518437 2780020522
454 9445916402 18179767550
455 8037684174 -8344367022
456 6401868502 1083321911
457 10224846777 3594480292
458 14414290588 -287421064
459 4904327678 4959404768
460 7415397928 9481032210
461 8058997259 7415234175
462 8183613140 9119991500
463 9634622002 -11938000937
464 8253876558 9686460862
465 7890243574 515441174
466 9573807360 12283732022
467 6327101588 3584952190
468 4587548920 6705629323
469 7821447683 16836057410
470 11102007296 4131988984
471 7118901055 8668899529
472 4984186491 2358240923
473 16612117977 8138893356
474 19146447929 2379559139
475 10992603183 4084857129
476 7861642885 8380364208
477 7932653137 6912231725
478 -2041697650 4029258019
479 16367043532 -3361596122
480 8900613603 8627139877
481 -2806592890 6042154366
482 83840972 9554389081
483 -376654971 1337582536
484 20183881202 2461123039
485 6000384340 6603772824
486 9092549678 8970651130
487 7876173951 7850123882
488 10837223174 3958730946
489 10488035089 3140064437
490 5808593563 2399411927
491 2403563959 12292434169
492 10125959406 3520566316
493 17720914359 5775501336
494 2363719011 10680058318
495 13080933633 9090060332
496 6399120847 8849008563
497 10773369659 3924153559
498 6405663577 725676915
499 2684069259 10175195525
500 5456888728 10711998057
501 -968019721 -3849411142
502 16990365667 2524003736
503 10198629514 3587851545
504 10508004766 3735720090
505 12155578907 3519069352
506 7224336115 7646726801
507 7796091177 7933352089
508 -1102376584 3134273700
509 11202503928 4214482337
510 5034935151 2970540306
511 3285001260 12281457878
512 9529484037 6352663233
513 8475548491 -9329705356
514 12808809260 6908476425
515 -1155859549 -523059391
516 5918092217 8749492972
517 10740519531 3921705078
518 11011734493 4098792755
519 9043363949 11054190350
520 4728104479 -896727150
521 10409957587 3726394310
522 12552272558 6732443267
523 4806634937 4799778366
524 5895818912 5271755778
525 17497724528 9003654724
526 5823258537 1585724632
527 10864632660 3985335470
528 -4833203847 5005468056
529 8516106475 9686460862
530 5163133597 3018923112
531 5235551620 1464661512
532 3887462038 11181558144
533 5539452773 2408809105
534 7700810826 7642717742
535 9103371981 6111721462
536 9414624761 8588555324
537 10125134004 1597027179
538 8710662218 -3960029213
539 6062965004 8322716872
540 423749398 -218207588
541 5829302983 5367689403
542 3012915799 -11275527230
543 -1878383160 3930404871
544 7037271415 8290732137
545 7840229085 7337110882
546 7238569485 8494304749
547 412302644 -3732144166
548 2795624041 9990525413
549 6835566250 -1416009203
550 11757219794 3305012086
551 17300214121 10694919065
552 7796414593 200773064
553 9565336529 8515588005
554 11883575274 7802292491
555 5769183053 -3239495420
556 6790485364 -1148691251
557 9414624761 -11442934984
558 -1988770938 64004120
559 4804935863 10571293443
560 4489176587 -359061023
561 11930262148 4888567831
562 10375123627 3668849284
563 4276965463 4523541393
564 14574910567 -456252148
565 646879301 8287368162
566 49902724 4241843
567 137753339 9433068572
568 -1056901855 3161133205
569 8295339869 7775432990
570 7467609864 -7061512837
571 6329021357 11138305647
572 6485684149 822818566
573 9414624761 8318679819
574 12482084484 13328554635
575 7596351858 67729014
576 -3182264123 4558365359
577 5086579889 4941203130
578 8783888121 7193456803
579 7855233638 7513822334
580 5681827046 1455495082
581 4465639199 -306094180
582 12144080896 4760372539
583 6213029635 9616210369
584 10747356877 -14442019389
585 4839144333 -18907164361
586 -3199175218 16942252356
587 7042237775 -6104286111
588 -2349938255 291171216
589 5226877018 10272003612
590 6755736132 -799598771
591 -1323274293 1811977286
592 -1349638624 -195052667
593 -2254790570 4449598319
594 -3676023027 10503060883
595 -331929685 -654106101
596 4857107816 7166707264
597 11769271562 -16741662622
598 10406742837 1819974076
599 5006150887 10527933685
600 6760259264 -5469741972
601 7317360591 -1592739469
602 7996628466 -8251978212
603 11078651246 2439135784
604 7980900509 7937341747
605 10896604888 4013660717
606 15085255884 -879705345
607 14766539197 9931586983
608 16104228555 -1716488178
609 8168902033 8488283302
610 10409336787 3726655612
611 6009710804 8788541524
612 11984502515 2450671126
613 5872067566 11856681761
614 4800257640 3374849325
615 4597352490 4788495552
616 -2230987732 14763512941
617 8003827509 7729329612
618 3782708820 10826892961
619 5562056978 5244132279
620 4451915044 4841469335
621 -465231861 1842447157
622 6905932030 17542861632
623 120242139 600982365
624 6742903169 5654744719
625 996941171 7499614133
626 9442192978 -11504972516
627 10657503028 3884574170
628 12270974880 6987608390
629 6080663265 10438696049
630 7526091272 -7193115186
631 7880307768 8457246045
632 10539904258 3997155539
633 12713352539 3551973267
634 18418235620 -812906073
635 2189983999 12818426550
636 3559659342 11634931934
637 5084041599 4978802087
638 10337143279 3654820008
639 4458600649 16098006004
640 10626927324 3839729814
641 5734715680 8443786977
642 12289351669 7074094938
643 4537929783 5087659901
644 6175276514 7637450145
645 11359914870 4371058417
646 6719699052 885371862
647 5251941876 2347025393
648 6058002166 3206484116
649 -1473977943 3392562649
650 -630678695 -1293546648
651 6588052761 9332417841
652 6201019644 4100211770
653 5970355721 3910070201
654 9051578947 -1050324367
655 10274992884 1505054371
656 11202722925 4206959056
657 -1761335632 4804258129
658 10468716957 3741833467
659 5140500722 2748164829
660 3358872001 9825117637
661 6109691643 8590000383
662 9152167366 17723610973
663 5764091913 87007754
664 15258574745 -991454660
665 7399114951 -581922389
666 -2049525397 6548355575
667 20339977094 1979531946
668 8880934576 8758260023
669 5864211325 2356524262
670 6493382721 177908069
671 -2985720289 4336581151
672 6631012579 691590017
673 10668628589 8772078530
674 10733524712 3946899969
675 10494784847 3742235973
676 10147210814 3519482851
677 9892155411 1894921667
678 3758810715 11231182203
679 -2777873043 7550412274
680 4835125747 4104930477
681 7504107196 7615660533
682 -3570481809 17777813977
683 7653866040 -7480650326
684 4499789195 4471376125
685 5189052788 10534682830
686 -1190066196 2285197235
687 6503790125 806469246
688 19064475586 5434065122
689 7408263083 12704084
690 -256460619 202284601
691 10220923897 3605852983
692 9081733036 8571480822
693 4615635790 4701942753
694 8302502685 7832672437
695 4095872321 13017446329
696 8495330541 -9374221457
697 11308158519 9525032748
698 7427176641 7837389489
699 4438857331 4704937859
700 3940666215 875267226
701 5583108804 -2820767327
702 10471611789 3017293517
703 5575610913 10181791616
704 12459027350 -953369894
705 -3998021860 5639064560
706 3176120687 -12515189968
707 10350583183 -13549148434
708 12724031089 3875429003
709 106235951 -537465853
710 9414624761 9686460862
711 10792264396 3969994820
712 11040985171 4121848695
713 -811896971 1976763851
714 8209342883 8069698678
715 7759576923 9190134205
716 9687530094 5088297642
717 4703727056 11232900047
718 10426837441 3699945744
719 6338864385 8263934393
720 4991097733 3044957361
721 8916983428 -165178781
722 4652068 328301512
723 6460866062 845228782
724 -3539266697 6825286574
725 10571035671 3788464456
726 12520280740 -18431679607
727 13583596449 5184597137
728 11340727769 4308732339
729 -1165392271 23489901430
730 8724334180 7459717180
731 14512301822 -1061269024
732 8715902369 17046144418
733 6677965415 8189524278
734 8595934549 5130782417
735 13565026382 9983076052
736 4130599150 5789640678
737 12741532047 1637997669
738 8757880796 8457790596
739 -2355657942 15044061808
740 4673293305 4782134619
741 7394079240 8219230574
742 8177630773 7490579916
743 5769042189 -3239178430
744 4363643066 4650955290
745 17623042490 2281403338
746 8339304986 7013522547
747 -2378736506 7130325030
748 5629912196 5179090779
749 7694681047 7181052421
750 4398799510 6486498955
751 34369575086 7791588004
752 2643025159 11792712599
753 5465506872 877095788
754 -938741615 3353750824
755 7789775417 -7786491002
756 6847002861 9360227881
757 -2198692845 6096649618
758 4128058003 12493235836
759 -424139503 559149026
760 -400504813 -2646388107
761 9096974890 25911756169
762 8611464800 4488932403
763 10638762703 4484592080
764 5076341290 2985841420
765 4858978934 2994871939
766 10104637242 3500797030
767 11193693368 4236897297
768 3679647336 7600087654
769 8400371051 7779248907
770 12807448530 6881189490
771 -1019914398 640905022
772 5838569850 977408932
773 10740974313 3921801863
774 8119460387 7173491561
775 4656011310 4748842508
776 5507671477 10716958436
777 10099228004 3501433985
778 7515157481 7473484292
779 7441747179 7828806278
780 13168500339 294162955
781 8051410610 7685519606
782 7395552883 9091689350
783 14849469212 2706435916
784 -1674666930 1141479357
785 -842002659 2844515731
786 10219691642 -13254599533
787 18855205413 2629738849
788 9858318941 4149443520
789 33319707980 7851022342
790 4184278150 4448140951
791 10652732098 3824366219
792 7965093668 7801531369
793 8994366198 25647200855
794 13283640991 3871284949
795 8983206679 284020238
796 6291005599 6320669328
797 9000325056 4645579138
798 9143843900 -1597815235
799 6747477463 -19387010613
800 2615472475 12281908419
801 8997219073 9176715421
802 -7150464108 9487320911
803 9662662177 -257637464
804 834103151 7866053089
805 1136226989 -2141856750
806 2109163376 -4944409104
807 5843619374 2674615805
808 -972089531 2171751426
809 31671651731 7944320943
810 4304405701 4600566544
811 7693762638 8816286154
812 15326935119 -1068748299
813 8025458071 8515054863
814 17242272438 8119397448
815 4283341377 4575939022
816 -1811392585 6302757410
817 -1579830614 4730218886
818 5460774032 -2545473963
819 2518377733 15443080022
820 8711464405 24917797023
821 12372023330 4550979482
822 -4772407372 5250405739
823 11842870418 4630519684
824 -1165580837 3515706663
825 6330422018 8374083193
826 5955522511 8307546714
827 12361836106 6322983015
828 6841175033 9769691386
829 -1096250213 -702841095
830 9391272640 8394258008
831 -1686632245 5826151792
832 9944569545 9970310297
833 2525715614 12376071182
834 6211451122 8998840868
835 4205450225 4863416209
836 10113297834 3654145127
837 -562770225 2213238012
838 -2806574416 -7082741
839 8151605291 7849144041
840 160132543 -1801410940
841 18003101465 8162320519
842 7338930177 9040861150
843 11994315013 4683464293
844 5817889233 5323842641
845 5816391519 2518244792
846 9425955055 8305853471
847 12047408824 788568121
848 6613201245 19507858926
849 7852236499 7898825252
850 12043797868 4814868607
851 10171457700 3570228047
852 5528791408 10971794586
853 19324678350 -33743806105
854 4874905187 -1227076894
855 6484853068 7947852751
856 -2198916849 -1099866022
857 -1391287270 4484811383
858 -76675575 26353312
859 4842521700 4809058796
860 11172641499 4163615982
861 8942510515 8861429998
862 12765799044 6744125593
863 11110408034 4125545427
864 7534506664 7662164857
865 3953684199 8591286853
866 -2199910251 1482773168
867 -1017798210 3790038481
868 12786131648 5301595133
869 11481611867 6233488513
870 -2980392 273252708
871 -2250799165 6441708464
872 6243861587 837367056
873 5499662232 5097436270
874 5664054987 17060681378
875 13526360262 -20695688531
876 5124489246 17409643294
877 8792256083 25126101675
878 5993751152 7648773542
879 10243920226 3607644629
880 12717762313 -18876077922
881 7897662916 6552588296
882 8021442082 7573681559
883 6603462871 -5116898659
884 31420558924 -60963504904
885 6944918640 5659013011
886 6435321359 -4738525105
887 9032351943 -1476769468
888 6598253194 17993438802
889 9735960124 4951851695
890 6305142100 26936761
891 4378265494 11586573023
892 -3930131516 8345849786
893 38722430777 7545167200
894 11034612526 4085014823
895 4754369801 4767525071
896 -2252059363 14810931023
897 7913535022 8269551913
898 7609905226 7226898537
899 5984073369 4752546893
900 18324549259 3181204081
901 4985966242 15312369627
902 7553153586 8188026257
903 10563152503 3787567678
904 3253625114 9074159122
905 4327639184 4707695824
906 -2925320994 4183055613
907 9921145838 4897842639
908 13096844144 -19729136382
909 -1986881970 6117127979
910 29465423735 15354768014
911 6336832325 11634152846
912 8131149669 7243547028
913 8723485452 9625752169
914 5834474585 7007244495
915 -2201578352 3348906170
916 5277619358 4880713414
917 9741935423 4150622092
918 1023085153 7440781597
919 -563285600 -869858911
920 -1490266198 4599471753
921 -1529763192 -2656632947
922 -2951400744 6310817087
923 10541109415 3795200795
924 8130392453 -206485067
925 8413711028 24150101452
926 1035742415 14963400872
927 8291724001 8824871154
928 6970442342 8517085997
929 5742338459 8426162010
930 9414624761 9686460862
931 -787575290 1942497442
932 10314121162 3666904164
933 1158740928 -2218618941
934 7548537903 -72867910
935 6974683038 11648367426
936 175749228 9347565358
937 9218068660 8876245547
938 11075026834 4121374992
939 7348572510 7854040967
940 11615946091 2618798843
941 4176051267 4835931747
942 4386195989 10526169316
943 11369260408 4313109901
944 9233172198 -1658105981
945 5329991776 -2251170990
946 -968181502 -2206558912
947 4292738010 82990207
948 9711287296 4570463325
949 10362225308 1770243883
950 9392090387 6507312721
951 5585230067 417672361
952 9231088636 8721708737
953 12841980560 6487951625
954 8277264043 7716448499
955 -1946115610 14122457228
956 14412957144 83817709
957 8590087126 7463384170
958 13473106868 6300041489
959 7369156044 234241548
960 9028359069 9088462034
961 4353210882 4634447878
962 3323627772 10915665085
963 6651750418 9362217647
964 5438541327 6673301049
965 9591312961 8557506380
966 5132359350 6657338171
967 9012585199 -10538214100
968 12234968201 10151294693
969 4708415877 4631226396
970 10383819227 29229618456
971 8941602001 25511159272
972 8387362580 7796667132
973 7791681643 9094251091
974 7563005640 14896000648
975 3064952376 11814538939
976 8468118358 8691884407
977 -634807223 -4491484929
978 5359246888 8489211681
979 9107617264 9562815445
980 6580615259 -5065484037
981 5799401353 955838418
982 6244782728 806856874
983 7468868249 8159370445
984 6155062196 835610018
985 12167400663 5049498434
986 10611547196 2979366591
987 7834945619 8501860769
988 426740646 -6663745036
989 200240038 176324705
990 11596378178 3849311741
991 6263480584 7748358890
992 9832801413 -12383969617
993 10360773060 4090278234
994 13570961727 -1300437483
995 9194619022 3016192134
996 4583641703 10575687049
997 -411940115 1180979536
998 10000000000 28240019867
999 7783358560 8351010421
1000 770235224 -1801410940
1001 4597317042 4143773260
1002 7433958043 9686460862
1003 -1386824366 -1271641833
1004 4087725782 4652701617
1005 10549339088 3795900385
1006 4946995105 3207985553
1007 7434339708 7152181219
1008 3764440488 5675195634
1009 2845377974 11757262415
1010 4741486615 3287003503
1011 12573301972 128846161
1012 5135528037 10127758883
1013 5063050694 6942491046
1014 11805677137 3727332498
1015 -317395004 10457301638
1016 11943421525 2633703765
1017 -508649152 2294311400
1018 9507970708 -428949794
1019 10708635562 -800556185
1020 4695271228 4194402235
1021 8767931941 -1238003708
1022 8964788414 8401947205
1023 9527569029 8281255556
1024 4808334550 4810243770
1025 -1561627977 -4836213672
1026 7841770109 8750462715
1027 6986227993 8511180173
1028 4532208154 6837619896
1029 -1392147063 3118049737
1030 7871153064 7555225399
1031 5875504911 7584336393
1032 6745174713 -5435796784
1033 4928654207 5041669704
1034 10696406958 -14327365360
1035 -3237210649 6074127287
1036 12340987255 -18028210458
1037 9504024061 8933520161
1038 7764475346 253182062
1039 -957864347 426250343
1040 3911383057 6447452530
1041 12256079387 4493154127
1042 18529633566 1437273807
1043 10851594354 3972355625
1044 9368348123 26611435992
1045 9324705778 9109777789
1046 -3175134178 -2387587407
1047 -1857378564 2636660572
1048 4281250737 4536694142
1049 4252339072 4605962432
1050 5193522205 15847509802
1051 11486474912 3630255438
1052 6333909746 68059886
1053 7203365613 37995185
1054 -1448352531 4892253879
1055 7607665087 8528218984
1056 7193811484 5702032098
1057 5957480268 12762649916
1058 4589064180 4785754584
1059 11555917810 9076753932
1060 7766552580 7478154253
1061 2164979211 4871145421
1062 7640214120 -7449929028
1063 19207654666 3427880544
1064 6180920595 -4166039941
1065 -977191489 11942060143
1066 -4021537311 6813287513
1067 8067452759 -605485580
1068 -1764880133 13714617960
1069 495534078 -1801410940
1070 5150001636 5108566314
1071 5454984830 8483890165
1072 5927105170 2487629080
1073 11426961779 7075142544
1074 14174185149 -1028928762
1075 -577609071 1287153515
1076 10330561610 3658312449
1077 10735052752 3911812895
1078 10228679465 3589908404
1079 -2520111545 5024768914
1080 10367669938 3680009771
1081 4899421572 -14570845157
1082 15818451292 8908622233
1083 6064757776 -828227679
1084 13451582212 11679026546
1085 8330600719 7732098624
1086 2782295011 10226115157
1087 8616445480 7067390335
1088 5610495207 2083078017
1089 9409109595 9686460862
1090 12111652850 5236920706
1091 5726086954 5197408892
1092 5010216839 2636651487
1093 8239423536 8162131953
1094 -3193999218 6066975947
1095 6002661978 -3764899582
1096 8830153843 8439680106
1097 8524460328 8731326410
1098 12617577191 6693700372
1099 7520053509 -7179528239
1100 -3158772562 6711168587
1101 17743278808 3780308708
1102 6057486964 5311250175
1103 6141673039 9019027330
1104 5281830446 -2142792201
1105 5045370371 4846613710
1106 4109696804 4679236258
1107 4416873390 4614918429
1108 8193649604 8542878937
1109 11572268050 4462164422
1110 421491152 -84118681
1111 203750845 31302941
1112 5887712761 1616375462
1113 10037670322 4965667867
1114 11467821517 13082708679
1115 3156683937 -9032354449
1116 8271753823 9637693346
1117 7914230791 4983444616
1118 5387424950 3678796091
1119 10923506072 4026758999
1120 -629050962 2114082503
1121 7644163065 6988918771
1122 8722474482 8173825987
1123 5882680055 2304164420
1124 4597631463 4161204055
1125 10434667340 -13738365368
1126 7601773659 8620799408
1127 10137618444 5810062701
1128 12736644902 3462132715
1129 5052412204 9910169479
1130 -4233803748 6527247639
1131 5152351652 4963629331
1132 4295098070 4736305955
1133 9014525552 9686460862
1134 -2118720501 -3406012847
1135 12215035756 2305442198
1136 7387106778 365667948
1137 4165716721 4621692154
1138 10085709259 4767610723
1139 271065220 -1801410940
1140 6471079474 8315081045
1141 5600674858 904011149
1142 -4342280150 -3967905283
1143 -7324580466 -293747888
1144 11818208110 1672439330
1145 10877061560 10239714870
1146 5688206906 3756521456
1147 -2348934949 15028932867
1148 5231426985 -2029367879
1149 5803501015 14014942113
1150 6358811933 8860566003
1151 3793339745 5705056893
1152 16732590357 1222139297
1153 8726865836 5094945230
1154 -623764635 607457036
1155 10971498506 4081115961
1156 3253553464 11291516152
1157 4537929783 4422348955
1158 4635973416 4121952925
1159 -1153269972 2807745241
1160 10483196469 3742368385
1161 5105111601 -24044292328
1162 8134855131 8384933601
1163 11913285684 4110331630
1164 8050441260 4962347622
1165 7293742449 8361744421
1166 4096598612 4819733005
1167 7954908574 7126877858
1168 3914310544 -18142052906
1169 7928093314 -8097751640
1170 6494332461 13596316169
1171 -299458340 665818649
1172 3991575764 6385293372
1173 11911349735 4629306637
1174 5188632067 6234836171
1175 4440271659 4725940174
1176 8362718890 7553899310
1177 11257575059 4231637408
1178 6723384350 4242578836
1179 -284043999 1724736902
1180 -914029410 1529993143
1181 10161922106 -13124599129
1182 10649928573 -14222773749
1183 -2899558316 3962746090
1184 12982931076 7144065440
1185 7922757432 9079202800
1186 5872799363 375428527
1187 7141595356 -1051801286
1188 3642358668 7416353115
1189 25258968031 3373793852
1190 5803820458 9852303099
1191 6128683511 472463294
1192 2761015737 9335013882
1193 8408488758 8951846533
1194 8129042252 7340007890
1195 4809064257 3106724369
1196 5737853987 5246081860
1197 -2198260631 14689866230
1198 3480127701 11424172080
1199 -5390456511 5557123330
1200 2722011878 11707702827
1201 17729167911 8277994311
1202 17535236016 2720459598
1203 6793727269 -1482538432
1204 10352074879 3676243616
1205 13605293018 2245149379
1206 7995964796 7045252381
1207 10709216248 -14356190462
1208 7426479701 -6968956480
1209 2580223311 3936709993
1210 12789523439 6933841258
1211 7233722984 -590916947
1212 6977666110 8274577586
1213 7657568843 9217310673
1214 6222959125 18501700238
1215 7718374821 8359755932
1216 8266893774 9361667516
1217 10321912672 3627641015
1218 6460952898 -2029715250
1219 4208914079 -16246024278
1220 7812286936 8070264394
1221 18642242045 12069881664
1222 11490028776 2379794309
1223 3455729927 9554112959
1224 10390533750 3702810505
1225 4434657140 5748334179
1226 10877210234 4024015422
1227 6432394040 -4731937676
1228 9140015573 1804731943
1229 -3530857733 17688646808
1230 13622385957 7322098732
1231 8505380098 7027949716
1232 -2416282829 2135013549
1233 5767929501 809499648
1234 -2936190850 1898459080
1235 6076121134 9100263121
1236 11408665751 5542065927
1237 5489868837 3368613825
1238 6193363307 3849643090
1239 -1432985217 2274390410
1240 14812521098 -628657315
1241 8784810153 8815937341
1242 13077541287 -864358151
1243 4882174902 4877451645
1244 3874575858 1023992209
1245 8574337566 9081945149
1246 12772353753 6781255512
1247 -576786645 1190290094
1248 8083786651 7705046357
1249 10463975628 3738546688
1250 8077346531 7429620402
1251 8554644394 1568041676
1252 12625774696 -18669075612
1253 5719413963 3477307985
1254 10663065061 3868148791
1255 3965842645 818612001
1256 9115000386 8722081165
1257 8141325915 -8577594934
1258 7437830224 9472288225
1259 -2106668600 14483754117
1260 4701322352 4765798232
1261 11273754330 4261207499
1262 11771402535 787783324
1263 10998067014 2943202027
1264 2427926595 12304057207
1265 7650329479 284021590
1266 4992781292 2815757272
1267 6317671817 11474524804
1268 -1246129123 4584235472
1269 10571189961 10583905501
1270 3938552571 5194104337
1271 8320846372 7552739608
1272 14242277032 -22306736088
1273 7944845806 7751042427
1274 7353424639 9379708878
1275 11865974563 -2529493853
1276 -2852294688 3279161792
1277 -601710772 -1534689850
1278 9878694963 -12487245158
1279 7872636929 -7972956585
1280 6184025887 18401318927
1281 8385826413 9137250837
1282 7442429565 -7004848905
1283 12746865914 -18941570571
1284 10014664961 4147988436
1285 11622948531 3620278197
1286 5121452460 2562692152
1287 6840649166 5663229408
1288 8621166395 8472416185
1289 7955296686 7995180510
1290 -39773602 881368622
1291 8062983008 7388412197
1292 8240990570 7653309892
1293 6486978547 6078152130
1294 2367603380 4415174579
1295 4237199533 6520978746
1296 5013414611 5175102134
1297 6586083384 4869891810
1298 5753293067 1162347987
1299 6291918598 1066022217
1300 7899747908 7584552451
1301 5878625948 8833167566
1302 7130115133 8074843215
1303 5554078741 -2755440163
1304 8449363751 11162567588
1305 17946990582 12165247967
1306 13072342017 13158632723
1307 8841693385 9449776922
1308 4649758254 10618982774
1309 -2221187223 5977603030
1310 2109163376 15569519558
1311 4441359835 4653398859
1312 5866909988 -3459413079
1313 7638080270 8747384453
1314 10768080459 3633883872
1315 7626322626 7684455287
1316 -4203409755 7691167982
1317 -2933120756 5867522953
1318 8725356285 8448988701
1319 10664359321 2776752363
1320 4135025615 437894826
1321 9030087453 7147805962
1322 5621026905 5168405984
1323 7686380860 -261385583
1324 -2081951418 6073676933
1325 -1026497750 2880358210
1326 -1739026210 3172432259
1327 10904339052 1934621070
1328 10308995107 9207307211
1329 -1823679 9747162646
1330 5402961971 3006152529
1331 11396857793 3580711759
1332 12963648442 5978222736
1333 7927491683 7888897214
1334 5691072203 7725951232
1335 5647307017 -2965234364
1336 5276954940 7965954267
1337 6947088578 -5890169209
1338 2215830232 4756713943
1339 3587455394 6739535945
1340 8620095657 -1104510619
1341 3443295986 11298987625
1342 6573843951 8201822091
1343 4159563982 4788476867
1344 -2965432603 5356280646
1345 7662647333 9686460862
1346 12003446632 5035872703
1347 -181726995 1155461127
1348 7044679018 8480227552
1349 10544088375 11093116372
1350 -2494091397 6196549983
1351 7813617300 -7840143060
1352 7549909811 7566231833
1353 2058512423 12091907002
1354 -2553292552 8162655006
1355 11524278254 6094160300
1356 8181982894 7820400296
1357 8137485488 7531104721
1358 4997163213 5089857735
1359 5957820165 375969303
1360 10891178225 4038129182
1361 9555698987 8565718609
1362 8362297708 9686460862
1363 1163339779 14405546268
1364 9395639826 12493812793
1365 8309688085 8771073998
1366 4214781604 4583737066
1367 5637620208 3260432825
1368 -986776460 2828310467
1369 5461667645 7108663925
1370 -3100622559 1421842309
1371 6046677560 119599934
1372 8012254167 7542517432
1373 10614385312 2742529692
1374 -2569313383 4041453970
1375 -2701815785 8787383595
1376 5300479861 5033739482
1377 6705368699 11390333434
1378 5164435734 7640238621
1379 4979325094 18911209586
1380 8788487683 7206204801
1381 10065884809 -12908483710
1382 10142411833 3553173417
1383 9142450058 12448031113
1384 5769714802 5087659901
1385 5377034525 10010044440
1386 5665517617 11047478744
1387 7844426027 6996278802
1388 -1283518820 12631397116
1389 6150461055 8900334432
1390 5130266151 7673241770
1391 19860798119 1880958852
1392 14651181263 10222150777
1393 4763925558 4920906043
1394 13444607650 -20511718340
1395 11637416367 5878206565
1396 14225502557 6114360050
1397 9538644195 4213819819
1398 4652060777 5035173804
1399 5253641731 3706959192
1400 12626506772 3471030357
1401 8772162882 9078165920
1402 11902553477 1317149436
1403 5268057624 7393491773
1404 6307425930 -538421383
1405 8332219240 23939991710
1406 -1265919336 3339144626
1407 11566505908 4395423536
1408 4972157987 6008516361
1409 10562541290 3838153779
1410 10628032553 2781948064
1411 5002036858 4655188026
1412 8946332827 9171524958
1413 12013585438 4699678424
1414 4196676223 4748630972
1415 12538325989 9136816595
1416 7849340272 9139026088
1417 3683199752 6214487448
1418 17003247618 -2457374539
1419 -1386868217 4384861569
1420 7464595313 10118976945
1421 11384784377 8671501994
1422 8283196949 -8896851295
1423 5913611767 5291100614
1424 -904661711 2713780380
1425 8546021153 249619154
1426 4480731346 5540788843
1427 -484503986 1832159583
1428 17538411232 7054875837
1429 10277398478 3647776030
1430 -2702874621 6387098290
1431 8082282252 7227239913
1432 -117276018 912341360
1433 2279816995 9786394804
1434 -4041101487 1329732921
1435 8196342513 7733547616
1436 -3044092315 -786224192
1437 3324450322 7379293016
1438 12307058121 3728171756
1439 186608545 593755524
1440 4390447076 -136887240
1441 11619139611 2713951867
1442 5811939953 1622417269
1443 -2774284603 2390557402
1444 10348014965 3676767036
1445 11712078803 1870805808
1446 -4536287008 19951192462
1447 -2443473303 7062940576
1448 6764485062 571067142
1449 7975400870 16717201154
1450 10090768428 -12964480015
1451 8878797410 25349230609
1452 -2363620345 5847104553
1453 4895750858 5105893224
1454 -1688680804 1773785139
1455 3563671574 11148597206
1456 10624751454 7837455501
1457 9616438205 12737924693
1458 7566036336 7624894330
1459 -1329914015 3767859038
1460 5699204450 8639258886
1461 8219502447 -742783285
1462 7945531141 7717461330
1463 10169922727 3555367897
1464 4014392037 5709125586
1465 10823220095 2667846736
1466 7592806340 9094414672
1467 6359714282 471664457
1468 18454900721 3746957536
1469 5378558713 9530132183
1470 7367027568 8689009486
1471 10355805450 3637219567
1472 -10577017850 22925544654
1473 8107066461 -8500499926
1474 6081422805 8720430870
1475 9336600549 18010013307
1476 4374044508 4876277339
1477 4240576796 5907198713
1478 6892654135 10756914949
1479 7677827865 7233625701
1480 10787431623 7894960875
1481 -1512474850 1923029585
1482 10314190981 6681992578
1483 14919373625 196033899
1484 8455035239 6947669116
1485 8924489023 9191502766
1486 15538212343 8487784578
1487 8486369562 7974732365
1488 7997892545 9108292394
1489 4045950726 4786495464
1490 10649223796 1772782603
1491 7008466903 7923005243
1492 15704262869 8739987373
1493 -1789470173 4347898706
1494 -1037008383 478872458
1495 6318897628 8962896030
1496 12227046520 12217117160
1497 7041568633 -6102780324
1498 13986109692 -723880385
1499 8410158038 8116665678
1500 7765007101 22477552387
1501 -2216976611 6272369237
1502 -1580906198 4640386621
1503 -3859373436 8019104721
1504 -2163384976 6656383725
1505 6310514714 -4457669215
1506 9906437588 27998788518
1507 6297573394 4219493893
1508 6898043779 4392252219
1509 12493213788 5577960844
1510 7561784579 7511553595
1511 5120367250 5144434907
1512 6006355034 9160921543
1513 10003873583 4672341984
1514 2165734468 12062420873
1515 7786860383 7214437314
1516 8429651357 7396514423
1517 6207742906 12675371173
1518 17213494569 -28992950120
1519 5274369067 11752841139
1520 8530103150 -1023249257
1521 15836512967 9030232728
1522 5007813952 9246446743
1523 -1258609547 1671545182
1524 8501544962 9244307705
1525 5513544739 16672621794
1526 8216944384 7580176197
1527 9499959470 -11634966071
1528 4216008530 4703247902
1529 12869839960 6902855792
1530 11149885330 -15347840440
1531 9414624761 9686460862
1532 11111917592 4130297916
1533 10430921594 3743589053
1534 5370874971 11076411806
1535 -110177244 363600155
1536 -1898371552 6306476869
1537 9414624761 9686460862
1538 10451342846 3733096133
1539 4640067263 4207696814
1540 11455226923 2202114579
1541 14276396078 -169951104
1542 5389573812 5226315717
1543 -2251757770 5581208522
1544 8506362174 -9399046251
1545 10288092380 3615547650
1546 9897725170 9945219476
1547 8502411025 8442071373
1548 5006612421 4955662648
1549 6847259404 5476404157
1550 11040589528 4144712560
1551 4373688295 4638102734
1552 10512877444 3767623992
1553 -1649372235 13454687301
1554 5634579066 3548827225
1555 13276143888 7503058085
1556 11192989141 4221717606
1557 8108597628 -8503945553
1558 5481068523 5474618595
1559 15926457478 9071785861
1560 12798225268 6920806889
1561 8061699109 1465748255
1562 3897977700 6493706019
1563 5720794077 1972340138
1564 5938464143 7424275008
1565 6255319341 9686460862
1566 12079680520 -17440184594
1567 11726128238 4555024123
1568 7458845148 5163739683
1569 9189637328 -1688868560
1570 -3247037873 17049959028
1571 3230881710 11335980569
1572 -1509556879 2056122363
1573 4931262682 -1353899744
1574 4203001684 5999113218
1575 3646751520 10693051551
1576 7158039494 4982963578
1577 6301777570 9011987478
1578 2474768109 -9277187438
1579 10675255633 3833135827
1580 8706313459 9686460862
1581 11141178606 3203714848
1582 10174069196 3547094530
1583 7180760033 -20883600973
1584 8204776672 7892843104
1585 14031204300 9076703620
1586 6674114567 3439821884
1587 505773525 -2147385468
1588 4742611245 10288426702
1589 7362097562 9409173186
1590 7812907440 9639302933
1591 2202203401 10641000905
1592 5482490500 5066089038
1593 10557780259 3805120375
1594 21197350 -845806963
1595 11610823501 4058843953
1596 10290208901 3634552022
1597 4465201136 10567865362
1598 7448543610 8468406266
1599 830219494 7874792590
1600 -4081945796 4156576678
1601 -2818466423 4842553916
1602 5597925315 1284028880
1603 20704350065 6758871143
1604 10902680389 4006805716
1605 13273285404 9340959376
1606 -4074393773 18911781180
1607 17549193463 2750018017
1608 12859536797 7277264918
1609 -2046072543 5367437529
1610 4824671257 -1114034075
1611 4107561267 4663111176
1612 6248175471 4021519542
1613 10392133676 8229056392
1614 5695974464 7833735500
1615 10366655411 3711112045
1616 8121038580 8674958553
1617 -1736024262 5969377438
1618 -1621782031 4918026726
1619 7914739993 7832825077
1620 6507652419 5503066835
1621 6533089936 5569819553
1622 7875881135 7908488094
1623 10178671550 3554428187
1624 90107995 22804872382
1625 -1371657986 2575995213
1626 4178051501 6515471865
1627 12678037367 6701186617
1628 6445489255 5770957812
1629 9342061818 9481862277
1630 6198747326 6817151081
1631 4141647312 4711641741
1632 6482361697 -4844381295
1633 39860305363 7480750644
1634 -2131420890 1202734267
1635 10282044133 1277179368
1636 8662824669 9686460862
1637 1085376674 -2163862720
1638 14372894381 -265804345
1639 10474445794 3750682811
1640 -3599553282 10082670286
1641 653191773 -2367830592
1642 7764536807 7364903660
1643 9351603114 8508737540
1644 11762657489 4573405745
1645 6852088979 7946663396
1646 7779474261 8079660629
1647 9414624761 8562402398
1648 9281069188 8581048250
1649 7605562325 -98506536
1650 6379928021 5522707590
1651 4616998858 4692540454
1652 -1288366375 -124458957
1653 9612452953 3673331714
1654 10600590595 2658802140
1655 6388598116 -4633382483
1656 5769714802 4422348955
1657 5520067782 9525726596
1658 6882660631 8501248620
1659 11659855368 4530917641
1660 4824349776 10091246865
1661 7075623945 8666512743
1662 6516399219 7969055329
1663 5923799376 17730378625
1664 5338022916 11760116005
1665 7277567984 7564459782
1666 5420403513 5675797920
1667 9414624761 8589834664
1668 14864594687 -3280690467
1669 8786685941 8320430812
1670 9579395346 -11813722846
1671 6453808078 -1165902779
1672 34702861946 7772720203
1673 7668765713 7377583470
1674 159081151 -1801410940
1675 11257462922 4292609644
1676 3998511680 6345787504
1677 4206393739 277293138
1678 8045820599 7783004956
1679 4757728813 4937261820
1680 6100728455 9542464792
1681 6266021382 3195406612
1682 16663650062 3180664061
1683 10435286681 3188071568
1684 14101176824 9969839343
1685 -2339209678 7127733099
1686 5673150869 15100254910
1687 6250774933 1154518480
1688 5495253435 8625418827
1689 6896978676 7717990033
1690 7172582955 1937070970
1691 1942263538 -10389345978
1692 8065141679 7836221921
1693 22918533766 8439846299
1694 -2109931525 6377342337
1695 4637937386 4771428598
1696 5366256417 4993019684
1697 -665241330 11240069965
1698 -1405146996 3210709097
1699 4761892651 10675688465
1700 2720666286 -12631438204
1701 7795228965 7147454112
1702 12765981443 6753489281
1703 4235523280 4624643085
1704 -5358541847 3384526160
1705 5969075356 -3689318667
1706 5525536837 7153802458
1707 6472525405 5070643262
1708 8297074654 23849378656
1709 8081294236 7358593341
1710 14229405673 10500604595
1711 12327798085 3907907573
1712 8056010708 -1479140384
1713 4904845595 6051206393
1714 -5543987472 1345278894
1715 14447871035 -297249968
1716 7738489784 -7671081507
1717 -2936071480 -952531660
1718 11218947148 4306100396
1719 7824919554 6568029342
1720 7882422660 4871955099
1721 8962827197 -1778669583
1722 259776054 -3068342331
1723 7764482866 8200638161
1724 4852229662 11166885360
1725 -3467393699 4789367712
1726 7719173495 10937622347
1727 7870867062 -7968973803
1728 4388359018 6518473908
1729 -839974754 3026080423
1730 10369607091 3692989416
1731 12010705559 4718818056
1732 13100429618 5422401305
1733 5013608982 4926740353
1734 5518739432 -2675915126
1735 8042294301 7874935146
1736 10341878545 3629745904
1737 1075529185 7322765322
1738 5217937609 -1999012361
1739 11425586551 3343005757
1740 8987283108 4431015312
1741 13983187979 -21723700736
1742 4163948832 4563116877
1743 7936850201 7657894853
1744 5151451322 6736003317
1745 6005307654 -558133610
1746 9414624761 9686460862
1747 -2638412223 1888525012
1748 4296309162 4727131078
1749 11407665074 4366359304
1750 10176925847 3560674217
1751 9474987941 3531555477
1752 5380705692 1781272769
1753 7182067269 8304535309
1754 10317892947 3662891873
1755 4922654724 6599787421
1756 10415015274 -80773813
1757 11197879777 3838722507
1758 14320706338 -1275520671
1759 8093637468 146968472
1760 9754037638 596943535
1761 6589726290 5549658388
1762 7951974800 -8151492817
EOF