NAME : 1862
COMMENT : tspgen
TYPE : TSP
DIMENSION : 1862
EDGE_WEIGHT_TYPE : EUC_2D
NODE_COORD_SECTION
1 6401809215 18037074036
2 4067398158 5456586028
3 -2410223364 6115867350
4 -3020701417 3537789548
5 5634309048 5773012142
6 14586922061 5593727521
7 -3843702286 14831794726
8 793532657 2147213912
9 3095772612 -13928959507
10 -813828714 6284701728
11 8690362023 1084575252
12 14695284561 9398344452
13 -1028471595 5131060108
14 5031261683 6459189492
15 3036460021 4202324766
16 14668427286 9053490991
17 9762270275 3512461746
18 -79358613 1264855724
19 14586922061 10880046840
20 9178367813 -5780886778
21 9060756652 2728900569
22 5368563707 249665816
23 84933014 1430929172
24 -530211110 2005016806
25 8448840945 -1076250268
26 6954916138 9823675166
27 7122224961 10024198915
28 6659584837 10019092248
29 6278926967 -1191351455
30 1218758853 2943600823
31 6506477888 9979596594
32 -1741652227 6256522681
33 13519353616 2773058726
34 13595361661 9576499163
35 2923782181 4160929703
36 8499842480 6000341160
37 6332915261 10875131697
38 3848450676 -5915268859
39 14566494226 5747513132
40 4057972470 11647562201
41 9745821736 -6679111629
42 -1884509605 4113846738
43 14586922061 -4959308392
44 7537564281 9999676634
45 4747002084 -6016102282
46 1876113417 3241535771
47 1296945799 6694644418
48 9558443459 2645346135
49 -1813470255 10758227471
50 -813828714 15217363642
51 8066746195 10816909011
52 2872428184 4248656042
53 428897323 -1883421311
54 4529151973 12849736715
55 5909378701 5405822496
56 4805247837 5039628760
57 3605470638 11076935388
58 14586922061 5521578421
59 4181206745 2893738119
60 4998325445 6539746017
61 5576899600 6036256507
62 6336986243 10180691245
63 13519353616 9278141942
64 14586922061 2587964952
65 -2263484577 12330462442
66 5634551607 5706904722
67 -2594584440 4023015276
68 5483138568 1093022709
69 7893816019 11653250087
70 4181206745 5571628923
71 14586922061 9841558166
72 9415581596 5529386271
73 -813828714 1839566834
74 10568961310 2064241772
75 5225514710 6631007777
76 9018895432 664921214
77 -2018540195 -4875313651
78 1131204548 1610255944
79 14586922061 10534126044
80 774218276 2450299137
81 -920833853 6920193084
82 -292864223 4643151958
83 3733417664 4186513183
84 9530082770 4192471538
85 13519353616 -12652248789
86 850999406 3063897113
87 5898443101 10825029906
88 14586922061 16090199127
89 14645232613 9439971463
90 14717928725 8949421798
91 6754418150 10127249313
92 -114143426 -1652367669
93 5437799475 6547137890
94 -1477481723 4891009527
95 14586922061 16090199127
96 13519353616 -4959308392
97 -813828714 -1621854568
98 1341202568 5263003525
99 14586922061 3392129552
100 -2298823003 3988850315
101 12032363286 1673868582
102 14586922061 14629112314
103 2367163738 3737911764
104 7556498526 5704616350
105 -3198199473 -2046302828
106 13101554420 -4857782034
107 14586922061 -14342106711
108 -4485409372 4837781328
109 5887710042 9904790332
110 3647128706 12152800902
111 -813828714 -4959308392
112 4396588697 273945159
113 13519353616 0
114 1111084630 6654876226
115 8462135142 5907591520
116 -88249443 2337708001
117 -1363421811 6276068834
118 9354866220 9656308260
119 6306704797 9921476705
120 908397113 10567871138
121 8375091920 11783153255
122 -813828714 11298610007
123 -1882337004 5333564846
124 6155787429 1582772138
125 1989001104 3355647779
126 14065924223 2270244528
127 13519353616 15011052399
128 5349265687 -858255018
129 13519353616 530304538
130 -181292994 10618794951
131 8264541577 9699249446
132 216073353 1740983088
133 -6109057799 7104038432
134 14586922061 -1509963955
135 1458045187 3230600075
136 7793489161 558142041
137 -2875582130 -1561694154
138 10610052766 -3624991291
139 8787349446 2762258423
140 15686467393 20468304854
141 -2797997262 3389294315
142 11579821828 -3928780576
143 -2225837192 -1187836496
144 7598333777 9760659150
145 13519353616 9952681581
146 14586922061 -224345091
147 479733325 -2882660202
148 1558238137 10359794087
149 -813828714 1179352318
150 13161077442 3368277943
151 11223355118 12690152715
152 8442280361 6391018028
153 14586922061 -14342106711
154 7925632826 10497018641
155 3251393002 1773299229
156 -1882337004 11727142581
157 -5101223333 7279827966
158 20795780558 -4959308392
159 -138491663 6291291821
160 -1441748810 4572288706
161 1359927454 6473525781
162 4026637572 9966307932
163 17372099394 22430436205
164 1007919638 11842421514
165 387749750 12558056257
166 -4994655364 6780722665
167 1158634801 6913577393
168 -298908904 1123315038
169 2047330096 14131393249
170 5891154925 16613814755
171 -749607068 6762625035
172 1612856460 3223417457
173 8083446437 9829916951
174 13519353616 15011052399
175 10386972145 -1255877492
176 14586922061 -707280726
177 14586922061 4907014562
178 3873582605 11359315632
179 14586922061 -2173280607
180 -2957656730 -1644658892
181 3308530750 -4959308392
182 -813828714 1634651156
183 -2767739983 6849875603
184 3394928719 3694689886
185 9496906853 1425997493
186 11577084141 13047718095
187 -836472356 7089406666
188 8590188664 9597254819
189 11193309945 12659781688
190 -1135002632 120506934
191 13519353616 15011052399
192 8644074471 588085593
193 11668995109 -6060776032
194 2684739792 3944038771
195 8945463325 -5412221427
196 9896338009 3347065541
197 -3626523958 -2357254821
198 270784520 2669267714
199 14586922061 5078510443
200 -3862761976 14861964377
201 1735982177 1381677624
202 17052585440 -18245014125
203 4337719419 12567239268
204 7623564388 9786339993
205 5102538124 4719563573
206 13519353616 -2952294361
207 -630119384 10845581229
208 -1037957626 6107777942
209 -3045942387 -2171468006
210 -813828714 1996401179
211 7724577092 10707766712
212 7763388037 669245481
213 -2124295508 4049947081
214 14851455420 10634025622
215 15652881783 -16029418182
216 7608521220 11543442989
217 7023787351 6250125037
218 -220905801 -4857367008
219 13004838640 17219710569
220 -2403303027 3769259667
221 -7918216971 1308599219
222 7839547477 -911533303
223 7616202608 10336017499
224 -1705295309 4338574860
225 5917268602 10294455150
226 -2924995176 13377569944
227 8660528013 433531740
228 -7005905557 11115526726
229 -1804381311 4183790059
230 1630001936 576363345
231 73768590 19527464123
232 4563761404 12751525246
233 590231111 1941707466
234 -1882337004 4544512983
235 3668822925 12284478127
236 468608186 12609293765
237 5362433273 -6473361728
238 11049942708 2828936814
239 4890845850 5751365281
240 5200281732 -1851958137
241 8157614765 1873619249
242 8816200120 855245115
243 3896006946 11208783347
244 3375817677 4733089748
245 -813828714 4425209604
246 14586922061 14539443504
247 3802856398 5189175188
248 6936372097 11118226327
249 -1883091773 -776748753
250 4650583062 5999198518
251 21792222607 458699238
252 6548992018 6201552280
253 2462733093 4695933413
254 10780372374 -7118902319
255 3350415302 2573393515
256 6595455153 10114273795
257 -813828714 -822536830
258 11378174474 1779837235
259 2110236526 3830582902
260 886759585 13536674954
261 14586922061 10513361775
262 14586922061 2625551663
263 149834870 3417876490
264 3251393002 1213079784
265 10094431044 -7230926555
266 608230078 12697767869
267 11133037582 502733153
268 2465410928 -848108822
269 7830150867 11230491059
270 -1155964204 -1541779565
271 3848410201 3555650055
272 4807689618 4879356378
273 3165449263 5256085035
274 -813828714 -2119336108
275 -813828714 -11798977839
276 5051912978 6451778376
277 10203169617 876035619
278 4771470267 4776055213
279 3286344444 10596253859
280 -813828714 6902254927
281 1986635539 1909791729
282 -813828714 4083043734
283 -570778680 -4677499136
284 14441532152 4866598217
285 10278588510 11735139668
286 5330709475 5758244122
287 5980941900 12202877199
288 4944852974 10918666748
289 4810775969 6476877835
290 6819081805 5134066849
291 258283527 1606159753
292 3445938267 6824109710
293 9639753162 -6511215304
294 -813828714 -10681434663
295 8253936934 11662280840
296 14260229247 -8079678678
297 14488412677 5513979624
298 -102685970 1869163377
299 9764321609 10292325333
300 14846490744 11050190247
301 2149614642 1617397130
302 14800519167 9744370720
303 6578489809 5390284769
304 9482597170 2082428210
305 -813828714 4887142716
306 842074430 2651309779
307 3878371728 4073781502
308 -813828714 7063078365
309 8094478602 11190316777
310 228838495 1756293557
311 11672988788 -134404969
312 10704407204 2050726146
313 5302140145 6385179188
314 8287001758 -11061174181
315 -813828714 -15235716357
316 7257746575 371660512
317 13519353616 295045198
318 7082849856 9976972541
319 7275366340 2217238706
320 14744719651 -14591885083
321 11815173491 10212005171
322 -5294171167 761582019
323 -1031475452 5362284894
324 1243376586 3075378788
325 14586922061 16090199127
326 -124113426 1893819218
327 7662566176 2619597304
328 6461288759 -156147600
329 9668318267 2015360259
330 -813828714 -14342106711
331 3723863964 10742432865
332 -1385481187 -179916231
333 -523698210 3847138092
334 5792975166 -422136604
335 12423343710 -2916055489
336 9965819005 9404193588
337 -1514066627 4438623356
338 14586922061 -5963271473
339 13519353616 -1392541073
340 6547861521 13712541378
341 1223564543 10237229838
342 4646113617 652860340
343 -3978127754 -3289528110
344 -840858968 7254987354
345 10479620079 5220826773
346 3475435560 5723130935
347 -813828714 -4384089426
348 -813828714 -67922357
349 416714337 -2709534357
350 7871404781 5921876402
351 4731920651 6725319803
352 2948388380 4574645534
353 -2091523004 3970429334
354 4669131486 6064845437
355 3209116788 11822638283
356 7856626008 9996312319
357 -679891175 5391729352
358 6058321846 11184701480
359 14586922061 -288383457
360 14586922061 2420455829
361 -1788723855 -663564179
362 14507557750 16009974072
363 14586922061 5760537871
364 3251393002 652860340
365 6020213838 12937749747
366 -2757786999 5220730029
367 3355314526 4282072714
368 621356407 2457553474
369 7899134938 203540760
370 14586922061 5319832039
371 7609362979 5810135498
372 10780368118 9333165701
373 -813828714 14806637526
374 14586922061 3623995542
375 9855178639 6041271017
376 436011258 2383874055
377 3910244428 10142107149
378 12183988563 1157067279
379 9753988968 -532709119
380 5835605539 6472976426
381 7877828702 95587725
382 -813828714 7217938719
383 -3672671963 550895722
384 4216849571 5284600169
385 -2146370213 4688340032
386 14586922061 -14342106711
387 -4424584784 -3127496472
388 4919323067 -5595786854
389 10994479373 9383450753
390 9203380378 4535564628
391 -813828714 -59540540
392 7331303630 10173049769
393 -3099445576 6034630717
394 -813828714 5284541697
395 12742014365 -5299189644
396 -1627381442 1021899233
397 -1032128188 6406732833
398 4986195919 6729370488
399 7176236637 1651117021
400 14199789678 2874775153
401 -2007069848 -619960508
402 8571784505 -4820723883
403 13067768172 14554569298
404 3172141921 6515444461
405 -813828714 6865791755
406 -813828714 -7292599433
407 4646113617 1773299229
408 8118285256 5311816144
409 14586922061 -1148562842
410 11486538639 15482170293
411 14269087474 3349979975
412 4295733276 -4959308392
413 585458246 14048942640
414 -9065413954 7766911562
415 11435524581 189980688
416 9122450332 6252193602
417 -3024492882 13535065219
418 12842998112 10050286245
419 -1882337004 5288091890
420 -3953272102 7289411280
421 927407636 6013057993
422 5117688166 6518266926
423 -1825647456 -76885802
424 12891707095 4308807595
425 2844767686 4220695553
426 -168566324 11868063095
427 7815840273 9776708872
428 20662570715 -7830988583
429 8161834467 6119726354
430 19813969234 -4959308392
431 11040191998 9517268996
432 3725439596 6777256706
433 -813828714 3560357016
434 7823378232 11893192456
435 1006150354 3378762703
436 8129023613 3281072857
437 -1480349534 4531960933
438 5444620446 6457286909
439 4669148954 -4959308392
440 14556569288 19253788790
441 -813828714 -1290048148
442 14586922061 1564172417
443 5533926190 9888249990
444 14931833134 11503017986
445 632567596 1984503110
446 6634176982 11370743879
447 6735739237 9906260119
448 -1844891813 4114670064
449 4890227016 6288338853
450 2923423807 12444593717
451 5428497751 10307340428
452 14191362197 2689289766
453 4769171805 -1330842530
454 -2148189404 5618410326
455 3526380438 3799137264
456 7971770137 5490712976
457 -538556451 2004808264
458 6668694215 6152217297
459 13519353616 2901903178
460 3399264266 3366876971
461 1288651407 6707773641
462 11123218183 458263681
463 -5675655268 11755875192
464 9309607393 5761145864
465 8906228989 6099833715
466 -3744076131 7035646640
467 1691459531 13384177100
468 12003434287 -473186437
469 6022487396 6599978199
470 -813828714 522419948
471 14586922061 11077487296
472 13519353616 -348585474
473 -2760388067 -3680582013
474 -1882337004 11727142581
475 13519353616 3349364129
476 -813828714 6569127853
477 13519353616 -6197876909
478 14586922061 -2592417876
479 3970988386 5359130647
480 -1655742119 5048495172
481 13519353616 11119572011
482 -813828714 11385815031
483 8332482339 3189016710
484 1747894778 -6948473172
485 12778089676 9155523959
486 1129021362 2486341151
487 12189323321 -5110284641
488 -2090243190 12056238029
489 13519353616 15011052399
490 6270531790 6086520488
491 -1902649420 -578209530
492 18752977961 9843050340
493 7046475215 5652267381
494 14586922061 -4959308392
495 14913292378 11321661590
496 11194935164 1248219941
497 6036770134 6489277679
498 4856577594 6638766898
499 4005717055 -4959308392
500 -4960160589 16599040581
501 12808256401 16911822645
502 14716822823 10155515780
503 -813828714 -1560127961
504 11158143530 -8914680867
505 12031480024 -2296804346
506 13902572673 -3182943551
507 -2191969877 -780921352
508 -813828714 133590691
509 14586922061 16196111484
510 14586922061 5412580532
511 14962340558 -6913749802
512 441665251 3048842001
513 -1156661308 94529589
514 9397547875 3014962307
515 10207642097 11663423807
516 8957307148 11128668596
517 11376309648 830460015
518 14586922061 4037726153
519 3527346863 2984503107
520 6372582680 5847556155
521 -4269425437 7240278592
522 13519353616 -4959308392
523 -2752492259 3541191366
524 6134284478 9739921144
525 7058335154 5853206609
526 -3496215167 6939027383
527 -1936048272 5320647702
528 4181206745 1773299229
529 8660557739 5977473663
530 -813828714 -1112738409
531 8435706889 10758969685
532 11150864964 -1598542494
533 10829847213 12292377031
534 1525089195 6629463951
535 -2556016927 -1583852999
536 5312420586 6272791322
537 10784505547 2739264800
538 -3960859978 -2658742352
539 6538520202 6313233123
540 6681185747 9719355003
541 -813828714 4911866939
542 13519353616 11468652460
543 -3973196375 7427989850
544 -813828714 6330075955
545 200728694 7148381018
546 -5542167506 5672406694
547 -813828714 10721106412
548 13519353616 2488519925
549 6317636030 9733512783
550 8889726243 10010251836
551 14586922061 4401686920
552 5839231300 2351100647
553 3218237074 10736895675
554 4593465073 6578357570
555 4705788141 4488845230
556 10187848894 13701098311
557 1139720273 5305681868
558 1906716279 10572585673
559 4872338914 13853752545
560 -925596730 6369071838
561 14586922061 -14342106711
562 4107362627 3240593068
563 13357286249 5633752078
564 -1637265438 4634105485
565 11595578251 -3176758349
566 6975797146 9916704696
567 -1515308983 -186668204
568 9646183554 1731851465
569 5685871120 778993402
570 451559170 3215797021
571 -813828714 2804268759
572 2599256928 3145496651
573 14586922061 13795433950
574 -6272426176 5971038551
575 357024767 5156093872
576 11244327213 -3442743707
577 -813828714 -3157816196
578 14692562544 9606895861
579 14586922061 -1199266362
580 5604256924 6264858364
581 12782319502 -2676970533
582 12590917276 9743213506
583 -813828714 5105032797
584 3800117893 5186406983
585 13519353616 -12652248789
586 6337252610 4587989220
587 -895983259 6645981149
588 -3584797336 -2817768883
589 6176546610 4509992105
590 13519353616 1924758083
591 14586922061 11006454207
592 13080441406 2480320962
593 978563355 2152632214
594 -2624898122 3628232086
595 1210830931 5500895709
596 895015369 2770670549
597 6139545425 -970723912
598 14586922061 12433639063
599 -1001129675 6577694113
600 8212467425 1001389503
601 94995319 6579771410
602 13672455055 3672436672
603 16603550604 -339743774
604 13720517972 17960155878
605 14586922061 16090199127
606 11364280780 -9240976260
607 381262844 2529966251
608 -804458995 1818386816
609 12363149571 99807460
610 797493688 433192024
611 14586922061 5617370107
612 3108916864 4154480705
613 9837787148 -2006848707
614 -95274606 2111332288
615 13693852614 10119910106
616 -743220338 1268372190
617 -3965497346 -3274379239
618 -813828714 -3252108132
619 5285000869 5114762905
620 6052041340 10532968059
621 6392298385 6534857160
622 15855502746 -9902510053
623 1050592297 7084598260
624 -1533093012 4628250023
625 -9828500481 -8590020182
626 6933295148 9746051182
627 6138340547 9884574475
628 20226205 5172732314
629 14627171867 -3426898238
630 1452659635 13232856941
631 -586003127 11653292158
632 4631179670 -5314737507
633 -779121306 10455448307
634 4739926433 -6296667041
635 7644656084 746277436
636 14586922061 -4896989838
637 10895683979 1663309082
638 -858465970 477298581
639 -1460735307 -19224886
640 5209594494 5826557336
641 8977005435 10419440311
642 5086541284 -5837804153
643 10540875897 10031829926
644 -659968682 12036581522
645 -813828714 10535008733
646 -8803220397 3469993099
647 -723766688 4346693624
648 -1133170125 122704837
649 7055529172 13071812124
650 -255031882 10859559530
651 14586922061 -4959308392
652 14586922061 -12033141399
653 3035549979 1156660786
654 9290200052 10736031670
655 -813828714 -1335157702
656 1012686898 11819271208
657 7186833813 4692464
658 -4084888379 7357214058
659 -149958340 1193490310
660 4407077711 -5381114193
661 943510640 2298818477
662 -479340288 6381616803
663 11977842521 -2169266594
664 4943122147 -216500201
665 -3344804641 14042087853
666 1659149536 1061727229
667 4182257999 6781893646
668 9095414774 1926677815
669 -1521832076 2422481704
670 4899718080 14167913997
671 -2050468060 363393492
672 -557250683 781780689
673 11769204119 -9881930867
674 9552585131 -469641443
675 375591664 1932308832
676 -3357360087 3071186465
677 8256986007 9691611932
678 9114967576 439239909
679 -3724566604 6842907066
680 1445188801 2805937574
681 1831066720 3196000521
682 4101381312 11765160575
683 -936017977 5954543130
684 6682003188 9893831461
685 -4062212025 4302272043
686 4109108370 10994972918
687 9335619223 12500640710
688 -1836557272 4238947966
689 8360984453 3416575777
690 6727494770 801196999
691 774341548 12113798228
692 -1876618724 4084251042
693 -813828714 11031814562
694 10159972872 14013770338
695 3879285196 -5828600994
696 -813828714 13128188330
697 8389822446 6169159689
698 1115816099 2820131618
699 -813828714 -4959308392
700 -1046875369 10404687360
701 2213706345 11825659263
702 7175341891 2242085686
703 3489337029 10162642569
704 9327073686 -6016273838
705 2882230486 4185291597
706 10964059059 -8607463861
707 321534937 2481796727
708 7805719103 11088400998
709 -3309736964 5340406518
710 1015579569 3058954904
711 -4760390489 -3466944148
712 3642009829 10520682810
713 697576886 2050217456
714 9324777467 5702784902
715 1022206556 11457803867
716 6463919142 5982631230
717 9460269384 12244168992
718 -610523612 2282415062
719 9031740503 5922107555
720 3716299874 2333518674
721 7370652590 9841828288
722 -813828714 3163520815
723 -1776422934 -450614059
724 4606385846 6001419292
725 2749548398 10162998347
726 6594341413 10071083701
727 11274011011 -2547194534
728 14586922061 -14342106711
729 -813828714 -3784882145
730 3959213217 6641688246
731 -29038407 10490992063
732 -1594696625 -430848548
733 2528603311 -896878065
734 10154871836 18786674566
735 -813828714 4232016731
736 2164096459 2744680619
737 -360713837 -4761784079
738 3496959287 10772289799
739 -813828714 268616609
740 6916696308 9777688515
741 -931889349 7138966954
742 6466916606 5972188981
743 13519353616 -893347340
744 4494157214 5887973487
745 8918128250 10176073595
746 7651265714 6018699700
747 5111020488 1213079784
748 -30959664 -1243803501
749 4557905084 3772142658
750 14586922061 703609145
751 7797793288 5941906018
752 9919004584 2065245530
753 5913734174 10247911858
754 3679048234 10621023110
755 4942273593 -8912860815
756 753645288 5385709109
757 5036011336 5720288915
758 118252986 5442173837
759 6514423970 9723594373
760 7631434355 -12577409595
761 6495781982 -1534612036
762 9305777396 -5982563864
763 8973087451 1558443144
764 2677073229 4373957645
765 -813828714 3101854426
766 1156142883 13044963383
767 557818657 2150871296
768 3577649272 10070288963
769 6034805700 5084192289
770 4146980178 2183314769
771 970656378 2326258623
772 3905212317 11195821236
773 5102054914 6636495402
774 3676079361 2928705362
775 8803734513 3195624812
776 9439997878 1309720929
777 -3634884352 -3416590039
778 14659700657 9541506021
779 6429982004 10298101741
780 6613282142 -1720603462
781 -875534252 12369878
782 14157962270 1288726226
783 -813828714 13740069020
784 -813828714 3607845941
785 5643804467 15062612897
786 7754313958 244469309
787 9553343036 12940074044
788 10168371144 13747878924
789 1513670665 3297317092
790 3416629616 -6435885180
791 4670951984 -5569335462
792 14586922061 10590656048
793 4912258296 10190829442
794 173041981 266874150
795 3261327440 3964973458
796 1295284796 1348202249
797 4827329502 6534652274
798 7235310853 10159833766
799 9511201195 10959429675
800 4355882145 12454625721
801 7656748881 5166834536
802 13585807846 9472977439
803 7938143085 10254176421
804 -813828714 3910619802
805 14821319497 11292749890
806 8671475364 3023852163
807 -813828714 11119572011
808 7317456701 9680924616
809 14690137033 9540885165
810 3463897545 10284011971
811 13519353616 -4959308392
812 14665276771 9603754758
813 5844430805 497273983
814 3506053873 10252842098
815 1454751398 -1705021841
816 4761705943 9877001581
817 2779004548 4154219182
818 3623069814 10297112631
819 9929621964 2146869309
820 3752824313 6028686131
821 -813828714 3184588618
822 -813828714 7190400868
823 -520520282 1575009764
824 6028057566 6423306925
825 -813828714 -20615811261
826 1272962741 12402479857
827 -813828714 6449737139
828 -813828714 2454919880
829 -2195899059 5983409320
830 -813828714 -4818213395
831 3668839557 3978385819
832 3478529027 3241408496
833 8395371970 -601528267
834 7694029583 853830872
835 14586922061 -14342106711
836 3970275355 -6432853757
837 4568321374 -5948129465
838 5822397071 540132429
839 -107564373 3447985690
840 -3531463243 -2224688607
841 6058876178 9772515218
842 4181206745 2333518674
843 -1843422462 -518340228
844 -1054908976 4328826069
845 15321586171 20532021691
846 11935029159 980785156
847 9933386638 -1618604954
848 -4499162006 7061677221
849 982710652 2816733106
850 -5501143674 689763956
851 -2116203380 4009835624
852 -813828714 6615179257
853 14586922061 17331233812
854 14586922061 9114328185
855 1083881357 2781829192
856 -813828714 522419948
857 4673629808 4271224655
858 3189250654 10405663251
859 7753489457 10448456874
860 3913767636 5485651032
861 5012466006 12400809923
862 975151916 7079757817
863 -2311381328 12406278382
864 8579519846 6035744052
865 -813828714 3337912594
866 9825840793 -1437714132
867 -2316573670 5940148949
868 14586922061 16090199127
869 5824782414 6222979712
870 -813828714 16865074355
871 6594570661 18519429868
872 4169307542 5559600668
873 -6265192462 4637653264
874 2998163081 -4290648505
875 3936860674 6556458658
876 2246806286 3777847359
877 14586922061 2837151137
878 12524762053 16605477489
879 4960806872 6715274362
880 2118690402 3486743618
881 7711501882 10004368830
882 5308291316 345071201
883 13468329213 2242080041
884 6813479085 9769265449
885 -334813706 3350203354
886 1901152682 -4959308392
887 -1508938221 4318694331
888 -2294735173 4002410502
889 4909119310 6458531568
890 3630630499 5015081418
891 7005380965 9906222210
892 14586922061 -31897861
893 -1022688943 6209516255
894 11656850310 -22521467
895 13488196974 -12602930827
896 4478047187 -4959308392
897 11342181091 -9205994583
898 -4912578725 5785077233
899 -1882337004 5331257856
900 4823239114 13722390068
901 14586922061 16090199127
902 10476800557 13881998199
903 4985699457 5780304393
904 -6718838070 7505619516
905 64633439 4791323090
906 9487837606 2197997313
907 -2018050107 11941963339
908 -2250343024 4034701151
909 13519353616 15011052399
910 3828758661 4111247119
911 4654380333 13441016715
912 14032891646 2687943431
913 -813828714 -4959308392
914 -971706404 6697939695
915 14586922061 286766036
916 265315566 6913269617
917 14586922061 16090199127
918 14586922061 -1340814571
919 6971722263 2212607099
920 3404644665 11469957378
921 -927460343 7012791068
922 -2582966439 1503243452
923 5111020488 1773299229
924 11364377492 -8466157857
925 13608295369 9192334214
926 1557277578 -4959308392
927 -2262419574 -508742579
928 6921622855 6538107165
929 -470206913 5297510851
930 4378832157 1525116504
931 8849578191 12095980773
932 3834202969 6450376380
933 291260192 5907081014
934 -470615200 2071052661
935 6476738690 12039586636
936 10800059317 2159417002
937 5830975659 6340710426
938 14586922061 -295600222
939 5851500328 839098825
940 -2791113981 3738612454
941 -2715653531 -1400031054
942 5684134881 5995913462
943 5104398241 10039345249
944 793097644 12484814501
945 6108802136 -3794733115
946 3422219363 2993991812
947 -813828714 -3456749772
948 8893568985 1275583268
949 14586922061 10111339086
950 12914468910 -2210213961
951 5359635864 593685240
952 14586922061 10569315183
953 -813828714 10663944037
954 6478678449 5361509426
955 -983005906 6435829665
956 684189453 12745900991
957 6071333460 562278777
958 -5705670754 -4422476423
959 -985820771 6666657835
960 10464521550 -2506224566
961 1398473631 3159150144
962 7635996204 10640414477
963 -5113379334 -4257634709
964 4159076447 10926350263
965 8246521106 1951135904
966 3759508718 5145357382
967 8760740422 10200829801
968 -2437083605 3862530310
969 14716516737 9137843418
970 471254791 5027321586
971 -3158954531 -3137170052
972 669703353 -2596196993
973 1062676850 4553918126
974 -4178020674 7440376942
975 5028311120 6111763161
976 -2687508458 5937585118
977 14586922061 3214348722
978 13519353616 -12652248789
979 5111020488 6511526934
980 -813828714 -4959308392
981 12938901890 -1545289215
982 -813828714 5817508265
983 -813828714 2237707668
984 -2020395083 4077156952
985 3871009347 5258067288
986 9086402823 9708286360
987 8813222316 5734273922
988 -813828714 987309484
989 -869685910 7085927177
990 12458180071 -1982571368
991 -813828714 4325866045
992 -1664951544 6543648913
993 -3978127754 -3289528110
994 -1553727720 -381710576
995 -813828714 4540053092
996 -813828714 5117338716
997 5715153210 6512802423
998 5992525955 16888437793
999 8016524729 6440869224
1000 3716299874 1213079784
1001 14503928330 -14210735637
1002 4525981214 11724417447
1003 2506565004 -4959308392
1004 6294311771 1788948876
1005 -38472822 -4546845716
1006 8297791964 879239733
1007 -4410227413 6579613726
1008 5162596820 9830703968
1009 11161295507 2666148820
1010 9486527228 1613016589
1011 11663833404 -124201119
1012 5362636363 4426143766
1013 14586922061 -10465753484
1014 -12263898764 2476839300
1015 5861350717 13152351140
1016 -4598820745 11305885862
1017 5073385437 13602451833
1018 4099425006 10218993953
1019 2857691142 5456299980
1020 12067519162 9598605581
1021 3607015588 10425880333
1022 3183425713 11245641072
1023 8918490414 937487784
1024 12779654359 697685354
1025 -813828714 13242038857
1026 798000080 2006805932
1027 19055624302 -2396499160
1028 33430292 2776947310
1029 11356653898 -168304630
1030 2991994359 11511800860
1031 13519353616 -12652248789
1032 5376222766 364325757
1033 4910144763 5745068304
1034 3716299874 1773299229
1035 9284978113 5619211490
1036 18082086011 -3096163895
1037 4729323699 3652155846
1038 3669721245 4049809327
1039 8796049690 -2431547793
1040 -1629677183 -472804116
1041 7346858141 2437979320
1042 7969931269 -200995885
1043 8668528460 209838300
1044 17047005609 -3569181121
1045 -2454038002 -4541050995
1046 13519353616 12503276565
1047 -813828714 2619881693
1048 1078767389 2435542150
1049 5295714926 6517615015
1050 -3057664579 -1745751373
1051 4411252159 5804169288
1052 -2605258826 6120012545
1053 3545507441 6570926853
1054 2934018910 -4959308392
1055 1608049236 2970564308
1056 14586922061 -964046040
1057 4587490926 1361036933
1058 -813828714 14028838280
1059 9356412894 12703876671
1060 815732440 11864304662
1061 14712127590 10109585484
1062 -1536821374 -317695260
1063 2945727 3506150571
1064 7575904854 10568341106
1065 322991015 1284373076
1066 7765353143 9961072053
1067 1376564928 -1613718788
1068 272597321 3211240282
1069 12162291206 1468513738
1070 137433042 1646662154
1071 -725029730 -4184260065
1072 13519353616 11726465472
1073 2166262539 1057795558
1074 11243070399 -9049111912
1075 8265841654 -4336445845
1076 10326313682 14234227338
1077 16360240981 17882750527
1078 -813828714 522419948
1079 13519353616 0
1080 1685953307 6543227243
1081 -813828714 6706352634
1082 8147292885 11151422546
1083 -2244625910 -610737809
1084 2997485885 5769266986
1085 1928531754 6951770687
1086 1076666924 762881722
1087 -1882337004 4585546300
1088 -813828714 12623323914
1089 4275737649 12237507231
1090 14803441787 10069844383
1091 -6585249688 -5331008801
1092 1336031062 6632776215
1093 3716299874 2893738119
1094 -1526047198 -348510648
1095 -14424455 1330494124
1096 13731331609 17951139981
1097 4329573922 12383354431
1098 1200118326 6847912973
1099 10911991948 -2152001075
1100 4896186902 5155089171
1101 8742709589 -417252950
1102 8042869737 9999552638
1103 14586922061 11119572011
1104 8648097442 3772506951
1105 5677285950 6511288554
1106 6830471126 -235033831
1107 -2736539235 5415479893
1108 3774359888 12346785570
1109 5884655021 9883712064
1110 -2174669889 -1126466599
1111 -424432527 4055676090
1112 -813828714 2740438597
1113 6833636989 5981125597
1114 19694141960 21252809233
1115 3826670929 11636327356
1116 -910048278 7146820407
1117 6916588852 9777559632
1118 4181206745 652860340
1119 5281084384 -549620391
1120 6202373602 11809745027
1121 -813828714 10577572613
1122 -2903435 1478343037
1123 6442854942 5618975949
1124 5478996224 1381171583
1125 4223162554 12705108576
1126 4987739078 6704567662
1127 1972451814 6891771930
1128 -1724487060 4251108640
1129 -10095872431 7396863793
1130 6661900621 5795896830
1131 2946293149 5664593016
1132 -186633405 11754192702
1133 7446392674 10174194541
1134 -813828714 6219558088
1135 4982515871 2665971026
1136 -3975582692 -3286475570
1137 14586922061 -14342106711
1138 -2130076110 -1257927633
1139 4126400298 4184388504
1140 9304454936 3129462416
1141 3105463363 3902024249
1142 5234758697 6483285722
1143 4518375317 3302070416
1144 -3622498022 -3586035276
1145 -813828714 4037832241
1146 8569632213 11760214476
1147 9164202881 3574694499
1148 1509381770 833120257
1149 712960490 2336947907
1150 527706712 2621905167
1151 6937929445 5923755182
1152 -1462939852 4470423622
1153 13519353616 1585891408
1154 -813828714 -4628912946
1155 6619381101 -252295608
1156 -3203174875 -1892839797
1157 4477605637 4403243956
1158 9881945198 2201583487
1159 1547943586 3338423923
1160 -3421571452 -2621996288
1161 7805872812 -1446521386
1162 -561566999 -1895861546
1163 3136197925 6863455973
1164 -2365862972 -6790748032
1165 -813828714 17171594
1166 6306006763 603399078
1167 4556555415 -1707526967
1168 1291584232 5801075096
1169 -3215408979 -3915496963
1170 -1882337004 11727142581
1171 7875658973 493068378
1172 9954196350 -1272971726
1173 8721047188 3580216865
1174 14769172402 -14630591431
1175 14721032995 9434185181
1176 4749432915 -830667794
1177 8407412837 4272356629
1178 -2211613390 11398557756
1179 1938449740 5755058689
1180 5811945928 5765500838
1181 8714734152 5244196407
1182 -813828714 522419948
1183 1122699556 2479950782
1184 -309917331 3810298222
1185 4396042853 5788795029
1186 11131374981 487318618
1187 4043017417 4172290718
1188 337230391 5887610792
1189 8859590942 1775936047
1190 7870972415 12008697426
1191 498047745 2724687331
1192 11727708561 -4338486801
1193 13704090841 10754649622
1194 13583230378 9751847576
1195 18542275707 1033518152
1196 4520533582 -6954556263
1197 1433217238 6478939868
1198 5979345677 -278213918
1199 -813828714 979648667
1200 -813828714 2822252620
1201 16621792655 -6810743915
1202 -2582307038 5368250087
1203 12279234926 889317630
1204 772009075 4559905894
1205 14586922061 1441084004
1206 4525018626 10288635538
1207 10905811784 -3702125525
1208 -813828714 522419948
1209 2324755671 11715908498
1210 -813828714 5976706354
1211 4663821592 6565723439
1212 6971809582 9843791198
1213 -1368576947 5273909015
1214 8320492057 11503264420
1215 4053382931 3110606134
1216 9810771786 861059229
1217 11828236224 1356324610
1218 5357501767 -6053574412
1219 2547730682 3818665456
1220 7417096534 310128952
1221 -4545807215 -3962852659
1222 13715566711 17964284004
1223 2752475655 4390680984
1224 13519353616 3165709295
1225 1120445200 3556573279
1226 -813828714 -2417529207
1227 5043292331 6667952981
1228 4997034478 -5992912311
1229 4337649139 9914201944
1230 14586922061 -14342106711
1231 8663655680 -1564342454
1232 412692333 1762243195
1233 5089511010 6546544740
1234 19384462994 -4073015500
1235 3933654768 6667297834
1236 14586922061 2253474700
1237 10403447502 -801407909
1238 3078731474 12210555867
1239 -813828714 -4603259824
1240 13725275107 405566718
1241 -813828714 657060377
1242 -813828714 2636946659
1243 1771773424 3136064162
1244 2729864142 4426472829
1245 2143836183 -2821453387
1246 -1172144211 3849027606
1247 11996055906 9971279157
1248 14586922061 -14342106711
1249 3796580971 931314721
1250 -3240455189 3247659934
1251 14586922061 691659699
1252 5786704424 10503255685
1253 19744919835 -3296975925
1254 -813828714 -1752982912
1255 4646113617 2893738119
1256 8333340422 -1141775591
1257 7548191973 -3200475589
1258 9310681286 11420385051
1259 5920470195 6556531497
1260 4963030483 5065065058
1261 9183952724 10628632040
1262 611264996 1962969473
1263 8436658736 2417844252
1264 508548944 -781992420
1265 7919978388 823114852
1266 6292540162 10637749086
1267 10228528308 13749889068
1268 4888980262 6604095373
1269 14586922061 16090199127
1270 13519353616 10405670025
1271 7693330430 10091624549
1272 5286880433 6213752021
1273 5004511318 -7210155443
1274 6862477745 9711682617
1275 597973986 2199033468
1276 -2491603168 -1173550759
1277 11479625624 2076298820
1278 4752990703 5905782350
1279 777473816 12805012427
1280 5617316036 6184036255
1281 4540859377 5935182157
1282 5288809374 14982007663
1283 -3971323198 -3281366748
1284 -3440574243 3284533739
1285 4383013803 12444547401
1286 -342894609 3972150786
1287 1193042112 -4959308392
1288 19711180866 -2465973294
1289 -1740309826 29608066
1290 6675992878 944539413
1291 14586922061 16090199127
1292 4227687069 12107333981
1293 -210080129 1229855983
1294 2386804460 3757765499
1295 1862382839 -1219482629
1296 587279424 13937736970
1297 16817333675 11119572011
1298 8825526161 1104528302
1299 5251769944 434539083
1300 5783458133 10519650418
1301 -948448044 7079829417
1302 5198955833 3679358389
1303 6711472674 10247831502
1304 6154222920 -94436103
1305 13062277195 4781528253
1306 387967368 306435537
1307 13519353616 3418372930
1308 -813828714 1903777630
1309 1205851446 -4959308392
1310 4846094762 10496246009
1311 14586922061 16090199127
1312 16740144059 9065241810
1313 2942342309 13576726712
1314 7298784931 10423407036
1315 21467094633 -5222544590
1316 4838775928 9998550931
1317 6306331003 9819766773
1318 370411052 2339255697
1319 6695909503 1171068248
1320 342586399 1136210775
1321 6669994398 9723677220
1322 8767111235 888824213
1323 3341386458 5315507496
1324 4744801214 6302429326
1325 -1237782477 1361876704
1326 13637544478 10033577066
1327 -6251235571 7222202346
1328 3734098872 -6041614315
1329 3607759040 -4959308392
1330 13731331609 17951139981
1331 -813828714 2869328847
1332 -2170931397 2730528288
1333 10000492266 10093250022
1334 7316041742 9770248116
1335 940026587 7049098790
1336 5968653624 6364065350
1337 9443533478 6277470845
1338 9947392814 4257153486
1339 10418140631 5746804545
1340 14746040169 9470813611
1341 453566133 5647977308
1342 2034396519 3995742651
1343 1801017462 3721122378
1344 -1882337004 5380216363
1345 13519353616 12813448796
1346 13519353616 1844067648
1347 11860814355 1773699135
1348 -813828714 522419948
1349 5188395872 11974282745
1350 -3531202923 6348978662
1351 -813828714 522419948
1352 -813828714 11839464240
1353 3931868783 13108038300
1354 14586922061 5767007983
1355 -1882337004 5358655329
1356 5828379915 5983082598
1357 14586922061 2084296436
1358 -4306562121 -2944710812
1359 7357740735 6311905122
1360 9359909866 10497897181
1361 -59910307 1758700886
1362 5202293590 -7181219660
1363 -759877631 5896084745
1364 7727792526 9738176805
1365 960787348 3249478049
1366 11332749833 -7876139540
1367 8786264127 2897770900
1368 -813828714 522419948
1369 14204546070 -4199273428
1370 18249233793 -2384298367
1371 2276522629 13573694236
1372 -2457559982 3858498497
1373 -712021251 10575818709
1374 11900625990 1788577837
1375 5557749503 9927444995
1376 2286395881 10111093985
1377 14414886450 5279048801
1378 -1297232926 6109382913
1379 -3540393784 -3654489886
1380 14044651274 -13483744336
1381 313720298 1858100517
1382 4730014654 4765304953
1383 13632487482 9978781265
1384 4410084417 5660737825
1385 13841636846 12245048883
1386 12544653562 1812624407
1387 13519353616 10387740292
1388 -813828714 4381986414
1389 5113842885 14677389534
1390 5808064713 9832040555
1391 -1882337004 5391532707
1392 5177224833 14679715323
1393 1569982168 915469694
1394 -813828714 -2398173925
1395 6481136216 -1511429201
1396 -1389947454 -689517684
1397 7990857839 4222705198
1398 13519353616 1074351565
1399 7738088490 2139792365
1400 9077599188 1789345409
1401 1009716661 12307309712
1402 -1882337004 3985461555
1403 6467388389 10675609480
1404 14586922061 3747770545
1405 -1899102371 4077979036
1406 8599444928 -185036448
1407 4984415428 10257132881
1408 7482088555 10185914731
1409 11960588840 -10184874429
1410 13519353616 11119572011
1411 9224902931 3587956514
1412 2358132100 -2186152975
1413 3737310146 6810321551
1414 520286938 12268967541
1415 14586922061 14259817920
1416 -3086777732 5755919225
1417 -813828714 10574642118
1418 1281885353 1318811746
1419 4068247315 3993636348
1420 4232345719 6041622462
1421 -604644517 11954442461
1422 333766890 4358459063
1423 4710559401 6619381215
1424 5111020488 6511526934
1425 272495271 1808655352
1426 -813828714 522419948
1427 3950234963 5338152143
1428 5428651847 11728023425
1429 14586922061 676760270
1430 -3454364255 -2661327868
1431 -673609933 11911291811
1432 765680584 5652755280
1433 12910395605 -11688326966
1434 2714504333 -4959308392
1435 8383051904 5173025673
1436 7643200398 930428963
1437 14586922061 16090199127
1438 1832228298 4128774129
1439 7076456353 9969304194
1440 5492765079 6084959242
1441 3716299874 652860340
1442 2650509139 1442124887
1443 10004011349 -182981818
1444 4869326523 3321124755
1445 4800106547 6465907642
1446 759242293 2112551653
1447 2863013644 10531990471
1448 -2506834368 6251651017
1449 -1360653967 -150138544
1450 -692386673 5170425002
1451 10204715096 -1712973218
1452 5293534663 10552743994
1453 -648132336 6354368674
1454 6881755753 10211203672
1455 1432548931 495954689
1456 -1882337004 5109735829
1457 -813828714 14326921377
1458 2683049396 4057223351
1459 -2347386117 5370089258
1460 788390817 2590748185
1461 8221561472 9846895886
1462 -374730113 6531595899
1463 13543292829 18107917778
1464 732438679 -905807553
1465 20817656839 2244020212
1466 3910138107 6367631133
1467 11103324137 -33936337
1468 1135957119 3886556068
1469 14586922061 9856780764
1470 -813828714 -1337428184
1471 7369963603 -21142614
1472 3251393002 2893738119
1473 7962685069 -3856578199
1474 13519353616 3542622527
1475 -1882337004 5144617096
1476 11947856676 16137315726
1477 7254660668 10029507872
1478 11959813581 15826387007
1479 8069911329 4134226927
1480 -813828714 5821968277
1481 572056270 6319666283
1482 -3581769022 7487124206
1483 -218841851 11661508595
1484 -3536861347 6645330188
1485 4370476856 6042389242
1486 14781979545 10866476267
1487 -1882337004 4097378506
1488 -3644700134 -2713907658
1489 9121184494 -5690371097
1490 14653666074 9476117434
1491 8300349957 9735446185
1492 643886108 12720362000
1493 -881501234 6858827566
1494 13431051163 14921792264
1495 3807323691 10714780292
1496 -1022119511 2553955227
1497 16069882169 2462855890
1498 3773462868 -4959308392
1499 8194761500 -5627362782
1500 14586922061 2210201647
1501 3251393002 2333518674
1502 6063026102 3884541675
1503 2283065456 1261465034
1504 2246955401 4199726255
1505 14586922061 9399027899
1506 5911762311 11203971428
1507 14586922061 16090199127
1508 8589072984 4035068289
1509 -3732231184 -2427633971
1510 14830587979 2728914048
1511 11426122380 -553276455
1512 891585757 3607786293
1513 13913344386 13022046113
1514 9812503481 10533215388
1515 -983616367 6214705579
1516 1808595301 1912118515
1517 2452893492 4202985709
1518 -1882337004 5481257649
1519 14586922061 12588745066
1520 598668861 3578633737
1521 -330988883 10383482095
1522 -839733916 1743852534
1523 10542990113 10895273304
1524 14143995865 1283023974
1525 -2050876446 5596557419
1526 14586922061 5800130497
1527 13519353616 15011052399
1528 5532091842 12204552708
1529 2839718982 6210693323
1530 -2406724591 -4542244603
1531 -2474717092 3698014379
1532 4190678684 5581203590
1533 880748814 -4111189650
1534 6698381633 5034360888
1535 -2502206612 -8039022575
1536 3671129103 2936541143
1537 9380264429 10827072838
1538 6344427220 6348266051
1539 4987027648 -5966022665
1540 13519353616 1793614771
1541 8567173383 607532368
1542 14586922061 288000446
1543 9635079628 11084651629
1544 9320217788 -6005421613
1545 7063863733 1204030371
1546 14586922061 1824391190
1547 4787727940 4990148857
1548 5723347296 -311922399
1549 4524734584 12912061833
1550 7058727448 -1369202650
1551 9237119296 5814756364
1552 -7365415189 -6782985080
1553 -2267491788 12336805471
1554 4355441120 3863698692
1555 3652929684 10977780009
1556 5475067703 2277379096
1557 7553224928 -182542835
1558 1244510663 17786521
1559 3839613 10944609971
1560 1293423537 2652526345
1561 8283814863 103186059
1562 132314533 2914614543
1563 -3166977728 6876814981
1564 6255142401 5352448069
1565 1387525458 2747648846
1566 14747401847 10557114544
1567 9310678849 -3542666134
1568 1262953348 2851466841
1569 14586922061 14529343073
1570 3907917241 11241049385
1571 299209152 12205586370
1572 -1882337004 4720076273
1573 11985460150 -10224243315
1574 -813828714 522419948
1575 13205634779 -211372977
1576 -813828714 5958604935
1577 -5226076933 17019960517
1578 803246118 2157032721
1579 14586922061 4876684997
1580 20672941274 756288841
1581 32735132 2908084933
1582 3502389981 11808615385
1583 5046428741 12554741680
1584 -813828714 12888240055
1585 4055894093 10968227235
1586 8212265028 3589808862
1587 -3405731397 3046506546
1588 2288139071 5810726832
1589 8536501574 12097341296
1590 6224696505 -697651348
1591 6012328381 6458437750
1592 9358373917 5664999634
1593 -615193521 5248347426
1594 -3661651120 7095033448
1595 2227130020 6736012112
1596 6055623442 5152106782
1597 3455279491 10947758341
1598 -1479607525 -150579546
1599 -404025710 3068023034
1600 -813828714 3390385530
1601 580988422 6587576270
1602 14586922061 3291890757
1603 -1063296866 5190280642
1604 13519353616 12885684639
1605 13519353616 -4959308392
1606 3633528320 10497705658
1607 -1349916613 -1819435452
1608 -1747831062 4331315137
1609 13519353616 -5824909498
1610 -1156009282 6762919581
1611 3199408567 12253212136
1612 3502703615 6234607691
1613 11424117788 1600023829
1614 2784607787 917526395
1615 13184502458 -4959308392
1616 436510443 1786319624
1617 14586922061 -3951386099
1618 14586922061 16090199127
1619 -2004340538 4052921995
1620 3965298177 860703615
1621 -434824765 2817843801
1622 -2229029288 4283049743
1623 4111375531 5501040357
1624 -1080703407 5955730455
1625 311718810 14016556803
1626 8351407132 1939637761
1627 -1607996617 3100815558
1628 14586922061 3919161248
1629 9164073300 5686164350
1630 -813828714 2925447517
1631 -813828714 522419948
1632 14586922061 5409716710
1633 -813828714 10952839954
1634 9037133490 437097195
1635 11130335481 -4308209388
1636 -813828714 3546112912
1637 9766977454 -425896224
1638 9068002923 6218476314
1639 9972001498 9422850470
1640 3731831448 10805107006
1641 -2226401896 -1188513800
1642 1077867015 3557639641
1643 8179544117 5998426533
1644 -1034403867 241164767
1645 640335351 2817771802
1646 4520533582 -6954556263
1647 -158229129 10327239428
1648 -2256613763 -936012784
1649 7727738543 10529596113
1650 382602239 1940717292
1651 9816787499 1982755389
1652 14586922061 1975199580
1653 -1001827056 6424743056
1654 1112316840 3288921750
1655 11629815401 -4959308392
1656 -959996525 7215875772
1657 10709703332 939195005
1658 14656664297 9646448866
1659 9923101714 2431575029
1660 12520046458 -496676524
1661 19760652562 -8577618258
1662 -882875335 11273584043
1663 3672705861 -4959308392
1664 4184132252 3867011359
1665 13170444797 9386385839
1666 437010408 3747091648
1667 -813828714 1088620296
1668 -2341892685 -4640565997
1669 10316832260 889402839
1670 6516941710 9712319865
1671 6515284180 1223924963
1672 14970965717 11738462630
1673 8846726180 5099540618
1674 830771400 2184856527
1675 5672638853 10127853784
1676 -813828714 522419948
1677 -5283890381 17111473631
1678 4281223690 -6266887572
1679 12847738040 -2289729750
1680 9833302304 407939059
1681 -6155114575 7276226327
1682 -813828714 -1685611078
1683 -813828714 16124997000
1684 5965974306 10989906859
1685 8634367063 3420366086
1686 10534054028 -1820593658
1687 -88927269 -4520199624
1688 2633820937 1097783639
1689 2322751915 6060478375
1690 1165630691 3285325932
1691 10134139960 9438774812
1692 -813828714 522419948
1693 7315045241 10207881141
1694 12443695263 9531646559
1695 13519353616 13027453807
1696 14789530866 9645320381
1697 913223803 3001300862
1698 1282312831 3387605600
1699 -966934626 6600752923
1700 5929564976 163898662
1701 -1942857610 4634957302
1702 6405254006 11930567756
1703 4239225087 12138591489
1704 11329561914 4957759038
1705 9388357009 3412151343
1706 -5958824691 10942157446
1707 2216077468 16044421689
1708 14274380256 2721986014
1709 6712620693 10682879039
1710 14198675917 18511671227
1711 12461633319 13941860626
1712 256649896 1604508404
1713 7299253022 666666318
1714 -1701614523 -519313439
1715 4476303627 -6604819636
1716 -2835441373 5698374141
1717 6443785940 10065659902
1718 6221548234 10409069436
1719 5118199047 5786147777
1720 3466731195 11708273721
1721 8119232377 9944800805
1722 -3020018975 13527983457
1723 13812522193 11041597623
1724 10204045913 14166494166
1725 6059074667 1760565794
1726 4688237738 6084158906
1727 -813828714 10722978251
1728 3771541233 10871594782
1729 13655964279 18013977679
1730 7523748842 5459877697
1731 5165010238 6415294910
1732 -813828714 2434980375
1733 -2735935231 6753028352
1734 -5553435981 6984459769
1735 -603634652 11257983602
1736 12832297069 11119572011
1737 -813828714 2901361098
1738 4260364430 5286550901
1739 -9305753219 3970941093
1740 8452164921 1113039785
1741 8712555561 10152122353
1742 -1664197945 69070593
1743 5447629729 114809892
1744 -1675017147 4316586692
1745 -4090434770 7518191679
1746 9765214235 11216197606
1747 -3926770353 7457408594
1748 -1237427946 -795289287
1749 9830315221 10128512346
1750 14586922061 240218215
1751 14586922061 16090199127
1752 2068765035 6153459053
1753 -4317595254 2627931046
1754 7502589921 449300434
1755 14689788698 9867529254
1756 -2556389315 1313726269
1757 7440121428 10361565682
1758 1191498806 2549496192
1759 -813828714 -227348861
1760 6201899667 4805271598
1761 -813828714 -11779480262
1762 5743206967 -572423143
1763 9491236758 10939248715
1764 14586922061 2309517420
1765 6824725122 502835026
1766 8663494414 11872792495
1767 -191438978 2074804038
1768 -813828714 212897024
1769 4768617360 -6321841762
1770 12232005569 10367052604
1771 -1204131805 127883836
1772 7405820868 9702491614
1773 -648455945 2720141003
1774 14586922061 9381103494
1775 645420404 2255940547
1776 8853305718 10294399011
1777 6001221908 11139339516
1778 -3709126773 13017159244
1779 2737931547 5555268970
1780 10279463702 -513379971
1781 1327370112 3486947578
1782 5350784884 277807979
1783 12978999635 -5285905165
1784 12131725914 -5248897841
1785 8557475138 11927051518
1786 -4579462757 6041138079
1787 9365440178 12776091815
1788 13562929400 9413681228
1789 -977430653 6971192476
1790 19940923734 -4959308392
1791 6334829787 6181921002
1792 -1592493210 4312243834
1793 8558025763 10770048580
1794 446509992 -508838822
1795 -428757075 -2355579879
1796 906738216 13321659766
1797 5308674024 12877023835
1798 14586922061 16090199127
1799 4406449415 11947417076
1800 13699623602 17977576610
1801 5838838891 12470310844
1802 -1509496080 4097228917
1803 13642963226 9852397474
1804 -4536245845 -3240368550
1805 322753638 2090455218
1806 5575604729 6011893983
1807 13519353616 11119572011
1808 4280225866 6347725482
1809 -813828714 4369400804
1810 13994027420 18266216484
1811 14586922061 4173879213
1812 -813828714 3844083837
1813 5898029631 10699162151
1814 5113850935 11031831019
1815 2632391743 -4959308392
1816 12349387999 11119572011
1817 4692374587 6236078733
1818 4646113617 1213079784
1819 -440044686 3686816354
1820 266386323 2104493956
1821 3840728301 12156993304
1822 6430120929 2102550244
1823 5111020488 2893738119
1824 -651531300 10704894816
1825 -719649213 617620870
1826 947830053 4472774353
1827 6773970043 9815799713
1828 -1671145296 -205702359
1829 -1479983643 4556076506
1830 -2187880811 4808443062
1831 2980083548 608268973
1832 6698806934 168858032
1833 -3342099976 7222261078
1834 809653389 2581378781
1835 2530427295 3902945992
1836 15631940586 11576433581
1837 5420848238 4711881673
1838 5429101008 6079137555
1839 -13146053 1466058074
1840 5398433491 5964435724
1841 -2005882505 3999823202
1842 13519353616 -12652248789
1843 13744349305 11054470859
1844 9194339883 5581404468
1845 934375545 2289584308
1846 14586922061 2947643748
1847 -2593855540 3637447087
1848 3721080909 10574956429
1849 3731677976 4404118931
1850 3562712229 4998635901
1851 2865152424 -4959308392
1852 4135466352 10525859707
1853 -1282074184 350672077
1854 7157194258 10066140977
1855 -813828714 11962638336
1856 9507929029 11769657687
1857 -813828714 522419948
1858 -1677581093 4371648382
1859 10822429278 2765192687
1860 -813828714 522419948
1861 353107219 2107960938
1862 4752923911 6727836468
EOF