NAME : 191
COMMENT : tspgen
TYPE : TSP
DIMENSION : 191
EDGE_WEIGHT_TYPE : EUC_2D
NODE_COORD_SECTION
1 9558158748 10705036965
2 -6915632993 15390000510
3 74655576 9530567375
4 5793961664 12092953352
5 -4051001501 13350682078
6 997078609 8888677927
7 1306888512 18627798073
8 4900656205 11466086650
9 9728747006 609821917
10 11705628904 4375383168
11 1463352962 4926982925
12 11337890597 4159197404
13 7123551361 9327471205
14 4130379178 6961592700
15 5377887083 8460459507
16 5497269725 9702388869
17 9462047585 -14006085
18 5169451467 7913346600
19 3341472849 -236832816
20 9915656693 8331221686
21 11717877814 5818507188
22 8787326528 4113704608
23 6360469583 18627798073
24 6075530563 9168364021
25 -2024738886 4662538833
26 8481840258 1336509495
27 9247198054 6999433719
28 3350889685 18627798073
29 38023898 9823386762
30 6057425935 13817359245
31 10196600512 11292157622
32 11565325402 6712483474
33 -10019079356 13575856139
34 937951608 5265091364
35 5036592273 -119844617
36 7898395454 9453001485
37 1531043593 5319452183
38 4355133020 12833023411
39 10005773794 4995462708
40 15189710872 5519313350
41 3692783816 441552479
42 7717612546 9300030023
43 10144531543 2310499657
44 23166833571 4852870502
45 9697323290 701768224
46 4867687436 5246444160
47 3662821823 9239227027
48 9029519754 10324311994
49 8825218779 9942582044
50 21322336350 16792577143
51 -2996618701 8015967841
52 6207972924 3985238679
53 15354754626 2290798315
54 -1436946930 3433006338
55 3737886514 8588466612
56 6425866629 2009589004
57 6399402002 1294021339
58 5190382004 -3239632469
59 4622465592 7402531371
60 9655476793 10577302432
61 5017287630 5105670730
62 2423418927 7546495055
63 5407718860 7601921312
64 108548202 6668799396
65 3623099166 7115776156
66 3350606349 -542602089
67 6168027467 4022827260
68 4032112946 9646447782
69 6128086746 10518727354
70 3568082249 6938256209
71 2886248782 7110973255
72 12475415522 9559449311
73 2289059156 7672927282
74 1113836976 5149900590
75 6107485543 20863725131
76 6090679516 9226268584
77 145910384 8343280907
78 4647625334 7548407686
79 8026903251 10949417770
80 -1357414871 6897493228
81 5753124752 4413249735
82 7896190535 9360205574
83 4262477857 1416560327
84 2196086186 1049999706
85 4455075647 146725613
86 861942449 9770624549
87 8203984596 11583091921
88 10755822506 6764897486
89 6696747469 8779808693
90 178983225 9927641539
91 7811292169 3828798814
92 4384894731 -695278861
93 13124947699 9935722901
94 8666921348 2977309734
95 10421208615 3395136124
96 -1231580753 4559081017
97 5093946770 9190808035
98 6985632729 9442195541
99 -2384171489 14197451892
100 10352449629 5609672734
101 -96419553 4121079219
102 8599646387 3600379465
103 1774848398 -372000796
104 4597930338 7631285216
105 7783796028 3835257031
106 1144337914 9026477471
107 9929201237 2751448256
108 14929280436 7322840405
109 7060725428 10286066115
110 11764397297 -1365813235
111 3693673780 252387105
112 7683376294 9336406781
113 8170709972 10805555307
114 1006333089 9587387584
115 5472817237 1730616749
116 4650118862 5451175674
117 5827205923 9351448687
118 13994116703 4058128825
119 2865042514 36870408
120 4130145160 9734193845
121 9331511189 2095905434
122 6879853925 2650800075
123 10899610620 5905033757
124 1037516874 4896837677
125 3268974973 567112869
126 828716217 5766316002
127 7832311149 2453576021
128 360398322 7698041738
129 10008313696 4797535621
130 6299754671 9422745935
131 15189684167 3433176696
132 2886040454 7467929788
133 8663928592 9901174705
134 6774415381 8662648700
135 7949870319 18399314198
136 1051960186 6129548357
137 6561239502 9777296098
138 4959477978 9689500468
139 10053629099 18627798073
140 2785218755 6602139882
141 752653897 4734492921
142 -3001104630 12650958916
143 -481077776 10917824116
144 -2950718401 17082697233
145 5783134081 2479299390
146 10724235890 2308434676
147 11313194027 8353609033
148 1430037292 18627798073
149 5386791029 4757968904
150 9797129598 607850723
151 7780947337 2505073471
152 8694597843 11150642474
153 994306634 18627798073
154 -1153458080 3396010182
155 8279610176 3360481004
156 3212720650 -686327195
157 2358192014 9084920110
158 5065583005 690448243
159 1291161839 5258777709
160 5070794599 5055320798
161 15918023814 2095232257
162 3537392018 170871782
163 1063119260 4927368687
164 7017511809 3223464500
165 3979897104 8501139671
166 3870989725 6184334352
167 4068142624 -677215320
168 569705963 9595856373
169 8153180597 18576745872
170 5730350087 -4198241069
171 3806788266 6244747773
172 6914609507 9227400735
173 8087739766 3641941451
174 20746990859 15466829013
175 1888134343 18627798073
176 6819890204 11670722148
177 838508717 8972979115
178 7108263780 3062073690
179 10666804206 5690109310
180 9847026704 3207801901
181 4015476035 1086563426
182 3831043204 9115475332
183 106494481 19238161961
184 4865702336 10321930878
185 16481038902 -1867755767
186 10210086109 4539356055
187 12142500377 7905319162
188 5271829034 1388778780
189 3916236378 106351506
190 10098606513 5364044279
191 1548314580 420879655
EOF