NAME : 1922
COMMENT : tspgen
TYPE : TSP
DIMENSION : 1922
EDGE_WEIGHT_TYPE : EUC_2D
NODE_COORD_SECTION
1 4718594279 2369366293
2 7611066132 2576555503
3 19383435991 2034302065
4 7634650061 -4823487237
5 8972682210 -6764062360
6 -7210687458 16707006411
7 -2981939499 11024416212
8 8696890838 0
9 8612652317 1254577002
10 9651203910 1444973762
11 6547395801 9584242368
12 -721778443 6996231384
13 16742230799 14383855940
14 5965068099 6144776652
15 9216279740 4761351286
16 -3185865839 10869726107
17 4757123963 -959658407
18 3370311139 3499674626
19 -2617975093 5549628259
20 9393124453 0
21 9323295678 2733905390
22 7975019841 11944057152
23 9091831338 3799321052
24 9512005757 6058967222
25 18049942093 2149042523
26 8193243213 0
27 6876815511 9385892590
28 19924428081 2981685900
29 16435247979 1608324751
30 7785913452 -5042867597
31 6857612715 -7431048710
32 17015791586 15195137751
33 2252601804 2134367811
34 8663706803 4571129768
35 9115108805 4151441423
36 10000000000 166501998
37 3298711983 620942085
38 4432031910 1698033334
39 8003507534 894227251
40 1711957132 -871292497
41 4521299844 1933836661
42 7177278760 596980182
43 -2874392633 5244518447
44 13576462444 7628950567
45 9897617910 1573715213
46 2936866110 188278317
47 7069040462 -7843041379
48 4405687613 3429293673
49 2198788087 1206027166
50 8752560131 8353080131
51 -1453595222 7152752692
52 2933695355 215181302
53 8923894427 -6693304450
54 4442384345 3118237067
55 8315609819 -5811096964
56 3321405393 2155556633
57 9990021607 1344589643
58 -6158580873 15556773909
59 6107538127 7539784259
60 5468395013 2319689524
61 5104641581 6639857552
62 2541153758 16873026334
63 8941761502 10000000000
64 7747534106 2154274200
65 23131676133 5658985624
66 2368909113 13945122440
67 9362838636 -7329914127
68 9083488694 -11768438661
69 6104767089 8373954288
70 6935634264 8165186917
71 8854708324 1791919653
72 8996640858 3956845910
73 7989723123 11985064097
74 -12640295057 24581676272
75 6303076242 6641940943
76 5100209256 3355108137
77 1978059306 818075086
78 5154460749 6241563655
79 10000000000 894145306
80 3978435875 4175058731
81 -592080480 6655018410
82 1644757638 14046035275
83 3505473262 2985525082
84 -4515293134 11858487803
85 8293153801 -5778528548
86 5213954019 1921994974
87 2553543349 2365759945
88 10000000000 344006598
89 9467957806 10466418349
90 8755509327 33064450
91 8990585261 4047182616
92 -3196587804 5338064602
93 6253651089 -6254156058
94 4254887938 -2486131462
95 -2744651713 7647499414
96 11116352200 5982281793
97 8801682603 -11219305231
98 7127974155 1989756513
99 9154555043 2323343458
100 -1122509716 10726903104
101 43423225 13201097065
102 6241711269 996574697
103 8145493202 10000000000
104 9122406220 3543909359
105 8901292408 2483717486
106 9536532349 -13849937347
107 5785070063 -5778419106
108 -841430186 12275185552
109 5356313700 2333321487
110 -3510127262 3921695131
111 6871576195 7117077007
112 1578550214 598325839
113 2689459093 13802043590
114 4894645423 -3605968301
115 3556247410 2687590531
116 3119317508 13282340993
117 7894672998 -5200603769
118 5904000750 8400984970
119 13582261684 -22554590528
120 9873149862 535152154
121 8669067384 894548496
122 2811330070 3165216204
123 3205055673 63380692
124 7040375072 2703792912
125 -13310958816 25554353503
126 3186812537 -182824642
127 8803305214 5323698803
128 10000000000 0
129 7250947258 10000000000
130 8717463028 11825087923
131 2823022635 1231609035
132 10856613645 -9496366273
133 9258761622 380852878
134 5592895292 3185415193
135 -3035490204 5812550704
136 8866041612 187889689
137 3209095813 3179966767
138 7653642890 2266420273
139 9271563402 2415699219
140 8069032760 9782190158
141 -3964284672 11998682706
142 2165110157 16050860943
143 9176974691 419643077
144 4417878745 49133359
145 2919283634 18383926
146 8261628927 2693393537
147 10000000000 1252940534
148 3474709686 3492383328
149 9013343816 902607222
150 8484005844 2733024095
151 9462215137 7255925596
152 4565231792 1431724110
153 8804291866 -12274473710
154 6902053713 3016496223
155 -1708154156 11901097976
156 1491099867 287625549
157 -7868752313 12112414388
158 8993540557 1861585228
159 -1469054722 11307422024
160 6038264581 0
161 5731258904 8654435412
162 20051452100 5000405074
163 4984913359 943407576
164 9912626571 5773539032
165 2498976698 2398140496
166 9849317470 7710769574
167 8617704904 557814617
168 4742599516 2868324789
169 7743211123 8313328048
170 9812357062 485386588
171 4501479889 -279387085
172 10369920710 -14275207838
173 8427269260 13589657118
174 -2221656130 9471313239
175 7665089999 7477744852
176 8069355815 2173651547
177 2176414230 821440340
178 18300218424 -32705585255
179 -3727066475 4965338266
180 2054566926 1323580317
181 -4653512430 -1231359855
182 7227376541 8895708222
183 8092966738 6745675185
184 7199709306 8832445866
185 3898450522 -2589292938
186 -3449766870 5478204746
187 -10061713887 13777663732
188 -4296545547 9567813320
189 2184226409 1601177480
190 -5175210643 12588843155
191 -6222597397 3479544284
192 9903789285 3870731053
193 5118721623 4683806758
194 19156033531 9238728362
195 11738144851 15381709084
196 5060413918 5685347798
197 7690599445 -9054224622
198 2612487476 13834774106
199 9770072603 3601563355
200 4346469890 -54572943
201 1829050795 132007785
202 10000000000 0
203 -5088280837 5521218939
204 9509724543 3484279479
205 3339595945 1331626594
206 9744121243 7206014600
207 716444404 -1356606024
208 4931424997 2198178481
209 4631736872 3807783017
210 9903789285 3592651446
211 1631160090 867619888
212 9774539624 1232536766
213 7998934692 9266773209
214 2887853680 13402221163
215 -463682941 7356118137
216 -9822439284 25072060437
217 1610380485 783642580
218 -3562290442 4013806368
219 7016087086 7020365308
220 7908981587 22649185235
221 2691606068 227863817
222 3259526190 -419739690
223 8036444763 3515645544
224 7310139598 -8312852358
225 -5156818223 6454743148
226 6937327297 9501013682
227 6483743157 8112469713
228 1840319387 1304254599
229 -3230993053 4895028712
230 4671564594 3369428969
231 -3027570681 6533219648
232 -7430176715 12262769317
233 12426548394 9567638953
234 8466232639 -6029548291
235 4935108027 2964130705
236 7766861884 9122569199
237 7769464474 9308833173
238 5958556919 7606573694
239 3917362203 567770624
240 1923387891 -2718248852
241 8876062094 0
242 -2525381192 9344094779
243 6432155243 2146346943
244 7867586725 -9399105853
245 -3185942942 4977059929
246 -3056732370 8326157448
247 -4747440984 6434189963
248 23421437585 13135666955
249 4304252412 3102388776
250 3231741657 3359092392
251 -6948478251 21398209972
252 4087519106 1956788521
253 6880287872 10313726
254 9214417073 2151441852
255 9712141514 7962377549
256 4738221555 4877989820
257 18934088596 545471027
258 -6120045960 3738962868
259 8939836028 914742134
260 8007314790 3015946841
261 -3457788183 11264100590
262 5304974452 2549288451
263 9100620676 9803062979
264 5282616190 2440585311
265 20286408707 -33598690266
266 10000000000 1608058666
267 4495051018 1804043658
268 8425385610 13858140739
269 8590840835 4162259274
270 2040937471 1491673305
271 8265937973 10849759950
272 7066901038 8149308854
273 5592833258 1393416244
274 -755349083 10389038719
275 7123094648 6551954549
276 -2586111843 5939826319
277 -1622727528 7188863934
278 8727721935 2540666153
279 9197635077 329173531
280 19301824643 1744606764
281 -2535520654 6021494201
282 7378393136 3864924616
283 8512199360 3850809885
284 1939685792 1114918125
285 9651658324 8733954455
286 7881570078 10620463704
287 8751224124 723618772
288 4144592761 1196035399
289 17255516061 -18776824036
290 8871764032 3065230046
291 10000000000 113195484
292 13113589685 8820964809
293 4560897164 2228994955
294 4126144203 3881493480
295 7972165351 1903574816
296 8284523106 6388763619
297 8887418822 10000000000
298 -2683297470 5869423324
299 3823569305 4198174551
300 5810929761 1108201092
301 3526144255 -1017864300
302 -3880277230 4228346674
303 18592289803 -33333996067
304 13663776734 5246476519
305 2462073579 2207365350
306 5905400879 2211461997
307 3064823783 1456165722
308 2481396863 2083018522
309 5758863318 8290881771
310 4909500990 2118984103
311 10000000000 1202294893
312 8818669987 4151441423
313 8898558399 2536106566
314 1737781998 1128633522
315 8133334117 6329224166
316 4226463377 5325888542
317 3065140427 2496695427
318 10074405359 7594075688
319 3827872763 164883442
320 5843119083 2174088312
321 3419676076 3365541065
322 4871231347 4498865177
323 9241308479 -12075969697
324 10000000000 1422827120
325 7226336989 10138435409
326 7720259934 -4947648970
327 7471562613 8483150160
328 6760918654 3220401206
329 8641194749 969383891
330 8817006897 -558099274
331 13118686136 10769078647
332 9166560983 14844144966
333 4600106657 2941373138
334 8315473473 5778502545
335 9711730125 0
336 397479743 11936099838
337 -1104560803 15071937500
338 5539073589 1703439792
339 5910643645 6745979243
340 9594689818 2002449427
341 13047821154 15568749803
342 7746534238 -9163220366
343 6726530902 736169030
344 9436292222 355102943
345 9540757940 524363480
346 21724297053 6487206382
347 7945730294 2733340984
348 5180395201 1304981117
349 8756347101 -11130963496
350 2100852663 13756936272
351 -3534476687 5405198332
352 9020711168 -12740114095
353 5382920838 1125941937
354 9633191420 -7722012244
355 3862533853 4467906770
356 -2886871679 7097294915
357 8532789375 4131348618
358 8227624998 1764992346
359 9389391462 4814526595
360 3229862449 -361936284
361 -9912865703 11040693364
362 4226536521 971475165
363 -3510359204 5619804391
364 8799959183 6899617153
365 -8318781099 22141999660
366 6420761098 9089710979
367 9315328160 3076251169
368 8878418006 1923214478
369 8980559692 200543801
370 10000000000 872269329
371 7557875907 11459299082
372 -5756803383 17149674616
373 4914208233 2753121050
374 11318160068 6529216998
375 3204636014 14652182563
376 2410701533 13412042186
377 4748455600 2327950383
378 7651916628 2676157666
379 5328597840 734085643
380 7282716388 11085924995
381 4660663344 2036280609
382 1586616176 -723853577
383 -290703014 6706188760
384 -3903322247 3369720918
385 -6860076457 7291117561
386 4062005643 357991314
387 3734960933 3032740642
388 -1164543162 7938160894
389 10000000000 275240583
390 7456232538 -8597532211
391 8278214394 3079916756
392 -3196004604 10884430563
393 7039228451 -3959935218
394 7917272779 -5233380688
395 7321448539 8994790394
396 3736493956 3413334399
397 16442503569 14348518420
398 2818021513 13770719953
399 6079406193 1655876525
400 4202413890 2931564073
401 155844206 -2352153599
402 8670450578 4727299337
403 1430870976 341567614
404 7494008737 10000000000
405 7508718338 9784527941
406 3350348761 3753309905
407 3990913423 2737436222
408 -5869744673 7132329926
409 10232964801 7727765209
410 -6095673396 14232869162
411 7801601928 2346354326
412 6227325352 601639449
413 4421945675 3585690534
414 20492882034 10931364335
415 4013354910 15957393767
416 9624405107 2164860058
417 9146560751 -13010887764
418 -3498436904 6664028083
419 10000000000 1704200611
420 6628169571 7415088379
421 9791015952 11468515710
422 18277674609 1924569049
423 18503006932 4144980393
424 8588045834 2123774947
425 3792431701 2283487812
426 -1726489739 8540921607
427 -2235382145 6561665857
428 7429084875 8843340770
429 4284759720 1034046481
430 9109316958 853879531
431 4439570133 1659191359
432 9574574157 0
433 6785808381 -3592394957
434 2842730105 2710391623
435 8009345007 2242133893
436 9036616584 2236668713
437 4428921211 1192163906
438 -2808753770 11405041546
439 6224264526 9244062013
440 2542226429 1069583621
441 9643989790 6249371411
442 6476153741 8104476093
443 5476491239 3587182318
444 8717642270 3180584708
445 9586209170 6010974546
446 1257302130 16391539641
447 2989024941 -1313186805
448 7451030914 -9362843624
449 2123158996 15719952001
450 3797087501 3980372834
451 -2460775219 12290434626
452 3614207301 3983472262
453 9456826766 2172289072
454 5307349749 6873422841
455 4497608153 2582266754
456 9552863934 22411880
457 2680390924 2292501773
458 5712378274 5771250298
459 8711891108 642824878
460 7512517655 681035660
461 8971319472 2998741769
462 9477679696 1059782831
463 2330938031 679390689
464 10081407928 11901742291
465 10000000000 9006361873
466 2773983036 2370622829
467 2490754226 921348717
468 3116228827 3376650549
469 9989877346 494039558
470 7873983321 -9411570400
471 1043967060 -215097991
472 1759575753 14610667018
473 -4418476611 4588814795
474 8930937137 -6703518635
475 4689002464 1653074501
476 9030967945 -11666095595
477 -487439790 9963878592
478 7614301592 8662728688
479 -994041642 10767833191
480 4971308235 2932434262
481 4125281143 3050498058
482 -1317342597 10628189759
483 4020986143 3968889346
484 8977403558 384695878
485 206769026 13048194616
486 -3773310910 5255463908
487 3188198091 -191077987
488 5512422679 2573311756
489 8925811059 339221561
490 9470890593 213903224
491 -3511925922 3938687349
492 6281933437 1878562569
493 7236363407 3910901649
494 4898061993 943869672
495 3040734638 1831249701
496 -3896715330 4113870443
497 9830142533 9994466910
498 8548591280 2111654536
499 6857181940 8505797449
500 -8261066023 10301007947
501 8597677482 3857126611
502 9348199450 4173448050
503 2994514518 13356838544
504 10000000000 10000000000
505 2752650242 13813305317
506 8443702804 -5996872815
507 7851546306 1785927437
508 2095560443 1076711172
509 -4206723037 7941258847
510 9036709003 -6856921714
511 21929343678 12301074906
512 8723551397 4732134422
513 9587561937 9666278318
514 10000000000 1235052903
515 5681358527 1560597186
516 2390140953 14374484331
517 10000000000 7989904357
518 3330279646 3469243679
519 5917760816 9152475574
520 6245796652 9893964448
521 2173831125 1494664040
522 -9386941044 25047966370
523 4584040534 -399126460
524 232778347 11755691073
525 -3771310743 4336291495
526 8699902344 9699029633
527 3183798904 1595738214
528 4677790318 3921447003
529 9710137280 -49939019
530 17643718518 -31293082458
531 7204003504 3825102166
532 18407617136 4133441647
533 8825733015 2331458206
534 -3523573229 4574848320
535 -11240979259 14673151784
536 9047333923 4454494214
537 8689671587 2916449907
538 6993116780 2531209955
539 4516449749 5274721286
540 2920576075 13282277450
541 6843951508 9514369675
542 8486694669 4297768762
543 1728801745 14275421071
544 3546813401 -425373625
545 19267794981 2128528672
546 7505388981 2988717767
547 3724830731 3129599341
548 -5780395069 17195645885
549 7826643391 -9319322790
550 8280689097 10000000000
551 4823874888 6364198621
552 19867098177 4695496338
553 8879404560 649069628
554 7714578304 1803304111
555 3403801502 14010445553
556 -3621468558 4058416913
557 10000000000 0
558 9375579341 4490578083
559 3737276215 462973520
560 8922044569 5326027191
561 4003659344 2689563480
562 7376566466 10000000000
563 3587382416 4544633377
564 -10140597251 13637033849
565 7229151158 10000000000
566 576454908 11877197853
567 -7751977721 15822814051
568 4967339244 3500896447
569 8251916276 2121249402
570 7030715851 2201851278
571 9050514946 3638987039
572 9043496988 -6866766467
573 2299963066 -100642479
574 -3263830678 5580003971
575 4604103318 1452789341
576 9496491632 1068773876
577 7325061452 2443574610
578 7542821313 -8766260966
579 9054747433 0
580 8684196219 1856661341
581 5179982370 7719815443
582 4564076652 1692054541
583 6655123728 6531506696
584 9538196708 0
585 -4492078073 5236357316
586 8969536847 3715926046
587 8028325215 9040138186
588 8854676417 5503586537
589 2733629658 155191807
590 18135061635 961454272
591 3272664472 3482217934
592 7933018548 3336510935
593 6574565703 1600414759
594 -3771806983 6386556614
595 9608721930 661562790
596 9257858037 -7177658637
597 3519407987 2169365000
598 -12551275153 -14315954776
599 14321543983 16591789430
600 9907982992 4861903988
601 8166237765 2735835969
602 3922000494 14968493521
603 -1196594690 10867651448
604 7214079013 8881702481
605 6828817265 8895380578
606 7644541967 3815241245
607 9058901062 3150664935
608 7434341451 3738695097
609 10000000000 505119780
610 7950600464 1738865628
611 9852641485 -13267226381
612 5225669050 1085393987
613 -798326451 6941152106
614 3735455799 4054772378
615 5255452280 3822442405
616 5425376093 2875640024
617 12258942239 4933585441
618 9488464831 11622799272
619 1569484879 -927579235
620 9211903888 2402706241
621 2344615904 671152141
622 4182592875 -2330583873
623 -3619617192 4871182914
624 5547023921 577227559
625 9531629466 -13839388471
626 -2876771438 4941108110
627 7885233358 -5186913267
628 4187316195 5606334925
629 -3578121483 14611219528
630 10000000000 527600911
631 7729444161 9424515431
632 9791656759 -7951837735
633 7138311814 3589213853
634 9487352947 10303880295
635 5491422811 2204202305
636 3897992144 3474235955
637 1511252698 266853017
638 7649728936 7901851243
639 5404716936 -1589370065
640 9455906939 9478352610
641 9079057368 -12865649789
642 4943164834 6563196891
643 10000000000 8204169576
644 5912028183 555557357
645 1425467471 318758505
646 18207815483 6999248267
647 8558589667 5957386700
648 -3245457100 8808896479
649 9925053701 -8145306021
650 187460033 -2633158790
651 4731355646 2022860623
652 7588920049 9024000084
653 3350535007 755013514
654 1020446371 12169890173
655 -252994996 -5708549710
656 5865444131 -5497687604
657 4865439778 -3549057551
658 4153289668 -418652591
659 6936339563 8589170924
660 8150742323 8123246504
661 10000000000 0
662 1459550594 318607454
663 -2742658021 5868026247
664 8054097004 -5431819633
665 8847549673 -11308682795
666 9296850874 2916790724
667 -4002044845 12053447049
668 6814497415 -7993299869
669 6712464012 9030350864
670 4977950630 2822500741
671 4299595448 2028459785
672 9463089769 5957386700
673 3356978155 13706353120
674 -4627100632 3414161492
675 9429770685 183203218
676 8860830194 9118512976
677 -4813277785 13229994611
678 6136303550 9770025260
679 5959484844 -2393961198
680 -5023973271 15721666051
681 3571346064 3579760347
682 9914849111 5510506702
683 2315133742 2043355545
684 10000000000 494851126
685 -3641134724 5723665148
686 291541677 12040489844
687 8521342354 640742648
688 507007502 12852261633
689 9230432540 1926884318
690 8383492886 7742410552
691 8966262842 -11540009836
692 3816327119 1433472908
693 10000000000 760094025
694 3760998061 3039169602
695 3778819399 3953604684
696 7367764620 3370228743
697 4155499523 15935829773
698 7984396613 1911303137
699 8154851093 13002714512
700 8786483222 3860851900
701 7669481930 -9013074577
702 8756136681 3175749196
703 3387070739 1857775065
704 -2426280017 7310072653
705 9577801658 1294775815
706 9509737013 93922561
707 -4418054292 5941006391
708 8205657495 -10057877849
709 7822276924 9522292368
710 -1334597501 10872295044
711 8159477559 8351449166
712 -1249506162 11173244017
713 5726575822 2335430681
714 5295984400 1858084093
715 18410047383 -227105076
716 8740345768 8636226957
717 9514664232 -12608636614
718 7446320076 5060305269
719 2369065012 2069030157
720 4925931204 6174323305
721 8952770548 4976740075
722 8923687807 8923408985
723 9693568723 5686100724
724 7554464146 -8788948442
725 10000000000 10000000000
726 -9321616203 26724611565
727 9341238668 806617809
728 3175730017 14149240352
729 7580592251 9267735826
730 6734993505 10000000000
731 5320196781 6300315568
732 7673962359 6136478848
733 18527206350 -33193964729
734 2141185105 15060944417
735 -3299265894 12360864053
736 7463754207 2514153504
737 -3311368315 5353072747
738 7562283977 2466195048
739 3184079685 2017542011
740 2779891729 14340070741
741 8889919984 3746214767
742 9860383283 9608897009
743 8596340873 4535346699
744 6359922679 -2974724299
745 14530559104 16350451124
746 9014380713 2003056312
747 7832207687 1863244392
748 6641479810 -3383072309
749 6689949120 8329657987
750 -477816066 9961490505
751 5894500079 2442609992
752 8348461218 2886763727
753 8228063938 -5684127400
754 9736501222 -7871844543
755 5910089891 6233500951
756 -5936901905 17500618482
757 9477200025 10000000000
758 6034163117 6848588594
759 2355637282 517945925
760 -689595005 11397929977
761 9649104911 1034630184
762 3951177683 518727349
763 9471370544 893672649
764 8562765848 1857961394
765 9469826727 525278257
766 -2013645413 12175799664
767 8535746886 -10701097157
768 5602113583 4072522992
769 9420395203 -7413389580
770 8117165470 1678719581
771 -2626219439 5538820279
772 -6994656130 19561781183
773 4491171034 1602714177
774 3097309569 307497828
775 8328331780 3014260885
776 -2540199164 5911038533
777 4354067699 0
778 -926763705 5603065112
779 -2907708808 7638467050
780 8450614545 3339370342
781 4789597338 690341433
782 4578246432 5945383026
783 7554554501 2942331838
784 7959881721 6121838322
785 7649159660 2142396103
786 8032890765 6934525366
787 3820759314 1961918339
788 3387504415 4366134052
789 3663035762 3499640904
790 5712405170 8054440757
791 5850529279 1638513412
792 8208310083 5186563033
793 5489105272 2864394804
794 2317373806 992631063
795 7864022525 3329023134
796 8192767362 2495059872
797 9256782705 4468723672
798 7641918270 9813893274
799 4739447010 318101024
800 2042794828 523278111
801 7998409757 -9654030436
802 5241350114 -4281564541
803 6138729921 7749081438
804 9356884342 911935028
805 9903789285 5447165086
806 2885371291 2293449502
807 5035143460 2392794682
808 4503747276 -282675521
809 3686730140 3762149783
810 9596634208 8270690745
811 6865050551 9356581608
812 9333671568 2080695420
813 2823525112 14651147015
814 9180163764 -13083186860
815 7503433538 9186467722
816 7056567047 11069147976
817 9050138766 5999543583
818 7551749738 1997161590
819 8483649403 10803614055
820 8966889396 4151441423
821 8445021297 809463663
822 8838120468 3005911146
823 5755952342 873744200
824 -3492779962 6903605962
825 27086068532 -33034273370
826 7591856681 9141496986
827 8184247563 1607719035
828 8928770972 361287596
829 10000000000 0
830 2320601331 13445121314
831 5791196622 -2149889382
832 10000000000 342378214
833 7001190751 8665525081
834 8129766033 -5541563959
835 -3961220268 4499705016
836 6668458860 -3422200571
837 7914754445 986087552
838 6431186674 10000000000
839 -2909009614 5547370510
840 3081342359 1798219118
841 10000000000 1365932533
842 9903789285 6278628832
843 4091490882 3696751149
844 5117463831 -4040157057
845 3962403167 2002058773
846 5875986589 1225510881
847 6960231384 8614335197
848 17698312806 3055887002
849 8767431372 1829165084
850 4522547917 5847190339
851 9341763805 2729638328
852 8827606856 522593992
853 6060923305 -5878602540
854 2189783112 459332635
855 -5295320734 2619708652
856 9750446538 206082795
857 3498367198 1175447566
858 8525745715 2624171314
859 -508399376 12738066866
860 9691345837 432027843
861 8066820132 835958561
862 3739934604 2749793368
863 1711297075 825926113
864 5673267710 2590821553
865 -3319680496 4942017958
866 5801749511 -2165194449
867 10000000000 1315188153
868 8653619531 -10930786335
869 9556115909 8129123312
870 9060838287 1064481718
871 -6397197848 18397561085
872 6878633992 7772416188
873 7146108273 -7993217379
874 -3436797317 5156337920
875 9332604234 2022252174
876 2612604979 485699410
877 2575986016 425057168
878 -4400910808 14507553097
879 -1486184245 10185078590
880 6861131298 8323020916
881 6863021159 3227093986
882 8133694972 9503197004
883 7278601807 4293161871
884 -3982712377 9342304033
885 -3327268291 8227367718
886 8928739785 1962875384
887 3774728054 1070501456
888 10000000000 2827049652
889 6343468293 7964723958
890 -2406688219 11661595920
891 886673662 16919266646
892 2887759588 -29197699
893 8329129832 2198681314
894 5255752786 3573775599
895 8765630880 467075979
896 8798036631 3894462124
897 5008376656 1974837502
898 -3193744094 15424115881
899 9562544246 4334087284
900 9384984064 619598043
901 1983598700 506113375
902 9816463943 1138892241
903 9530592724 2173937983
904 8027076614 9737999472
905 8506254158 1664867814
906 8164493785 1472542013
907 8116958635 5100721637
908 9646811303 566422528
909 8555428577 9550100934
910 2764284594 -673832322
911 -2649012902 5424254494
912 9806578399 0
913 -650393213 7143567873
914 8721151235 -12095591166
915 6891182840 3136880178
916 3783313369 3571102901
917 4843035144 -3505399398
918 5900451646 1226106147
919 10000000000 7992377633
920 -6528999032 2949838396
921 9819806668 1175172734
922 8317428252 1454855842
923 -7075897797 19720090448
924 8791982778 7422626184
925 17305550674 -30565492065
926 4919538402 2137115995
927 -3890185447 9028553082
928 7360800382 8559441601
929 6949339357 3999446735
930 3004999132 15587688008
931 9463089769 6249371411
932 9148860860 3068498387
933 7835869983 -5115320564
934 7556006550 3403792248
935 4692984289 0
936 1810068166 14222158354
937 3059168964 3147954339
938 9960470732 3089613770
939 7874392942 2101235155
940 8019544582 1800939977
941 8522728227 4577158788
942 5964298204 191361594
943 9903789285 6088007974
944 7464012607 2559016958
945 7425268191 2388602061
946 7903089180 3232784703
947 8979470941 3965010964
948 10000000000 572641531
949 3719413564 -1315886148
950 4236849239 4551361089
951 8997237686 -6799675665
952 6319952261 7100198634
953 5025074289 3687276399
954 8705688853 394880247
955 -3485858157 11304811041
956 8192323930 189191583
957 6372055325 9516425386
958 -688608853 6978069530
959 8744560283 4535346699
960 7634363373 2319178187
961 9205184210 10006731643
962 8136767147 3344637337
963 4159915044 -2174256834
964 8382989615 10112868022
965 2982103627 14053535507
966 -195574539 11273773730
967 7509275037 1816915161
968 4759499488 969751076
969 7000918959 -8394398101
970 5362476399 5226028596
971 8531198583 7969148829
972 4273192378 3770143400
973 7725298699 2283539811
974 8251142004 1684603186
975 5081164918 1917934993
976 9101289728 6249371411
977 8869929757 3015029801
978 -3399086320 11178964089
979 13869524255 -13866051548
980 1859753036 763217192
981 10000000000 499109252
982 8481198942 6221875548
983 9184402243 996534856
984 2053972065 16075768693
985 -338174851 13001922096
986 6851206308 -7418565048
987 -4200463746 6499680128
988 -1659735263 7569977407
989 5672494170 1054824700
990 4753964493 -645570619
991 9169043889 -13059261715
992 3283017419 1867714799
993 8390639398 4290880501
994 -4777525774 5236920670
995 10000000000 7715972010
996 3376567552 2877759354
997 10000000000 0
998 5260828539 1639725456
999 7356078812 9031265039
1000 8460867643 8761640074
1001 3142938990 1754345845
1002 -338174851 15442302462
1003 9002343889 5024946287
1004 10000000000 1666028554
1005 5159522286 1081761443
1006 10000000000 419352877
1007 3299553480 13678956225
1008 4198120035 5050003716
1009 9250712934 -12094295422
1010 9137379285 3914277355
1011 2096525653 -245519682
1012 4798028718 1312022583
1013 2453959466 2040092470
1014 -4032736207 4149675806
1015 10000000000 445655403
1016 11812712393 -17086662835
1017 17511199770 9055657068
1018 -2938273279 13469294315
1019 1682972105 240258580
1020 2017538044 1217866511
1021 7438499924 2934930024
1022 9012216796 925041966
1023 -2794936785 10302753783
1024 8654002865 -6301875253
1025 8739436995 10488299411
1026 9338922275 653673777
1027 9586126310 -7653752762
1028 10598133945 8537275314
1029 -155604346 12188411048
1030 4391572477 3802048547
1031 8596340873 4727299337
1032 5215389017 3471090830
1033 2304593241 620855509
1034 7157899392 3731099051
1035 7975821342 -5318294855
1036 8553001421 -10734719717
1037 7323943409 -8339750760
1038 9062142998 346026398
1039 -942428998 14027404407
1040 -3291198071 7412000626
1041 8458566713 3117830829
1042 -2738848767 6494243790
1043 8696242573 4517578316
1044 -9356419514 13242090740
1045 1314657257 13605459630
1046 10000000000 620402417
1047 4937066819 2909237289
1048 3800113674 737818540
1049 8337209342 4675917210
1050 4298601848 5810950097
1051 8320606521 4148708785
1052 11211452035 13091971349
1053 3198243792 1681833367
1054 3194381687 14327263607
1055 7581382789 9278345962
1056 8551046787 10519699701
1057 2976373819 13553191087
1058 6423737783 7691585867
1059 4033120291 5650039368
1060 10000000000 450819412
1061 9833358456 7787638831
1062 9167934386 5760508889
1063 7733328502 2200982699
1064 6139018861 6258206894
1065 3744664352 1452884369
1066 7940293427 2207723496
1067 3258436133 4051863767
1068 3849134252 381952976
1069 4918279666 3960376039
1070 5161524408 303790913
1071 5606921669 -4993925158
1072 2147672007 1548551035
1073 10211683310 -13966863026
1074 9381498198 8128786331
1075 10709951549 7656297565
1076 7075398679 10000000000
1077 7369701310 399550499
1078 7208740928 8876080096
1079 7584884370 12202821789
1080 4725303870 3554682555
1081 2126516593 80892397
1082 9903789285 6217864437
1083 6210351091 1641336625
1084 -2669075872 5514029079
1085 3816141776 2869923680
1086 8265852363 1762373500
1087 -2707295279 5459950016
1088 9314943975 2438493737
1089 10000000000 7316626287
1090 22115187256 8884643649
1091 9082142409 10849256952
1092 8214205983 132903762
1093 5370336966 3358951981
1094 -5928152066 11340055750
1095 2145636945 -1330376246
1096 2064762919 14376244688
1097 6635915168 8243496176
1098 7505073024 3213379672
1099 8554314045 2292998860
1100 8650530118 478885509
1101 3280817924 1061563300
1102 2162711958 914414678
1103 -3355207248 6164913800
1104 8111933537 -10784819156
1105 9795704200 9830290847
1106 7119981033 7901012858
1107 -3287093308 12337144289
1108 -3997175689 5578447594
1109 10000000000 662371705
1110 9899413577 3063239364
1111 8344808448 2803943866
1112 5021408182 2215909581
1113 -2179693828 6723894522
1114 5843478005 7807611273
1115 3378310452 3936529096
1116 8596340873 4343394061
1117 9894358906 7649129733
1118 7709438297 -9090934415
1119 8093437435 2430125394
1120 19873675084 11134455772
1121 3727653185 3634717507
1122 9643989790 5957386700
1123 9342083430 -12272341941
1124 9682967121 6899617153
1125 -3148053642 10814886312
1126 8818669987 4535346699
1127 6800200694 10926389621
1128 18723597267 10107228998
1129 9564125763 7893494309
1130 -2763675488 8144616209
1131 6141467495 9618357026
1132 3533107847 3427466060
1133 -594361472 6428292594
1134 3665599619 3449384667
1135 8320118708 2519092926
1136 12970351971 8376788368
1137 7373785323 8559117154
1138 7464261643 3850307616
1139 -4981875573 10505550928
1140 4324907714 -2495765111
1141 3341339177 3607727509
1142 3709202699 521722601
1143 9537371702 7831986973
1144 4502812531 1625220173
1145 7826175321 3530042250
1146 -4246277151 10122563459
1147 8252490514 2020482863
1148 8284045994 4598933407
1149 -7575439589 10396025316
1150 6950173268 -7611414201
1151 1719807391 285593624
1152 6568430569 2862371906
1153 9552226985 1370319363
1154 6359392463 5142266268
1155 8291194010 688437578
1156 2771041447 14454922548
1157 7837273474 2066503795
1158 4956826823 6109862594
1159 8114583901 1939014901
1160 5108917613 1166346898
1161 12636767257 22127923479
1162 2586600881 1825043478
1163 8140167032 12502035312
1164 3226565728 3884592172
1165 4315956768 3008231169
1166 4186098065 1810881229
1167 7432460224 9111714445
1168 4947180498 1503622669
1169 3302268540 3820358700
1170 8741374181 4237487889
1171 8479397457 4686067798
1172 7356850445 8595779902
1173 4261266882 3538670185
1174 4466213998 1357435713
1175 5120203623 17535553387
1176 2311631198 -291099161
1177 7896355820 -10320989495
1178 9284590395 171358457
1179 10002806454 11526367292
1180 8640102443 -6281715188
1181 9040999101 4727299337
1182 8918639048 5366765769
1183 9119558227 -12952790054
1184 3968038850 2862795648
1185 7030234717 3556849562
1186 11656252657 7950485022
1187 6580361550 2397754506
1188 10000000000 8135018406
1189 -10021990835 15107180632
1190 -657686269 7213425010
1191 8449078687 3353501688
1192 5198282231 1835659452
1193 9257036578 6062781733
1194 3855581007 1480717367
1195 5260615107 7701799000
1196 8799959183 -6513558656
1197 2459262272 1557542200
1198 4698886641 2554529470
1199 -5647746764 3863411215
1200 310293373 12450786220
1201 6191273066 9652821176
1202 4332761056 4009413587
1203 2025716783 1657045207
1204 2006418514 1087186259
1205 8377978012 5202999399
1206 9694377706 10526706940
1207 1487808207 532498902
1208 -2792140198 10298697836
1209 20051893013 10789044476
1210 2301277245 407083826
1211 3461938519 120842885
1212 2305712643 -142884601
1213 5269211785 5550769990
1214 1238118725 16526308023
1215 -2933864584 5284037863
1216 4466387634 3331725647
1217 7738910554 10000000000
1218 5386099892 4484955603
1219 -3160952825 12091344223
1220 2437286951 1149305551
1221 9321128207 1208194331
1222 7686422432 -4898573755
1223 9346990832 -7306929735
1224 9283088117 -7214250333
1225 3085261452 275450999
1226 9903789285 4543305820
1227 4339663553 1807303635
1228 8471886826 2508268354
1229 7314557408 5780325846
1230 7706574549 -9912662589
1231 3063430245 13652093460
1232 7443879998 9700044499
1233 -3105931269 5570349967
1234 8380989730 9809310634
1235 7288868907 4397072786
1236 3863285657 1601070055
1237 4814399051 1922850352
1238 9104172473 15422287527
1239 10480183873 11487303840
1240 7377587693 2301835418
1241 -5445725022 7276029047
1242 9811712049 1284074930
1243 8753984585 980778920
1244 10000000000 8122978189
1245 6908842997 8032989220
1246 9366754877 195735876
1247 -8253625337 24039024219
1248 2260089066 -2471982285
1249 8137703230 -5553075435
1250 10000000000 9033894588
1251 8305285028 2538747767
1252 9163099549 -7040228483
1253 1670174465 453282654
1254 21355589208 5877388910
1255 8110029701 -5512939956
1256 8289891896 2069950353
1257 4284575381 35193916
1258 8444507059 2529060119
1259 3637135973 1349214078
1260 9921871080 6737128221
1261 3079129431 3333121216
1262 -4914658002 5753946743
1263 8462201640 1885008626
1264 1854877750 944658414
1265 8358455214 -10355622781
1266 2661988038 681817078
1267 -4518992592 8338990640
1268 1928297891 1003887520
1269 10000000000 1362161260
1270 8492090518 4183993799
1271 9753941341 0
1272 -3692582606 13127289481
1273 9837891045 682797145
1274 -11470588810 28283680158
1275 -3856684396 3765565684
1276 4056059277 1701292094
1277 4273078149 4282504691
1278 8137703230 6187000269
1279 8921926646 1958408244
1280 8276286501 7187220407
1281 8931357541 7988605509
1282 8840431714 2220183000
1283 8463596057 3221830198
1284 9477482335 -12536183168
1285 20063114746 4613182461
1286 -4172659781 5807994832
1287 10000000000 0
1288 7735199150 9430576924
1289 2401275304 1925714947
1290 -842550901 11240569005
1291 9421429151 547398558
1292 -6220422610 10389401658
1293 5061521410 2684235158
1294 10000000000 1632506726
1295 -2832271994 10356901793
1296 -3184575853 12137376564
1297 3951762520 651151265
1298 -6130033607 19524629806
1299 8602645318 2106495895
1300 3905885896 -1735230578
1301 9223352604 2284459258
1302 7363028842 8607414604
1303 3539267821 3343973570
1304 -4178019442 3651990799
1305 2849264815 1923784376
1306 1865675811 1097555577
1307 3522591280 628605576
1308 -5169974469 13747319036
1309 5073242919 97836
1310 7969429763 -10478212899
1311 9325760969 13571961058
1312 9785206340 1237210671
1313 9898546402 1176811088
1314 9323566519 498067229
1315 -4575995601 12550110350
1316 -2826335366 5675838540
1317 -3042603504 9436785438
1318 1115198545 10788409171
1319 9509057038 4131518147
1320 8677991918 2108349743
1321 9576360600 26223478
1322 8768528841 11568697337
1323 8161088449 5171501437
1324 7112985881 10000000000
1325 7496714916 3690840647
1326 -1354808167 11340353614
1327 7772045185 2184560201
1328 3133924207 -38174333
1329 10000000000 435965435
1330 3853622117 660214162
1331 -4969247744 4825186391
1332 5797995735 3231897497
1333 -517214719 6800712264
1334 7449123859 4417496028
1335 7179701126 -8779059711
1336 7415620451 -9286655681
1337 2983756288 13798019699
1338 2761302604 13748251745
1339 7169810924 -8757780290
1340 4271727050 2676659640
1341 -2613370373 10039424339
1342 7222399613 11368115466
1343 5218268976 4487327410
1344 4330836194 1970044991
1345 10000000000 143198696
1346 4658153917 187973388
1347 4875124079 2014334088
1348 15552663302 16284540589
1349 4566828924 2412883264
1350 11277052870 -17594781907
1351 21636051247 6899765762
1352 2622296952 1283618885
1353 3699996330 14817696665
1354 7551061045 8568199626
1355 6522818816 8211244289
1356 8126328045 2749221306
1357 7154115705 8818545591
1358 4700840086 2701275474
1359 -3278127313 5013113526
1360 3354421378 1716166495
1361 -6142565159 19199652413
1362 8798181740 -6510980795
1363 -3351406367 4389751751
1364 -2668597090 9639292029
1365 9308166036 -12206249775
1366 5938463178 5227928593
1367 5866099844 8001009619
1368 4012702131 4108323719
1369 -3135372332 6511821961
1370 4000322150 3713655706
1371 9584345692 11282605064
1372 7286868448 3166446618
1373 9650183941 11447551772
1374 6810856313 1128838765
1375 9021010737 5041226837
1376 8681756839 9788037571
1377 10307179019 -956569049
1378 8679200079 5197520576
1379 10000000000 8367393737
1380 7819886303 -5092139109
1381 7915967186 8377272244
1382 -2539918464 5646055153
1383 8187009424 2511671339
1384 9765095452 784675316
1385 7984857707 3068754639
1386 2949928955 14077451125
1387 8208027944 3490859034
1388 3451513627 3664947002
1389 -6336630010 5156133744
1390 4723803761 1743053053
1391 -4363909759 14435452055
1392 2290339320 2175958210
1393 5610180807 7192382359
1394 -3158984562 4718601851
1395 6396957778 4562018039
1396 8647904677 -11937996371
1397 10000000000 545063271
1398 -3837353249 9835942198
1399 5030319291 1101032327
1400 3903068643 1099298618
1401 2510164908 2509625198
1402 8733312665 57966441
1403 1635180520 945631803
1404 8092781367 8201418511
1405 7864517885 2349241687
1406 7842886632 8341376799
1407 9941900584 7151934709
1408 -828886622 7451351416
1409 4486884379 498237313
1410 8835199263 5283626622
1411 8474101725 6425669883
1412 14733901684 8276355923
1413 -10047114739 20820734340
1414 4289888245 3766656238
1415 -3389568294 5841028776
1416 9074270640 417385752
1417 7899222165 8774674449
1418 5112541089 2102312803
1419 3204068425 3531429441
1420 -24964889 15342850660
1421 8975406725 2970997437
1422 9903789285 4550561960
1423 -3781531826 5612625991
1424 -8366480561 18383276555
1425 9903789285 6209665885
1426 18338156857 2954637306
1427 -803529780 7497618822
1428 3917634252 4731064020
1429 -5517990701 5333436858
1430 -6886195986 6766420679
1431 6927603900 8508690969
1432 9679113859 1103089914
1433 9451381776 656126420
1434 8108477553 6275552987
1435 9036169962 385263821
1436 4978832508 309040763
1437 9228429042 185645109
1438 5367415537 500732803
1439 1656727203 914182954
1440 8288174625 -10218672509
1441 18566133847 2429665791
1442 -5229772415 10073560046
1443 8437255513 8532916467
1444 8854242605 0
1445 5579850620 18311249846
1446 7801737799 9500659351
1447 -1100085290 9486238016
1448 -9240571958 26550239533
1449 1556469865 710763638
1450 -3036695678 6537710324
1451 2357298194 -1459476158
1452 3596098863 1343260850
1453 6688052077 10000000000
1454 3522961926 4092363897
1455 7926133671 6015531572
1456 16542893675 -17743293358
1457 17823253255 2417463452
1458 -403008847 11239388302
1459 19864739883 9219230057
1460 -2818747790 10337287366
1461 8111293984 4864731852
1462 7575619829 -4737874495
1463 8838914024 8763417967
1464 2535340825 1730352820
1465 2717823842 15223801222
1466 -2983997785 11746525814
1467 -3932371381 15412919347
1468 8470716456 9685395298
1469 8651726547 -254039676
1470 -3250515341 5724314481
1471 5166432106 6338510800
1472 9689572777 -12949467179
1473 9772560204 0
1474 7605017254 9293461679
1475 7464195908 -9391168976
1476 5172497179 1254998656
1477 9249101481 833133446
1478 -940272684 10682504246
1479 9682967121 7612234038
1480 3135499118 13619367507
1481 8452224945 1907251895
1482 9710766624 615187088
1483 7309820549 -4352380417
1484 2682111309 1797826544
1485 3886748584 2110750813
1486 9872869690 -8069622493
1487 2013735256 13700872974
1488 -2730510208 6159096215
1489 7150657435 -4121542930
1490 7893121059 9948317650
1491 6556997698 -7439272265
1492 10023563578 12684470032
1493 8358455214 -10355622781
1494 -6768879076 7295842533
1495 9605857150 1148389135
1496 4385331158 2933935588
1497 9757758656 0
1498 9147475433 -7017568512
1499 9268911974 1164510231
1500 2919312670 15371956767
1501 3718892267 -94246093
1502 3115684560 14535783041
1503 16323950627 4570921898
1504 9193859712 4114466939
1505 -2916448226 7490399752
1506 5726730944 5189796732
1507 -4754707291 3483204182
1508 8775504639 10525835468
1509 8217542520 10000000000
1510 9403922724 1319283254
1511 2225037704 1693640328
1512 9349398259 -7310421276
1513 8033053393 -5401299658
1514 7762331527 -9194003304
1515 7780465127 1995925185
1516 2898724324 14273418017
1517 7613340694 2794441885
1518 7430668774 3574877129
1519 -6058407436 17737386780
1520 9852055384 573500509
1521 7160024576 8848999322
1522 8233718437 8417978180
1523 6904396726 305468859
1524 9109854883 763728042
1525 -4080405071 4891922821
1526 3509162024 2664846158
1527 8829638748 -6556603530
1528 7082303543 3547749996
1529 9254419871 10000000000
1530 7812960320 -10141558584
1531 21455476961 -24868112386
1532 7919889844 4516231219
1533 10000000000 201424798
1534 -5288910552 5198520950
1535 7998199524 9707584419
1536 10491386794 7689045452
1537 7049673835 7100691908
1538 18521292048 8658727737
1539 6388595533 1564170273
1540 8349036684 10202457572
1541 3708035263 3087000744
1542 7956556251 2166342242
1543 7742336354 3979779520
1544 8963625093 5077764517
1545 11546773119 13445151277
1546 19495232018 9834153690
1547 7352240860 3536006950
1548 9020711168 -6833719730
1549 10494480130 4302754372
1550 7949511371 8718383368
1551 7150423024 3777504784
1552 5053268682 6075082668
1553 10000000000 7926393269
1554 7637317133 3672617767
1555 3172291547 2262548654
1556 6022200094 -2484918395
1557 8077969930 1958113664
1558 5289444058 1414693364
1559 4390030547 982412853
1560 5024339552 4073310138
1561 2346940784 13775075396
1562 -3071596672 6851024223
1563 -2691487785 5630431695
1564 -425346364 12998307429
1565 9451283403 1003964431
1566 8403622910 -10443637526
1567 7684494478 8881773713
1568 4388225600 4344299522
1569 2167115759 1164527961
1570 3945811929 1533347312
1571 3674723364 267249253
1572 3203166978 13705373040
1573 4553870300 1681802270
1574 7700197206 2213473410
1575 -3071874914 7868573084
1576 -5057148526 10546356633
1577 10000000000 237079509
1578 9516296430 986480115
1579 8159417438 9876726888
1580 8036491752 -9728237833
1581 9385472249 -7362740114
1582 8802530527 2405543434
1583 3861336825 3164820158
1584 9861687508 762892693
1585 10000000000 6996109390
1586 4726635505 805503998
1587 -766608790 11023382530
1588 7983986295 4740278818
1589 3804079739 4075809752
1590 3943620161 4157416210
1591 9639563658 462271385
1592 2157910826 377111595
1593 9809012947 1230482864
1594 2241450334 -1617515680
1595 10000000000 10160051
1596 8306733832 -5798223941
1597 16628588013 -17867577592
1598 8358455214 -5873236509
1599 8912686064 504327391
1600 9396396893 1103458091
1601 -584833614 6759001142
1602 8550729204 3778323561
1603 3988049462 2481377609
1604 10315846981 7588021752
1605 9867219537 1336086882
1606 10875766331 -15260909527
1607 -3454282198 5444967098
1608 6542047237 -7407105362
1609 4429378029 4615764256
1610 8766450242 3670112846
1611 7521956498 3858073045
1612 6926621940 7493692782
1613 3253239252 13566121965
1614 7941785871 8679554022
1615 7932184316 2258270739
1616 8347307969 10022674274
1617 7409796710 11184120214
1618 21544496347 5763171874
1619 -4294124205 6102346066
1620 8585069148 2955662369
1621 5703772477 1505496772
1622 -4318181526 12511946480
1623 5434466932 6415492966
1624 9306152476 0
1625 6011828947 1314072227
1626 4787910591 1564970705
1627 6265198941 -6276658450
1628 6047096564 -5851659455
1629 9441950341 7996690019
1630 2815298996 2906995130
1631 -4440945271 6024693043
1632 6830797183 -7378795387
1633 8960313692 2130029733
1634 18090357698 -29319417898
1635 5069521852 1470216570
1636 1789034994 345991099
1637 3683787227 3767089914
1638 3826451215 4867418233
1639 -10943422813 27256433125
1640 7163095193 2588714357
1641 -3633170949 5169353510
1642 10000000000 1313824285
1643 9639540240 451464115
1644 3676313394 3184861955
1645 -3200365913 4508566903
1646 7861059826 2509210497
1647 3286173827 3581115650
1648 4237013030 1766580820
1649 9200440485 3920203957
1650 2059828951 606840659
1651 9554509521 2529352875
1652 10000000000 197671129
1653 -6438865895 7400908810
1654 8031002972 1704834215
1655 7994666694 2017077650
1656 10000000000 7744764132
1657 9392684929 4560512529
1658 9415784302 12424932132
1659 5652905479 7762265557
1660 7891538304 2023972656
1661 7209009355 -4206171902
1662 3125652745 3703214828
1663 -2167679308 6331343820
1664 3377501112 3162662849
1665 4370623134 3985395332
1666 9083243914 2050970338
1667 10000000000 1707475270
1668 2019282354 833987643
1669 19288519609 1507024614
1670 7124254352 6334553031
1671 7684277583 2533708405
1672 7559181029 9245184265
1673 8010578839 -5368704357
1674 3293857026 1919799610
1675 9163099549 -11923570090
1676 9953767913 5991856919
1677 8401705221 602536412
1678 7640366403 -4831777764
1679 2189436289 421573763
1680 6441716258 8735384555
1681 9846006990 8072832129
1682 10000000000 744994030
1683 4927459848 1644903231
1684 -4292275385 15959258557
1685 15761755924 14406214419
1686 2602098757 1828413232
1687 -4070399041 3799199019
1688 -6345367219 15452014944
1689 7789622875 1776617783
1690 6185437839 9833834720
1691 7578765641 8847097493
1692 9949055848 1197283884
1693 9934576723 1282608936
1694 5591941349 -1860905424
1695 1420792574 426078630
1696 3287385079 898174014
1697 7792838947 2399100778
1698 9482671063 745409529
1699 -3020201297 13912391751
1700 8879210519 4765418981
1701 7488533233 2424036144
1702 11181394525 -17388966676
1703 8136795867 4435638758
1704 7570172904 8801997168
1705 5088256862 5991528312
1706 3163153735 13522471642
1707 9511434640 10465765692
1708 10000000000 440461393
1709 -8555067990 15827343390
1710 835174776 14962803045
1711 8718712249 2298704383
1712 3405900966 2872114177
1713 2541280005 2308253503
1714 -3425654193 5390809737
1715 10000000000 1223250055
1716 7623436223 9517824981
1717 2899047382 1221777163
1718 8565086743 -10758269436
1719 7360113968 10976842693
1720 8533458791 -6127047741
1721 8341353573 2403332147
1722 315655254 13320618718
1723 7547941173 3189796484
1724 19155713759 4655826176
1725 9852449509 746945697
1726 6273936948 -6293685520
1727 9010391183 8721908221
1728 -4976700665 3806044785
1729 7594926313 2749385783
1730 10000000000 112630248
1731 9459589792 508588874
1732 -4354740481 11295299005
1733 7556162510 8994232325
1734 9331618091 7247409962
1735 -2985764361 4797884675
1736 18922677213 3227902398
1737 7031869913 3281954547
1738 1985851354 593606680
1739 4368184412 732492159
1740 7299523174 9695724626
1741 4700600280 910990317
1742 4138414002 4048619824
1743 5426018351 1437548345
1744 7647081634 -8969424877
1745 -7081683473 7723267414
1746 9869383880 1044852062
1747 2021010542 808550772
1748 -7538522353 6163468066
1749 -3075946943 10710308507
1750 7689889274 1886001954
1751 10000000000 1515764378
1752 7277800501 2402269064
1753 3696235219 2500316176
1754 771099148 -2423493455
1755 7579626474 3071455951
1756 -6989708071 20282689047
1757 5350682822 1868065049
1758 7879466601 631962922
1759 -623158717 9132664017
1760 8738183377 4132261902
1761 5303147041 3047578044
1762 7816039630 9515722883
1763 5152025245 2034081856
1764 -3630349907 5337096538
1765 8561314173 -11751691198
1766 8999036779 2549646819
1767 20428048016 2022652568
1768 -2624248907 6850909304
1769 2659082274 2361988875
1770 9613250136 10000000000
1771 527360013 11861835033
1772 3533898159 1123916293
1773 2795062580 1940970020
1774 11020143449 12129234699
1775 3790033839 -1453498339
1776 5727115491 5905270361
1777 -2832828410 5852021197
1778 9123024965 4827449557
1779 -4539794575 6992773292
1780 5551225446 -1801854325
1781 -2631632063 10065909638
1782 4802679419 720466536
1783 3129005152 3808796852
1784 -8411588186 18448697058
1785 7167640004 2084798469
1786 5092989347 5865323026
1787 9406154844 206447723
1788 10368403183 -14272250752
1789 10000000000 9126356598
1790 3317956692 3211947591
1791 7735067914 12491235120
1792 8227430140 8919350439
1793 8326212396 8503354107
1794 9385166564 3851845606
1795 4499350217 -308789640
1796 5380025225 2131375579
1797 -3570363585 12889130861
1798 2947711110 2094276380
1799 8345772590 3821813533
1800 2361724146 1930624856
1801 7533311587 -8747730109
1802 -338174851 14697009523
1803 -2234985034 4860841874
1804 -2659137661 6263950627
1805 8068770852 9344429176
1806 5878351698 -2276292153
1807 8151791670 -10870576555
1808 4127382741 263173584
1809 8990028205 500727082
1810 9606882442 5321008770
1811 -2686670943 5445701732
1812 -2733734278 5473418787
1813 -3555496299 12860160146
1814 8209275916 3528707620
1815 6306062608 -2896609948
1816 3280875389 3427218341
1817 8739489687 5957386700
1818 4487094669 1108071580
1819 -238135943 6714397865
1820 7652819051 2030717101
1821 6606300564 -6941336432
1822 7389600984 10805543997
1823 9324356723 2686265722
1824 8256272439 -11095373811
1825 8411854898 -5950683152
1826 5425849130 6998233373
1827 3323442022 3993272633
1828 9503767997 1327253444
1829 8851235798 -11315865657
1830 9600800673 9976231339
1831 4388423266 5181823634
1832 -1723830163 7522932540
1833 4520670744 2267158462
1834 3189156352 -226322395
1835 3683681921 1244441859
1836 4320051059 3562368746
1837 1395684536 -725109432
1838 254884221 12021957674
1839 6506963732 6429323755
1840 10000000000 8209704969
1841 3090950117 3476265433
1842 -4228127725 7956401959
1843 4987343727 1150242173
1844 3930286604 5423018773
1845 -2582912760 5660808581
1846 1945524911 1171876344
1847 -4608531388 9622107722
1848 8799959183 -12265151658
1849 6322852326 -6389003081
1850 8590139406 1975866078
1851 8886961222 2520064772
1852 8473655233 4193919687
1853 7235903731 7225598625
1854 7118480443 293773612
1855 7569865155 3224530546
1856 5794173707 1545360497
1857 8138943175 8637746034
1858 10513788106 -14555550948
1859 6860680754 2455959709
1860 7387985707 9505528502
1861 9040999101 4343394061
1862 -9310857877 13207493013
1863 8111593649 7915161341
1864 8413408478 4602578236
1865 11320595013 -17688465696
1866 4026037355 1665072581
1867 -3911740398 5232904882
1868 7572821401 2945278441
1869 2442075346 14465332698
1870 1880725298 1082047501
1871 -763733832 10402344942
1872 8451059748 775797686
1873 7180514145 9541704013
1874 3036579192 3254053363
1875 7764728341 -9198673788
1876 7649949813 7006398459
1877 5138167946 131242540
1878 4152003816 2101342426
1879 20445177994 4291927003
1880 -5072077772 17338631769
1881 8608702926 8026926113
1882 2823196674 3048760507
1883 11689676069 -10704573577
1884 368529116 12619592189
1885 8628642053 3727614109
1886 7832344334 -9330431771
1887 -3279779165 7297555320
1888 9768235262 865187955
1889 4695956284 1643518712
1890 9141175891 -11880849177
1891 8514580250 3724593297
1892 7614382154 2195838196
1893 3044388941 13520339689
1894 8152748419 2450738104
1895 10000000000 508129289
1896 20433819595 4352845230
1897 8630750352 6105422315
1898 -4001322644 3466254400
1899 3214422442 -266884116
1900 -1050441623 8302532327
1901 9098075261 3022736457
1902 9402304671 -7387152517
1903 9401402221 3685384582
1904 8920458027 8501270443
1905 6631813768 -6991052012
1906 4515880257 1218261333
1907 5579823259 357928775
1908 -4090101486 5993053541
1909 4506729478 1806144306
1910 15422706374 -24121174981
1911 9240014173 -12073447586
1912 8453281709 8812503775
1913 2120604787 1482028126
1914 7560763229 9671028846
1915 8180350596 13303384583
1916 3669496201 3856522289
1917 12032404710 2241231601
1918 2594036547 -682905428
1919 -6052012069 10560110216
1920 8350863063 1562640890
1921 9242539745 394846082
1922 10000000000 677436750
EOF