NAME : 1952
COMMENT : tspgen
TYPE : TSP
DIMENSION : 1952
EDGE_WEIGHT_TYPE : EUC_2D
NODE_COORD_SECTION
1 1458380457 -2616140514
2 5775187297 4788823076
3 6487220246 8617236373
4 5399797297 1044522683
5 -1711013053 1810788809
6 9065887394 588165648
7 1637844469 10430262870
8 -73266877 1295050334
9 -4116365875 5304290621
10 8606191226 -4530887347
11 6025938425 11178804521
12 6194302676 1401700690
13 -4085641880 6774813043
14 14295759749 4624245514
15 -848993954 -3063845402
16 6264585781 1438349963
17 7619450384 6325850518
18 4687888889 4038707336
19 6214294386 1319709018
20 9718612818 9138128885
21 7684805238 5344847580
22 7305722250 14551624153
23 2425954021 8152989058
24 -4085641880 1609482228
25 4116035010 3581455925
26 8511808513 -5187181741
27 4996828971 12491977844
28 11052226195 -8677678348
29 -107637558 -83856046
30 -2414365497 265392068
31 7564312509 3881825271
32 7681688311 2447005516
33 8883275434 8468497466
34 11798251662 -3038315445
35 324896925 -580057030
36 9355932095 3265306447
37 -4085641880 10373892850
38 12578279640 5669569963
39 4996828971 6937619144
40 9188752904 4520481187
41 9112253556 8362728605
42 13137091916 10160267728
43 8854797592 5519215926
44 -4085641880 1893316555
45 8505358010 3992945201
46 3157202803 7192635365
47 -3797145141 9005198252
48 8298650440 10971162629
49 6281576389 12126871659
50 7441861055 9857777727
51 786951679 -3637063805
52 7286695287 1877375272
53 11677352643 -3071997125
54 5706991342 1140701438
55 3221457613 7421095952
56 9815458919 -23938231
57 87496024 -263266387
58 5526627722 1201004869
59 -4085641880 6619896578
60 6292744666 1449854841
61 9155447551 -18896328256
62 6905388330 9160639501
63 10898478666 2374209337
64 4996828971 1209770129
65 -4085641880 7182437265
66 -4085641880 958477989
67 4174876533 5612380545
68 2724487973 -7609670344
69 5279194348 8187784005
70 4388854306 5001682275
71 4996828971 5467936893
72 -4085641880 -692434437
73 8327508131 8632666909
74 -4085641880 7169828449
75 4996828971 7153342106
76 5323313751 972454349
77 7147449225 5650773332
78 6889569418 -1075680229
79 -4085641880 1590454857
80 4996828971 2101754266
81 1360321357 11848714275
82 3799255891 11431175178
83 -1006540730 570106427
84 -386694423 -539370102
85 -4085641880 4979320610
86 14974974127 -2686549465
87 3879579535 7905597939
88 7395913286 4005862637
89 6587301649 12587471443
90 4996828971 1639838643
91 2572110347 12558806108
92 6459251348 3519533381
93 17478867490 4622668740
94 4996828971 4407948876
95 5691811296 12661977753
96 9325226900 8451563323
97 14951114470 10898572269
98 4996828971 995624726
99 5499441917 12051417425
100 8384045453 -426878386
101 5503650633 7339102474
102 10753265630 4513490683
103 -4085641880 4325453692
104 -3645492573 -2400706350
105 -2857075708 -644898739
106 5739989073 721476645
107 14658091425 -10908449475
108 5556531744 788752833
109 2572110347 -4792184411
110 3904795438 4464007291
111 15357969222 -1738770663
112 -4085641880 10085908503
113 4996828971 -1852320834
114 9838276470 12971883467
115 7211296634 1849270742
116 4996828971 992118937
117 7613522090 4644105650
118 8973052884 -6791425408
119 2307569290 16772887926
120 -4777184289 4114738268
121 5812580523 7740552214
122 4678108504 7544420664
123 -385288177 -1031872986
124 9273074911 4693227044
125 11291248523 -5375866373
126 4996828971 6182071815
127 9187139021 12125740159
128 -3669325719 4513518979
129 7070490561 7871970166
130 6965490019 2554002244
131 -3907079297 5761612737
132 8272308372 12442762677
133 3384789116 -11778716273
134 7681254861 -1967038119
135 4519313138 7527651967
136 4996828971 10463825527
137 3141949463 8773903861
138 -850386097 -917872559
139 -4085641880 9415226761
140 7900128540 5173849767
141 6877539530 9124450404
142 2977967031 7565638356
143 -4085641880 7656198777
144 8165077552 10797586673
145 7465796218 16272156306
146 -4363964348 4062849265
147 4516287486 9210473751
148 5802972555 12637067446
149 4996828971 390490666
150 11743940988 -2091604651
151 4410962072 -8874632964
152 8527965728 1670753225
153 8555036776 9001058732
154 6523073089 7196147921
155 6723748970 7068234479
156 -4085641880 -715242169
157 4996828971 11579545021
158 152159704 -1291054177
159 1442602053 9599768166
160 8209035894 1415239844
161 23714649408 2062573383
162 7002316720 12627151584
163 -565224744 18802973530
164 4996828971 1451042758
165 -643746808 -675868281
166 6624964776 1002778382
167 -1128595660 -1279401696
168 -2850424193 6138655980
169 16089670714 5279037401
170 5453202680 951472902
171 5489990597 1009652975
172 -4085641880 900914129
173 7237652367 5165904061
174 7134468952 2860397278
175 9730859335 3619755138
176 6242153026 6971476892
177 7040316286 -1057172053
178 -2598639017 4942887078
179 9217290001 1346300760
180 7008734879 1245489257
181 9105323579 -1399482608
182 7877329416 5605826784
183 -4085641880 4099708592
184 4996828971 5581990077
185 4996828971 -9350396691
186 5576612315 8688358767
187 3837593293 9544077545
188 8600238000 2122861466
189 7567838261 1971334454
190 8156694506 8383990795
191 -3543211216 4323104311
192 -1002838729 -1115982457
193 8264585735 4942089044
194 9895408309 4246985407
195 7232774446 6230755340
196 7414811485 6553655244
197 -4085641880 3060987569
198 -4085641880 8063712307
199 4996828971 3895483463
200 9582410447 5206004709
201 7983451743 1113735525
202 7095535790 1824648984
203 -703327294 -4197614993
204 8722460266 2582524717
205 7074396973 188862688
206 9104090423 8651873382
207 9145762032 -18844563854
208 -4085641880 1699576437
209 -5057268412 10027360439
210 -2122297815 4120836987
211 1249799078 10398487955
212 4996828971 1278818715
213 3856938631 5199225029
214 9860698676 13001020785
215 4996828971 8421868681
216 2876099255 10726262996
217 4996828971 939754027
218 8138443675 8943654985
219 -862644903 17942764150
220 5396601218 1060647895
221 -4085641880 -275693074
222 8584532465 8580188315
223 15495817986 -2489060743
224 -3447592486 5254303961
225 6287107396 3925767607
226 -153243101 836042802
227 3893342579 11683757858
228 2524914589 -5322247249
229 3578630280 9459516990
230 5578678268 7171095538
231 -282689182 538081670
232 7987321939 8417859788
233 3623441308 4895798774
234 5597825085 1100102882
235 12701297340 5970756223
236 8163735488 6459326884
237 4996828971 3333925411
238 13384286346 -1119906569
239 9985775932 7422039735
240 3582517912 4773554099
241 3332388164 7585019388
242 7505036255 6579827937
243 7216926758 3126995863
244 5222131381 4249830342
245 8003194308 5098772946
246 5609149179 9316421953
247 3567469268 9290261805
248 4996828971 8747499859
249 5757057445 1146187747
250 8662132665 2777714997
251 7792258466 3639297680
252 -1202117142 1153042100
253 8567435466 2154856860
254 4996828971 2432071586
255 -162385016 16963568472
256 6722899778 7684573727
257 8770146325 11583864430
258 5749044215 7541358863
259 -4085641880 9404635944
260 9223759674 3321212291
261 -447313746 14132697319
262 8880016768 1127037892
263 22212957552 -26750705474
264 7154784412 669984465
265 -2971096847 6642745444
266 826323439 -523833496
267 4996828971 -201742133
268 4996828971 170756951
269 3006138952 7936316661
270 -4085641880 7081034230
271 8672051485 4222264721
272 7174714665 5772926381
273 754946286 -1090955700
274 2702852702 8491744513
275 -3773826280 1722444080
276 16271598004 2509751833
277 4535973111 7420156940
278 4996828971 9244255481
279 -190464450 17386251479
280 4610854214 8092343201
281 4876686735 11307247296
282 5338492273 2449971495
283 7084485520 -1783865956
284 -4085641880 6896433706
285 9716440119 8213764274
286 -807246700 15890801528
287 1043046970 10536157866
288 7665199898 10148003189
289 16051457313 2200250077
290 5857687358 7502528799
291 6234392798 1670367122
292 16180240304 -37488887197
293 5018432530 1650404809
294 3911540352 5270179143
295 6183556632 6023514173
296 -4085641880 -416814831
297 3487972099 8488016051
298 4267529130 9365462956
299 2572110347 17616756479
300 10707870410 -8120048992
301 2572110347 -6792849331
302 9354964345 3922904343
303 8193196653 -1246713965
304 5928807490 1276128451
305 15885081813 -16503718406
306 6778813304 2451915023
307 4996828971 6102496050
308 4996828971 -260545593
309 4518722812 -13400182435
310 3053026907 9907437381
311 2270776243 9951147626
312 -197716784 -69738616
313 559894907 -620286936
314 9018315795 -6129160791
315 6305338795 1454565155
316 5932398259 7746192631
317 -5311447034 -10769314165
318 4983582175 6001357273
319 4996828971 2188576961
320 4979879017 1885163981
321 3487972099 6643260662
322 4996828971 957628568
323 -4085641880 7895526048
324 -3473983042 4305914339
325 4962624360 7401276241
326 6093326331 8922478204
327 3767597204 5979071452
328 7634961148 4671417169
329 -2613330260 4940621051
330 6769919444 1948317249
331 4996828971 -976940580
332 8501469039 8847301217
333 -925198136 -5638192406
334 9052185041 8449609259
335 9844434781 -1670850924
336 4996828971 11067985503
337 6069420042 12289243953
338 959699903 -992878182
339 4235394840 5691023173
340 12888238177 16935262770
341 -695783129 281450618
342 4540808729 7368446694
343 10499805676 -4580003371
344 4987709297 10635968559
345 4120938421 5542288780
346 4996828971 -1151420700
347 6831356675 175927329
348 -4085641880 10608091048
349 -2686342631 666425976
350 1455425675 10445386637
351 8495487468 3484830707
352 5387220080 3503862019
353 6450399196 6849858333
354 4898052879 7418029400
355 6991768582 1675523451
356 8092855865 9067382804
357 4761231093 7720853376
358 8295358649 10966884996
359 8702072285 8534249600
360 3940277367 7650483129
361 7458115774 1966474995
362 4996828971 -278841726
363 4996828971 1186505151
364 5445825479 7998653049
365 4996828971 8446949103
366 2525879891 10900788079
367 9256117029 3473447011
368 -3665002996 7383458385
369 -4085641880 683420435
370 6271649198 8337105044
371 8087403997 4285223898
372 5922995733 881212285
373 10122219981 4734453235
374 9508812145 7532323875
375 6598653491 1661255260
376 15576162931 -2371957727
377 8860035880 11700674553
378 367268168 -834942945
379 7478434230 937846327
380 3274086937 7245039135
381 -2780434530 -3425941429
382 6715353243 5751338731
383 -4085641880 7837897511
384 -2701332093 963872754
385 3062450986 7254783980
386 10636953831 4527614174
387 7956823276 -19631365964
388 15331418205 6740340624
389 -4085641880 602169466
390 -1305048396 -795658212
391 4996828971 489433625
392 3787337045 6763415102
393 9172447995 -4859446068
394 3997977166 7565638356
395 4996828971 12540348659
396 -35176522 -6530618876
397 9486200093 8965737714
398 7429249189 5065026401
399 4996828971 9590390569
400 -4085641880 6700592855
401 11787181907 7788890635
402 8119095385 -3646598869
403 8022866856 8806351465
404 5940548520 11889335671
405 6741218379 611394423
406 4996828971 3277416143
407 3021710844 9304010561
408 172702138 -4060852011
409 2898380457 12748626667
410 9992756470 1092608886
411 8263619654 8224727829
412 9471632303 8715442956
413 6436907781 723571321
414 8134319023 2024356541
415 -4085641880 -1175631994
416 4996828971 11452731757
417 4996828971 2396136482
418 -2837139470 4458461189
419 4996828971 1504320565
420 1903106803 -5130759331
421 6183270995 1333728933
422 4996828971 8586836131
423 9515510273 3310785263
424 7587076138 2405001679
425 11291210459 -731801068
426 -2256139071 4347344205
427 6949484792 1718853584
428 4996828971 1273398315
429 6934973000 1455124745
430 5329500982 4643600409
431 5883076333 7557202644
432 1438356384 12391811691
433 4075663269 3776071632
434 -4085641880 14199834264
435 256812878 -180307561
436 3963742697 7790994362
437 5051057446 7287960207
438 -4085641880 7415358749
439 8461877187 -4300111616
440 7149021178 1725417195
441 313103671 16091534771
442 6414810732 13286276988
443 8123037047 3460477108
444 15285967258 14426385278
445 327094998 612246391
446 1917290120 -3833922430
447 3890933157 12668225427
448 4816085534 10001974861
449 7457533607 13684113241
450 8917517936 -3057730691
451 12069603532 -2533948658
452 12723844481 5905325566
453 -22675780824 6221594277
454 -1856536857 1073453695
455 2611857873 7170368244
456 -3754323034 23962113829
457 4300731645 5775927367
458 6791440157 1683423026
459 10599801840 -7945049151
460 -4085641880 3273623708
461 4996828971 10583042753
462 4996828971 2205661169
463 4996828971 2388515047
464 10000000000 5020981026
465 7620904150 4948444811
466 -4085641880 -1997065590
467 7572673745 13128888352
468 4996828971 1020861793
469 5571130599 636260440
470 4996828971 470668296
471 5140025046 4512171286
472 4996828971 11669418060
473 5645724959 7128913277
474 4996828971 8340951447
475 4996828971 -2760722514
476 955942562 10587041746
477 6906705852 6100948356
478 9566516292 5544993014
479 1583669618 9141643387
480 -2796077503 6903068756
481 9200555577 -3398586490
482 7040028734 1070905159
483 6782907962 2339102900
484 -4085641880 3509757392
485 8914972452 288691327
486 6628075148 2066183674
487 -4085641880 11626282368
488 5126169052 8853736581
489 5394210871 2180904399
490 9572366918 1281006254
491 8127294944 8447375468
492 -4085641880 9708480156
493 5762455182 1212182746
494 -458931048 -144961008
495 -4085641880 978757271
496 12685771361 9380466983
497 2480492531 -7294666036
498 5773997527 2790908754
499 1083534741 -1264346546
500 -870789413 2473681026
501 4996828971 6534052782
502 5845683465 7783568989
503 -2416928710 4020927678
504 1516104804 -2265141890
505 -4085641880 12889626032
506 11393931240 7917955580
507 -525429359 384817648
508 4996828971 8354397561
509 4996828971 2804799570
510 6986165740 2082296653
511 6705883773 13691853881
512 3901380703 19756013006
513 4996828971 11111482604
514 7205160327 1696835639
515 7127397780 -2305841170
516 6297044138 1613316337
517 6136235868 11136065264
518 8966593666 8327536542
519 8371509375 16984603283
520 5250419238 7274089708
521 322548642 -1289037116
522 7319943371 9699347533
523 -2623068170 13489732
524 -4250007800 8576546132
525 7103737874 2225713226
526 6029160875 1359502926
527 9999323405 225415062
528 1957576155 10282657657
529 7325370253 1905569818
530 -4085641880 -460701019
531 8873959633 5104150364
532 6906496547 514233331
533 3943775726 -7594426091
534 7813492095 2656488986
535 -7932647857 -10121165050
536 5934382886 2257897197
537 -4085641880 -1048209189
538 -4085641880 3191976407
539 8986077099 4859848625
540 4996828971 1086699459
541 4996828971 -10661779996
542 -4085641880 7583122498
543 3008191469 9846841021
544 11415768884 -4426975877
545 -4085641880 2079736888
546 4996828971 6231191793
547 4996828971 -1708082706
548 -4085641880 7382970500
549 6290808152 1405677415
550 3562918354 11446332728
551 8362588128 8414135615
552 -3821599342 -3652080508
553 3548372905 8896659759
554 2470589873 7285937258
555 -7161539438 4352711344
556 5337889184 1406512406
557 6052468757 7400166689
558 -19240972 12981127486
559 -4085641880 -3701073646
560 5532259815 3251441209
561 8086572285 10695570261
562 -2002984679 17100435200
563 -2316691431 -2823314256
564 4748386729 15018885698
565 10000588431 -183833840
566 4996828971 712028864
567 -1349462328 -5922833222
568 6415581899 8524143420
569 2528972236 8417940911
570 5591465644 1069640448
571 6884017485 2446119549
572 13430393232 6890004100
573 -4085641880 8276058050
574 3035995443 6170137113
575 -4085641880 3299388457
576 -190498540 13846505063
577 2844518855 6697866458
578 9852766434 5806749721
579 7964431687 10536850393
580 5509896382 9218629034
581 -4085641880 -37653262
582 5062557813 8108672203
583 1906792209 11970551776
584 5880090336 1184170616
585 -2410039122 5076355975
586 6296599782 8369527951
587 5117823530 11876135853
588 8179589962 8217563319
589 2977967031 8488016051
590 -3426247393 5724128167
591 7344755976 -1422228840
592 -3069804230 6169390630
593 5875420845 7878696363
594 7175709682 1826513752
595 8860240634 8492287270
596 7674434512 3280684925
597 15105503479 -1935362821
598 4951189539 8713797658
599 5448978881 12220514437
600 6343216637 1135018586
601 4996828971 599258315
602 4955852839 1891390116
603 1753589247 19807634084
604 9940828010 4859328689
605 5752123598 7632811879
606 10000000000 3943005193
607 7451324504 4345131301
608 16409090894 2340123762
609 7890035192 8480893137
610 8008210409 3576622330
611 7056559193 -1874655270
612 2969441996 9557265105
613 -3493408912 4615247227
614 6832125089 14567684482
615 15742732420 6608312720
616 -2272896904 844532690
617 7417717127 3611749143
618 8663147056 4510429336
619 6782326235 1909825004
620 7804992046 2926406368
621 3487972099 7565638356
622 9035215224 1477451184
623 7314357773 -14611184802
624 -4085641880 7801497537
625 2179468662 -12058536484
626 6199494510 -498551732
627 5608275981 1556743542
628 7402607914 216785892
629 3381626392 8040778589
630 7072838332 6320198303
631 4996828971 885946031
632 -2672342427 6488977614
633 6829377163 5976882371
634 14184882480 5882974483
635 336589943 631711214
636 3438352233 9036459519
637 224635697 13417087369
638 5376069407 3317247525
639 16178863222 2488848450
640 2572110347 16386980915
641 4996828971 6901707446
642 8751147249 8359243895
643 7467620557 4819100787
644 520130964 -199672165
645 9973834615 -20508831204
646 4996828971 -14606781666
647 760670991 -449449296
648 7402954558 2064397101
649 1376738679 10275957349
650 2140259940 8662960606
651 -3500749820 5469322112
652 8637597207 8333451709
653 6863219502 1355315045
654 2098866915 8013430209
655 9193318584 5257490519
656 -360419859 -5064480807
657 -4085641880 4676987702
658 4996828971 11112656899
659 668118196 -132431630
660 8076452866 10682420228
661 7145842625 1748446107
662 -1431947745 566521822
663 6477689644 10898413066
664 3682905465 4973071552
665 6221194783 6756766458
666 -3858694662 4349236700
667 5283441953 1102702667
668 8465826430 11188405310
669 3770238908 10148933419
670 4996828971 9344219362
671 14580392654 3311789121
672 7289625422 1993956298
673 764423695 -1086614098
674 -2329869256 5170020942
675 11971417085 -1737220967
676 8023746125 3193317830
677 4687696226 -11130674091
678 3497657234 7229582026
679 -4085641880 -4615677870
680 5726264984 7195869025
681 9819787610 12947857471
682 4996828971 853890030
683 10129310553 5123471007
684 -1142420683 151727492
685 7127894435 2209927968
686 7317192991 5589335142
687 9146615807 12073080852
688 -3991045931 5180471661
689 4728619836 8168110617
690 7159090661 -2713983302
691 119695191 12619179335
692 5560705886 7413244917
693 10327801287 3976918322
694 3914017655 4144337935
695 2398101950 -5315402845
696 4996828971 2574401227
697 6314786778 1729299028
698 -2121066355 510676809
699 869309642 10667633535
700 1228976910 -4762222051
701 7997471547 10579785193
702 -4085641880 8291393615
703 12451562470 6869917420
704 5941379686 1247662105
705 3931708474 6852614278
706 7853050298 16077588697
707 -4526852563 3652162200
708 -4775533812 8732010911
709 4996828971 6163480426
710 1770946810 9910394276
711 8701189684 8106270193
712 27068374 -280992506
713 -2659049465 466189555
714 3796284176 11576855203
715 -1063214121 31353932
716 4996828971 10040305245
717 105661950 12504891593
718 8086506491 10695484762
719 6111318250 1344076337
720 3161508242 11287282396
721 8039371725 5858725552
722 7380411203 3470572284
723 9393280949 5366959779
724 8141423922 3152978035
725 8370371491 4508566635
726 -45134043 976865140
727 5350644460 -10605820445
728 5449299113 8848716544
729 6254174603 8413618794
730 6759402601 6394128959
731 6405134232 13897285130
732 7228457553 -985009969
733 8668647957 11451968830
734 10245160248 6878217752
735 2752757741 11706678702
736 7666483461 3188297337
737 2977967031 6643260662
738 9138616174 8304506186
739 -1229594759 17512686029
740 691800536 -345175626
741 5290107032 7061605782
742 748721649 -364083570
743 9954917817 4002359875
744 -4085641880 -13788678494
745 6226281740 7594195190
746 -2301334706 6200670252
747 5807912329 879115573
748 5886223771 1591770328
749 4996828971 5776890218
750 4846085797 3079847190
751 8934400795 8630359925
752 6043245071 1461446076
753 7059775580 1710434992
754 6895429293 3885190958
755 2475580113 7288799255
756 4996828971 9162050254
757 3559715262 11057583852
758 -977993545 -518477701
759 2895290540 8042652470
760 4443151982 -12713910699
761 10218179799 13621540
762 8870311164 6391974520
763 2090372040 10740354044
764 -99690890 -568305920
765 11712958680 -1631878224
766 -4085641880 8164375915
767 5462485971 1032138377
768 7132649894 2581502624
769 2837701635 9718675725
770 2093419220 17045928456
771 -4085641880 -1770427205
772 4996828971 3828986023
773 2320502445 8798556370
774 3472795790 8840911513
775 6872896703 14631698181
776 -4085641880 7323034971
777 1024093340 19054649398
778 7224505043 1851671229
779 11990747134 -26026886134
780 4996828971 5949575931
781 7986627164 8463415021
782 6700506986 137640960
783 4996828971 5971053145
784 927874711 -874972183
785 6307204890 2074395463
786 -2514251131 1137124269
787 -8474093768 5400740968
788 7856113782 4199836424
789 4541457105 4911938032
790 2234106136 16746359866
791 7743067899 -1294762009
792 7153451164 1706196227
793 -1713870413 -535740658
794 9554955947 12603712714
795 2467961964 8488016051
796 14791400646 6775982701
797 13302691328 792089238
798 -4085641880 -2065167032
799 7190419112 14288638646
800 4996828971 1228828676
801 8371472595 8431549370
802 1422928768 -5847672591
803 -694060133 2104270010
804 13102809150 -4282306844
805 -4085641880 3432943691
806 -4085641880 -1309537160
807 -4085641880 -1213274395
808 15634902809 59755412
809 8215652939 8434893140
810 4724724027 8229027266
811 8492133531 6863455461
812 4996828971 2724892041
813 8870861991 6840798612
814 3281625195 11318779050
815 8610817598 1556529493
816 6739975766 -571027048
817 9008186728 -2025834649
818 5628060265 1134303370
819 8066979369 8455896245
820 -2235905168 5181628681
821 4996828971 8684189184
822 -4085641880 -9555394889
823 7464975463 11081783686
824 2958483162 17360104343
825 7586814516 5283875762
826 6525920372 1121157003
827 4915567897 2577218762
828 -261539673 904633856
829 24900208166 2795658015
830 1227174678 17440657512
831 7572095693 -16156657628
832 4996828971 7883125950
833 -278501299 1701813333
834 12217948652 16064231628
835 -4085641880 8730943590
836 1572677710 -3593315459
837 -4290718077 5360837884
838 5218739307 5540808611
839 11020647329 -168333551
840 -4085641880 4542249768
841 3114210203 7187325420
842 8784791854 8164419333
843 8349031303 7421934490
844 8222915694 -3951961848
845 -11481774695 -1946784290
846 -9446774438 -12088749738
847 9581256747 8130686053
848 6518125472 10634267534
849 6194123755 1406038088
850 1594236327 10008464476
851 1393840346 11816770523
852 4996828971 -4483958884
853 5938640519 1279029448
854 891440175 13768757304
855 8349525034 5661997301
856 1898788039 8879895001
857 5694539998 1179580892
858 -4085641880 19508381
859 -3109894060 728147693
860 4996828971 8306448232
861 949087468 11688663873
862 -2026353942 4696925472
863 7212219954 3124454140
864 10532456654 8611673646
865 5584781335 7049463331
866 -791038365 14462172688
867 8335454391 1816794995
868 -4085641880 6794361208
869 612706042 -200439203
870 4996828971 -27915264062
871 -4085641880 556382910
872 -1505626968 -1769348202
873 7145620591 1748137256
874 1176139349 -2935905751
875 2506928870 18157869328
876 6394714221 1060504744
877 -2581489719 -2456729501
878 4996828971 3859958644
879 -4085641880 12734087183
880 4527708361 -11022531427
881 5540183160 1116411932
882 9923183176 8193670458
883 -710484755 -736072871
884 -4085641880 9082771421
885 1474077694 12133748391
886 7321283252 2160806090
887 5961744916 -154315446
888 9986739074 8317809635
889 3722032044 9684665721
890 8328220354 7713483013
891 7768914539 8389053502
892 7787797539 10307316978
893 7767921766 -1749333902
894 6413264137 509840519
895 9036601053 4721941554
896 5516717558 5149353402
897 4996828971 203998654
898 -4085641880 -3473435063
899 4996828971 9139521713
900 -6024335846 -11641352373
901 -846506190 -2314101477
902 -4085641880 15003470317
903 5613003507 7402221008
904 -4085641880 2267176513
905 4996828971 5169819389
906 2673301702 8181585093
907 -8090867123 2794084036
908 2142771709 9369688100
909 13574989284 -5107696853
910 9046988228 2618174005
911 -4085641880 8097916058
912 7489144074 -3233949692
913 8799988659 906417681
914 -4303596244 5401237674
915 4996828971 1740950193
916 5087877910 -11058155501
917 9402439254 201098416
918 -1056525522 2182065023
919 3318750963 -8237995331
920 -4085641880 5967505064
921 -4085641880 -2657995083
922 16189685558 2149040026
923 7443364006 6420902605
924 4129462575 12127924099
925 -3415820014 -4251615296
926 -4085641880 10616765061
927 8854348890 8131316377
928 7696599193 10188806100
929 9063416650 11626082475
930 4996828971 -6584490462
931 8131304120 5178990215
932 -4085641880 -16236594943
933 4996828971 -2909598173
934 4977078633 2755581154
935 4902017820 6557289695
936 4996828971 12190985002
937 8002800855 2317680320
938 5561562194 7472335807
939 7157296168 9434201815
940 5986128979 7619420206
941 4908665842 15374891612
942 -2502587406 -88332423
943 -182725631 -799226922
944 6819183235 14305098637
945 11833102621 -4607702711
946 8815243571 -18141639852
947 -4085641880 3059288518
948 -4085641880 6831993490
949 -4085641880 8218328662
950 9991237912 2318804019
951 -509164965 -1424319553
952 -3444747596 8316782071
953 5592525405 7107893476
954 9733802920 3981472160
955 5781876250 1077505224
956 4544119409 6092206100
957 1957956896 8488016051
958 3902220329 4138933578
959 -4085641880 8394235284
960 9427938179 8629540197
961 5575841525 918647000
962 5360275569 7373670590
963 838858505 13251121516
964 11924649074 4371252122
965 11686529838 -206716550
966 -3965619368 7178429255
967 5811380390 7378726324
968 -3078023976 5870510469
969 1889695556 12231332261
970 -3258218324 5068433239
971 7819730376 2317235499
972 11693402492 8074138838
973 -4085641880 8026827204
974 -2258890981 3102987118
975 4996828971 6278829321
976 5548622477 1023006300
977 4996828971 -10319522916
978 -4085641880 -828648845
979 -6939283873 1271661566
980 9426454459 1671384104
981 -282987194 -299065735
982 7031145998 9333250777
983 -4085641880 8510351752
984 4996828971 5783273310
985 -4085641880 1568308604
986 7446380371 1996065494
987 -4085641880 5853745258
988 9432963710 9382999788
989 3705645669 7677510499
990 1993085244 9120745075
991 3487972099 8026827204
992 7951881900 8488623085
993 8389269841 17430343565
994 6098231033 1301224070
995 8482513482 -1164399565
996 7459801592 5202767018
997 6701517245 5005485736
998 18200145693 -43015130295
999 4996828971 8200397447
1000 10920246787 454486961
1001 7834825518 4301316945
1002 5868050091 1258415118
1003 -4085641880 3892340145
1004 1797900657 10617904167
1005 8674415956 11459464257
1006 2419975858 -3975527004
1007 -2531037552 4015342192
1008 9263844361 4122000541
1009 4996828971 8368785242
1010 8692272862 1374215659
1011 -4085641880 2915489166
1012 -4085641880 10708071930
1013 11997981526 329127025
1014 -1125289857 1552522214
1015 10927483291 14387291326
1016 3683642567 4526279962
1017 14585031652 -1572419141
1018 6890383942 7545170589
1019 9295332561 96394614
1020 4996828971 -26416051131
1021 5229739464 7508543114
1022 2722884539 6626454144
1023 3312534636 -8321152973
1024 8151158359 5659962529
1025 -409401210 885172971
1026 -2680927207 5206234967
1027 6808481113 1208514827
1028 4933897060 7271729099
1029 7141623054 3197969873
1030 -4085641880 7109772335
1031 13094202835 10022663499
1032 8049778763 7945096024
1033 5703532379 7554646114
1034 5439055253 3185014301
1035 6615464060 7083319808
1036 -2431973326 6589652270
1037 1659228328 10139832501
1038 2572110347 13487638933
1039 4059689555 10151347111
1040 7428204546 2159608239
1041 6906894084 564153254
1042 5760199858 1918721998
1043 7129687063 8123456412
1044 -220133037 1461135407
1045 6919883295 1740595147
1046 1327668708 10351809401
1047 -4085641880 -13186608678
1048 21994692025 22632804321
1049 1906442799 16558147555
1050 2848042712 7973386782
1051 7553897483 3432613134
1052 4891744834 6543940104
1053 -4085641880 -219408455
1054 7446346342 4789744170
1055 14124022137 -1895076005
1056 8791679076 3442113683
1057 8357208729 622643202
1058 2100521231 11729116509
1059 2470076633 8261429320
1060 4996828971 7601099077
1061 10983849927 -2487806866
1062 4649995549 6229790550
1063 1738488457 -8899318436
1064 4812842357 6441407524
1065 -4085641880 4430128813
1066 4996828971 4055471591
1067 5765888239 -12354676296
1068 -160309075 1065525601
1069 6555029148 1555571240
1070 1362574705 10535277920
1071 4952167995 -14096486488
1072 7149827780 1753989490
1073 4996828971 -7112664732
1074 9223423170 1040302828
1075 8588388273 4722637576
1076 4996828971 -1203168441
1077 6735090532 2064172246
1078 8590184377 6261595615
1079 7395258042 2546086520
1080 -4085641880 -4647741970
1081 6913964129 6675722799
1082 7927319032 8544513115
1083 4996828971 -418907411
1084 15661288364 -2618987412
1085 7878324484 2080633803
1086 -2855595908 3779504307
1087 -2184614254 410903080
1088 12015161145 -26093680232
1089 4996828971 896604056
1090 9293103902 1947228438
1091 6549533393 -1180531094
1092 -4085641880 5951589115
1093 5519729890 1008895141
1094 6182609672 1242672283
1095 -2756704001 2785453756
1096 8388106664 11087409645
1097 10575102806 4535124610
1098 4996828971 -4948734303
1099 3347626157 -6592002711
1100 -7429481721 -13360191090
1101 9169621444 -5831148147
1102 11338125577 -3110155878
1103 604449842 13701082399
1104 1821533581 -3467328804
1105 2059523622 8178167752
1106 4047842929 11840242538
1107 4751154290 4137077524
1108 7932120174 5113159174
1109 105888470 -3186751954
1110 12384618659 -3267296254
1111 6634095639 1582017715
1112 10088453800 8003311804
1113 122962839 797108314
1114 3004647790 -7312547588
1115 6506252223 8641968141
1116 4648373815 2903849553
1117 -4085641880 1295680483
1118 -4085641880 3987593971
1119 4996828971 2210887472
1120 -4085641880 707633391
1121 8425905353 3488237794
1122 3947655113 -9844472284
1123 191119419 13779898359
1124 -4085641880 19068057883
1125 3834258395 4942329332
1126 12715978034 10274933885
1127 8381665107 8154890203
1128 -2190558151 -438670540
1129 -4085641880 -2230206951
1130 5325626747 6160005398
1131 5208433527 6955472292
1132 5641638249 1057919401
1133 8022452161 3425034937
1134 -4085641880 8480227954
1135 10326691315 -5841384173
1136 8053068920 8606659570
1137 3187002293 6839048170
1138 8052036317 3656105328
1139 7388493152 1590556111
1140 2572110347 11807562080
1141 7465220080 9888132428
1142 18055292034 1332247775
1143 19547909398 -1092486809
1144 4778326941 -9599936187
1145 12922988407 -586193842
1146 12927888049 10956866047
1147 -4085641880 4134127659
1148 3997977166 8488016051
1149 4382374799 4483140572
1150 19672809025 8949722460
1151 -4085641880 8131337916
1152 333407384 -3413886628
1153 3997977166 6643260662
1154 5468020269 7797953382
1155 7978823517 10555552360
1156 2069197300 9056672572
1157 -4085641880 144570233
1158 -2122933622 18345255925
1159 6132641002 8156465986
1160 8921742292 11780861106
1161 13342111485 4909004828
1162 129421193 -2107981110
1163 5197440765 1386827312
1164 -2964722953 1644720836
1165 8036867182 8460150192
1166 8916638551 -6040689424
1167 4260447361 7740660659
1168 2611100949 7580461220
1169 3721056341 7412357265
1170 6690551356 1317092308
1171 7543498747 4486361626
1172 -4085641880 8857494788
1173 3711354144 5010040180
1174 -1131905742 16121064844
1175 2121402062 10800705430
1176 6741755950 2103021450
1177 -778697692 16381500787
1178 5683713169 12198544677
1179 -8164176234 5382827826
1180 1519404167 10058607228
1181 -2565014875 6769513688
1182 872126537 -1385776381
1183 6963456996 -2220676053
1184 5134515766 3145194391
1185 -4085641880 1118940619
1186 12201395601 2639072179
1187 7381474497 15430193555
1188 5829433471 -13160465712
1189 4996828971 222509616
1190 9465426775 -19389441721
1191 2485061687 8461476805
1192 -3651161209 -4557437634
1193 4720374190 7501804981
1194 9450045342 2065063065
1195 6467234910 1470681582
1196 2840125218 6481371386
1197 7156349462 2088815611
1198 9837333420 636737120
1199 8213594587 8435183923
1200 7515669688 2699020154
1201 -4085641880 -372733390
1202 7683280175 4482064112
1203 6275648888 6608429616
1204 2837305729 17653508424
1205 8412123965 954545547
1206 1594282163 -2417729970
1207 4207651890 5654971627
1208 12574915820 5757307974
1209 7865682728 2467078281
1210 4996828971 -5029153631
1211 4996828971 5040403985
1212 5525096175 12515576517
1213 6936100511 11818260856
1214 8735920817 6758983062
1215 3946214846 9112416423
1216 -2838566738 5692764262
1217 96063971 312025051
1218 11658093808 6399611039
1219 8397900343 828347802
1220 -494629435 2147420479
1221 8342746528 4729870454
1222 1342353100 -2076644231
1223 -4085641880 2908170153
1224 7322643968 -14882691952
1225 -1185636063 -1353524840
1226 6563160195 3368754447
1227 -615723127 872765641
1228 -832225664 -894273349
1229 8363512132 11055449420
1230 7498749002 3301910066
1231 -4085641880 8407805294
1232 4996828971 -805687274
1233 11091304830 14600174949
1234 7377266590 4509162427
1235 4996828971 8390257448
1236 6226059415 7854640432
1237 8136309874 706544357
1238 5061157964 7539761926
1239 6098027440 8111486184
1240 3839334343 5176348522
1241 5859236746 1226490854
1242 6829428081 14563450031
1243 4996828971 14010861279
1244 -4085641880 6989507148
1245 85186399 369323031
1246 -939206045 -3659086971
1247 -4085641880 5656275933
1248 -969868172 14765422366
1249 3497424200 -7112683399
1250 7254352593 5680837304
1251 1704691594 -4149929348
1252 7810151094 5983980524
1253 -4085641880 891414871
1254 4996828971 1215516945
1255 13862014494 12684541114
1256 2726531901 7970006579
1257 7394733367 3092534868
1258 -4085641880 -2638999037
1259 -746842366 1144421480
1260 5991805766 7055089342
1261 7211816993 8392626563
1262 6759061514 5000310618
1263 -4085641880 6173914349
1264 -4085641880 5083480548
1265 5822783539 1170645130
1266 5529410846 975465768
1267 4996828971 369748991
1268 3858155152 7974930573
1269 4598591162 -9616379737
1270 318765367 616278085
1271 6152324035 6724225983
1272 5173509683 11963566205
1273 5936994389 4849588375
1274 3654262617 19677604802
1275 3208263621 8652440265
1276 2314306486 10216211088
1277 9081000362 11987814569
1278 1397994450 -1741351226
1279 4840342031 4366055999
1280 4996828971 3892595369
1281 4996828971 -404596138
1282 8926234130 -643166130
1283 6948506594 5920364612
1284 15847786379 1853954020
1285 8697307150 4927563712
1286 -2858477362 5131011905
1287 8744302180 8361263846
1288 4996828971 2984692446
1289 1117264192 -1198804282
1290 3947108350 5261356022
1291 4996828971 3777284586
1292 7402417401 5379338483
1293 7228547791 5385249842
1294 4996828971 8558143416
1295 4598775580 11874534595
1296 7666819468 2801167773
1297 5848246014 7085649922
1298 9305548076 5258731904
1299 12074650034 -886306031
1300 9733980805 1653812690
1301 4998369345 2359038130
1302 6388993604 6590765167
1303 7889205097 3086664232
1304 -387757989 -1468389243
1305 -4085641880 3039046758
1306 6719584886 1668089007
1307 4996828971 8025362067
1308 6051094256 1204195158
1309 2572110347 16662659647
1310 6913291077 2234216956
1311 5981257865 7959745879
1312 4524248322 7597420616
1313 -5300877081 10088404809
1314 -4085641880 8219545830
1315 3823346353 9420121982
1316 7215422788 2952164132
1317 14044701152 2674708943
1318 -1336917590 -1550112906
1319 5655718011 2443985604
1320 1267886842 10488438102
1321 7819715489 3644315866
1322 11823781377 -1308189069
1323 12001256098 -2836244319
1324 9013088253 8180621581
1325 1699393949 17232876524
1326 4086034434 8177410427
1327 2467961964 8026827204
1328 9308350702 3076852447
1329 15174081032 -1287589585
1330 3060588700 6579053368
1331 13771688520 3984978956
1332 -3032973123 1335365589
1333 8952067766 -19071753462
1334 8064438213 8456255234
1335 2397850385 10376198761
1336 6674335646 3892243530
1337 9014978026 4586091674
1338 12803614558 4264521242
1339 9652720752 4114689626
1340 7159769467 1769976087
1341 -4085641880 8260812349
1342 5407344179 1418783574
1343 3997977166 7104449509
1344 4996828971 8218064676
1345 11039517189 6332947191
1346 9791412343 4722082654
1347 8356137986 2650275521
1348 4996828971 888257948
1349 7926506672 8792478617
1350 1378405097 9875142688
1351 8405381847 8821282354
1352 4112509508 5531335534
1353 9606358958 8238428194
1354 2780836940 7176298343
1355 8209968405 1712363349
1356 4996828971 7531812510
1357 2187199942 -4201886977
1358 8056798038 8508441437
1359 5469254191 4856791990
1360 -4085641880 -268552141
1361 8225034682 4883297162
1362 4825898320 7297935187
1363 7752862962 -5844312
1364 4996828971 3887622307
1365 6207977922 1478274913
1366 8583856156 10118486032
1367 8255641555 7711873189
1368 -70207633 1265693040
1369 10767256712 14179079299
1370 4996828971 -2008840920
1371 7688285336 -1717623244
1372 4487392781 4029804063
1373 4971559300 8098547127
1374 6214255001 4297369059
1375 1327078212 -2759462352
1376 -4085641880 1708917886
1377 -4085641880 838382821
1378 6081891604 265818390
1379 -115899677 830207109
1380 -4085641880 7216353015
1381 8135971996 8446149661
1382 -3867156323 2439404032
1383 -2539559695 3900891584
1384 -4085641880 7718888441
1385 3642927667 9560467457
1386 6877773425 -1607484631
1387 -4085641880 11822962927
1388 5828297363 1171292525
1389 9172585430 3815372181
1390 4996828971 10987971813
1391 -4085641880 -15384876614
1392 290734752 -7067873407
1393 4996828971 2547255130
1394 -861347724 -1102772178
1395 -12441693276 -19491357560
1396 11545820703 4417252433
1397 6395542933 1429456792
1398 -2304108708 -1100418219
1399 2039927494 10882368257
1400 7843122423 -4042541827
1401 6307798063 6730273965
1402 -805238253 1292419719
1403 9095375359 8784851010
1404 4996828971 -4098465396
1405 6747183896 -14832656084
1406 522877454 14687081795
1407 5581544062 964514755
1408 122788710 857720217
1409 -4085641880 12519014799
1410 -4085641880 8505728335
1411 1804019658 10278013925
1412 2570907624 -4355897989
1413 15402612177 3948930577
1414 5761520971 1226333374
1415 16571886222 3806948155
1416 -3174619397 -7205064771
1417 -2575101364 5566345827
1418 -1586029944 17047003342
1419 7408625311 -17688228625
1420 2870890053 11557270517
1421 8021513782 1562265341
1422 4996828971 -4646710002
1423 8461533215 -1658994067
1424 4996828971 3936399384
1425 -4519690274 -5686078073
1426 5205572925 1343437443
1427 7136853274 1806069195
1428 -4085641880 1150983050
1429 -2920491943 5751290771
1430 8398921347 4720425007
1431 -4085641880 244717211
1432 676871426 11400019393
1433 2831717577 8429561486
1434 6518400764 -987594632
1435 4996828971 1576651513
1436 5892250729 779318900
1437 8423292188 11133132703
1438 -12052901 439823786
1439 8206544410 7740538833
1440 8887080724 8409665320
1441 5744339063 6950786563
1442 -1383937345 2273931962
1443 -8565489797 7656289127
1444 9265135116 8607614106
1445 9409932836 3017335401
1446 4996828971 7777324180
1447 -529920608 1003770287
1448 6981621283 1616620374
1449 4996828971 5698387462
1450 3012315838 6788090856
1451 7794595386 4077288992
1452 5595233926 1034461566
1453 11182165669 14718247240
1454 6107047757 1403100927
1455 4296136365 8277730264
1456 4996828971 8860375234
1457 4996828971 3033559454
1458 5260768167 1453789298
1459 165147723 -651894091
1460 -1921238052 398995667
1461 -2655120390 4472356874
1462 4542760027 7945750922
1463 10262060514 -21297386148
1464 146478477 -717105037
1465 5172458034 7708099100
1466 1059229743 10311271360
1467 7547992013 5532088265
1468 -4085641880 1161796981
1469 9160940020 8004101575
1470 8170164987 -18267194866
1471 5141387604 7199001876
1472 3674479966 7060900018
1473 7406259706 -3459475089
1474 18885014894 155822278
1475 9366801628 4542048627
1476 -2251495559 -44941381
1477 9836585244 305695810
1478 9719271145 8222477097
1479 3855525348 8639081244
1480 -2318526838 1828330906
1481 6222947938 1213611765
1482 -4085641880 16706382431
1483 2167869195 -5452041414
1484 7389914515 3039715228
1485 12341822655 10803636173
1486 4996828971 487007028
1487 9981753613 3488508931
1488 5971085113 11483226188
1489 -1903187694 777694907
1490 2977967031 8026827204
1491 4996828971 1771094628
1492 16566692459 938556038
1493 1506447781 -5864396442
1494 7127634299 424769221
1495 9986291728 -20542912521
1496 -4085641880 -906109930
1497 7444042719 5113427694
1498 3111844557 6874221251
1499 -4085641880 7875793488
1500 8094842296 804206030
1501 -3246435873 5061813798
1502 106210937 325210880
1503 15660226659 -2445323001
1504 6451332049 1411329940
1505 9949363606 378530807
1506 6351541586 -129875730
1507 5533731171 7516267175
1508 4995879524 7302391679
1509 1337289475 10695733960
1510 3722845453 6516360501
1511 6090341710 13403043392
1512 3615385024 5106174705
1513 16563153587 3808008540
1514 15180540580 -1223881756
1515 -107522537 -876475893
1516 1749268425 -2585875128
1517 -57965828 -717000004
1518 8042577530 6565037101
1519 720822666 -2266841032
1520 9025221073 8530917928
1521 5876491029 7553421325
1522 4996828971 -1433501286
1523 9507132442 7817007134
1524 6921171815 9181149901
1525 4996828971 8039447498
1526 2883717623 -5304192929
1527 4996828971 4921082483
1528 8057794527 7910543007
1529 6783053513 2286551691
1530 4996828971 15506548125
1531 4636988664 3234651909
1532 3410479473 6928001696
1533 1553815030 9946456693
1534 912447040 -5131092027
1535 6002208475 7577324413
1536 7181217271 1797652527
1537 2172911070 11087456190
1538 6141841245 5803319279
1539 2869049242 8677832111
1540 6249628989 975086579
1541 8005157693 8207583549
1542 2145850224 8751949023
1543 9534108658 12576621975
1544 1783888146 -3067774661
1545 4793655691 -10060160329
1546 4985583782 8978476360
1547 5782858921 201777872
1548 9585099376 -6445827019
1549 8563044502 8335265677
1550 8820085639 582596228
1551 4775051207 4628607510
1552 7372543461 2028922523
1553 2977967031 7104449509
1554 -4085641880 8293455016
1555 5753796442 7146406159
1556 2257141372 7694304213
1557 1504590038 10088114859
1558 5609883995 998320274
1559 7209649322 2600804035
1560 3177468249 7260183902
1561 10628055535 7072582455
1562 18848201971 13837489777
1563 7039881781 6825557756
1564 3289177018 7025537309
1565 -2748835062 782197156
1566 -4085641880 5609035736
1567 4996828971 1236693713
1568 9412211460 8105648482
1569 4996828971 10642346369
1570 2572110347 10051821856
1571 8551957474 8647415600
1572 8993973692 -5800691548
1573 4996828971 8107764762
1574 4487661958 7786806384
1575 4036868662 4120828579
1576 -683365199 -1749846376
1577 10864349538 -1846756015
1578 8286116597 8223084244
1579 5755750128 1101886835
1580 6262202035 -16311915123
1581 5366088958 1126056555
1582 5890520055 1279026813
1583 9205256849 -19188121033
1584 4996828971 -3909839974
1585 9205915127 -7341420226
1586 -4085641880 1635932580
1587 4770179255 8495250430
1588 14430386223 6193608170
1589 8187751778 10827051488
1590 -2737897288 1796597678
1591 4292469660 10580284451
1592 8131828162 -4503552862
1593 11452789923 1854481165
1594 8451985461 6001707188
1595 10747335617 8762273279
1596 7968950853 6764078928
1597 2572110347 17377077537
1598 2572110347 15058092893
1599 -4085641880 -519349013
1600 4996828971 6748888744
1601 6872393710 4177430870
1602 4244766784 5703201873
1603 4122200852 5543929290
1604 2869007792 6840283018
1605 -3645163716 5121630240
1606 -4085641880 15998860991
1607 7598460579 -617022224
1608 -1759544830 420148061
1609 8667819881 17242653938
1610 6422131460 -1387189519
1611 5606121765 956342892
1612 4996828971 716284600
1613 6206364444 1299907886
1614 8748093172 2377177332
1615 4996828971 9106386253
1616 5622616182 9965789846
1617 825780612 -576915209
1618 -4085641880 -3939399683
1619 10725321592 333509732
1620 4996828971 4868413663
1621 14370264193 3960111574
1622 11389125192 -2794839562
1623 447950886 -1980773143
1624 6989554656 1671453096
1625 4821945877 6453237411
1626 8664740728 8363572469
1627 -2279384922 5175476327
1628 6613589407 9149716570
1629 4996828971 1964729532
1630 61082122 17465041869
1631 8460714132 16356616063
1632 9826661283 -20106180853
1633 7003787447 1702768464
1634 8068718802 8288183974
1635 297211731 -2700645289
1636 11912465523 -1696322526
1637 -3465073003 -4315618814
1638 14386433610 2313194829
1639 2071369839 8173292202
1640 6163597992 1262167494
1641 6270987379 1347831489
1642 -4085641880 8492101638
1643 5998805373 8748385335
1644 -4085641880 -1980140723
1645 7107116682 6371557002
1646 -4085641880 3315298856
1647 -4085641880 7555615175
1648 -4085641880 7605695761
1649 -131441432 902799718
1650 11586508880 4412311756
1651 7452242150 -3588942248
1652 7312179792 6334639488
1653 920190490 -1015257309
1654 6933235589 5864404865
1655 1352572210 10427005880
1656 -2755281186 4236551066
1657 3685646723 4976633774
1658 3255477345 7836822444
1659 4996828971 -657292562
1660 -5832988845 3062347597
1661 8144984577 3630958355
1662 4996828971 17087347992
1663 -1951778164 4704787937
1664 -1568898606 16149581116
1665 -4085641880 6975002816
1666 4996828971 8680961845
1667 7639006709 6809994721
1668 8509807381 8503184721
1669 7208339072 1736889205
1670 1001023850 -1479606767
1671 6758550724 13559590735
1672 -4085641880 -5340300615
1673 5087787765 1479105670
1674 4312275534 4180363270
1675 6428864542 5462175656
1676 7071468950 -614104351
1677 -4085641880 8675375722
1678 -878349583 -287797232
1679 9224556440 5324275533
1680 6475515798 4677110135
1681 9398878400 1019379226
1682 -2560905861 2751221636
1683 -876800271 -1621126383
1684 5204749557 -11086504547
1685 6577177459 2608684070
1686 -4085641880 -1548574526
1687 -4085641880 478113137
1688 6175497614 147591231
1689 5462346340 8361885324
1690 8628209592 7659091346
1691 9239456258 8004639493
1692 4996828971 657156507
1693 5390479769 938398595
1694 -4085641880 5142686361
1695 -6263282402 -11933642731
1696 6546232265 -14163721886
1697 6112144784 310564009
1698 9396073135 8268135258
1699 1981182297 9618535190
1700 8348838686 3094750409
1701 7144515398 1815638254
1702 -4085641880 16137843755
1703 8113156239 3404171920
1704 7594653054 3898994077
1705 11713203304 -79082739
1706 4996828971 3867973019
1707 -477009596 1048863105
1708 1551455231 -2429258872
1709 6291325429 8362674010
1710 6215996109 -784015753
1711 6344462574 1460722658
1712 2850193147 8263141623
1713 6201282169 13298715213
1714 -263562433 829101911
1715 -2487507895 5466965447
1716 -4085641880 1039808188
1717 6532151333 -687531840
1718 7615165523 3414970202
1719 2572110347 11537756864
1720 9702360371 4797499619
1721 488252437 9415258
1722 11394343914 7658145926
1723 1940820047 10468943648
1724 9685929943 374553164
1725 8237304947 8540713573
1726 -4085641880 -921754655
1727 80842115 292244478
1728 12133164174 -5132945876
1729 -3194424772 1838511410
1730 4996828971 7374580731
1731 690197278 -382047059
1732 9251911267 8459974844
1733 4215217558 4690978924
1734 9588065176 673552686
1735 11927798265 -1399548898
1736 5443346414 7260738050
1737 7287246987 6818534382
1738 6620680484 6262791563
1739 1772451298 -3776315126
1740 6330524805 10825055872
1741 6186381211 4763514196
1742 782901890 -1281827773
1743 1831123421 -4339371077
1744 -4884141673 2088514237
1745 5660575436 1022431472
1746 6756013133 5087850317
1747 2167419428 9082538594
1748 5603356374 8508583483
1749 2872506787 10521701299
1750 7544641820 2213591888
1751 -2038066377 640991382
1752 -4085641880 6651924480
1753 1860865565 -3963168734
1754 -4085641880 -602666159
1755 4203051709 3787030694
1756 8847672249 -5231506862
1757 8377389145 4756820700
1758 2206105823 8464494823
1759 2148006901 -5428493527
1760 -4085641880 659034072
1761 5452029628 2110101485
1762 -4085641880 1835045574
1763 4996828971 4034114067
1764 4271125926 4427768526
1765 -1275282526 3407569697
1766 10256566414 -4288891006
1767 1330818245 10074061802
1768 4996828971 7522537518
1769 4141721609 5388455092
1770 8736437451 -6463791865
1771 5511402057 2241712872
1772 -4085641880 3852510257
1773 -4085641880 2059806372
1774 8826409154 2626539827
1775 7494012221 -1813000161
1776 -4085641880 8297418216
1777 -4023235788 4297895981
1778 8120136155 2199660372
1779 -4085641880 17292544886
1780 2794701049 7721395500
1781 -2011084583 1050094641
1782 7135460528 6660375688
1783 4223645953 5154714773
1784 6306095436 14099076698
1785 -3512795549 5351574138
1786 -4085641880 193852959
1787 2572110347 11990803809
1788 12257300915 -10629104953
1789 4996828971 8759388752
1790 4996828971 2930205582
1791 -6276898688 4706771813
1792 9531542718 -4395809997
1793 -1895835859 18172285261
1794 7255566486 3014032287
1795 -351976220 913660584
1796 5229486454 4891633370
1797 19692818648 25777712609
1798 -3318133963 5606095987
1799 3342945118 9089478199
1800 6514694545 6662570734
1801 4577536287 7555682826
1802 9850570417 5059997315
1803 -4085641880 11661184063
1804 5557739847 779108540
1805 7547249693 1958261529
1806 8498111818 11230359686
1807 14874059286 3958235401
1808 -3074841875 5704785465
1809 8396191186 8719546684
1810 4996828971 -823648778
1811 6117770454 13285925108
1812 7908687895 10464412175
1813 4996828971 1787389169
1814 4996828971 9178356118
1815 4996828971 805190990
1816 -1857085991 16804494361
1817 6089178968 232380933
1818 451620321 344692709
1819 10250246691 7144258242
1820 9262428937 5804186991
1821 5919308804 413807000
1822 1226360048 -3087388277
1823 4996828971 890392709
1824 7316817417 8668810578
1825 4996828971 1658450258
1826 -2541337389 -3115238295
1827 8318440803 8730018530
1828 -4085641880 8044668084
1829 7573163254 16310366713
1830 7169560917 2017852963
1831 8756792081 3923526871
1832 -931433636 14879128582
1833 -342450772 -929972834
1834 -4085641880 2024652285
1835 5311811810 9017046701
1836 3945208486 4800390907
1837 9285519558 1692167202
1838 -4085641880 8463729711
1839 6286572248 7526742263
1840 7578661524 10035547876
1841 13576810141 2802355243
1842 15283070879 -1102239078
1843 12296601319 7145163526
1844 -4085641880 1205401715
1845 4005633365 7807389519
1846 16451980407 2777644446
1847 2013090452 8192319189
1848 8338737721 4689135083
1849 -4085641880 8865164965
1850 -35088072 771542568
1851 4996828971 817332784
1852 9301099998 3444365879
1853 2996754894 8348676568
1854 2180120812 -10081912691
1855 -6278534818 1540489122
1856 5174329018 11964852607
1857 8972299049 1791054795
1858 4996828971 7210119541
1859 8569739772 5532187509
1860 -4085641880 8546916469
1861 8875922611 4989676850
1862 -1170745930 1327332337
1863 -4541776456 6040122709
1864 2977967031 6182071815
1865 7601051060 202884704
1866 4996828971 -2308560749
1867 4996828971 -1257083688
1868 3804296488 4274640392
1869 11931474790 7747373676
1870 4996828971 -11836787206
1871 -4085641880 1051933238
1872 6551641543 6295806060
1873 8318407888 8420376955
1874 2439963657 15569794541
1875 586151726 -4379971610
1876 327265653 14726437855
1877 -4085641880 -7113630750
1878 14307832422 2257377771
1879 -1458714169 -470692951
1880 6164314689 8132727834
1881 10829359523 -5880948502
1882 8023691784 -4006842298
1883 9601413517 2548046336
1884 4589014240 6150546257
1885 588955880 -298817942
1886 812840613 -471368307
1887 4996828971 -1522215597
1888 16182044 14411216048
1889 7071535184 5560835071
1890 -4085641880 235706907
1891 4747035282 8450500752
1892 5005939855 8288356172
1893 5920577145 3828251761
1894 -803602930 -820783492
1895 620269860 -1295284461
1896 8763665985 7535895989
1897 1291765981 9805167037
1898 3997977166 6182071815
1899 6735482119 8939848939
1900 7036421826 -1133552399
1901 -3410825743 2551580638
1902 9624701312 5454640665
1903 2479842976 11166490160
1904 7835867910 10369783701
1905 7794794625 -3343833565
1906 3650308742 7092208381
1907 16821554657 -1567312442
1908 4996828971 -18903325230
1909 4679289961 7510028141
1910 5243077014 8957304012
1911 8114525947 3467797675
1912 5672036013 12656176107
1913 8600560329 -4196065544
1914 16350453200 1642605483
1915 -3053878489 6693333703
1916 9220087477 -3520918722
1917 4996828971 9157129428
1918 -4098777280 8004953545
1919 -4085641880 11786631380
1920 4996828971 2057087530
1921 5526713743 1343082211
1922 -4085641880 2142401810
1923 6017260984 398755334
1924 5084568584 1549606203
1925 8402941582 8322412479
1926 9184200484 8650099084
1927 5205174875 1259936225
1928 6816246348 7796417092
1929 -1193879474 -1473875632
1930 6851980621 2141280854
1931 16465376992 1558738670
1932 9939450218 1913558542
1933 5347433215 1136163830
1934 2572110347 12000149724
1935 -4085641880 -2481004396
1936 8227557910 -4191011246
1937 7648386697 -1421130644
1938 9191028854 -727953777
1939 6065263686 1443747620
1940 4996828971 -1930685451
1941 -3568240379 8265996230
1942 3082794024 6147391454
1943 3698459633 4993283958
1944 4996828971 -430006494
1945 3697059397 8353967418
1946 1926224550 11694951258
1947 7025459610 4180452433
1948 11531454837 44473267
1949 5877282597 7386912711
1950 -4486996226 8995224776
1951 7947961790 4627155549
1952 2683808060 17399928612
EOF