NAME : 2032
COMMENT : tspgen
TYPE : TSP
DIMENSION : 2032
EDGE_WEIGHT_TYPE : EUC_2D
NODE_COORD_SECTION
1 10072216116 10113897145
2 10030694646 10041245143
3 10036573683 10043830810
4 10041281786 10048220233
5 10049292987 10039180449
6 10041062567 10048075807
7 10041603573 10048432236
8 10043825507 10035217135
9 10078049351 10149850477
10 9977714930 10049202435
11 10025480914 10037810196
12 10028894717 9988549752
13 10045236499 10050663363
14 10091106990 9984132706
15 10032720594 10131075051
16 10055625817 9936089909
17 10125810796 10032037361
18 10114860180 10088981336
19 10003093465 10023568866
20 10137808712 10020688311
21 10055394771 10116572518
22 9983564193 10059241203
23 10110025619 9988549596
24 10077401038 10147479609
25 10087594595 9980090081
26 10081119348 9867604241
27 10130500594 10011969906
28 10046142257 10095074632
29 10046814617 10044112331
30 9994058989 10085014245
31 10072862214 10006328360
32 10112652571 9980893761
33 10153506216 10016845422
34 10046381151 10009966014
35 10118049876 10092538803
36 10033298313 10139133788
37 10114898274 10091846606
38 10056265781 10110774971
39 10094862014 10181404704
40 10104908680 10120099800
41 10077631683 9933165825
42 10072967007 10132848297
43 10063384185 9963706754
44 10032198987 10052923684
45 10050477479 10041155592
46 10037324089 10048885063
47 10084123179 9859534769
48 10042991455 10008568805
49 10069975428 10009051667
50 10042429945 10008214959
51 10039339093 10012029846
52 10041953971 10017692976
53 10061088130 10132715226
54 10082779894 9977476843
55 9966239032 9998780059
56 10131773389 10067483399
57 10058548850 10108935034
58 9965315713 10059799726
59 9924358384 10018355908
60 10034864660 10007969712
61 10063263313 10131182881
62 10049183836 10099304696
63 10061306919 10110061833
64 10083330197 9920950492
65 10048163639 10042950533
66 10140986044 10113908067
67 10085521800 10168297823
68 10124282573 10069085133
69 10046399525 10043810528
70 10066601756 10045976850
71 10082452152 10144953052
72 10032634165 10092570052
73 10028918924 10031316929
74 10129380374 10064616549
75 10099841940 10067909843
76 10127255027 10106730630
77 10072898987 9889687371
78 9967741351 10040575682
79 10042418731 10042886282
80 10090443506 10176241030
81 10048173219 10104573037
82 10108063427 10187333748
83 9999779247 10020877250
84 10108572643 10078638203
85 10118158505 10064460559
86 10005282612 10020380393
87 9965906922 9998561256
88 9982605651 10055571669
89 10006361254 10128862989
90 10036587555 10079389917
91 10026442054 10004043016
92 10058472534 9995097846
93 10057742455 10113933709
94 10022009409 10035523076
95 10038448674 10042678510
96 10003218571 10023143169
97 10053396052 10037985675
98 10043888624 10008867518
99 10068229249 10028789646
100 10027480781 10029806782
101 10026157301 10042011646
102 10165324358 10030262246
103 10081139945 9991253510
104 9969210634 10002225146
105 10053814857 9940954860
106 10046731064 10045427811
107 10113077694 10095521299
108 10032550623 10123700411
109 10030717286 10041260058
110 9974564224 10089693356
111 10057619391 10111062116
112 10065997909 10026318431
113 10040748500 10047868891
114 9961615515 10059394104
115 10029238453 10008614486
116 10087736110 10159731475
117 10111948166 9996556059
118 9974456668 10106238496
119 9984255639 10010649882
120 10059390004 10113086169
121 10023092495 9989285972
122 10042326957 10048340240
123 10040784589 10047892667
124 10054203217 10115206326
125 10085182881 9916979080
126 10084774991 10078938845
127 9978699904 10037910013
128 10033796092 10013351733
129 10115066960 10100559211
130 10020072775 10022681287
131 9981500348 10111186554
132 10071049053 9894657020
133 10030461296 10007925893
134 10021533914 10035624946
135 10125459343 10062755704
136 10022756954 10051907150
137 10003012120 10122044052
138 10118043595 10099250123
139 10123994524 10005953864
140 9967759405 10031483288
141 10079424314 10125668283
142 10009071722 10031174357
143 10041312983 10012761007
144 9986468348 10103934078
145 10054577070 10112979089
146 9960053442 10030798931
147 10048750709 10105591384
148 10064815411 9960638780
149 10056961444 10117272830
150 10132200154 10078808579
151 9974133832 9974012125
152 9974277368 10039115146
153 10032319628 10011926125
154 10121591426 10062555713
155 10017384638 9935837859
156 10046920240 10052320470
157 9983333657 10062663223
158 10084613577 10115514965
159 10044115116 10050086907
160 10041033461 10048056631
161 10075305702 9938151797
162 10129614265 10024479271
163 10071022077 10116892268
164 9977722768 10147330525
165 10081276945 9989757706
166 10143544161 10014872687
167 10062246613 9966145253
168 9995519823 10110237965
169 10012960833 10028770563
170 9989226171 10092872707
171 10032559912 10042474029
172 10008312836 10029577210
173 10048666888 9987899424
174 10123842996 10084535499
175 10139229901 10027009389
176 10112593275 9858222173
177 10002897738 10120598852
178 10053606501 10043284506
179 10047856635 10048454677
180 10042092855 10009346838
181 10044224339 10049101419
182 10020139955 10055987220
183 9975311613 10152499076
184 10045330043 10039925491
185 10018805790 10033412446
186 10056133970 10006793557
187 10032515494 10095056037
188 10033918579 10103496839
189 10091542066 10161482846
190 10033488014 9993030016
191 10115475012 9995626606
192 10047629723 10044925902
193 10074328150 10123140397
194 10014490389 10032359157
195 10059086729 10045536124
196 10061427388 10003438319
197 10048857480 10049972369
198 10040428148 10030424153
199 10044279187 10012066033
200 10032084872 10042161060
201 10038556725 10045416240
202 10129270774 10006744414
203 10038661112 10046493663
204 9966523632 9998967561
205 10125650961 10064888364
206 10008936874 10024705470
207 9982144924 10137851195
208 10048704310 10049883278
209 9988930306 10085886454
210 9978042693 10039566196
211 10041328852 10034565085
212 10001881252 10022754060
213 10127010629 10072833884
214 10087076779 9985277860
215 10049052249 10047633672
216 10055624862 10049407993
217 10032733239 10049869469
218 10065672816 10028017509
219 10001628325 10024307877
220 10057775128 10040735136
221 10113614338 10093581387
222 10142720135 10067633543
223 10006262470 10028358795
224 10045460307 10050973155
225 9970765834 9968073003
226 10073481785 10114482634
227 10113509330 10095747122
228 10022887496 10036224620
229 10128504474 10061647032
230 10029781160 10002262124
231 10042325302 10088891678
232 9961434208 10060738561
233 10045932256 10097728899
234 10068137741 10136634561
235 10128539331 10075673969
236 9982626431 10136819035
237 10033084905 10042819909
238 10059572664 10124674797
239 9962714545 10037867665
240 10040749188 10091481516
241 10054720014 10114868207
242 10119090853 10094686927
243 10158205334 10032605047
244 10048270791 9996103818
245 10140826957 10032477309
246 10056251657 10118818540
247 10026385286 10038406021
248 10050868304 10109325546
249 10112682667 10140924258
250 10056928473 10023011134
251 9982878826 10060348930
252 10084209005 9919066680
253 9991289693 10118248472
254 10053921722 10114709937
255 10141313097 10017262542
256 9986098825 10104060607
257 10046086178 10102398204
258 9984006387 10133860962
259 10032687721 10040066682
260 10043844874 10093584941
261 10127038847 10108238448
262 10053077280 10034896785
263 10115472718 10097882643
264 10036833482 10045289572
265 10062040113 10129025893
266 10040064242 10006615736
267 9986036858 10059805355
268 10134503612 10085230583
269 9993378484 10104348631
270 10122927019 10026389521
271 10071028733 10011071799
272 10055183361 10116934710
273 10064649030 10023954326
274 10040824758 10047919131
275 10024705365 10037299244
276 10086830157 10169624555
277 10053502736 10025146201
278 9940317840 9915449441
279 9934209019 9977677830
280 10026506407 10044035527
281 9936195976 9977233336
282 10063892794 10033260726
283 10187342543 10099454772
284 9986299495 9995974762
285 10030390420 10003687509
286 10104996631 9984510393
287 9945294483 10029952260
288 10119724894 10099900652
289 10124074542 10238417285
290 9997867982 10021364250
291 10027368449 10039053755
292 10028276830 10034607617
293 10125153669 10061415028
294 10058630320 10026545078
295 10042205003 10047844001
296 10096202077 10189267035
297 10088522760 10172969631
298 9940295598 10045147401
299 10043722978 10049838509
300 10047956554 10017959872
301 10025966007 10047056496
302 10117635892 10071368689
303 10121350003 10233612839
304 10081978740 10124330590
305 10032631271 10030916279
306 10105521703 10134984158
307 9995433360 10018014064
308 9979673758 10045603215
309 10041544047 10011147490
310 10039571974 10016181406
311 9951750707 9984989881
312 10118236134 9999416917
313 10123099045 10021332335
314 10198284466 9970667955
315 10064270439 9961806981
316 10028919964 10014363725
317 10085532189 10156209095
318 10125598592 9996387332
319 10039626541 10013766076
320 10035144178 10043484611
321 10058346646 10024073555
322 10005907468 10026323866
323 10042169188 10002499477
324 10036500847 10005456523
325 9993044468 10113864420
326 10058630320 9954197709
327 10074783733 9939270688
328 10032286819 10081019693
329 10024851941 10037395812
330 10120413179 10072224422
331 10094291106 9897454693
332 10127284514 10086618891
333 10016662168 10020144480
334 10026922181 10004704212
335 10016086670 10038300024
336 9957834629 10127315676
337 10006493390 10029279661
338 10100693365 10064371478
339 10060249994 10019180846
340 10031702540 10137721385
341 10051333287 10022027348
342 10087344634 9912345147
343 10044202092 10017915345
344 10035430409 10044365190
345 10116519973 10097789164
346 10116368137 10140817175
347 10092012854 9902338353
348 9967420738 10169413953
349 10115994002 10076889384
350 10152560669 10015345739
351 10032447756 10031088330
352 10019956506 10040437287
353 10097803747 9822783374
354 10038583365 10023236578
355 10050722230 10047891478
356 10060272934 9977743421
357 10061531058 10005921686
358 9949638737 10207531440
359 10052021404 10012632615
360 10126156833 10012150275
361 9995936393 10109471345
362 10101881601 10103744362
363 10041794841 10029639723
364 9955066760 10060025306
365 10045457023 10050970991
366 10063235347 10005225537
367 10039883460 10014082896
368 10126986210 10061527529
369 9981614512 10138988186
370 10047841851 9997023294
371 9978367131 10052164356
372 10048349319 10104883574
373 10037424199 9992393896
374 10082517273 9973137423
375 9982329350 10048685118
376 10041700516 10047640333
377 10015397299 10030624002
378 10047260408 10019645790
379 10011414128 10030092835
380 10023279968 9948525756
381 10108882351 10127327430
382 9998269233 10119014207
383 10051369241 10041963360
384 10105738466 10063547102
385 10030612461 10005620367
386 9988884419 10113499256
387 10032940253 10031948994
388 10029409841 10040398678
389 10124326395 10037864656
390 10054636982 10016993778
391 10034925783 10105313603
392 10023092495 9974341474
393 10045505482 10094468471
394 10041793585 10048557421
395 9978142476 10057364424
396 9969661700 10164610228
397 10033686730 10039189437
398 10029599150 10008630393
399 10034189744 10003454234
400 10051731353 10110847444
401 9996240504 10044654378
402 10029157484 10044026606
403 10119639660 10102381181
404 10094925451 9896094911
405 10036376524 10037347325
406 9990901808 10119079943
407 10044150748 10095580636
408 10058630320 10024299010
409 10002644204 10124971238
410 10034298672 10003032359
411 10003691329 10024701829
412 9973059308 10000395919
413 10128806487 10034698005
414 10119554064 10062985011
415 10041379965 10046363548
416 10082612680 10165303517
417 9955207557 10052670664
418 10089770071 10174293746
419 10080837432 10159588106
420 10041944621 10120005749
421 10056725269 9977980803
422 10043888624 10008902274
423 9983704655 10057641604
424 10073132875 9942809466
425 10043044471 10007306956
426 10050171067 10104467036
427 10057590931 10121180214
428 10109448833 10103140057
429 10105999349 10087330269
430 9955045461 10052682712
431 10018621873 10047158820
432 10149971854 10031267846
433 10049471317 10114485291
434 10091457618 9903528558
435 10047597548 10030394506
436 10035842190 10005857016
437 10047877983 10118022470
438 10055885157 10019887202
439 10043921608 10074001747
440 10033796536 10001222349
441 10040043020 10048631822
442 10043400906 10044864022
443 10024866206 10040917140
444 10050961138 10008504160
445 10023958357 10025161903
446 9927863149 10069575679
447 10033111870 10098233304
448 10078284181 10000443376
449 9990875643 10089631494
450 9975593158 10036009420
451 10083459299 10166796444
452 10115067863 10009987732
453 10109652004 10033931514
454 10032898618 10077637837
455 10056683564 10024068650
456 10118357968 10066902832
457 10041714888 10046966136
458 10126137251 10105456342
459 9954876460 10058271894
460 10071262208 10145288117
461 9927282843 10255453524
462 10031946689 10053968327
463 10143896638 10109778539
464 10088948847 9908906358
465 10068843832 10016521623
466 10054035777 9940361382
467 10036829605 10034981631
468 10013059636 10030464819
469 10031330245 10053991747
470 10134917562 10022223087
471 10055393076 10023435734
472 10047329551 10044133472
473 10068535270 10033593413
474 10058630320 9854791072
475 10102424343 10136580886
476 10084569637 9991789210
477 9990624868 10014846100
478 10054845570 10014035522
479 10017066227 10022744448
480 10130351694 10031434122
481 10124960425 10103349960
482 10127849790 10013895315
483 10039371052 10045068215
484 9961405648 10055799354
485 10071091801 9947184713
486 9936956047 9979582721
487 10041338621 10045196461
488 10050444390 10104222976
489 10092684287 10066250572
490 10014210140 10036168914
491 9975725565 10057877068
492 10030131176 10004334908
493 9968393286 10001290573
494 9986132193 10011359540
495 10012756039 10024369065
496 10037207305 10076948684
497 9963578074 10063819886
498 10030585390 10092341933
499 9981788052 10134447233
500 10029905055 10040724939
501 10125406603 10069217202
502 9979929334 10054648166
503 10049869749 10120953509
504 10054738482 10027220704
505 10125783878 10061652060
506 10057646081 9976006952
507 10118117510 10098841664
508 9982523084 10108054222
509 10031023145 10041461567
510 10020323553 10034412389
511 9960886002 10183421808
512 10129774327 10108196869
513 10119131738 10072992056
514 10072790353 9951800376
515 10065172697 10042561138
516 10038973036 10046699168
517 10010786576 10117130937
518 10121468053 10101051854
519 9972714945 10043073969
520 10003380288 10121841098
521 9980001003 10007846814
522 10117243503 10099061084
523 10026901627 10024987859
524 10024279560 10031313030
525 9923159124 10011242414
526 10110189655 10032086468
527 10031933199 10049823416
528 10050471181 10047712272
529 10130387325 10064702752
530 10042826607 10087910656
531 10029324617 10001531608
532 10041389186 10010855223
533 9956275598 10193304668
534 9995431475 10148991827
535 10034292713 10024131974
536 10057797670 10043256142
537 10058927887 9973259272
538 10052070244 9987959313
539 10100281885 9884612863
540 10147480006 10059870803
541 10104657188 10083840150
542 10047232040 10035504186
543 10006757561 10133297444
544 10034609880 10043824603
545 10058630320 10029707306
546 10024696850 10029719248
547 10042974774 10095406110
548 10017977550 10032866780
549 10040672571 9999723056
550 9967601335 10029551041
551 10120380921 10039449473
552 10011955022 10151647189
553 9963611815 9998591689
554 10106596381 10104205988
555 10042367210 10048375912
556 10080968508 10142091280
557 10117680391 10150604624
558 10039199409 10045175993
559 10027043157 10029636108
560 9911388177 10289525324
561 10018609442 10035070694
562 9979778907 10049708279
563 10124882978 10099654198
564 10066051812 10120190995
565 9988880331 10102081318
566 10056535490 10032753107
567 10113345299 9961610707
568 9946421453 10060603232
569 9993436396 10105797628
570 9965874537 10102154556
571 10034425788 10043703319
572 10046743816 10051763323
573 10046827797 10097375617
574 10033620095 9999291425
575 10023132530 10042808362
576 10033998822 10006434040
577 10102931884 10075227013
578 10004832101 10027002414
579 10055770241 10113434790
580 10125224690 10105301469
581 10047982555 9996721680
582 10071025543 10116328657
583 10105072255 10140629671
584 10003785685 10022915077
585 10028265221 10033394134
586 10081630889 10126215925
587 10150284666 10121983833
588 10044912812 9991947563
589 10096377150 9892983051
590 9993744140 10112987120
591 10031274299 10053574569
592 9938041262 9936656380
593 9971004286 10001919536
594 10030499613 10000000000
595 9972140388 10159296914
596 10111597306 10164575406
597 10037451320 10134243384
598 10062686961 9965201324
599 10035734042 10005369097
600 10000790568 10021311582
601 10099951958 10117476261
602 10058047891 10013583074
603 10042167823 10093056077
604 10141888491 10078109041
605 10136875424 10064519767
606 10145855007 10026640853
607 10002242965 10023986575
608 9991053393 10118755004
609 10136803734 10083565653
610 10050222461 9991920219
611 10061867780 10019854949
612 10147054872 10059512804
613 10135553715 10063598694
614 10151976032 10121148565
615 10003974089 10023640925
616 10036868920 10046759036
617 9984565964 10058324025
618 10058455309 10109885625
619 9963061511 10059731742
620 10141467479 10129251202
621 10066599130 10117480367
622 10084591932 9987369960
623 10032624955 10042516882
624 10165971488 10003990639
625 10147366868 10023176611
626 10068038496 10010853898
627 10036124984 10042054328
628 10061393483 10115623542
629 10088518751 9909828310
630 10047228536 10052138111
631 10008049907 10025244488
632 9979157247 10141514611
633 10080036320 10127523756
634 10047188000 10050571790
635 9969746220 10104754749
636 10053760514 10012013185
637 9987585337 10118873443
638 10040776286 10085367096
639 10039938477 10046010380
640 10120773814 10100591709
641 10084348536 9990442345
642 10020954317 10086029508
643 9986649889 10061782639
644 10035527282 10040990303
645 10007642242 10028414541
646 10029697298 9997881574
647 10019186740 10036863519
648 10059721419 10025305365
649 10081637068 9924579883
650 10134349118 10059196149
651 9985319755 10053555614
652 10042404327 10012039096
653 10077306361 10155946366
654 10046808515 10051183891
655 10043996682 10003741931
656 9983026128 10105509008
657 10084564976 9995121601
658 10124773981 10155443522
659 10074583216 10140967908
660 10068472784 10140369252
661 10120580708 10066570325
662 10003859056 10025610317
663 10046961303 10035110314
664 10043799692 10088050514
665 10116782491 10087614806
666 10040378586 10045895070
667 10124088939 10065222818
668 10038976486 10088355538
669 10083674980 9984065805
670 10037787020 10045917789
671 10044360506 10097849707
672 10068612750 10120490688
673 10058179491 9974863534
674 10058633005 10122233521
675 10029284363 10079316290
676 10067936645 10029312840
677 9959777198 10054530035
678 9981270211 10034222488
679 9980859859 10056846843
680 10001368307 10267011517
681 10052315657 10050272686
682 9976957003 10048145011
683 10110420650 10093770767
684 10118684791 10099215405
685 10043888624 10015960988
686 10031883546 10008599151
687 10048286030 10044657595
688 10021842022 10041066699
689 10044065544 10050054248
690 9995916834 10018332589
691 10048796829 10105672711
692 10047425159 10043367083
693 9971853344 10002478918
694 10003538555 10025667686
695 10043888624 10019379500
696 10043653369 10037713492
697 10058630320 10011953300
698 9985129452 10057296909
699 9940556491 10070149580
700 10041923356 10047999075
701 10138132433 10062701499
702 10087485176 10173895668
703 9935951875 10236870591
704 10032023342 10027130738
705 9946182683 10063129079
706 9984149647 10133553870
707 10105148587 10154287023
708 10131589808 10059853572
709 10049495944 10105683566
710 10144810983 10023992803
711 10155894671 10123730269
712 10042368052 10025829589
713 9957228903 10092625486
714 10134097662 10113063276
715 10056382005 10023003088
716 10023453768 10126020659
717 10038843166 10034153039
718 10024207150 10094062523
719 10060854427 10016047085
720 10048698518 9954699362
721 10122952514 10102027095
722 10035342683 10089660356
723 10124817002 10094594845
724 10056270449 10038760400
725 10039772207 10014321378
726 10112375106 10095058415
727 10040074774 10044908386
728 9984003645 10104190784
729 10059628905 10110871176
730 10043086149 10006227724
731 10112762411 10168687127
732 10018329413 10033098596
733 10067218490 10034834693
734 10042064914 10047955678
735 10141436035 10021162766
736 10035385844 10005812850
737 10061145669 10042837073
738 10067097022 10123295368
739 9974831174 10036933897
740 10081691898 10150126595
741 10094479760 9987600571
742 10137543148 10058757120
743 10142142539 10070230389
744 10115742641 10097853819
745 10067839054 10006916370
746 10160761977 10148300267
747 10047026397 10101748193
748 9977902720 10144884766
749 9943933105 10098107411
750 10142118632 10110905615
751 10087372713 9986485102
752 10131406881 10011171259
753 10023092495 9945535924
754 10043888624 10019947562
755 10025111327 10041037623
756 9980064527 10007888665
757 10062575478 10025561112
758 10033061031 10001039199
759 10024458810 10035155143
760 10023092495 9878989360
761 9980303801 10046285871
762 10097773257 9889990356
763 9992880183 10100745390
764 9987017813 10128956183
765 10014717675 10030719086
766 10058630320 10015425509
767 10044496272 10098089117
768 9998830192 10020251988
769 9993911855 10133061286
770 10001564021 10117645546
771 10038250881 10042611260
772 10083092707 10151270918
773 10052622277 9986775975
774 10029045315 10037920806
775 9977854264 10054771048
776 10000131301 10115690129
777 10048683305 10105472524
778 10067582797 10138799850
779 10026595215 10147722100
780 10050481868 10038701051
781 10039247463 10044315967
782 10077321933 9933829805
783 10039991930 10090146170
784 10036850300 10045300652
785 10067116042 10016674500
786 10065766980 10135597843
787 10112297225 10075658886
788 10072527925 10124538868
789 10123367282 10102339606
790 10117537926 10097296557
791 10142434685 10033003622
792 10041650139 10005808695
793 10113774309 10091161081
794 10136405930 10031534119
795 10041719768 10012597483
796 10008877380 10013979146
797 10062513272 10012194247
798 10140263870 10078848159
799 10019617981 10084461312
800 10044029086 10044574399
801 10046369138 10051476208
802 10041172001 10048147905
803 10120902706 10070379695
804 10044188675 10050135370
805 10016317901 10034374452
806 10118260294 10065145338
807 9976058328 10061965671
808 10035581083 10044464458
809 10038888216 10046643286
810 10090852282 10168726021
811 10054447497 10014285176
812 10023092495 9991117729
813 10141713078 10108189469
814 10031252773 10041612851
815 9913735718 10032798950
816 9974758099 10051259727
817 10055811542 10035076887
818 10067351007 10123627709
819 10042831933 10087039932
820 10029149328 10040227046
821 10060850621 10117079331
822 9974290195 10036228310
823 10033055381 10042800458
824 10043236578 10037355077
825 10085764940 10169495166
826 10022883419 10036098897
827 10024325664 10055004570
828 10036356599 10002135082
829 10034792487 10040531431
830 10026131574 10039297507
831 10113996153 10079582928
832 10043464864 10086665556
833 9980089690 10056180696
834 10055466503 9980679093
835 10081776792 10152860733
836 10047730611 10031086717
837 9951702825 9943643904
838 10085133584 10151401996
839 10056453321 10007665140
840 10037211041 10045538318
841 10016987433 10040108660
842 10043783225 10096831731
843 10044331788 10048803798
844 10090371611 9819541624
845 10116852162 10075272169
846 10045285971 10019866983
847 9975870366 10039580767
848 10046630240 10101852151
849 10141764550 10079047734
850 10034254794 10115088443
851 10053242253 10024200548
852 10037291636 10045620756
853 10022566546 10035890132
854 10008761098 10013848672
855 10047140253 10098242946
856 9990764864 10103782128
857 9975945127 10051125543
858 10048214099 10101793773
859 10134286111 10023369570
860 9962381724 10120612854
861 10037225882 10045548095
862 10045833085 10050994537
863 10128531877 10108121964
864 10035195667 10044196907
865 10040830995 10017176031
866 10063875180 10024247590
867 10022063935 10035558999
868 10055135728 10009097164
869 10028201529 10040185948
870 9977171552 10037327155
871 10069778895 10000508570
872 10054846765 9982007563
873 10130138542 10008001886
874 10130306937 10030430413
875 10083974682 10126905497
876 9988883895 10084528110
877 10120812078 9986130541
878 10112492434 10093329436
879 10064311607 10127336911
880 10044022724 10049972814
881 10036659910 10045175218
882 10040914633 10018234931
883 9983327398 10135316443
884 10055762722 10050074521
885 9998645933 10117678913
886 10028861841 10004437638
887 10040597007 10044033107
888 10029353519 10105028421
889 10115583271 9851812818
890 10031814322 10139873582
891 10022012555 9980274229
892 10074503191 9885377846
893 10049830984 10099624770
894 10095746792 10124596547
895 10041333313 9982139777
896 10058187901 10113426023
897 10040074145 10017604211
898 10019867682 10031381291
899 10150710480 10104730789
900 10042827281 10016872423
901 10082330842 10152679492
902 9961224728 10058843660
903 10058618122 10111097561
904 10189845831 10084341397
905 10136273949 10015212368
906 10032073771 10076183303
907 10023626027 10036588147
908 10101460846 10198540338
909 10130347443 10002211689
910 10021893073 10035446431
911 10045183328 10048267806
912 10131730966 10018159330
913 10055148324 10007578266
914 10042787251 10043119420
915 10113567238 10127293495
916 10061240304 10127615511
917 9991979861 10116769029
918 10046973092 10047767285
919 10121396682 9998022263
920 10056965268 10120076920
921 9981277393 10060635807
922 10025151373 10037593086
923 10075646832 9937420550
924 10065976636 10047353095
925 10126655417 10014739514
926 9959164002 10098362877
927 10055389671 10105956836
928 10047576338 10051277876
929 10030081765 10040841360
930 10128303065 10065968112
931 10020276091 10101748508
932 10115294716 10097282606
933 10035679772 10048323490
934 10056945743 10120042490
935 10030561092 10082672026
936 10044924275 10098843857
937 10036902319 10035680529
938 10048526447 10099805867
939 10117825822 10078945120
940 10079665466 10178745486
941 10061166007 10127484495
942 10131246492 10002386019
943 10130169710 10067721457
944 10087508104 10117360091
945 10122802225 10062367204
946 10061340954 10022746692
947 10043988262 10000251523
948 10044958538 10035278797
949 10049841212 10109969965
950 10118234297 9996643544
951 10011660194 10037513926
952 9959444660 10042936971
953 10117279094 10088955033
954 10067294494 10029226098
955 9937639112 10040907411
956 10034206149 10103954966
957 10045719185 10005717296
958 10101554297 10198705128
959 10020264262 10034373327
960 9979681394 10007636247
961 10125956032 10104005892
962 10014593332 10030637166
963 10065246730 9910244345
964 10111348965 10098533597
965 10026121983 10007915447
966 9994053852 10013167879
967 10058542223 10020498787
968 10100826651 10119079699
969 10134920670 10008556110
970 9979929351 10053527208
971 9982619027 10055301107
972 10044531029 10050360922
973 10043959093 10006570810
974 10114851626 10131634220
975 10122810747 10101933695
976 10009803194 10028042850
977 10035015946 10002753595
978 10033919623 10077804388
979 9958446013 10045968910
980 10050033280 10024327635
981 9943054577 10069318728
982 10055426887 10106149147
983 10119231737 10065476988
984 9998966913 10022106374
985 9991732593 10117299072
986 10045139112 10099222701
987 10066315732 9907372586
988 9955201756 10195606557
989 10091400738 9903650484
990 9994970416 10110358475
991 10039010948 10016694511
992 10041040995 10047874543
993 10054905630 9981881381
994 10014184113 10035263783
995 10052347078 10008735511
996 10047592155 10098661758
997 10068200939 10013250503
998 10040184055 10085458323
999 10046734871 10051813616
1000 10042683913 10087879713
1001 10030850452 10146038504
1002 10048499247 10032535370
1003 10039451616 10089193380
1004 10098876020 10120128071
1005 10053843895 9984157315
1006 10047398250 10097383677
1007 10043888624 10013634970
1008 10025643810 10000482472
1009 10043888624 9967719716
1010 10129710787 10036774702
1011 10132162865 10027577755
1012 10001803143 10022210647
1013 9988116122 10105981236
1014 9964948650 10042355699
1015 10044680251 10098413545
1016 10088556497 10124656988
1017 10025981331 10084071277
1018 10134461557 10107977453
1019 10027106992 10003631597
1020 9996243340 10018547700
1021 9984018485 10062674153
1022 10049715118 10112229522
1023 9954685426 10065911751
1024 10118539092 10100284271
1025 10124354844 10227290769
1026 10017389238 10052054861
1027 10123132487 10005216141
1028 10053688368 10044624647
1029 10066380871 10026911518
1030 10035061880 10081452527
1031 10128892609 10106705193
1032 9984346615 10091151923
1033 9999343296 10120826275
1034 9927577746 10064870013
1035 10075543569 10152837860
1036 10044426122 10042949947
1037 10088216605 9910475990
1038 10167661596 10077297983
1039 10108270811 10110644249
1040 10045141829 10050287214
1041 9974066603 10056010639
1042 10035905931 10044678476
1043 10044570899 10027949616
1044 10119037820 9992521740
1045 9983256386 10130502710
1046 9981586852 10139047478
1047 9995556319 10109102535
1048 10031159501 10048294384
1049 10037492393 9945564955
1050 9978099970 10043531968
1051 10102460911 10190848081
1052 10048832435 10011412537
1053 9966860755 10000930808
1054 10063188204 10131050435
1055 10114796301 10096879134
1056 10096138921 10127670108
1057 10169993726 10068479915
1058 10044224226 10004554843
1059 10040236945 10046305323
1060 10047053803 10052002612
1061 10033663484 10041908071
1062 10081284612 10119859173
1063 10086080451 10153731634
1064 10043111942 10026524128
1065 10089819869 9907039234
1066 10035164691 10011370415
1067 10048171109 10003910498
1068 10109461967 10075336875
1069 10145662281 10005042084
1070 10040508572 10045544083
1071 10113305573 10096206956
1072 10144633324 10070649015
1073 9991088627 10102347309
1074 9972475201 10117772835
1075 10041834264 10048584221
1076 10033741746 10007797966
1077 10040203860 10047510067
1078 10097997792 10168811253
1079 10072495297 9944176179
1080 10049454629 10106832675
1081 10091131771 9904227043
1082 10120932262 10100696099
1083 10047338318 10015993566
1084 10058630320 10028801856
1085 10032186230 10036135673
1086 10027054149 10030549694
1087 10114520478 10062750389
1088 10117799054 10102089717
1089 10070753823 10113862249
1090 10047209097 10050295168
1091 10082970957 9862630091
1092 10048398875 10122288043
1093 10088148639 9910621683
1094 10031193351 10041573703
1095 10040865825 10012385663
1096 10053309850 10023730941
1097 10058630320 9995828506
1098 10029458193 10002865432
1099 10072330533 10131610248
1100 10063107555 10118232963
1101 10034201986 10043880875
1102 10113211289 10170271241
1103 10183709008 10014935346
1104 10043705480 10096694636
1105 10039063568 10045269744
1106 10014372217 10034664313
1107 10058630320 10023622263
1108 10135823699 10096214735
1109 9974551418 10007268383
1110 10107375392 10083692659
1111 10032019637 10042118082
1112 9992676017 10105103265
1113 10045697649 10050679744
1114 10036943908 10042138974
1115 10060639445 10045886142
1116 10033682838 10081544350
1117 10043633863 9998309910
1118 10039789458 10051632574
1119 9969285668 10096132500
1120 10118146740 10227964210
1121 10036311820 10042868709
1122 10044248129 10006611356
1123 10131913535 10022938671
1124 9953938763 10047701024
1125 10102808233 9879197385
1126 9981170713 10037345612
1127 10067651222 10031809194
1128 9977984209 10146770102
1129 10011590044 10036594986
1130 10135380847 10097421919
1131 10136733934 10005664196
1132 10044981669 10121222481
1133 10117461554 10100365501
1134 10101737779 10135511446
1135 10009385493 10035824381
1136 10093149695 9899901423
1137 10090071414 10177507447
1138 10015007103 10024868225
1139 10084167640 9919155351
1140 10033973064 10052227712
1141 9974402426 10101860949
1142 10097548970 10119371831
1143 10050441582 10042750126
1144 10150124162 10072738390
1145 10076024973 10130653432
1146 10055826795 10134216912
1147 10038930119 10042623898
1148 10043888624 10005497430
1149 10075947152 10153549538
1150 9971713718 10054285345
1151 10052527128 10047938284
1152 10014783696 10030762583
1153 10029146228 10035864201
1154 10043076938 10095586265
1155 10019442396 10033831859
1156 10081575197 10142963565
1157 10061180459 10127509980
1158 10070952667 10004174681
1159 10025510515 10208137355
1160 9924103989 10017089117
1161 10042354141 10094311687
1162 10052188248 10024079406
1163 10002994176 10022995332
1164 10010110517 10029001049
1165 10037863433 10086392781
1166 9983734863 10003824176
1167 10154045342 10125043429
1168 10002113518 10010888966
1169 9959100647 10037569194
1170 9965519253 9962546749
1171 9995437760 10109074802
1172 10066302883 10112289566
1173 9969752584 10051675113
1174 10009967561 10026298948
1175 10089921864 10114469870
1176 10041192378 10080603958
1177 10021857718 10035423138
1178 10124538565 10010511557
1179 10033824255 10105308748
1180 10023856596 10036740052
1181 10036549313 10029837647
1182 9972459605 10064859110
1183 10143756892 10115958697
1184 10134169222 10256218225
1185 9995257220 10111944172
1186 10068844649 9900578919
1187 10070730270 9895513397
1188 9983568397 10134799839
1189 10018799603 10046359088
1190 10027031311 10027510170
1191 10121216653 10101636966
1192 10115330469 9991160078
1193 10112512311 10095121117
1194 9982866687 10089085191
1195 10044243226 10013803384
1196 10161810140 10017028502
1197 10018458488 10033183634
1198 10134442857 10109597240
1199 10054193238 10115188729
1200 10043652389 10048412435
1201 10005197711 10120732921
1202 9979013736 10044739846
1203 10088887034 10115688916
1204 10056855010 10117955232
1205 10026322174 10034847651
1206 9982396747 10059569147
1207 10119425104 9994536141
1208 10031181256 10044477044
1209 10051480142 10041988393
1210 10042307678 10029972504
1211 10050575642 10051404544
1212 10048446868 10105055591
1213 10123108535 10061010160
1214 10038949725 10023708256
1215 9986289343 10056053839
1216 10063195867 10113764483
1217 10086503296 10122763816
1218 10042181032 10088666757
1219 10084741637 10169057717
1220 10071140328 10123191735
1221 10042527642 10082720953
1222 10127939409 10021387474
1223 10037829458 10021869467
1224 10088175234 10166734892
1225 10133679825 10069907832
1226 10147983355 10018556477
1227 10072092427 9891854108
1228 10129739221 10060953651
1229 10044020409 10038668280
1230 10012850512 10029488949
1231 10075071137 9938654609
1232 10085810353 9981885820
1233 10002704893 10025064106
1234 10136079488 10032615551
1235 10045109596 10002880155
1236 9979859792 10048220410
1237 10030244028 10040948263
1238 10039311059 10013528656
1239 10087650751 10120601257
1240 10034861205 10013225353
1241 10046314612 10100656433
1242 10042384575 10008721508
1243 10001536855 10139313159
1244 10058500437 10116874734
1245 10035451860 10075478822
1246 10074250118 10148210905
1247 10090835639 9904861830
1248 10100620492 10118234869
1249 9943489600 10069815569
1250 10126589804 10020281898
1251 10053623843 10107131845
1252 10120505889 10068224426
1253 10043045670 10028780646
1254 9984436864 10062756353
1255 10058630320 10006792237
1256 10047328066 10052203685
1257 10054202103 10018488552
1258 10091849280 9838779417
1259 10044036258 10050034953
1260 10066528267 10130676157
1261 10114252558 10024634263
1262 10045271869 10004419308
1263 10002051488 10083909494
1264 10048567684 10050681206
1265 10118402717 10094656324
1266 10033260438 10037241526
1267 10128658097 10071444586
1268 10018195767 10049264024
1269 10046351277 10037286404
1270 10043163919 10048295100
1271 10020400268 10037638479
1272 10035688181 10084955014
1273 10047396234 10101775898
1274 10042789054 10085574689
1275 10075773976 10138016892
1276 9975965256 10102272388
1277 10070515154 9981992406
1278 10000233675 10186572017
1279 9976654579 10100303488
1280 10112804409 10082635820
1281 9973253735 9980000703
1282 10116674857 10097891206
1283 10000107405 10115052853
1284 10120997799 10089943430
1285 10016094526 10035854998
1286 9994071262 10133341069
1287 10113659957 10099129328
1288 10131274459 10008356712
1289 10131793839 10027712659
1290 10058630320 10020699646
1291 10123449293 10066011136
1292 10091717731 9902970978
1293 10042953183 10000828543
1294 9974169275 10057787967
1295 10042680700 10094887541
1296 10047418438 10049968532
1297 10028946177 10040093205
1298 10047305303 10015005148
1299 10046254164 10017517827
1300 10049074240 10105865995
1301 10033642016 10043186949
1302 10044703641 10098454791
1303 9976482156 10149989902
1304 10095586331 10125556559
1305 10066934252 9956096831
1306 10019712707 10043028355
1307 10024328526 10040646453
1308 10044957136 10014139844
1309 10049313304 10106195526
1310 10066226618 10124013463
1311 10126690622 10035146427
1312 10104601646 10106358516
1313 10037023767 10038648041
1314 10049171201 10051568934
1315 10040552228 10017525059
1316 10052140647 10104453993
1317 10140495089 10079540706
1318 10040849592 10012011897
1319 10084596997 9918234980
1320 10110038979 9863697560
1321 9982537345 10051860124
1322 10048520331 10030616790
1323 9990573793 10095158955
1324 10105031395 10103178147
1325 10044210472 10034056269
1326 10034788502 10039738296
1327 10082260028 10125817794
1328 10052039563 9988025080
1329 10035101749 10040051892
1330 9980644462 10141067584
1331 9929741979 9900771264
1332 10116350517 10097677522
1333 10038946763 10046681858
1334 10122289219 10061488214
1335 10086244083 9973361075
1336 10045071366 10050528796
1337 10042458171 10047014995
1338 10031908620 10075892076
1339 10058630320 10018134247
1340 10128926477 10072459491
1341 10138147993 10014941961
1342 10002484414 10023930277
1343 9996853992 10018456700
1344 10133789753 10068826541
1345 10050003136 10099873087
1346 10017639815 9978200007
1347 10091665382 9903083194
1348 10132213409 10036863593
1349 9997406664 10019314129
1350 9997336473 10114482536
1351 10043888624 10001924243
1352 10051213929 10109935021
1353 9956236269 10092734965
1354 10035857138 10052592971
1355 10128672393 10066949693
1356 9992341658 10136779780
1357 10072939138 10004024093
1358 10041250929 10047598121
1359 10062843364 10128288280
1360 10033322104 10028078022
1361 10029546089 10040488442
1362 9951271957 10204030472
1363 10046988387 10099304429
1364 10088733689 9909367569
1365 10029029907 10080684684
1366 10041391968 10043632993
1367 10034851800 10043983987
1368 10094644449 9831270491
1369 10061474180 10031789659
1370 10064363365 10133122712
1371 10037107436 10035489991
1372 10020676864 10039292239
1373 10077649502 10156551459
1374 10040572721 10046986499
1375 10041110039 10039701869
1376 10072145718 10008061023
1377 10069298735 10032141498
1378 10096754804 10124368357
1379 10134922482 10016027278
1380 10018382607 10033133642
1381 10044406931 10014356255
1382 9964623688 9998884594
1383 10121033502 10101549654
1384 10058454148 10109783956
1385 10025677045 9942964807
1386 10032201781 10126922317
1387 10005230577 10025008048
1388 10133051458 10009054532
1389 10017064560 10030732156
1390 10029723070 9998793362
1391 10131704273 10108127162
1392 10071680023 9969849268
1393 10043888624 10019161691
1394 10152572880 10118046285
1395 10109289613 10156431426
1396 9978776856 10039980195
1397 10046345684 10025361826
1398 10058362564 10045073382
1399 10061489480 10022115650
1400 10023782139 10052698481
1401 10031755979 9994320546
1402 10119838247 10063332165
1403 10048088761 10050120082
1404 9998640169 10020126795
1405 10044885118 10098774808
1406 10115140290 10133971095
1407 10113393995 10040063596
1408 10032661453 10042540928
1409 10068049335 10024775007
1410 10082782455 10165602899
1411 10120075547 10100131672
1412 10088635712 10073943390
1413 10119197250 10099553026
1414 9983889934 10010408946
1415 10034505729 10003957623
1416 10131095601 9992179923
1417 10161431699 10081049472
1418 10052727655 10019161455
1419 10026771911 10041279391
1420 10046180267 10112038466
1421 10146398456 10117473908
1422 10044824561 10094501583
1423 10045492959 10046065893
1424 9980180115 10060602645
1425 10026935718 10050412046
1426 10068085095 10034342544
1427 9967522796 9976198279
1428 10033425694 10002248534
1429 9968150905 10060452118
1430 10124822396 10068017655
1431 9978596929 9989176721
1432 10051136115 9989961710
1433 10034158370 10086561075
1434 10094764715 10184614559
1435 10149912031 10009435006
1436 10117929067 10080606183
1437 10115496873 10062573522
1438 10038280927 10046243188
1439 10047271343 10052183094
1440 10021836749 10036808283
1441 9971382107 10059572465
1442 10045993516 10051324447
1443 10112470937 10096336504
1444 10032761900 10033596932
1445 10135116560 10065345947
1446 10015653401 10031577636
1447 10085744254 10115287612
1448 10043910294 10049277070
1449 10121911944 10002699678
1450 10015483432 10038660318
1451 10076170114 9994625778
1452 10127968018 10062040992
1453 10046970478 9996715859
1454 9966040001 9998648932
1455 10135991242 10020870953
1456 10053184211 10135761483
1457 10025814197 10049825441
1458 10034821679 10002897329
1459 10047993487 10051242281
1460 10028662451 10039906278
1461 9974281178 10004078440
1462 10068660060 10042522914
1463 10016498306 10127034808
1464 10042857045 10048676145
1465 10050704678 10104654525
1466 10008359090 10022979601
1467 10053828592 10114545712
1468 10119956958 10064863567
1469 10077100322 9992982547
1470 9936742188 10069017068
1471 10085867998 9915510463
1472 10058125409 10017459937
1473 10031531090 10009675450
1474 10030409869 9995325337
1475 10124747026 10166846393
1476 9991941536 10116851182
1477 10112323850 10001643757
1478 10098732710 9887933672
1479 10077627854 9933174033
1480 10061311314 10018545062
1481 10167289245 10054765808
1482 10029332701 10021178992
1483 10120059652 10088584340
1484 10061498507 10128070826
1485 10066428903 10013723888
1486 10093862403 10180425320
1487 9993805309 10008773341
1488 9970465491 10015771648
1489 10017213672 10032363516
1490 10119475348 10063656177
1491 10068575655 10117545772
1492 10050365400 10021459749
1493 9989250191 10083635133
1494 10045694745 10050686858
1495 9975125727 10036546952
1496 10043888624 10005295361
1497 10057993703 10135900025
1498 10115771844 10195146633
1499 9987861272 10133559542
1500 9944601765 9997437596
1501 10085015221 10169540155
1502 10059972081 10030793059
1503 10015318937 10125809189
1504 9982036418 10107277382
1505 9995292113 10113561461
1506 10049199032 10016490284
1507 10046120649 10128225264
1508 10003942999 10017292464
1509 10080896050 9991832445
1510 10098312209 9888835059
1511 9989214494 10103533494
1512 10117062941 10065728247
1513 9980665764 10055946905
1514 10047854782 9996995575
1515 10152615084 10017764400
1516 10007219888 10032902116
1517 10025860887 10033370187
1518 9945590682 9978255528
1519 9984365570 10059654983
1520 10065812636 10117687395
1521 10113014745 10026896861
1522 10041606321 10103653489
1523 10055829679 10010102250
1524 10055563026 10116990795
1525 10053760887 9984335251
1526 10031405953 10010431164
1527 9986812524 10061682410
1528 10045199111 10050986596
1529 10021707553 10042382626
1530 10004506207 10022862948
1531 10047310902 10076875000
1532 10043857649 10048089212
1533 10105336579 10064920015
1534 10038402598 10040920115
1535 10055721496 10047264430
1536 10033988747 10003170019
1537 10058630320 10012150718
1538 10042794458 10046496678
1539 9975966750 10036867687
1540 10043888624 9856399338
1541 10130201946 10024643280
1542 10069075318 10048278734
1543 10020434743 10023463938
1544 10046645573 10041980944
1545 10117412178 10091193709
1546 10052801595 10112734707
1547 10068232446 10150429684
1548 10022999744 10033053598
1549 10042414278 10048943617
1550 10074334389 10143134844
1551 10061335556 10046486823
1552 10035566962 10009364661
1553 9958939959 10030374289
1554 10125808831 10062850651
1555 9983287324 10057972238
1556 9975839315 10048618204
1557 10122793852 10102348593
1558 10128771062 10032036394
1559 10038829899 10044004974
1560 9948404450 9928640981
1561 10029032823 10005509330
1562 9983271262 10062140903
1563 10057935458 10006439401
1564 10150316989 10072147346
1565 10022198731 10035647806
1566 10046974504 10021148871
1567 9982188379 10093470261
1568 10013161803 10148358831
1569 10030386057 10041041836
1570 10048479734 10105113546
1571 10043888624 10005600279
1572 10119485194 10063733442
1573 10026182693 10038272547
1574 10035321385 10044293362
1575 10112504841 10141848666
1576 9969882478 10001180459
1577 10133760873 10067601006
1578 10129255023 10076987259
1579 10046931772 10047800157
1580 10083740241 10120570141
1581 10128805939 10033604396
1582 10125698902 10004831249
1583 9988971534 10095553806
1584 9972982200 10157492405
1585 10028254022 10039637194
1586 10128841339 10105906810
1587 10080604381 9926793551
1588 10039886484 10137716160
1589 10129080487 10069374030
1590 10058630320 9991665005
1591 10010696280 10036407472
1592 10040041818 10087836628
1593 10044321333 10004569875
1594 10057117267 10017131318
1595 10039977650 10047025687
1596 10033564972 10035879093
1597 10056554280 10020626247
1598 10043970705 10049991765
1599 10048562286 10008784717
1600 10019142991 10034261267
1601 10117800861 10068587089
1602 9999703340 10118049321
1603 10025537814 9971135516
1604 9970091852 10098716314
1605 10081109257 10161440560
1606 10153473877 10121951586
1607 10055713315 10011141031
1608 10045834305 10051219555
1609 10029510591 10002858179
1610 10114162653 10098357439
1611 10042585348 10008291131
1612 10111870574 10103440354
1613 10085747408 9915768961
1614 10109596964 10104049160
1615 10022840125 10036070374
1616 10116344063 10098773453
1617 10027961009 10050879814
1618 10090860620 9904808282
1619 10043370563 10049596376
1620 10027134869 10052837969
1621 10105458729 10063267764
1622 9965437252 10033184853
1623 10073170427 9942728972
1624 10023598324 10006826419
1625 10073055112 10137261779
1626 9986295883 10050919267
1627 10091923411 9902530084
1628 9974594886 10058534868
1629 10131406075 10023860532
1630 10027626811 10004848764
1631 10043971950 10020190111
1632 9989136849 10095772639
1633 10096713320 10184981679
1634 10009718438 10027425456
1635 10039283478 10011052664
1636 10119010339 10067334710
1637 9951858592 10096891442
1638 10082454994 10137904685
1639 10033182711 10042884346
1640 10041269672 10048212253
1641 10123221487 10061573451
1642 10137223384 10009536512
1643 10026669097 10038593003
1644 10030347003 10129060114
1645 10000937431 10025566583
1646 10065922618 10027435213
1647 10037242413 10045558986
1648 10129981196 10001730997
1649 10027248909 10048561914
1650 10098248129 10115695513
1651 10124975507 10073199210
1652 10080020364 10124927372
1653 10017360837 10040480057
1654 10042906318 10049290519
1655 10085390364 10148800398
1656 9984819772 10059909663
1657 10030946086 10030142238
1658 10132878656 10021560274
1659 10124502034 10033342751
1660 10150166401 10121987413
1661 9972795376 10099608212
1662 10109274322 10201427385
1663 10122540586 9993494394
1664 10056436203 9978600445
1665 9984442162 10061881097
1666 10089233637 9984261132
1667 9992621730 10098449247
1668 10019840278 10034093994
1669 10024883501 10037416604
1670 9940215656 9927818989
1671 10031114809 10033907088
1672 10050034808 10045037345
1673 10123980143 10103727813
1674 10117261678 10068658431
1675 10051389688 9993211169
1676 10126942682 10017492027
1677 10099358119 9886593047
1678 10043636331 10049771471
1679 10007277205 10030460025
1680 10035782862 10046246125
1681 10039676168 10037172522
1682 10058156800 10024062667
1683 10034777895 10043935296
1684 10116178865 10136514613
1685 10033254507 10040873068
1686 10082133786 10127392366
1687 9963751377 10049124541
1688 10048412337 10049804979
1689 10127275679 10037725101
1690 10068005262 10018995691
1691 10061237259 9968308904
1692 10030691908 10017639665
1693 10114673953 10218825970
1694 10080023064 10136131110
1695 10103960852 10127104996
1696 10061331101 10113318789
1697 9963260192 10034750073
1698 10054974923 10116567151
1699 10024418616 10042959670
1700 10018170689 10032994024
1701 10120065228 10098575856
1702 10046160591 10108874532
1703 9967748944 9966709419
1704 9967315318 10169639930
1705 10047354441 10051624752
1706 10041690461 10041518390
1707 9966045857 10003836022
1708 10007044633 10128729073
1709 10061821652 10128640659
1710 10044505516 10049481038
1711 10032912257 10006510853
1712 10028080354 10004922661
1713 9979319715 10051686345
1714 10002720448 10022773894
1715 9986201269 10058912331
1716 10090486813 9905609573
1717 10055788636 9979988569
1718 10022286011 10034907624
1719 10025314699 10037700689
1720 10023092495 9863249447
1721 10077035038 10122188436
1722 9978900622 10028131450
1723 10138369994 10024567567
1724 10046441194 10103487427
1725 10052597289 10123494187
1726 9922290375 10032346846
1727 10112511960 10167803270
1728 9976965371 10107529140
1729 10131514647 10068674752
1730 10030457999 10041019121
1731 10070492266 9948469875
1732 10006300216 10025173439
1733 10001785352 10117553178
1734 10051050146 10033389682
1735 10125375616 10060223887
1736 9971850182 10052117139
1737 10127632894 10091752554
1738 10104182800 10102174250
1739 10058630320 10007077781
1740 10015497751 10036679243
1741 10149499886 10080135307
1742 10026302084 10024845069
1743 10037390737 10023492929
1744 10025314267 9998226642
1745 9987574496 10101248312
1746 10024081755 10001447113
1747 9991366086 10060550517
1748 9979589196 10057077572
1749 10027224032 10047845742
1750 10080001110 10124039981
1751 9998224862 10017567833
1752 10028963822 10044726341
1753 10037256800 10019364939
1754 9977630707 10042108750
1755 9985656203 10058787743
1756 10046308566 10051532011
1757 10127370744 10020482200
1758 9981926580 10084715129
1759 10073470394 10004942351
1760 10127877967 10067013109
1761 10027414146 10015175031
1762 9966870990 10047869523
1763 9983364823 10055788957
1764 10042626584 9988977558
1765 10169898630 10011802071
1766 10053140851 10050528209
1767 10045728311 10100261693
1768 10097151692 9891322743
1769 10134911957 10015889572
1770 10024371006 10025482476
1771 10061265664 10039975645
1772 10103824041 9877019900
1773 10058428744 10022246999
1774 10033126885 10043999973
1775 10039844078 10047273033
1776 9984561930 10132670102
1777 9983718743 10043670993
1778 10029162933 10009152689
1779 10135134233 10058279974
1780 10072180375 10113794738
1781 10066771768 10032261144
1782 10054157575 10115125841
1783 10057489889 9931082278
1784 10065066195 10018575646
1785 10147846320 10121424560
1786 10041030473 10048054662
1787 10040778909 10012163413
1788 9992326334 10114899512
1789 10040687720 10048451195
1790 10043888624 10013154340
1791 10036820807 10029221471
1792 10119993288 10061534778
1793 10044967867 10009170085
1794 9982022760 10084900320
1795 10108072578 10098245552
1796 10111663421 10205959304
1797 10054517776 10007650505
1798 9978268775 10106133079
1799 9973658832 9973174511
1800 10048467450 10098745813
1801 10045604473 10036936168
1802 10050102548 10042957357
1803 10117861523 10080098336
1804 10134821476 10011232379
1805 10049733135 10042500651
1806 10055188085 9937265830
1807 9974343657 10090630519
1808 10047246975 9998298469
1809 9899859432 9996566633
1810 10071417294 10037669689
1811 10027871677 10031714811
1812 9984484452 10062271537
1813 10064138397 10018750637
1814 10051413374 10026114070
1815 10147925135 10056203915
1816 10020355149 10128913205
1817 10017638688 10009081292
1818 10104937493 10141072548
1819 10058630320 10017044352
1820 10006152341 10122766392
1821 10124419486 10102816589
1822 10000300656 10117488598
1823 10043454677 10047784523
1824 10118618175 10075656440
1825 10040137574 10039414439
1826 10125434598 10086430710
1827 10123201300 10070984938
1828 10037327790 10040104843
1829 10066238855 9907579108
1830 10076497667 9935596700
1831 9976143880 10005305638
1832 10150455232 10062983559
1833 9966677364 10065898935
1834 10053346324 10037975168
1835 10085557076 9916176956
1836 10047302287 10052186701
1837 10115223426 10096231360
1838 10006555714 10025341768
1839 10067125776 10151209924
1840 10061152845 10111753636
1841 10036242742 10044900376
1842 10058630320 10002622399
1843 10039903490 10045000083
1844 9996557529 10128332752
1845 10048068784 10109070601
1846 10104019451 10121367095
1847 10034223094 10053604778
1848 10024849431 10026867071
1849 10145392020 10027928126
1850 9939450454 9983022907
1851 10059335406 10027316269
1852 10026950470 10025243503
1853 10135734900 10027526891
1854 10062669715 10026862919
1855 10132887731 10035128376
1856 10023137293 10044173108
1857 10079942350 10126497496
1858 10037459243 10043843740
1859 10024617747 9990685193
1860 10051944213 10111215206
1861 10110965611 10104100800
1862 10035411400 10092247727
1863 10106421610 9984213630
1864 10001249154 10021421328
1865 10079797087 10160338507
1866 10040444273 10001532052
1867 10029355340 10022170141
1868 10038653500 10046488648
1869 10057923917 10121767400
1870 10154265848 10075300475
1871 10065154448 10016204342
1872 10019385867 10035040386
1873 10056136532 9984642562
1874 10047480131 10047720929
1875 10041107178 10050079226
1876 10031603866 10052915140
1877 10049169813 10005126171
1878 10122744862 10102704431
1879 10035406859 10053619277
1880 10023550593 10037440816
1881 10018254346 10025190433
1882 10043972820 10043785298
1883 10113554387 10131185911
1884 10053965134 10015306883
1885 10045077324 10049735999
1886 10048378198 10104548529
1887 10060294537 10041573019
1888 9980602261 10059327275
1889 10020344363 10038906241
1890 9992330413 10107927394
1891 10114325977 10030659201
1892 10136221358 10088684100
1893 10130526905 9972046716
1894 10047589392 10051841889
1895 9964363061 10088205897
1896 10034871036 10017451867
1897 10043888624 10005497430
1898 10133297446 10028759566
1899 10123096300 10094398704
1900 10065877954 10114551867
1901 9991083656 10105060582
1902 10046221828 10042227273
1903 9944241095 9980830347
1904 10039014264 10043477235
1905 10069500136 10010023454
1906 10128462333 10016578325
1907 10080845113 10144506908
1908 9984519466 10043657009
1909 9991206057 10102114253
1910 9963640536 9965596074
1911 10102688805 10200705718
1912 9986008692 10130224864
1913 10051476372 10118619057
1914 10044253416 10049551417
1915 10049822264 10051816496
1916 10013251092 10024465133
1917 10116577507 10062323737
1918 10051959063 10045000603
1919 10117605059 10098504048
1920 10126691190 10104490235
1921 10058613696 10036019785
1922 10146812203 10119859305
1923 10121286867 10106236066
1924 10023475151 10038993190
1925 10085623244 9995811110
1926 10100976818 10064374133
1927 9949175561 10026650503
1928 10143694649 10032441865
1929 10035093505 10040006294
1930 9989882378 10095172460
1931 10118746307 10099255933
1932 9956099541 10042852885
1933 10025339588 10037717087
1934 10119360539 10097681063
1935 9973355509 10045378955
1936 10034881591 10037813173
1937 9996748542 10111436663
1938 10060890125 10126998005
1939 10000578940 10021367708
1940 9942664420 9984952771
1941 9990802587 10012520397
1942 9985560308 10092910960
1943 10039413607 10101370141
1944 10030601768 10041183952
1945 10051404399 10016316844
1946 10099432596 10043227516
1947 10133456713 10029565763
1948 10034233847 10009036781
1949 10114854485 9992005280
1950 10147766669 10075688059
1951 10034045276 10040821263
1952 9950474756 10047663585
1953 10020661078 10043866653
1954 10038239567 10036820248
1955 10135736846 10033599168
1956 10120488977 9990751024
1957 10041062950 10011554544
1958 10039292017 10086277587
1959 10034576463 10080596545
1960 9983730629 10106704699
1961 10040797183 10047900964
1962 10050252771 10105534853
1963 9990827542 10110163602
1964 10033652604 10078967414
1965 9955122227 9940487097
1966 10041461377 10045510598
1967 10128358672 10077144522
1968 10077094070 9999545795
1969 9976142945 10061036281
1970 10046395283 10048417552
1971 10083888747 9919753184
1972 10037982828 10044597295
1973 10010011612 10027618606
1974 10121575036 9967667697
1975 10047558964 10096438580
1976 10025170549 10037605720
1977 10040960057 10036471293
1978 10151984614 10112074764
1979 10044943349 10091372266
1980 10070474932 10118335621
1981 10019102330 10033607815
1982 10053154232 10046134785
1983 10020163046 10034306643
1984 10009080061 10055952849
1985 9991804398 10102171226
1986 10044304610 10005124744
1987 10023092495 9894608014
1988 9972578917 10089103175
1989 10061077434 10118408807
1990 10035974249 10083061398
1991 10046288268 10041111396
1992 10093316388 9899544100
1993 10063891068 10017949860
1994 9979209458 10113466299
1995 10060334657 10114546578
1996 10052848240 9999909532
1997 10024307308 10037036993
1998 9956378059 10046342112
1999 10074413552 10150845191
2000 10052564934 9944312647
2001 10036273861 10044920878
2002 9987074130 10061909401
2003 10046252799 10051495270
2004 10047014164 10093550376
2005 10089353876 10159996392
2006 10007718546 10026107873
2007 10043237774 10045780569
2008 10123724425 10102535651
2009 10037532363 10136121644
2010 10039998658 9986771579
2011 10020896116 10037175318
2012 10185126192 10140527779
2013 10021746184 10029886978
2014 9991868996 10107173973
2015 10008836293 10133141697
2016 10042511610 10019079332
2017 10035899230 10044586110
2018 10062861223 10018418314
2019 10033036328 10049087238
2020 10127658324 10008089554
2021 10021620705 10048329423
2022 10126385974 10077067250
2023 10035523415 10037744064
2024 10050101066 10011069786
2025 10026273968 10000000777
2026 9992411982 10102912016
2027 10077026090 9878600346
2028 9999903125 10128528207
2029 10086985274 10127753916
2030 10025765188 10037997484
2031 10117291671 10098297580
2032 10127270999 10104872228
EOF