NAME : 2042
COMMENT : tspgen
TYPE : TSP
DIMENSION : 2042
EDGE_WEIGHT_TYPE : EUC_2D
NODE_COORD_SECTION
1 10072881389 10077140561
2 10064346359 10055878724
3 10100742062 10048077612
4 10031613100 10095030836
5 10068508666 10031430655
6 10062970423 10024604115
7 10043811983 10046060152
8 10128536846 9984258519
9 10028913948 10000714487
10 9881208121 10188202695
11 10042123019 10070696944
12 10165666208 9949145295
13 10100094268 9973326480
14 10020831510 10060139338
15 10007715491 10005226596
16 10015014777 10047502570
17 10030199975 10009852551
18 10021193995 10069325670
19 10083532877 10113929649
20 10063748385 10095512810
21 10093390769 10121933265
22 10064333891 10032891728
23 10061549247 10028863780
24 9881208121 10040408580
25 10021142615 10077653288
26 10040524904 9994015934
27 10074547432 10073319589
28 10058438863 9963833003
29 10133170034 9973226844
30 10052576730 10094586597
31 10117271488 10152010013
32 10112090793 10026700758
33 10014750840 10010979618
34 10010686392 10093743827
35 10004243498 10019182753
36 10122279216 10028796923
37 10099880066 10055324749
38 10141689669 10120991246
39 10161000998 10060945872
40 10025746062 10008936204
41 10096913431 10116471191
42 10007546738 10035656271
43 9881208121 10175138460
44 10216976466 10024666105
45 10181015675 10040408580
46 10096862370 9899093874
47 10027314746 10084426287
48 10016849907 10060272740
49 10061737218 10088084988
50 10009282830 10005549060
51 10046264657 10002390453
52 10006635812 10097415601
53 10090679680 10056553093
54 10064930637 10030331270
55 10095017924 10063934470
56 10039784509 9995263413
57 10112159519 10009630319
58 10108787733 10060860115
59 10011295156 10041598936
60 10065545931 10031742825
61 10090926703 10055802491
62 10155058247 10058058173
63 10013614639 10029471717
64 10076572825 10103118946
65 10022100862 10079372953
66 10084439127 10118573096
67 10078860280 9990505411
68 10023208507 10100679416
69 10054733455 10014900066
70 10098184268 10164960449
71 10027146359 10067654063
72 10022468204 10081329611
73 10058675202 10068021201
74 10106043279 10025456543
75 10046577988 9983817193
76 10103548183 10016879817
77 10137880631 9996213545
78 10114963682 10100858139
79 10079783802 10084685472
80 10071031442 10098619902
81 10086088497 9977775098
82 10019082903 10065781808
83 10057169886 10079397577
84 10107986452 10010791630
85 10075251772 10019121503
86 10196634034 9964955962
87 10086316879 10089571721
88 10128082976 10150099845
89 10074393925 10101349899
90 10090385939 9982277513
91 10096159046 10116147776
92 10064103593 10025639890
93 10086316879 10074912972
94 10066848356 10032134352
95 10063365725 10032686132
96 10104081091 10042162960
97 10070192034 10025090959
98 9881208121 10262446130
99 10117902597 10043752366
100 10079783802 10070026722
101 9881208121 10101750124
102 10027270765 10000030816
103 10064346359 9953879560
104 10013874295 10052931554
105 10112079442 10047727114
106 10032331803 10096803960
107 10054842081 10164503235
108 10066836069 10031717855
109 10036042121 10004970478
110 10097629067 10125374337
111 10115917799 10040475152
112 9881208121 10040408580
113 10033924455 10089683301
114 10104310475 9969439158
115 10105418135 10025327926
116 10081316115 10020369180
117 10094366048 10060025058
118 10081961494 10079799222
119 10115018941 10125353211
120 10019596201 10030564478
121 10124789880 10047103829
122 10066710766 10030319539
123 10083307432 10020778873
124 10056661221 10015132719
125 10002026368 10061019661
126 10074519127 9936739632
127 10022555039 10079859124
128 10098643364 10064362062
129 10029054977 10088719644
130 10183459223 10072583193
131 10105595007 10064230885
132 9881208121 10086278730
133 10037868719 10005567390
134 10057020979 10075429845
135 10025930693 10081011664
136 10105048272 9885301584
137 10045357788 10012971118
138 10061414015 10026681968
139 10096643130 10124573855
140 10056221050 10162666348
141 10066797161 10076100671
142 9881208121 10072168706
143 10013340969 10047557096
144 10100788553 10002724669
145 10072672920 10072254374
146 10113625807 10165238960
147 10063211014 10035045402
148 10087264255 10130137110
149 10044050087 10125714354
150 10224129019 10026472932
151 10080679758 10092986289
152 10029453151 10021759659
153 10060463010 10079129757
154 10003477195 10027778014
155 10011044208 10053213162
156 10045901677 10053574782
157 10042994889 10009066737
158 9992285064 10075294437
159 9881208121 10062891906
160 10069676351 10096033833
161 10103162870 10004735789
162 10063840675 9995284996
163 10009035507 10061369064
164 10089713039 10092399535
165 10060419053 9970335781
166 10029772280 10090489314
167 10028328910 10009467598
168 10151096728 9989182408
169 10064044831 10092947477
170 10079181676 10019930040
171 10040396254 10116699915
172 10020616845 10079709025
173 9881208121 10114587674
174 9881208121 10062550945
175 9983518272 10080808990
176 10115950845 10036239170
177 10060016036 10032539300
178 10167715549 10040408580
179 10030229812 10011361963
180 10066538130 10031157373
181 10092577139 10063108181
182 10072665901 10027529907
183 10121997524 10051431185
184 10062280897 10030100626
185 9995038472 10006287796
186 10066692255 10024147241
187 10024925445 10086904812
188 10089981981 10034900550
189 10027346143 10030467235
190 10066685208 10031681279
191 10031499084 10010119830
192 10066624840 10033579459
193 10084054513 10022008729
194 9881208121 10202060864
195 10037705702 9945172722
196 10043608523 9988820395
197 9881208121 10084244527
198 10072027146 10083221359
199 10023504930 10082012838
200 10111935733 10051417644
201 10100664550 10067117724
202 10079783802 10074912972
203 10065661799 10029808185
204 10068447170 10073852548
205 10073270272 10100437606
206 10098246105 10048285634
207 9964632610 10049568596
208 10068310566 10029593097
209 9881208121 10175138460
210 10032648156 10085514851
211 10199471906 10003615397
212 10020766134 10040824362
213 10019636184 10097764121
214 10006728403 10040662401
215 10001538193 10020832479
216 10078138441 10092316249
217 10080089407 10020116797
218 10025069212 10069622406
219 10059881839 10024838920
220 9881208121 9979198985
221 10098379723 10062676910
222 10085335474 9918515351
223 10008300760 10050448041
224 10056388287 10160163706
225 10061759664 10075853125
226 10166218817 10066433646
227 9881208121 10164960449
228 10060678775 10074725420
229 10095128043 9977905316
230 10028138558 10089956611
231 9935779576 10174638599
232 10128569497 9989651769
233 10036572265 10014655030
234 10067643281 10077130735
235 10020579606 10027621435
236 10062072808 10091346393
237 10066255611 10082855770
238 10096856686 10164960449
239 10032556175 10058944243
240 10008663884 10033138933
241 10124937531 10029343844
242 10205599728 10002998395
243 10014667919 10044148647
244 10037117225 10022313741
245 10047037793 10027832862
246 10047495781 9994588083
247 10114663060 10087630245
248 10061014347 10096033833
249 10087467894 10057044583
250 10047496148 10148245501
251 10046577988 10060843370
252 10094996585 9902237504
253 10022091973 10025073273
254 9881208121 10046607886
255 10061524794 10029836399
256 10059904266 10055878724
257 10100390604 10048019063
258 10057838557 10015538910
259 10014868027 10059377816
260 10064840664 10031520727
261 10093940934 9998335197
262 10062783876 10029461055
263 10146651202 10054367380
264 10075439729 10017980363
265 10065361077 10028299201
266 9881208121 10018329943
267 9881208121 10012883940
268 9881208121 10089436600
269 10098113198 10164960449
270 10018213140 10087724878
271 10114820477 9959748986
272 10026109486 10075242898
273 10079757321 9986470978
274 10035043353 10051340878
275 10106989978 10030792768
276 10067199782 10029066024
277 10108059472 9880228064
278 10026501824 10082420713
279 10033890185 10081640864
280 9995098627 10004945306
281 10189551575 10115192576
282 10155984868 10139536657
283 10092562619 10121699583
284 10108312789 10041712578
285 10065711955 10084402566
286 10054911411 9969776347
287 10107622260 9887910941
288 10019070567 10058684370
289 10062531421 10030403671
290 10083622620 9921401308
291 10084139187 10074912972
292 10015314463 10068041297
293 10068763604 10101545772
294 10025484405 10089782674
295 10102834189 10040408580
296 10109205804 10044442021
297 10077728622 10076634150
298 9984047033 10062054053
299 10031389702 10002554968
300 10074971310 10076251832
301 10012922982 10033059254
302 10022749831 10023964858
303 10092669702 10121347832
304 10061256624 10033252012
305 10062406162 10033400805
306 10069036153 10031117402
307 10089359346 9997146163
308 10095999328 9997017734
309 10195502698 10006077755
310 10063012409 10093787556
311 10073929622 10072615987
312 10000549467 10063508066
313 10030324370 10090486834
314 10085595933 10057883724
315 10030371076 10083384026
316 10076988932 10125751571
317 10110995028 10040699318
318 10076592813 10081888216
319 10044758562 10012847833
320 10087769381 10058587396
321 10055898062 10074942118
322 10159356158 9793799130
323 9983226659 10124606181
324 10060272071 10031305679
325 10062040219 10048519798
326 10100481471 9892996111
327 10088494571 10074912972
328 10111145516 9875028440
329 10100708741 10052441045
330 10067324483 10032690885
331 10025707030 10034904762
332 10033089746 10006543308
333 10067156874 10086921836
334 10095225828 9901851257
335 10078882127 10081114392
336 10000584594 10018479838
337 10089853941 10040559654
338 10011301859 10046585051
339 10127822448 10128181961
340 10129699112 10000046381
341 10127910255 10029955453
342 10101670960 10003825008
343 10058775734 9963265413
344 10065549821 10031458249
345 10012780537 10083178157
346 10172562844 10070568974
347 10067240627 10033036922
348 10031943354 10005617731
349 10044954477 10003629281
350 10087773593 10117372684
351 10070860722 10098481294
352 10018265780 10093808885
353 10023771216 10075683980
354 9972637045 10164960449
355 10043811983 10057701710
356 10058518497 10075271472
357 9881208121 10067211962
358 10085943800 9917490392
359 10081961494 10084685472
360 10118432314 10085553774
361 10038277590 10004110859
362 10112243175 9873179012
363 10077079146 10079777088
364 10062505807 10028824662
365 10041864298 10103965919
366 10063336921 10028480349
367 9881208121 10040408580
368 9881208121 10067211962
369 10033827785 9978157494
370 10101823280 10024588321
371 10066165118 10026618213
372 10194651625 10051120725
373 10067439162 10033773012
374 10028380050 10062786864
375 10174794824 10072410845
376 10013732256 10042308405
377 9997672752 10009645262
378 10036493029 10077207779
379 10047699411 10014785498
380 10099174855 10153042971
381 9881208121 10164960449
382 10097974101 10049849288
383 10032068228 10008264446
384 10131009221 10071137936
385 10129646160 10046865590
386 10045795084 10006133892
387 10068367378 10030786884
388 10034166959 10101573132
389 10069164584 10028729368
390 9881208121 10085369866
391 10068653812 10035166587
392 10109498574 10115363106
393 10046788011 10089476096
394 10111439278 10171485798
395 10062002175 9989783073
396 10023866396 10082291548
397 9881208121 9949662319
398 10066360602 10076934009
399 9881208121 9979198985
400 10058404934 10074372590
401 10060948718 10037642312
402 10086316879 10079799222
403 10064247142 10032515929
404 10039214788 9874523354
405 10065354353 10028008500
406 10068180869 9947418858
407 10054313692 10076227794
408 10069833579 10030110018
409 10054198739 10040239373
410 9960630784 10038583347
411 9986265353 10078276195
412 10139784317 10051289835
413 10005539751 10004778960
414 10009326381 10041341088
415 10057558448 10179840884
416 10082964221 9988242293
417 10071611912 9973852520
418 10082994968 10052208334
419 10064633705 10029267003
420 10107946416 10043376821
421 10053889499 10075429845
422 10087595882 10023161970
423 10063815921 9996280438
424 10023601686 10008495020
425 10092445444 10124389864
426 10058703107 10082955729
427 9881208121 10071373098
428 10065558044 10091526758
429 10031200874 10009725836
430 10064122603 10089207033
431 10019733725 10070704318
432 10067112378 10028417846
433 10046577988 10068290340
434 10028915673 10096353339
435 10113660814 10145771617
436 10074091981 9937459324
437 10079050039 10079797630
438 10037983091 10024412308
439 10068166319 10030768284
440 10069487005 10066023230
441 10006177132 10047915264
442 10060270335 10029121564
443 10006650164 10098940203
444 10100653296 10024347609
445 10060833229 10090545538
446 10006710084 10044356892
447 9985654278 10081393752
448 10103953573 10009711203
449 10036014304 10105889126
450 10064988672 10032808760
451 10118516847 10039306950
452 10064044393 10030049792
453 10057020979 10073679916
454 10078653599 10070942542
455 10025132869 10056709312
456 10102569047 10067211962
457 10004427229 10027861732
458 10024595683 10008699525
459 10051922809 10014321804
460 9881208121 10262446130
461 10027085629 10083861028
462 10062085632 10034910393
463 10142079889 9965281780
464 10069124619 10026498671
465 10031111902 10093794322
466 10068506352 10000728490
467 10079916166 10096930731
468 10101961702 10046926020
469 10065684813 10027179522
470 10089387803 10140072056
471 10062242228 10032948213
472 10001666286 10003982033
473 9881208121 9979198985
474 9881208121 10262446130
475 10021409848 10089392568
476 10072743689 10083217607
477 10203015723 10054614639
478 10070748551 10081557814
479 10024595400 10085421408
480 10074641734 10101551095
481 10022932855 10086163580
482 10067809418 10031259839
483 10006768967 10026738070
484 10046842657 9998455859
485 10109105467 10026086558
486 10035500652 10012380760
487 10087930689 10057562418
488 10067803592 10035104317
489 10107673892 10039750524
490 10065625630 10033115801
491 10047154029 10007096736
492 10033880485 10077088008
493 10095679101 10056700066
494 10068954495 10083516385
495 10010843475 10048600538
496 10103632953 10054455586
497 10009218970 10076885363
498 10010478381 10055424089
499 9897757458 10159880050
500 10203703253 10047491991
501 10049005361 10034418595
502 10030632512 10033952137
503 10005156181 10055746291
504 10298018207 10050099135
505 10015700730 10109865167
506 10064850392 10027981036
507 9955168368 10054000995
508 9881208121 10040408580
509 10070056257 10080209911
510 10046285294 10059653849
511 9881208121 10070029613
512 10110773796 10175587947
513 9998806440 10014092920
514 10064346359 9953879560
515 10040689350 10013221178
516 10046056079 10008524946
517 10069758707 10076982694
518 10099816797 10056656845
519 10114769365 10047573943
520 10009323232 10047285671
521 10014549652 10048881764
522 10099793507 9894155251
523 10089949472 10238953574
524 9999402216 10003516224
525 10130860243 9995748372
526 9868368983 10079071233
527 10094850562 10023153755
528 10086317143 10116190193
529 10016133090 10006958432
530 10031133542 10093847709
531 10065923124 10028237611
532 10078146713 10019717107
533 10068437981 9946985655
534 10000000000 10100000000
535 10263353022 9618576544
536 10067597092 10017546629
537 10066494217 10032944498
538 10101028764 10128134548
539 10056470843 10156357832
540 10066389323 10031373162
541 10011685331 10047531120
542 10073878647 10067831052
543 10110819266 10175422953
544 10188786032 9744213226
545 10018774257 10064474670
546 10032073605 9969591626
547 10042910027 10040408580
548 10023237574 10082580842
549 10149397661 10026641411
550 10069758124 10039465148
551 10101134088 10043725127
552 10109522340 10073909971
553 10036797964 10032791522
554 10104832756 9955198332
555 10062409903 10029376731
556 10142139456 10032882967
557 9881208121 10143342379
558 10045462323 9980346976
559 9881208121 10123914162
560 10103858578 10055299402
561 10094321533 9989087008
562 10013262429 10079461941
563 10014930787 10060759998
564 10122979783 10028941058
565 10062819688 10036144481
566 10030999213 10093516305
567 10070904687 9991448019
568 10073230545 9938910743
569 10013199646 10042193991
570 10234319321 10105423456
571 10028572699 10087529807
572 10043824911 10013785546
573 10106448049 10164960449
574 10114537719 10161929938
575 10032904567 10083342225
576 10070021269 10096033833
577 10016291860 10006991097
578 10115608643 10037958556
579 10114120080 9870016646
580 10025586113 10012478469
581 10074967107 9935984839
582 10095666257 10063108181
583 10042348406 10028058126
584 10025986361 10018511683
585 10077493118 10074009591
586 10096320731 10060442303
587 10053312742 9972469918
588 10066571607 10028717779
589 10024524876 10077543347
590 10099116788 10120650736
591 10081621026 10136319989
592 9881208121 9949662319
593 10055968869 10081515822
594 9974205331 10105756680
595 9881208121 10262446130
596 10059904266 10058361047
597 9964322147 10034558024
598 10112634559 10067211962
599 10070775000 10018200452
600 10010150601 10043277637
601 10074611467 10085030593
602 10002675298 10026605145
603 9954608831 9994300438
604 10090483138 10119572562
605 10027684168 10091144892
606 10059392117 10051880931
607 10063022965 10031223614
608 10066605402 10030398069
609 9881208121 10164960449
610 9993294867 10073593036
611 9881208121 10262446130
612 10060522613 10032338687
613 10066374032 10026345530
614 10020517081 10030172369
615 10061697704 10038282842
616 9881208121 10067211962
617 9881208121 10262446130
618 10046577988 10055878724
619 10022522886 10080996867
620 10005237594 10036401960
621 10031953837 10095871474
622 10032923795 10098264476
623 10179892163 9955641263
624 10011704473 10055536235
625 10007570804 10051677932
626 10049005361 10046060152
627 9989884987 10090407475
628 10104393922 10048916306
629 10062137701 10023791992
630 10002717372 10059855400
631 10016077673 10065559208
632 10062933630 10028370045
633 10066727060 10093413677
634 10078404954 9930192468
635 10065061560 10026903054
636 10099370820 10073299268
637 10097370810 10068928335
638 9961522513 10041402724
639 10086206919 9917047066
640 10103377626 10024908112
641 10011302685 10046587089
642 10068286611 10027178689
643 10074625809 10078144835
644 10120267574 9859658835
645 10068695165 10019600294
646 10060152459 10075429845
647 10063708001 10031496929
648 10105754597 10025397150
649 10083017404 10090728699
650 10171576275 10038939294
651 10112172775 10037344892
652 10012889774 10049418216
653 10052986515 10014540651
654 10100163659 9893531587
655 10010668584 10045022685
656 10005429494 10032305555
657 10164260805 10087965226
658 10059939741 10030857536
659 10093187201 9979694763
660 10066252230 10024113018
661 10066879200 10007992912
662 10065661323 10036117942
663 10059769387 10089476247
664 10058023401 10088286619
665 10090393804 9987407103
666 10017974807 10032010217
667 10028218037 10086654814
668 10177831112 10057085465
669 10107657054 10021498758
670 10181172122 10108759038
671 10070607842 10013612672
672 10063283939 10073679916
673 9998540777 10013437498
674 10014490813 10061320287
675 10029512103 10089847427
676 10033812061 10002185024
677 10099648552 10164960449
678 10028855536 10088227600
679 10088929512 10058066741
680 10022776364 10074399535
681 10106755849 10038985925
682 10095821261 10164960449
683 10056654382 10015295278
684 10035271645 10002867063
685 10016115612 10048961235
686 10042285107 10045396568
687 9881208121 10067211962
688 10055364657 10081023342
689 10033425226 10040239373
690 10127488130 10001742493
691 10074475503 9989801200
692 10087724454 9990458063
693 10139104135 9937359570
694 10057047164 10157779682
695 10064749853 10031972754
696 10045573468 10002891836
697 10008260545 10037953382
698 10065891182 10026760717
699 10076459105 10093231177
700 10019958676 10059794684
701 10065611310 10091136879
702 10064786525 10033226516
703 10025174903 10079147042
704 10105394107 10030555811
705 10031646395 10021421812
706 10046087429 10058775679
707 9881208121 10262446130
708 10066986870 10028780921
709 10080602909 10057600626
710 10028653411 10097797467
711 10102076167 10062526545
712 9881208121 9949662319
713 10025340070 10079554527
714 9881208121 10262446130
715 10124911135 10137133340
716 10018783149 10030648255
717 9881208121 10096706487
718 10172205227 9977952409
719 10070748551 10084581189
720 10166778617 9911843830
721 10087244618 10021588909
722 10035618391 10086384124
723 10010248211 10048432793
724 10084638053 10059332971
725 10117523662 10086627905
726 10057948080 9964659914
727 10115116206 10042652010
728 9881208121 10175138460
729 10060523498 10029716394
730 10006582348 10033277006
731 10035818448 10105405927
732 10069591927 10097451160
733 10061072927 10028962861
734 10076311317 10090033443
735 10065793655 10009236387
736 9881208121 10058629620
737 9881208121 10164960449
738 10009827625 10042565299
739 10016386320 10079892225
740 10100560316 9997676024
741 9881208121 9979198985
742 10000000000 10100000000
743 9998389081 10003307782
744 10084510016 10058821126
745 10100337632 10004131936
746 10056470243 10015257393
747 10059388408 9991978690
748 10023178346 10086081290
749 10099877053 10095115891
750 10099656193 9892439013
751 9957979782 10011993178
752 10070443467 10029600492
753 10061590692 10091634670
754 10043482769 10028476074
755 10064439749 10031279021
756 10068960882 10076982694
757 10011937769 10041990154
758 10075973780 10102632583
759 10045448978 9998005751
760 10074974322 10020189628
761 10100471279 10044889456
762 10074343734 10037579875
763 10090941929 10118378998
764 10206271216 9988238169
765 10035652006 10010974251
766 10064404914 10028917578
767 10088655504 9912921487
768 10012772972 10006267122
769 10073120852 10091756097
770 10116631824 9958078933
771 9995869046 10007303185
772 10102625420 10056494357
773 10065489432 10033416666
774 10069357236 10029152538
775 10055762084 9982262309
776 10028116443 10003304625
777 10044125858 10064637461
778 10089269266 10055612329
779 10079015176 10082712022
780 10143544614 10210007555
781 10008364650 10046406899
782 10027777610 10015493638
783 10104252372 10052041548
784 10105943319 10033966030
785 10040590544 10057596225
786 10030874096 10010276419
787 10055740701 10029121564
788 10058019890 10027996353
789 10011240773 10046434343
790 10057066497 10030414950
791 10061709651 10033639617
792 10079348559 10081452262
793 9881208121 10040408580
794 10032065832 10008268483
795 10114212901 10008805089
796 10038618604 10028597816
797 10060335502 10017576512
798 10065754710 10030169245
799 10052007255 10003127814
800 10119696459 10041484027
801 10165445144 9981548862
802 10000033274 10017119665
803 9881208121 10040408580
804 10107648009 10119625208
805 10017085885 10077787274
806 10197098443 9981114040
807 10052586333 9971625251
808 10028208781 10009549157
809 9996201499 10010131535
810 10045495639 10065162247
811 9927713556 10193742783
812 10042058987 10012292423
813 10081416096 9990547666
814 10098985572 10122309159
815 9986220456 10081330885
816 10064992180 10027622161
817 10079643003 10020024954
818 10077817381 10078119282
819 10120391840 10028408615
820 10256345380 10037430493
821 10081881830 9924334337
822 10042337055 10112266902
823 10057413699 10158683968
824 10158231303 10062087009
825 10075363910 10074430064
826 10097783821 10002350096
827 10036936375 10108163986
828 10020623791 10072452422
829 10093053410 10054557051
830 10104057743 10039919737
831 10064502564 10093319110
832 10095442499 10164960449
833 10063842150 10027465453
834 10065008453 10033730571
835 10110140105 10064089899
836 10174501766 9976730620
837 9881208121 10069852329
838 10174343758 9957444646
839 10067090369 10073471198
840 10070559256 10098851441
841 10014242893 10046763326
842 10136455765 10038056583
843 10063651174 10028200886
844 10128955415 10078618945
845 10046577988 10058361047
846 10073525401 10074528136
847 10058455748 10092994823
848 10032102144 10094682178
849 10098719806 10134099922
850 10061323363 10090737919
851 10009618404 10050736174
852 10178880694 10124880661
853 10043634915 10012616654
854 10064562348 10168846158
855 10061077639 10075462230
856 10084592702 10093836157
857 10116464557 10126647844
858 10023360897 10022935283
859 10049444091 9978988143
860 10072218196 9984149800
861 10028233792 10006199538
862 9881208121 9949662319
863 10010836257 10081476481
864 10003862985 10057925175
865 10097929450 9897295969
866 10067642907 10026721404
867 9881208121 10175138460
868 10028161244 10086652964
869 10077325463 9957161748
870 10051846520 10009617517
871 10038233900 10052638065
872 10060653574 10090194118
873 10287969886 10087795373
874 10105902246 9883862737
875 10059609921 10164102308
876 10204177669 9990147083
877 10041503923 10012178224
878 10008641668 10047881786
879 9881208121 10063960281
880 10005125693 10029959354
881 10028103680 10094523172
882 10070664650 10099662456
883 10052849121 9992517751
884 10060612969 10016109717
885 10038618604 10057701710
886 10074762775 9987157047
887 10010660418 10053307836
888 10146064527 9930942122
889 10070962540 10027140665
890 10036899972 10085345544
891 10055318258 9969090858
892 10094123412 10023004151
893 10098900822 9895659320
894 10054998202 10087891421
895 10102555725 9889501235
896 9987726569 10076097481
897 10121285970 10075007725
898 10003155559 10026039847
899 10090553476 10000503319
900 10066839233 10026398754
901 10060979978 10076104257
902 10141087640 9935530788
903 10055198702 9991768952
904 10055462174 9968848377
905 10027849965 10088519708
906 10117498312 9864324719
907 10105496230 10049055507
908 10096285010 10000791590
909 10161074720 10042541221
910 10050285701 10031338623
911 9999373643 10018894117
912 10018167010 10072212118
913 10013218394 10006358763
914 10057951476 10015562142
915 10162774723 9788039247
916 10104320755 9886527366
917 10045426542 9992812016
918 10165280130 10064954048
919 10027288155 10016318312
920 10061447181 10075853125
921 10013886748 10052962278
922 10059608017 10090173993
923 10070132706 9944130240
924 10064732382 9953229156
925 10060752243 10038238851
926 10085485848 9939036469
927 10266743439 10050408229
928 10095410980 9901539297
929 10127174784 10001909197
930 10070550050 10098229060
931 10039019015 10013009451
932 10143782231 9963852895
933 10093730527 10119104700
934 9881208121 9979198985
935 9881208121 10071373098
936 10092725447 10084223287
937 10057960713 10074609182
938 10084139187 10079799222
939 10062642541 10033616477
940 10006747325 10033684025
941 10036993405 10009518068
942 10078138246 9930641840
943 10067742134 10031323222
944 10243029686 10104653736
945 9881208121 10082294228
946 9881208121 10175138460
947 10060270335 10034198413
948 10008095910 10037011142
949 10031639291 10095095451
950 10006749635 10072946031
951 10059021450 10087453032
952 10067409132 10035698213
953 9881208121 9979198985
954 10133927162 10135096559
955 10012646600 10049902685
956 10063233143 10030593130
957 10094939770 9902333231
958 10112322716 9873044995
959 10046577988 10065808017
960 9985482816 9986669949
961 10024416428 10065663380
962 10108481106 10040408580
963 10064594913 10026125667
964 10040509476 10028701361
965 10027136059 10091790120
966 10106216231 10045987519
967 9972768976 10030210855
968 10143470285 10139063959
969 10028275223 10009456553
970 10068168757 10103714090
971 10072667811 10018817489
972 9970042932 10164960449
973 10063381867 10028022958
974 10070633473 10084996775
975 10009340760 10032025429
976 10029130571 10105780271
977 10004256764 10027539515
978 10032808701 10074942386
979 10076574884 9933275922
980 10064365237 10079472867
981 10098196073 9896846740
982 10099087908 10132168134
983 10009883845 10007450563
984 10018950547 10084469277
985 10024729959 10081535157
986 10079783802 10079799222
987 10024553543 10077614073
988 10022514286 10077697483
989 10070877699 10028900186
990 10060270335 10039275263
991 10049005361 10051880931
992 10068416566 10032135022
993 10054198739 10051880931
994 10136459315 10017030893
995 10021391120 10069812002
996 10087505807 9914858592
997 10087149942 10116866342
998 10061009952 10025981472
999 10068568227 10085252954
1000 10106499853 10065999858
1001 10023929274 10081324794
1002 10109966443 9980839389
1003 10058921026 9994145010
1004 10013361739 10072525336
1005 10006479527 10004972309
1006 10183329954 9753406081
1007 10036997400 10014785498
1008 10036997400 10028058126
1009 10027456932 10016033943
1010 10102718759 10048575275
1011 10113640632 10099720264
1012 10068489054 10028849062
1013 10082297320 9970476731
1014 10023465795 10008467062
1015 10047143533 10004443445
1016 10117040741 10035795147
1017 10075808868 10074556742
1018 10086284990 10116164088
1019 9881208121 9949662319
1020 10040913697 10012928342
1021 10021679849 10070776092
1022 10066037643 10095024846
1023 10093291794 10123485551
1024 10060740730 10090264880
1025 10025009156 10001118130
1026 10097276931 10049864764
1027 10060695949 10029712406
1028 10056685737 10019549691
1029 10053531990 9972100510
1030 10053991809 10077009720
1031 10168218803 9778866607
1032 9983214114 10000185686
1033 10055548645 10079667695
1034 10042206556 10081584269
1035 10108452844 10164960449
1036 10020473133 10074436874
1037 10035447649 10010719877
1038 10057805922 10085324387
1039 10071971841 10024275033
1040 10027802548 10022158019
1041 10081961494 10089571721
1042 9881208121 10047404416
1043 10057763002 10080561581
1044 10010201089 10044605297
1045 10069010659 10031842862
1046 10091586422 10131409797
1047 9881208121 10175138460
1048 10043065506 10012499504
1049 10037242904 10011472324
1050 10034875053 10003535274
1051 10043122110 10024485123
1052 10001534435 10082757082
1053 10199393754 10008213729
1054 10059162633 10088983624
1055 10003654049 10020045382
1056 10091180860 9908666555
1057 10043060590 10011581173
1058 10003322870 10039079789
1059 10061105375 10029641834
1060 10062871353 10034798718
1061 10060949709 10023453836
1062 10144614989 10088159259
1063 10093419864 10058470073
1064 10096302753 9976822239
1065 10037357684 10011325177
1066 10017944863 10005609408
1067 10062948522 10095898324
1068 10063135918 10029074098
1069 10056895482 10175240789
1070 10038618604 10040239373
1071 10105115901 10025265745
1072 10020433189 10086019589
1073 10069431148 10027918514
1074 10095631354 10158624699
1075 10128775396 10030133446
1076 10027726880 10009343737
1077 10057236825 10114920930
1078 9881208121 10073632912
1079 10067838781 10027129130
1080 10158400604 10062699110
1081 10070033924 10029065229
1082 10066267447 10017273068
1083 10093885186 10059545399
1084 10203906022 10051029263
1085 10062278765 10027523935
1086 10093568102 10057537073
1087 10058038136 10164670704
1088 10023912582 9995093729
1089 10074023009 9937575534
1090 10078766956 10092359470
1091 10101279240 10048151178
1092 10105029778 10063855407
1093 10065493669 10029749189
1094 10063283939 10071929987
1095 10108932620 10036270773
1096 10029057853 10090320608
1097 9881208121 9979198985
1098 10104067030 10014413187
1099 10075606798 9934907034
1100 10113233119 10118310357
1101 10043811983 10028597816
1102 10030893621 10093255795
1103 10166333093 10098936242
1104 10038618604 10034418595
1105 10055462174 10055878724
1106 10037968431 10003643581
1107 10252087798 9971384149
1108 10063951397 10095355169
1109 10051866558 10073937235
1110 10063358944 10029625336
1111 9999093963 10014802274
1112 10069274205 9985996138
1113 10088204132 10056298447
1114 9992613136 10131759706
1115 10096250273 10121095457
1116 10072273205 9940523750
1117 10036957475 9996906526
1118 10056080096 9998666468
1119 10069839110 10033239854
1120 10031646395 10034694441
1121 9995386582 10006262906
1122 10113092595 10043053834
1123 10109534806 10037882264
1124 9881208121 10039853097
1125 10062516804 10028990797
1126 10075455429 9935162074
1127 10214206402 10007065320
1128 10022960615 10073684131
1129 10099505991 10004980809
1130 10081465248 9988476352
1131 10104605707 10037679238
1132 10064016917 10026569760
1133 10089488021 10063108181
1134 10056139976 9976401844
1135 10011564978 10047234195
1136 10099041471 10053639086
1137 10012812901 10041021775
1138 10023898102 10078198769
1139 9973558535 10035900063
1140 10160136885 10089045421
1141 10016850711 10067328283
1142 10057710265 10080235423
1143 9998746241 10013839819
1144 10065786503 10080112552
1145 10098529468 10055893262
1146 10065952529 10029869041
1147 9987875723 10098009872
1148 9981925906 9972446644
1149 10106151180 10010415967
1150 10061919916 10027864067
1151 10196186354 10010044338
1152 10053251825 10014595236
1153 10092157287 10054745679
1154 10009917254 10047724437
1155 10112525987 10026790295
1156 10064899391 10091312787
1157 10032347497 10073403519
1158 10029810941 10012067711
1159 10025497266 10080470092
1160 10103563236 10005944041
1161 10069878389 10032773587
1162 10010447811 10044478014
1163 10004921023 10029178322
1164 10026385078 10014727524
1165 10096571832 10055121312
1166 10100380480 9998301634
1167 10125954123 10063808568
1168 10185451832 10022607413
1169 10001945764 10061155468
1170 10068512163 10018840679
1171 9881208121 9979198985
1172 10037734890 10012115990
1173 10009365370 10048654298
1174 10098668465 9974641064
1175 9881208121 10001440901
1176 10005888042 10029919413
1177 10112033700 10067605957
1178 10065383842 10079409327
1179 10181603769 9756314501
1180 9881208121 9998189934
1181 10060596964 10082855513
1182 9992993694 10115677056
1183 9993310517 10097761062
1184 10058194438 10164122262
1185 10061947448 10034125377
1186 9881208121 10068791434
1187 10058145412 10088157743
1188 10142226501 10052350020
1189 10107215829 10133157822
1190 10072663271 10074304098
1191 10003161936 10024838445
1192 10051749834 9998025052
1193 10099064736 10024020779
1194 10017089255 10060863240
1195 10033425226 10046060152
1196 10103131832 10009828429
1197 9881208121 10015194413
1198 10065671310 10027384287
1199 10064890375 10032588521
1200 10002590022 10034115016
1201 10073571047 10100681805
1202 10025244562 10079318899
1203 9881208121 10099150715
1204 10059698778 10073249865
1205 10006299345 10037019297
1206 10065099132 10030436210
1207 10112544774 10137484389
1208 10018868859 10065294467
1209 10105920905 9883831299
1210 10099694530 10125699219
1211 10079508268 10105502231
1212 10033311610 9994214796
1213 10064731315 10031671250
1214 10171834887 9772773928
1215 10109588605 9988319998
1216 9881208121 10002836050
1217 9990024768 10098441482
1218 10198270891 10051084956
1219 10031834166 10027799989
1220 10078808550 9952854146
1221 10055274358 10070148127
1222 10080145856 9987707509
1223 10024524472 10020974795
1224 10089422616 10082695067
1225 10015822967 10063786891
1226 10039713080 9995383762
1227 10055969177 10166114223
1228 10053520858 10161567155
1229 10025689762 10019011418
1230 10001211877 10022959717
1231 10071200226 10032726873
1232 10181085179 9958003822
1233 10048019092 10013518654
1234 10101324279 10128374477
1235 10106233700 10219147758
1236 10109615290 10026191448
1237 10064142051 10031833238
1238 10007632773 10035868528
1239 10084689160 10023924626
1240 10091098034 9908806109
1241 10072745785 9939727507
1242 10066679469 10095086538
1243 9970329956 10112286233
1244 10111376200 10041392068
1245 10057172039 10080364220
1246 10162562940 9788396077
1247 10062678731 9956689318
1248 10098474922 10048963963
1249 10182072542 10058552527
1250 10022344681 10164960449
1251 9881208121 9949662319
1252 10088288744 10039538055
1253 10019503978 10066820648
1254 10055740701 10034198413
1255 10085222736 10115301645
1256 10059381435 10026504032
1257 10016395859 10059025250
1258 10029377239 10014769449
1259 10173799144 10170086640
1260 10105743892 10052889172
1261 10064559141 10016921602
1262 10099616035 10164960449
1263 10126908216 10134265405
1264 10069211712 10097142464
1265 10197695571 10007683447
1266 10081961494 10074912972
1267 9992331783 9998119176
1268 10092421625 9968958513
1269 10006620059 10033370044
1270 10172306087 10040408580
1271 9881208121 9949662319
1272 10088664502 10002208907
1273 10024889568 10086695553
1274 10008551141 10050026178
1275 10068447170 10076644972
1276 10068017030 10036816706
1277 10052664977 9999762281
1278 10035297413 10104120471
1279 9985979485 10048080725
1280 10069128311 10033862069
1281 10074616854 9986976726
1282 10063283939 10070180058
1283 10102927978 10086950422
1284 10122791449 10044749715
1285 10065217636 10028514244
1286 10053983251 10165530162
1287 9999277282 10116123992
1288 10064230902 10093098548
1289 10097368111 9991509858
1290 10042348406 10021421812
1291 10011504955 10051713827
1292 10058032352 9992507289
1293 10095129923 9999862249
1294 10069113403 10030800650
1295 10005891927 10031573657
1296 9992565658 10122598779
1297 10029932043 10090695573
1298 10093077109 10131766570
1299 10005515834 10030645792
1300 10086659667 9985713118
1301 10060965644 10034909101
1302 10012083341 10044454366
1303 10100299436 10057702530
1304 10024265241 10073603913
1305 10062052873 10028486643
1306 10054198739 10057701710
1307 10006052393 10047971398
1308 10018899219 10030452690
1309 10059808428 10075853125
1310 10065913490 10026774910
1311 10005429162 10014996246
1312 9881208121 10175138460
1313 10030191728 10009850854
1314 10046389704 10013183424
1315 10070392957 10080531478
1316 9881208121 10262446130
1317 10089514216 9999034952
1318 10097724410 10055103529
1319 10044871189 10062112055
1320 10048597673 9992082848
1321 10075625199 10072679305
1322 10010375502 10044299618
1323 9944795433 10116511263
1324 10002708904 10059869666
1325 10035308967 10008805060
1326 10071197828 10076982694
1327 10095229083 10010292225
1328 10029269003 10091104165
1329 10064475519 10030957179
1330 10179755797 10043861403
1331 10090703095 10084136558
1332 10024744405 10068955785
1333 10069622887 10103924593
1334 10026818203 10083194673
1335 9881208121 10007519999
1336 9881208121 10164960449
1337 10102604160 10014981092
1338 10054705161 10089510193
1339 10138650728 9895206308
1340 10011278562 10005959662
1341 10009717937 10044272310
1342 10024686935 10070703130
1343 10084244953 9987939473
1344 10004049732 10027028742
1345 10230019862 9947194262
1346 10106263711 10025501895
1347 10063549216 10092891031
1348 10043776144 10162814723
1349 10059773534 10030186917
1350 10015661120 10009501824
1351 10008762119 10049670705
1352 9970980567 10053378742
1353 10063618697 10029157583
1354 10058436870 9963836360
1355 10009941208 10060305869
1356 10040407096 9994214426
1357 10003643680 10084286178
1358 10059684795 10164964442
1359 9881208121 10004387747
1360 10057250708 9965834904
1361 10091585044 9907985553
1362 10070156785 10029751671
1363 10022424390 10072361200
1364 10089016427 10014609574
1365 9881208121 10164960449
1366 10123740300 10010216719
1367 10111337246 10152209199
1368 10199484388 10208070602
1369 10028712410 10087874489
1370 10032289377 10083794660
1371 10074740441 10103134917
1372 10063478532 10027987824
1373 10128389036 10001263199
1374 10026933967 10088632138
1375 10049005361 10040239373
1376 10043811983 10051880931
1377 10062858565 10091984349
1378 10111954493 10164960449
1379 10102451484 10041230515
1380 10044720243 10009406925
1381 10089055957 10014029965
1382 10076279118 10075780510
1383 10099949550 10164960449
1384 9881208121 10025120586
1385 10042233243 10007099055
1386 10015081894 10080887973
1387 10061472592 10083396614
1388 10008381196 10044870525
1389 10029084362 10088792139
1390 10292031489 9991961683
1391 9997706103 10013900246
1392 10025755076 10064614849
1393 10038434904 10011839311
1394 10094997007 10062909169
1395 10112922589 10057297741
1396 10031175605 10095457705
1397 10060264318 10028967639
1398 10062424517 10031041043
1399 10100057052 9990976049
1400 10030590634 10009932925
1401 10071315016 10031764664
1402 9881208121 10175138460
1403 10082657682 9923027117
1404 10122258167 9987224709
1405 10049364680 10039173291
1406 10054881070 9999799755
1407 10008529567 10045051027
1408 10030586012 10021529570
1409 10064338267 10035955797
1410 10073230545 9938910743
1411 10180160639 10164960449
1412 10060718053 10090246468
1413 9881208121 10099320088
1414 10071773741 10076982694
1415 10075408745 10019153798
1416 9881208121 10262446130
1417 10028112364 10086394105
1418 10021196939 10026581301
1419 10097739356 10067211962
1420 10051908558 10089051901
1421 10043118142 9993816718
1422 10029069607 10013316773
1423 10067317367 10085964729
1424 10023325181 10004460368
1425 10049496163 10042743650
1426 9995949642 10007044862
1427 9998215839 10017446242
1428 10073444185 10076644972
1429 9996062087 10002829026
1430 10065726576 10027125778
1431 10097400338 10016247162
1432 10055942999 9990535652
1433 10053711510 10081228096
1434 10050746679 10001030116
1435 10106094684 10122622673
1436 10013588346 10060214351
1437 10048621032 10157473985
1438 10007162453 10043074303
1439 10061559703 10081029535
1440 10060842659 10034528997
1441 10024327629 10008644375
1442 10038508268 10013659221
1443 10111430192 10085885132
1444 10077514120 10072034735
1445 10043792567 10000735267
1446 10061965518 10030073506
1447 9995659451 10009459372
1448 10023085639 10084649638
1449 10111843558 9999479442
1450 9881208121 9979198985
1451 10234950737 10054437690
1452 10003897853 10026654039
1453 10086768982 10084300287
1454 10001478319 10039217098
1455 10102097182 10054866691
1456 10074264324 10090482983
1457 10183225962 10033834901
1458 10086732783 10119815862
1459 10218197908 10034717189
1460 9881208121 10175138460
1461 9881208121 10175138460
1462 10054612148 9999598681
1463 10029274330 10012971838
1464 10005399625 10030691038
1465 10022851860 10073415820
1466 10066066036 10032824977
1467 10014285416 10051273786
1468 9993518593 10000137521
1469 10138563391 10140275607
1470 10081180214 10019311025
1471 10009012517 10045059783
1472 10101201151 9891783534
1473 10063107547 10033805240
1474 9881208121 10175138460
1475 10091614426 10022487953
1476 10051020081 9976332785
1477 10029641939 10075095444
1478 10063556823 10036952688
1479 10057097536 10067942565
1480 10089476270 10024365453
1481 10090909585 9909123623
1482 9881208121 10052296189
1483 10013540094 10056794955
1484 10079342685 10099217054
1485 10025952580 10043233112
1486 10013043495 10055495560
1487 10027317708 10090725148
1488 10038170593 9999090348
1489 9994180968 10003293088
1490 10026159679 10009459847
1491 10073910937 10078534439
1492 9975741258 10040408580
1493 10026361813 10009062888
1494 10087650880 9930350292
1495 10086892974 10119447625
1496 10008799873 10049607094
1497 10161034677 10067211962
1498 10171847543 10111647921
1499 10059864671 10030145517
1500 10015552572 10057072063
1501 10025873962 10089792032
1502 9881208121 10175138460
1503 10065939406 10026090443
1504 10062927648 10031391554
1505 9961908833 10126474844
1506 10000943318 10025011627
1507 10070765726 10030521849
1508 10106698043 10042566560
1509 10010857813 10005873097
1510 10071403573 10032615051
1511 10090663104 9982021969
1512 10063481670 10027564132
1513 9881208121 10040408580
1514 10038591181 10078326244
1515 10112519032 9961870908
1516 10036510549 10040408580
1517 10195732805 10013387853
1518 10025106337 10019994421
1519 10100102688 10065190512
1520 10098584744 10070944936
1521 10105652589 10042187636
1522 10065884521 10031321704
1523 9994593551 10002526890
1524 10014218880 10053972926
1525 10034576785 10010753036
1526 10002343084 10023869576
1527 10074457721 10083668588
1528 10132466438 10164960449
1529 10025948156 10069132725
1530 10108712980 9990012084
1531 10027961440 10075015651
1532 10104199857 10004100012
1533 10060928267 10032488770
1534 10029034902 10093799745
1535 10056467558 10080178939
1536 9881208121 9949662319
1537 10058877990 10088752522
1538 10206231717 10007403344
1539 10038999742 10006486062
1540 10058722081 10076322716
1541 10028058624 10086261522
1542 9881208121 9979198985
1543 10093354145 10062590053
1544 10030175989 10091485312
1545 10013919409 10053042855
1546 10004626466 10034975750
1547 10055462174 10058361047
1548 10062797714 10027396118
1549 10066211192 10026099259
1550 10033425226 10057701710
1551 10097307044 10063992162
1552 10061827969 10028160932
1553 9992352111 10084322416
1554 10065653918 10029997537
1555 10083018625 9922418970
1556 10021682470 10070530795
1557 10113048553 10183789920
1558 10198613584 10051081569
1559 10091272105 9908512819
1560 10095187955 9901915069
1561 10063029128 10028341324
1562 10214065198 10011010895
1563 10056825110 10157231849
1564 10183380845 10039790336
1565 10217397172 10060671773
1566 10065898410 10033770844
1567 10067059782 10077561716
1568 10145393925 10144971247
1569 10043768390 10012644115
1570 10123993064 10029149530
1571 10041101689 9986759768
1572 10017944016 10088164732
1573 10054198739 10046060152
1574 10101784582 10049180969
1575 10075795650 10085661814
1576 10098706402 10126249024
1577 10069338560 10096033833
1578 10011902489 10048066874
1579 10056486389 9967122693
1580 10225152209 10050819283
1581 10064743793 10025568082
1582 10154918088 10103549944
1583 10029857336 10090699158
1584 10049005361 10028597816
1585 10095456052 10123610067
1586 10062306283 10091535951
1587 10093419080 10022859242
1588 10106206958 10025490219
1589 10067994325 9947733164
1590 10067064529 10095399168
1591 10091420898 10086845165
1592 10005346848 10024600761
1593 10058028523 10074321960
1594 10081961494 10070026722
1595 10066901653 10025647592
1596 10096284064 9976839470
1597 10124754390 9994311446
1598 10021220409 10070378197
1599 10051020081 9976332785
1600 10063324494 9955601283
1601 10111807289 10006124270
1602 10059718162 10025616885
1603 10039554814 10005673000
1604 10101908103 10048686121
1605 10093643426 9904517420
1606 10205580312 9960196424
1607 9881208121 10077603190
1608 10033425226 10034418595
1609 10075560457 10091355135
1610 10068697312 9989179758
1611 9992913595 9999554576
1612 10100630066 9892745746
1613 10065421527 10027352751
1614 10085309723 10083600551
1615 10021299892 10065239289
1616 10034896683 10103131824
1617 10107347794 10048972483
1618 10126619129 9968863188
1619 9890607855 10116217138
1620 10004316728 10057160670
1621 10036898625 10000125790
1622 10104072731 10025051123
1623 10124338297 10126366940
1624 10062840365 10028528711
1625 10015369015 10050577414
1626 10099344882 10067211962
1627 10063112234 10092190302
1628 10195823074 9939813258
1629 10070945678 10076644972
1630 10087441312 10117102905
1631 9881208121 9949662319
1632 10062880211 10029727891
1633 10110694114 10153722837
1634 10022397670 10056495691
1635 10070945678 10075248760
1636 10033129775 10077432332
1637 10113796125 10096250846
1638 10005909017 10027535458
1639 10055230283 10163522581
1640 10068354435 10029094675
1641 10011460297 10035375962
1642 10093757384 9993023303
1643 9881208121 10262446130
1644 10183246176 9952392704
1645 10055026999 10002682475
1646 10142565902 9964882192
1647 10079224195 9928812143
1648 10088305898 9922567036
1649 10036997400 10021421812
1650 10028423922 10082281841
1651 10108858176 10124740028
1652 10194238901 10036759982
1653 10065373814 10029699533
1654 9881208121 9979198985
1655 10076198380 10077077509
1656 10040498451 10040408580
1657 10158532105 10095681540
1658 9976627997 10101674769
1659 10093842823 10062098710
1660 10118061584 10027929188
1661 10170114809 10065399053
1662 10106998091 10043534339
1663 10061066428 10028877352
1664 10098080363 10051400339
1665 10069607223 10029169897
1666 9881208121 10175138460
1667 10014204528 10038362698
1668 10025435941 10083450895
1669 10035738179 10093141759
1670 10101118179 10045470974
1671 10076694346 10075499103
1672 10096643797 10058620525
1673 10079507867 10116424103
1674 10059247720 10085699398
1675 10068222794 10077959551
1676 10090506399 10119591447
1677 10043128500 9987004881
1678 10016129971 10035118550
1679 10110354224 10102426090
1680 10047780447 10017924322
1681 10065034812 10097590271
1682 9971629562 10113009003
1683 9988111942 10076573649
1684 10036762138 10102782173
1685 9881208121 10114508042
1686 9995886824 10005744618
1687 10024676855 10008716225
1688 10063023189 10031113141
1689 10066407352 10025546322
1690 10095213559 10145710216
1691 10104557187 10051656073
1692 10125225775 10103011154
1693 10092106961 10023402501
1694 10068362405 10026584510
1695 10128401898 10015758301
1696 10083869811 9939295485
1697 10047699411 10028058126
1698 10053062884 10095136227
1699 10132777610 10129202150
1700 10106027705 10063389231
1701 9996551050 10013472255
1702 10062753161 10091898771
1703 10060449767 10075536591
1704 10082032830 9924079920
1705 9853867149 10164960449
1706 10073263379 10100432009
1707 10069736854 10036100378
1708 10051580167 9993780509
1709 10031599082 10022815313
1710 10000000000 10100000000
1711 9881208121 10097948235
1712 10057016635 10161753305
1713 10053548419 10155551214
1714 10047142180 10158348113
1715 10062583882 10091761333
1716 10093423689 10030167708
1717 10047699411 10034694441
1718 10009287896 10036835286
1719 10131801229 9974290665
1720 10041832916 9991812086
1721 10059996272 9981631441
1722 10013599296 10052253099
1723 10081682129 9987485807
1724 10008479155 10037956654
1725 10150228577 10168079843
1726 10087436497 10058012308
1727 10070754703 10076868903
1728 10052221767 10026535370
1729 10069749498 10097579092
1730 10001955405 10022889527
1731 9881208121 10008849816
1732 10011341464 10052790899
1733 10023327962 10075210934
1734 10202760263 10014393558
1735 10154772213 10057139164
1736 10060152459 10073679916
1737 10005064185 10019364959
1738 10181431646 9756604508
1739 10076136240 10102764484
1740 10060092738 10096329709
1741 10056971272 10015360475
1742 10012193664 10068265181
1743 10041760892 9991933438
1744 10312739818 10094248454
1745 10174478706 10071741005
1746 10004158152 10027296228
1747 10011430109 10048538113
1748 9881208121 10262446130
1749 10102389637 10052778154
1750 10066415420 10068430130
1751 10031639953 10100997654
1752 10106267584 10034117512
1753 10031273581 10094193202
1754 10099707444 10055978533
1755 9967632751 10034373202
1756 10155724045 10106133807
1757 10011748987 10006056447
1758 10132321920 10159815930
1759 10106646434 10040408580
1760 10098359228 10004795124
1761 10066883283 10031852310
1762 10181613744 10071589656
1763 10127153989 9995710444
1764 10070124973 10076982694
1765 10097799167 10061021709
1766 10043811983 10040239373
1767 10080106044 10064895856
1768 10104029790 10012893194
1769 10151116955 9942474588
1770 10136361658 10047748096
1771 10045232652 10057894560
1772 9869130666 10167501295
1773 9881208121 9979198985
1774 10032916145 10078649340
1775 10241105916 10046450788
1776 10033900647 10007482953
1777 10000000000 10100000000
1778 10065018088 10032691493
1779 10138283855 10050644289
1780 10140015953 10006234777
1781 10004719746 10092826782
1782 10033401582 10010511249
1783 10072678380 10066680201
1784 9881208121 10040408580
1785 10022283235 10008223762
1786 10075918513 10073896778
1787 10023050739 10026636365
1788 10004573011 10056728864
1789 10069403993 10029899344
1790 10067955740 10036224338
1791 10098582566 10053330386
1792 10063058606 10031827901
1793 10034675513 10132769678
1794 10069546900 10068430130
1795 10026464262 10091623995
1796 10107365483 10025728573
1797 10077047721 10052253648
1798 10171077797 10118890839
1799 10046399948 10013185532
1800 9881208121 9949662319
1801 10046589876 10001913535
1802 10062120607 10030803250
1803 10037930098 10078944441
1804 10003633496 10004386767
1805 10123288361 10029004545
1806 10019890952 9995256697
1807 10032584808 10069855368
1808 9881208121 9979198985
1809 10060238810 10071417851
1810 10048470315 10000700852
1811 10063023754 10034707804
1812 10056976798 10157606081
1813 10027229944 10092960853
1814 10049939498 10027856367
1815 10006608917 10037542371
1816 10024838683 10020445386
1817 10159070333 9794280712
1818 10013202641 10045685685
1819 10072617567 10002267986
1820 10062936191 10033583495
1821 10230413996 10008477733
1822 10102196487 10067363704
1823 10024687596 10077944797
1824 10100335007 10127571287
1825 10088494571 10079799222
1826 9881208121 10085292679
1827 10108442913 9875880157
1828 10091197887 9908637868
1829 10088654152 9983874213
1830 10031683343 10095204132
1831 9993787612 10038111278
1832 10038618604 10051880931
1833 10045466790 10071968912
1834 10042330676 10012348320
1835 10063197423 10095792877
1836 10081818754 9924440613
1837 10080487326 10107577629
1838 10055702824 9999851190
1839 10010348503 10022224180
1840 10068326435 10026999271
1841 10092045871 9990132135
1842 10033509992 10099710692
1843 10062113097 10093015552
1844 10015241574 10057049001
1845 10131376531 10086801098
1846 9881208121 10114984400
1847 10169484818 10038508998
1848 10108480740 10025958026
1849 10036196775 10001364872
1850 10113350451 10026959920
1851 10021448881 10069954504
1852 10024446861 10077350876
1853 10056753365 10090692784
1854 9881208121 10262446130
1855 10125842854 10035878891
1856 10206769272 10051000965
1857 10072323917 10030169683
1858 10070939486 10072245152
1859 10060984361 10035841759
1860 10170697180 10177278855
1861 9985547135 10042421302
1862 10056865862 10084556566
1863 9995102452 10094950689
1864 10033246311 10104667324
1865 10165345591 10055216506
1866 10151598761 10027165071
1867 10012688081 10057218748
1868 10071338419 10098869136
1869 10067740642 10083258637
1870 10072181400 9940678430
1871 10030055611 10109346885
1872 10067509500 10034475652
1873 10026519455 10093368228
1874 10023936810 10076092520
1875 10009006346 10050799397
1876 9881208121 10074965497
1877 9881208121 10111673144
1878 9994948913 10004575945
1879 10018092138 10007361486
1880 10029838436 10046427848
1881 9881208121 10040140126
1882 10064642347 10028919896
1883 10094226577 9972412788
1884 10115990707 9866864858
1885 10043441975 10059308162
1886 10033941340 10106224561
1887 9881208121 10067211962
1888 10179297338 10070722370
1889 10060637584 10083724408
1890 10063365696 10033021594
1891 10065505921 10080779957
1892 10018968903 10065064789
1893 10076629450 9969772882
1894 10061828209 10034146022
1895 9977421791 10040408580
1896 9881208121 10175138460
1897 10054552310 10014862798
1898 10023291690 10068854449
1899 10016791693 10060129122
1900 10057770968 10087853732
1901 10010151751 10045998800
1902 10131391318 9981432666
1903 10019871936 10007727662
1904 10008847704 10046988489
1905 10148791403 9990408871
1906 10017234733 10033257156
1907 10073331225 9938741110
1908 10066196216 10033023123
1909 10167982344 9941905161
1910 10183587781 9896345861
1911 10092502358 10021305961
1912 10067108250 10034921812
1913 10027251966 10068250182
1914 9881208121 10107690555
1915 10037420530 10010090201
1916 10055919955 10080467299
1917 10062230732 10091474612
1918 10091562596 9908023376
1919 10074601946 10101518791
1920 9950093112 10033679662
1921 10030205334 10091557711
1922 10075154622 10072828732
1923 10184001325 10041495622
1924 10100104346 9999889235
1925 10077735901 10078047460
1926 10062802062 10031608256
1927 10004956663 10032879222
1928 10017474328 10065936313
1929 10001642601 10079577767
1930 10059736479 10078154920
1931 10055176689 10012054606
1932 9881208121 10175138460
1933 10043815194 10013800139
1934 10029134572 10047337499
1935 10060702984 10076134089
1936 10110597211 10005801786
1937 10010178802 10040241376
1938 10069361970 10120401422
1939 10069477998 9980304139
1940 10029265886 10089239980
1941 10053126745 10024520897
1942 9966478927 10164960449
1943 10065993688 10032103765
1944 10030286038 10097275498
1945 9881208121 9949662319
1946 10002570532 10036203594
1947 10025112627 10078993399
1948 10069946500 10017279041
1949 10030274350 10091727981
1950 9996703668 10002961025
1951 10071987487 10077022246
1952 10035795250 10105348694
1953 10023422927 10008458242
1954 10046034926 9995662554
1955 9999413302 10015671154
1956 10017079637 10072039000
1957 10056876951 10095299596
1958 10059392117 10046060152
1959 10068205428 10034686381
1960 10092672753 9906152890
1961 10077631136 10091763312
1962 10014169189 10053659092
1963 10001388310 10022085885
1964 10049183863 10072798723
1965 10047156383 10059007782
1966 10202963099 9987858659
1967 10169065494 9777440032
1968 10114934907 10109681881
1969 10060596306 10085926131
1970 9881208121 10004611221
1971 10088280086 10090548406
1972 10078300810 9981240885
1973 10106212308 10034172731
1974 10048813902 10014775029
1975 9881208121 10085401136
1976 10088529534 9983989109
1977 10067312625 10095600597
1978 10035718814 10086849833
1979 10011874779 10047998513
1980 10065136791 10026503419
1981 10163774739 10061985792
1982 10074540892 10080621181
1983 10040507692 10110974830
1984 10009116602 10057264332
1985 10023042453 10008379963
1986 10109884012 9997869082
1987 10041533085 10005597249
1988 10025102202 10078967680
1989 10020216536 10007798560
1990 10182221228 9972623764
1991 10107155033 10049031542
1992 10053830795 10014714353
1993 10088494571 10089571721
1994 10103117160 10050608527
1995 9881208121 10262446130
1996 10060835374 10030440005
1997 9881208121 10014622525
1998 10033641411 10100034918
1999 10063543381 10095892125
2000 10026649393 10017394551
2001 10202685111 9983728147
2002 10321392035 10078626009
2003 10028809612 10013754835
2004 10061191885 10033453346
2005 10002545104 10023316649
2006 9995052655 10007891290
2007 10018484904 10064820923
2008 10091586837 9983321092
2009 10099918211 10067211962
2010 10042249605 9991110014
2011 10096127395 9976983918
2012 10055392561 10015035671
2013 10204047321 10053601504
2014 10063904376 10034050058
2015 10111204465 10100978568
2016 10016438364 10046173038
2017 10012353739 10048798371
2018 10119710542 10005880272
2019 10181161705 10071346294
2020 9978046428 10164960449
2021 10106727590 10043187210
2022 10064984399 10032172492
2023 10032560949 10087693849
2024 9881208121 9979198985
2025 10063842823 9954727960
2026 10051020081 9976332785
2027 10061980460 10025798460
2028 10070255744 10091280308
2029 10066659478 10034992666
2030 10099789263 10052988972
2031 10076997451 10079577686
2032 10026184023 10015215835
2033 10061922139 9992616042
2034 10206452934 10009189436
2035 10122784881 10028900959
2036 10086845399 10040499103
2037 10020236059 10070659952
2038 10139230712 10121753064
2039 10147961569 10066897987
2040 10187464991 10074739751
2041 10104806840 9885708369
2042 10097791472 10131757528
EOF