NAME : 21
COMMENT : tspgen
TYPE : TSP
DIMENSION : 21
EDGE_WEIGHT_TYPE : EUC_2D
NODE_COORD_SECTION
1 25307981000 -4860418851
2 -910474164 4280392457
3 -548260186 4109383091
4 7351077084 5046020748
5 -7483957600 -711104815
6 8512863141 5046020748
7 6076572734 1545487488
8 6757031879 -430807638
9 7351077084 7358139259
10 -1541342475 1487587084
11 5410499677 2535232823
12 6092856612 -1139154441
13 185026336 4821289068
14 8879859784 7407255205
15 -2689096000 -2196234546
16 2791987427 -696967382
17 9021739059 16888283
18 931028578 3234828266
19 6283771820 1762674323
20 9650570810 6380045341
21 8636729791 -2635809889
EOF