NAME : 2102
COMMENT : tspgen
TYPE : TSP
DIMENSION : 2102
EDGE_WEIGHT_TYPE : EUC_2D
NODE_COORD_SECTION
1 3687764330 6473420106
2 3682203180 6641361900
3 3719416835 6601011187
4 6556039262 1454993498
5 4808354577 10186454257
6 5115249947 2643589691
7 3722964668 6540535910
8 2408196701 -7235163992
9 4583793559 3861859925
10 1101369504 10695870636
11 6754144137 9516566100
12 3101520687 2690844899
13 8245148884 8607821079
14 3229714730 3286372738
15 -2460699492 1469454836
16 -323698941 1011320220
17 -388019799 3522533071
18 4760690823 2285869426
19 1656988855 2938199145
20 7456121146 9619376017
21 -4803961054 -4634485543
22 2537383476 10974324065
23 5929381129 3203255668
24 6085789136 8832074510
25 6383135616 482721178
26 3687055305 6535402465
27 10934199949 1352074139
28 -864621246 5289098299
29 3435291155 4259029509
30 1306641458 3204024958
31 5119103492 1907289902
32 6511594861 2697002295
33 3752267993 6564389644
34 6606890038 2925548004
35 5395920512 9678260502
36 9408690579 9729414584
37 4927877902 -1351139184
38 7120642540 8897207356
39 3397092495 4013825159
40 -2805063657 -8889792210
41 8795146107 1061659765
42 11166104515 6874625820
43 -1654195445 1601874825
44 4209580248 3064581349
45 9053473566 7823407432
46 3733120884 6512963035
47 3655262555 6610692994
48 5815892241 9989638990
49 1007339403 2369045488
50 4810595067 3260797379
51 9948375299 10000000000
52 3651591524 6581988770
53 6294395818 16796920877
54 5733038733 3251167568
55 4962806660 3474965664
56 8921968684 15722141386
57 3302406739 13203455274
58 13511561 2365745020
59 580859110 2609706617
60 5944988922 1792641582
61 10909159717 14511869211
62 4940693407 2847114593
63 -65058108 2321501912
64 6632986227 12421274886
65 10923129444 8171213305
66 2548104866 2919375672
67 10863965904 8700472338
68 4644660091 -7838010534
69 6715226715 10559818282
70 672311896 4377814352
71 46915771 1034448104
72 4622880257 2191134090
73 4319378746 3333460299
74 3424522213 4047247219
75 1577951055 -1317253323
76 4474393282 592091933
77 -4685027139 631162780
78 3607010636 6590022213
79 6213001467 -8889792210
80 14171127940 9590000005
81 6820082425 8934305333
82 178447543 2524018942
83 5812206973 2851931709
84 5072318842 -94994506
85 3734996676 6545049304
86 1900803249 12741851510
87 3835734763 3427237410
88 4071470792 -847735453
89 9474456188 -8889792210
90 520823635 4251266517
91 -1038077907 11107616196
92 6198606576 9138935980
93 5018473894 460482628
94 560573191 1977636516
95 10000000000 9827338140
96 5374056667 9708235043
97 3741431963 3544173830
98 3686104294 6463488406
99 6577210698 8877834430
100 4281271480 3996956493
101 452114132 11141575517
102 3606166983 6552994840
103 -1474872982 194395368
104 7234077232 1618121176
105 2182834350 10433875758
106 6434407385 482721178
107 1192584214 3661814334
108 2746261470 3421495644
109 2157363875 11698195937
110 8316999375 8772991025
111 10295349926 16891431010
112 3603736837 6574496842
113 6355010960 9057457405
114 768828189 -1142560278
115 4017213475 2040127410
116 3634500185 6553100125
117 3496739206 9762296276
118 7176544921 8914342578
119 119205779 2681119544
120 -634899347 11490132221
121 4485132066 2579111494
122 11652613021 15263513088
123 5912381413 10066450216
124 5661641680 3460952437
125 5388298388 9688484317
126 2381742499 3284840902
127 -22205253 2341919236
128 4991929366 3598083191
129 -2264773547 2032853332
130 1962512057 3127675343
131 6179924264 482721178
132 14313032890 15801165342
133 12579899289 482721178
134 5830471885 2677127442
135 3796551743 6561218361
136 4052621870 -8889792210
137 2767125448 141521591
138 254046272 815796689
139 9245344660 9749859968
140 3627250383 6634827774
141 -334529713 494886717
142 6993474911 10236513621
143 7931719792 2466083944
144 2686871171 -646082689
145 2510609882 10451468533
146 6120256332 2643985324
147 8854431634 13000555139
148 -9302616012 20937088181
149 7235376222 557256657
150 6363002904 -6709679070
151 1652930814 2232198596
152 3700447070 6599464016
153 9922872393 482721178
154 3655566931 6552369105
155 -4868373121 6395039966
156 3918143000 2260416711
157 8594414955 -8090600367
158 6403426231 1392260085
159 11227084462 482721178
160 3699898723 6702644622
161 7769555922 482721178
162 4038990393 3877930969
163 2409199061 4429301901
164 2763730332 3428044556
165 10764231173 1454993498
166 4150001471 3714901293
167 3746796835 6487750108
168 -2630445635 -3561443890
169 7608910667 482721178
170 5943989085 3383046854
171 3680825853 6665175855
172 9040926690 859369474
173 2050340161 -3053940318
174 -1151244871 -8889792210
175 -1903701104 1712785817
176 7718342841 -6788276838
177 5973311918 9602725614
178 10888407854 8305942424
179 -1829870466 -11317838701
180 2666591330 2539600930
181 -1258361046 -8889792210
182 -130142358 2343158838
183 3147211963 3934937137
184 -1615337364 1786373166
185 11711696878 -1097642161
186 7271044688 9161304297
187 8107604155 1922817065
188 5777350990 849606323
189 4272116405 2948015295
190 3671038999 6614654564
191 11079902649 482721178
192 2959837945 11346604725
193 -6037068676 5893798640
194 -6687975281 -4372769632
195 4360013005 3179430253
196 5173113054 1093311834
197 555397608 2851392174
198 6577681509 2269209548
199 4303636128 -15387731142
200 5583729012 3239044084
201 3803841793 -12264650553
202 4882651342 3429574497
203 11302589883 11031218286
204 9753919147 10000000000
205 998620656 2361407050
206 4380485979 238982745
207 -3339975022 1139822690
208 8749113867 791079390
209 6127643520 619543852
210 1111016749 -2384147908
211 5065956788 573744620
212 7089562331 5103733021
213 -35441850 455321328
214 3721872623 6661497426
215 3737404199 6555266341
216 9570928830 12177196589
217 8935038316 1239547921
218 9911529445 482721178
219 181964571 -8889792210
220 2483231298 3248469874
221 7460702958 19229031428
222 5366885927 9601518760
223 4876261463 304314722
224 11844615143 482721178
225 6188252665 15836633682
226 5934830655 2679582728
227 5632617956 11747623868
228 3918903304 4124777914
229 5838089837 3367834238
230 8412602579 8662371842
231 4275238245 -9782898666
232 2680269027 3102066659
233 2774154169 11808983296
234 -1344901997 1586436522
235 4702798345 -1854746693
236 9290260668 9615622927
237 1937592954 1952293029
238 3691026515 582756096
239 5561483108 9231385951
240 10000000000 7654497167
241 6398335808 864839866
242 83851892 4459185090
243 9009579062 8481426952
244 1993796009 4342499564
245 3127272267 -8889792210
246 3734646329 6535423158
247 2807298675 3379744744
248 7800682453 2303389409
249 9697606486 9982531931
250 3700646582 6562100321
251 6356144216 3800177814
252 5552052406 2753224875
253 5662124589 3407822612
254 8008629019 12298392679
255 -4203113106 6698253078
256 3087565366 11993973531
257 352232695 2523996720
258 3678770175 6566534112
259 -354188660 944778675
260 4703684125 -8889792210
261 4662449341 3255336671
262 5307357084 3536969387
263 4459433380 3515897980
264 1624939538 10919119315
265 6898884587 10000000000
266 3768525529 6549766605
267 10322447268 -4109258483
268 3655933898 6628165975
269 3215886126 12591978353
270 9680466936 2123519801
271 18438459220 4433848369
272 3517385456 4316725434
273 11191143373 1298989947
274 4408413183 10447006640
275 509306546 2871468582
276 15514741105 -1607963510
277 4157068505 1962046369
278 4217283437 10874253270
279 9525051676 8331123563
280 10000000000 482721178
281 15756804619 -8889792210
282 3688443070 6557121682
283 686443017 2377843426
284 10000000000 9506110972
285 2086025758 0
286 5698865597 1765828298
287 1949001714 2267063566
288 4139434215 3849529966
289 4364556934 3384309234
290 -1914778908 2070027348
291 11209425422 -5551810862
292 7537915976 -8889792210
293 4107097156 2515661855
294 7799965620 9730931508
295 6553350056 6782133123
296 3881737758 10921532376
297 248098021 11455679809
298 12779853064 9556766780
299 6881463995 9052042095
300 14285636569 8489148828
301 6478415558 2964516494
302 7660161856 15517362765
303 6269637378 1190796445
304 -1744376874 1737997464
305 4037240726 -11035879655
306 -1164761823 -8889792210
307 1406210525 2671981086
308 2777894208 1328150347
309 3441977849 10006530606
310 3624855167 6542740745
311 3616944504 6573348147
312 6412168203 1116145867
313 8182971064 11470978170
314 2551879958 1173896194
315 -7511431034 6149701663
316 10054122201 62854000
317 1881458230 11380105033
318 8954826226 9382800545
319 7290668413 14958865553
320 3740761151 6576835259
321 10254895124 13850396630
322 3552995565 10488351031
323 9738391626 11559060547
324 2065753891 -878606247
325 2561240818 -1580648176
326 4804708783 909577363
327 9356229013 943185990
328 2003305088 3241604543
329 6259602983 7712420980
330 4847018228 547393141
331 5979703590 1144328610
332 8602532904 2165833866
333 8409768433 8864130075
334 5368275735 2493072589
335 9362894611 6880577791
336 6180420970 -985301112
337 3687709890 6590850801
338 4413820013 4046647695
339 5065668978 1495580945
340 1588288991 -670552062
341 10288570844 3741875509
342 3712598867 6587486559
343 3725302771 6702851933
344 1227216209 2852019829
345 9998037947 9080218632
346 6748672106 -2464797637
347 5870696191 2977244648
348 7275738718 -5416967933
349 2306165825 2504122586
350 2336898034 -805746400
351 5994260828 10000000000
352 3622988640 6623816260
353 9116903749 11562950720
354 5388616059 9728991002
355 2329317319 2420491152
356 7995471119 11566080708
357 14513033405 7950679097
358 5030215482 482721178
359 7807135651 8326302734
360 8299650633 482721178
361 4660000752 9893655196
362 6452300693 2525363725
363 9871530384 8095634110
364 3818005289 1897697015
365 9136054600 7978367960
366 8940293658 7916081165
367 -3494199119 1085873399
368 5277471480 9754186349
369 -1617840802 3238418727
370 8344826722 1771825049
371 -645983123 4730389826
372 2863497045 -4072559459
373 -2309915174 -3853465922
374 4888399061 1253999064
375 5584432650 2125805232
376 13192160384 10115574562
377 3655429889 6506449021
378 9991154091 8412798565
379 2001142923 1567285571
380 4447855469 17628887927
381 3746615801 6568419108
382 3668003341 6563554264
383 11524011983 10754412368
384 4734667297 3823760963
385 3272110267 -9212186299
386 9750249851 664607952
387 10000000000 9567648634
388 8043740745 233854411
389 5805812329 3480072765
390 -1565579424 1346174394
391 4626822472 9558058784
392 1561729224 -8889792210
393 10316463775 7861603555
394 3584756390 6532575535
395 -7152871718 7496691816
396 414294340 4071791476
397 3230598904 2032882818
398 419069253 4409367532
399 5755487713 2703566341
400 4812259900 11067527371
401 15908690911 5614028536
402 -492665006 1852075420
403 797279856 1783677072
404 5171035494 -8889792210
405 3701329242 6553837712
406 4674425869 2864122218
407 7751822901 9324982374
408 -929011710 13417466234
409 2638515946 -767407676
410 599981976 2616875600
411 1959647426 1991690404
412 -66712264 -1800848875
413 12694470317 -247209840
414 6294395818 16796920877
415 7854600501 8367886380
416 6404890661 4309808367
417 6612306982 10167678349
418 8643107741 11872501456
419 3960782715 9829373266
420 12085359482 10238820539
421 -985623753 4374707545
422 3658036084 6460061710
423 4431670145 3105938892
424 2512149690 -3639215583
425 10036705155 10014179524
426 6294395818 16796920877
427 4990169183 3371530566
428 3793879724 6690900246
429 7405766911 1338331987
430 8294200794 1643032079
431 11727329795 11760759314
432 7246512479 -8889792210
433 3714427786 6606791511
434 -3867856454 941924895
435 7510959220 6540647282
436 14152391831 482721178
437 12461388350 11852148109
438 7932553973 8436180909
439 9804328865 854901488
440 6861214187 8770546932
441 12299080528 10884656119
442 2988106720 4104382845
443 7820094663 11606468651
444 4749499444 2718021074
445 3662174996 6559955291
446 5104275603 3622222854
447 10000000000 9309263330
448 14800228291 6300587107
449 13808413996 -8889792210
450 16134617356 -815334925
451 9259171373 -8889792210
452 -777960812 2075167469
453 31403418 3560346982
454 2281500482 3937726292
455 6532321494 3115936134
456 -7443790499 1168249855
457 2012760511 4662575527
458 2397766455 3622319216
459 2785980810 211249862
460 -2547764628 6228954274
461 3746494761 16791229101
462 10984875474 11526272382
463 -4667248942 8428682241
464 10000000000 7467288631
465 5319108219 482721178
466 4229666652 14944466887
467 3671737579 6581924781
468 749825531 -8889792210
469 1647027837 10408082438
470 -1466482115 -3628947098
471 9699194119 2102582389
472 6030924576 -8889792210
473 74054834 2419710450
474 1093324846 3393713993
475 8752529072 8117420435
476 10000000000 10000000000
477 -2327804884 1021321412
478 1139518939 11581985035
479 3494587588 3152793212
480 3676487655 6578567252
481 6693729604 9286088971
482 3507637931 10101875472
483 4656952268 2679100541
484 5581313748 270503810
485 10712082871 -365661168
486 -4522726635 4711679204
487 5611835560 2506720241
488 -617866753 2160315539
489 3698391112 6506841745
490 3806978660 10968423739
491 5726782610 10000000000
492 5317457558 2526265426
493 13498688164 7452479520
494 7051910894 6855625863
495 5089864094 -8889792210
496 4114926418 10223191615
497 4541477814 359572826
498 4367053424 2955708615
499 15061894921 8664010236
500 3651249220 6603777796
501 -474476468 1070836245
502 1167939724 4305947109
503 3158958894 2454459845
504 81328874 2422437419
505 4738727392 3331141639
506 12610152999 12534194978
507 5568891543 10201166895
508 11510131381 -4462446131
509 9792542124 8042121142
510 14543880024 7844312141
511 8702831165 1984754842
512 3284116867 -8889792210
513 13528973473 7463833198
514 5076336327 2434518228
515 -3388901066 3912208821
516 1505512519 11416193884
517 5935748426 -8889792210
518 4216426756 13035041358
519 7678824764 11245945883
520 -1391194078 1870402381
521 4592214376 2334149390
522 8781726930 8024161090
523 3672255938 6522814607
524 8411340354 11566697357
525 9441851453 8530478958
526 9867452291 7864152535
527 3448596951 -8889792210
528 3797619305 6645650447
529 -165215505 706985139
530 5998305072 2987345556
531 8048267925 8187992249
532 3641119818 6598899403
533 6751606005 10000000000
534 -453534195 2221922273
535 1911544890 762633421
536 8539041980 10289755045
537 3715521386 6629248487
538 -6372787927 -4096636043
539 8687893638 2256671455
540 10000000000 10247456920
541 4577981513 2025809445
542 -1263815817 2531217531
543 -6378517037 6023721986
544 3738117638 6550581121
545 4521416013 482721178
546 11426118857 -662128790
547 6561108495 1483518384
548 5141200578 -8889792210
549 -4181701238 824267430
550 3782375228 1444068986
551 4175690455 1938700133
552 13112971321 3846191456
553 5021628924 10687022844
554 3708212989 6544984608
555 959120677 11340140474
556 6287606598 11525521527
557 6263795790 14937057341
558 3739094913 1144977600
559 6899127429 -8889792210
560 8509929200 8788977094
561 703720497 2208191903
562 17140435969 16503146408
563 -1685964094 1759895868
564 7932473644 2177259941
565 6856125108 2650160214
566 -1757157023 1042579752
567 6148978781 10119152013
568 500789850 14830706772
569 4494727882 2774743924
570 -3549623681 1061227375
571 752611318 5023781249
572 7576285790 8309249464
573 -1910547341 -4857080465
574 9164485577 1409089327
575 -6056316933 -3819377863
576 4134618358 405468943
577 7644962570 7318920978
578 10000000000 10000000000
579 5286644842 9595982973
580 7640171614 956137478
581 10999224146 7143447279
582 10135741490 7411104229
583 6226424391 2289268576
584 737483590 5125410633
585 9198324151 908009047
586 3709072935 6548488463
587 11870548566 241597653
588 3691863239 6568690038
589 9533799285 2076940600
590 2021469166 4627860481
591 11679937094 11053906256
592 -2513006103 1690410761
593 3786319001 6667599680
594 -3757901751 -1805751279
595 8686702515 9160491936
596 6658779988 -3145037250
597 2635438056 -8889792210
598 4148591796 748662777
599 6304337658 16111939331
600 3724012158 6651295254
601 987192525 3004415638
602 4940775678 2962106903
603 1046638688 -8889792210
604 3673079153 6582665798
605 8086921639 10000000000
606 12133710574 10216715224
607 1738030842 -12306083413
608 3741250336 6549571372
609 7715654481 8627705730
610 7662312477 8394459256
611 11318947542 10564650400
612 10406811144 14003986298
613 4482622877 31490686
614 5643417635 9810054905
615 9026107901 2256671455
616 2237626807 4504458067
617 2732217837 3880200259
618 14113105506 -381871736
619 4054906496 372191558
620 66325945 3226788914
621 3604173241 -1075503082
622 571818148 -682949332
623 3690777480 6624386129
624 -1457602988 209525498
625 96251230 2428031670
626 3689122107 6667042957
627 9846551876 9346760257
628 9057899814 10000000000
629 14509128603 -7799305205
630 3783316331 6667054912
631 17331383705 5328984992
632 5368962383 9723316502
633 9359953401 12945595397
634 9354143364 2256671455
635 10000000000 10247456920
636 7174744833 3047160299
637 4293281784 -289922488
638 6299267920 6723938929
639 -1901512691 1679088721
640 4094484682 4112233357
641 5292326801 482721178
642 1130806200 5174531742
643 4408054176 -8889792210
644 136114590 2651391454
645 5656379405 781517341
646 5446299840 -8889792210
647 3659707306 6600840290
648 9634334356 8537575261
649 -279130107 -1423679595
650 9776202521 2111604328
651 8568303287 1579394277
652 11043932494 545238466
653 3714086260 6524780811
654 3678942108 6663410530
655 4233359242 634293388
656 9131797536 8091660935
657 3740349593 6580585584
658 5341226899 9754673368
659 -1582684316 14364935576
660 1002085478 -8889792210
661 -3156242173 -329231534
662 3221745325 275579916
663 9426550621 652897182
664 9414288825 9734319171
665 2592686923 3765972471
666 10306624312 10970838663
667 8317151764 2141392242
668 10000000000 9619341345
669 16968454706 -8889792210
670 10000000000 10000000000
671 5292870382 14829425742
672 4847225821 10000000000
673 530493271 894221751
674 10182400365 7800945630
675 6127059921 1209844919
676 10000000000 10247456920
677 4599069469 10000000000
678 13829640230 7645081537
679 845315171 5210164042
680 5404997039 1013292997
681 5545727719 482721178
682 8274187839 7543411866
683 9537855528 7698365022
684 -337705809 2265345248
685 4845715829 -1791823396
686 -5326143538 421047067
687 -347834987 10202322714
688 3788979786 444812055
689 4797217773 -8889792210
690 -2122881255 2637290970
691 5795054282 3302668761
692 1159010764 -18569128911
693 3593959810 6523788406
694 6095273532 16943840047
695 585751465 649539151
696 5003777984 3259177415
697 7226525695 10788663867
698 9867224297 6769786273
699 9429101674 984033902
700 -8306384227 -722037519
701 6500449518 2520576745
702 -7568059881 -9261435790
703 10613113091 -181346618
704 -2937940021 -2767683493
705 14434176732 11798902426
706 10031068394 7967445241
707 3531124297 10107601395
708 5500453082 -8889792210
709 11469565142 10302251003
710 6393037319 8990195793
711 7435071009 9111211067
712 1420750841 4722763241
713 1108275176 4000033050
714 14087697931 15915420992
715 6913787936 3003235702
716 6031722593 3238735486
717 10590824305 7339042009
718 5251202926 9651101617
719 5948372647 9566120647
720 4495674601 847060900
721 3719802398 6697854474
722 10000000000 10247456920
723 7394030894 4489381090
724 2371985175 -3129552677
725 3533277540 3985255676
726 17089219086 9143627972
727 6782321838 2836077197
728 3737649286 6574829254
729 6246080383 -545896913
730 5783474405 9828592624
731 4069235712 10182957232
732 19234195311 -1894051463
733 11349583754 10160759570
734 9695292416 10000000000
735 301153927 2483200272
736 6145950543 16340372294
737 -2007137207 1542663449
738 8265077634 8727502725
739 605250533 -967906357
740 12997981292 11555924849
741 -634553511 2028870822
742 7596641435 -691309679
743 8623005556 11266280568
744 10524731337 8146741922
745 16529785356 8588809416
746 6408924497 1501241467
747 8259390682 10000000000
748 5755960191 -8889792210
749 3717665522 6522396501
750 10893771485 11099621006
751 1331957529 3127592455
752 5992327170 2894221258
753 5970710308 2676810521
754 1714595048 2988667556
755 10000000000 -8889792210
756 7553029453 8577599369
757 4778996661 3341068336
758 5677312733 386101403
759 2043950589 12692275952
760 -2115160526 1606351320
761 11508661078 7833896630
762 -1144627656 6011897090
763 3737731787 6503651541
764 858847080 4230210873
765 5334328562 9663711485
766 1545166536 13295966005
767 8001125185 8333998472
768 3698118268 6581346579
769 4816383207 3639626504
770 9294440598 12879360844
771 9433579698 834323728
772 5745048223 9290865061
773 9441573668 830640830
774 6466743723 10020511430
775 2688385799 11618821339
776 3596235154 2575510604
777 8303261718 12527899093
778 9055870478 2256671455
779 9820263106 1751494077
780 6658190535 14780924777
781 9547054446 -221788924
782 5232772778 9635894191
783 4340170773 3779540850
784 1990308674 -772805557
785 45505123 2702239955
786 4400137938 11029344107
787 8636133737 9052582562
788 6853831289 8872353674
789 7190767522 9076515998
790 2239333272 -3008621436
791 -5145218012 4173639167
792 -3242026393 13106422923
793 3789312813 6579286582
794 7002355965 10704463181
795 3498726865 -2012642183
796 6516443549 1015128334
797 11635381859 10437531769
798 8815122049 10000000000
799 260913227 1715106372
800 2267026720 4741546831
801 5009758762 3703029903
802 3654629258 3426484996
803 8065064721 1204885111
804 3773268904 6495228636
805 9767476620 2102055182
806 3681428235 3779379273
807 5704797803 10000000000
808 10124002258 6420234385
809 3775802174 6494478969
810 3699094083 6497880262
811 3432261619 -6489488690
812 1082943789 -435230528
813 3657136156 6589168466
814 10000000000 8379413945
815 15751379337 -3483046688
816 8596525391 8223723280
817 989656909 2353553970
818 3699624897 6569153242
819 -467743675 3654256919
820 1155449896 -2029094957
821 3750403282 6622146672
822 -2188751713 -2776048424
823 -904483936 694109501
824 4997025994 2192222118
825 -2457179129 1515688978
826 8499763915 14524949545
827 4883373706 10600200044
828 5601113514 482721178
829 8033668666 8524766834
830 7091430371 482721178
831 -71199674 2365255897
832 8847709053 -796706867
833 -174876559 1748072794
834 195289485 1310235593
835 2078468553 2879821513
836 10000000000 9467244849
837 7038648588 8170675278
838 5898236833 482721178
839 4217603998 3973088152
840 5438116368 3628494878
841 456414463 2766935322
842 3707403713 6581313640
843 8777335080 8347611795
844 3666546231 6631691072
845 5026784769 3351514972
846 1241603260 5039843527
847 9272157114 12828381631
848 13770397756 7554340897
849 10000000000 9076179691
850 -120108900 3190570699
851 5697368815 3361120103
852 3178688788 4271350555
853 11000820721 13154361821
854 899661739 5167578983
855 9795843538 7679216184
856 13775203548 11104492422
857 686140069 -8889792210
858 -8715035357 -9292189361
859 4669778371 3282689547
860 9980664698 7960071899
861 1816728412 3078145932
862 7960244631 1821686408
863 -1976851451 1284921354
864 4447212909 11308461888
865 9844366595 10111107507
866 981040125 11232410661
867 5076088320 1165198199
868 10908491809 6697610442
869 -2888646793 -8889792210
870 5385174926 3283314600
871 9933052778 10043911795
872 4208392499 -7392913508
873 12971498296 -4905179433
874 -865083204 959953479
875 8251232109 10000000000
876 10000000000 9862575787
877 10000000000 9068339645
878 6112371928 16550220512
879 -1974278042 1642405400
880 2106885187 2014939877
881 6032834499 3444180645
882 -31651255 -2751073865
883 7252046649 482721178
884 495477843 244699484
885 6287643523 3559235302
886 2207931403 0
887 3648763654 6592321153
888 389980178 1828181088
889 5313845377 -11179611210
890 2790845469 -1383616988
891 6776458161 2646314745
892 3675890465 6725439186
893 13586940 2457169795
894 8790278224 10107173755
895 10000000000 10000000000
896 73833506 2161071938
897 7556976829 1870628977
898 9346374205 141008060
899 6293738983 17871307887
900 5050414813 -8889792210
901 9178673235 9182414957
902 7548392803 2032560040
903 -2963890354 1420662138
904 4802095989 482721178
905 3326833129 2448954932
906 3839965563 10038313229
907 10787817676 595770164
908 5497553092 18656617248
909 8389650002 8836639766
910 5773662111 2427135936
911 4416407803 1682741093
912 -1215245236 2755459661
913 6634436614 6836177624
914 986868315 2761915659
915 7205097713 15057973535
916 8357032635 1266912623
917 4728481452 5393867012
918 7007704021 9741272677
919 5893345552 692356544
920 7614534218 10779227082
921 52031799 2411454221
922 3717900634 6587028532
923 913585178 2286908021
924 13892865146 7821332647
925 206482689 4788580760
926 -1323238910 1661667333
927 5011306034 10000000000
928 9576266059 13164291156
929 9817837590 1732478158
930 10319512494 -5567215028
931 3734897886 6517950994
932 4386189119 12806410133
933 9855204018 10120602102
934 -3592271053 1045239276
935 -8167734991 15990429955
936 9537449029 9842219025
937 3619770008 6481690305
938 8145431505 10051234061
939 5135904808 -190655284
940 9285015184 9621063375
941 5297107281 1435460829
942 7594126386 9555159229
943 12761087818 16384199874
944 7177355447 -6854849442
945 6013567182 2559004267
946 12494444431 10496908883
947 2340565637 3269404083
948 7569412287 11135328016
949 3000649268 -2020382016
950 7118367627 9651964437
951 3709121472 6615185303
952 2870298707 14105173889
953 3716819520 6650999057
954 3631692267 6611165349
955 6043624037 2601662302
956 2717547080 10076708473
957 14286056244 14002442906
958 6853262348 581507441
959 2057939384 4593438127
960 8546145931 1598473490
961 6892549462 8911652882
962 7681034918 8460313071
963 71917678 3190312949
964 6294395818 16796920877
965 5329423451 3442098090
966 2095530953 2062182668
967 9751872154 10030073729
968 -3702217500 6729998444
969 5670811937 10336009062
970 5446222555 -10029054683
971 3773870090 6671711136
972 1290307343 976469186
973 9127616495 8769758527
974 7844505738 8455530999
975 8154497751 1973895484
976 9754696707 10000000000
977 6294395818 16796920877
978 9776888315 9765759594
979 3845554361 6476119245
980 1371421197 -8889792210
981 9498385826 13822827986
982 4466836843 -4492394237
983 4583217130 482721178
984 -31809503 1458653893
985 -1605274574 14758050424
986 5930367754 10431536472
987 8784944448 8003069450
988 4974746780 3815508137
989 9105503369 8152622982
990 8128845514 482721178
991 345738512 3838454828
992 -1773120158 1633628698
993 5503204289 5951064709
994 335750091 4090370648
995 -6454687435 6398347248
996 -1645376653 13180752437
997 3714862064 -10809858424
998 3629456009 6716501222
999 13504957724 7314093722
1000 8041337790 9360442025
1001 -2115358798 1598919822
1002 -221460251 1592155972
1003 2878927036 3864850003
1004 3675708958 6588952375
1005 5144974701 11044673348
1006 824300768 4230452230
1007 3652712357 6686879065
1008 7261221405 9603565048
1009 3621966109 6614852809
1010 2882885399 -8889792210
1011 5642134055 2913824447
1012 4313664593 3865052553
1013 -519863441 2197056061
1014 2341283267 0
1015 6265569189 9869093943
1016 3674320357 6554765289
1017 3637761712 6670439655
1018 10000000000 10247456920
1019 2114882487 -8889792210
1020 8025917796 -4156784121
1021 -6481935908 4892212672
1022 3580897853 10666801541
1023 6075426928 2487135346
1024 8083942402 8311863560
1025 3631409786 482721178
1026 5950299339 2348928378
1027 10298282211 -8889792210
1028 9573964061 10000000000
1029 1307494136 2276700228
1030 13777523860 9045920953
1031 11300916911 482721178
1032 2009545229 0
1033 6558799567 8668690320
1034 100989775 2429808106
1035 -1815590985 1711299963
1036 7469692766 8383967378
1037 -1320327224 3359950508
1038 13798003392 7564689990
1039 5938907301 10000000000
1040 13227600287 11640201340
1041 483390187 2557185718
1042 8864655593 9252789073
1043 3737221714 6581856119
1044 -2079307897 1612434967
1045 4545718276 3446046877
1046 -5325579676 13543112318
1047 7730504581 482721178
1048 3059040399 541527299
1049 3702407766 6559836917
1050 1836197813 10989244357
1051 6639318220 -8889792210
1052 9719102684 1892847871
1053 8017221223 904596636
1054 9536375867 14110697182
1055 3676750272 6527296515
1056 2326326433 -3944527104
1057 7132733234 6531731337
1058 5023656249 9341556076
1059 8005037726 8862301411
1060 5793039065 10563959158
1061 4627398926 2602234708
1062 1051171003 11053322956
1063 8605894546 207241536
1064 7481172333 -240871499
1065 3743156208 6670829012
1066 8500746481 5449718522
1067 7960009769 1765595026
1068 10000000000 9281593407
1069 17776585498 17060472872
1070 3280719496 12177589154
1071 3660812448 6605425180
1072 5416332862 9734168879
1073 9564607231 721498792
1074 3301258227 -8716648301
1075 9870533859 11192971489
1076 2781582971 -535637866
1077 -1627240135 -2733285753
1078 6570173146 4349606478
1079 7076259930 9438703809
1080 5294031345 9767755205
1081 -786221016 2097201105
1082 4367694089 2540548255
1083 -1138623663 -2901265399
1084 3669166025 6587442399
1085 11440558638 10370523424
1086 9867565454 7527040619
1087 3787235234 -8889792210
1088 8544860520 8972618691
1089 2725801275 4196455330
1090 4265201398 3403766610
1091 -3870848648 5452456088
1092 1564564510 2857226779
1093 6975836567 10171463130
1094 12335751000 7016505289
1095 4917515714 2652294994
1096 3209882259 3595302727
1097 12404394148 10775213679
1098 9800404826 8389890754
1099 7554466674 8309018912
1100 163401388 1460303997
1101 3720695179 6528622260
1102 10466702803 -313209372
1103 4251508657 10359980540
1104 5084866060 3177095737
1105 5408128972 -10496565824
1106 2428170163 11768931987
1107 5046815533 601722744
1108 11693932633 2743019849
1109 5941787693 10000000000
1110 6632671339 6522502042
1111 11393860951 7392714262
1112 11589378958 11697082992
1113 -1005501862 -6942689784
1114 9929711653 10185877757
1115 3729832152 6582735966
1116 8228818078 2256671455
1117 271990990 2631374753
1118 9045588800 1033457298
1119 0 1486521991
1120 6672803636 1490475333
1121 3718069694 6589958559
1122 16551142469 -1118120121
1123 3677622960 6547232771
1124 8648490996 9063408676
1125 3526348591 10722894801
1126 8377839458 1743398505
1127 8773725899 8972382931
1128 8069760395 9892054331
1129 10271989511 6691016032
1130 3821182704 6587735322
1131 3752439599 6635155708
1132 3824750573 6636712751
1133 4852471317 -69407929
1134 5285606894 9749160104
1135 5728408798 482721178
1136 7294621005 10000000000
1137 10561356950 7566541251
1138 3905393727 3205204670
1139 8650201978 7940177599
1140 9552911141 10000000000
1141 3786742853 6645388107
1142 1520689758 -8889792210
1143 2938157090 372396393
1144 -1786463523 -5628809392
1145 7562646055 11266480789
1146 9274486429 9611839202
1147 5114904511 482721178
1148 19153516575 18266793228
1149 4162761631 10342975905
1150 1403747357 3528369781
1151 3792072741 6582966050
1152 -1715235550 -4904876861
1153 9212420039 10000000000
1154 4151069662 18021194352
1155 8036882285 529854546
1156 295081840 3427195094
1157 6073906633 2830249006
1158 9680785066 1363917372
1159 8017929924 15127966297
1160 6772303367 1486971563
1161 5318802893 3533930197
1162 15756116312 19412224389
1163 366412805 4979891414
1164 5991635036 482721178
1165 1129027362 2815209751
1166 8832891163 1884490149
1167 1907623165 1116064963
1168 8171148871 2336350266
1169 11180004080 7388461687
1170 371388649 1811893171
1171 479957398 11365998209
1172 6139626353 2177566552
1173 9926476859 239202489
1174 3712477920 -8889792210
1175 10000000000 9940108219
1176 8637534549 1138357378
1177 -3806063175 694781378
1178 2297616604 -1572834422
1179 3643693211 6644429625
1180 2998938072 12211362085
1181 4531150767 2954772336
1182 15285248723 8228882856
1183 696118401 1157522979
1184 -4620290921 6176936959
1185 5261949407 3584295067
1186 8412983426 1041880859
1187 7264205717 9608420112
1188 8396773349 10000000000
1189 3323587517 -10905270785
1190 -11398642 1590046551
1191 10000000000 10000000000
1192 3698709039 6612871985
1193 -1776157323 1726083272
1194 7512826108 8363146756
1195 9539118801 2044590760
1196 -1142603286 485494687
1197 5336970562 9756739865
1198 -201181978 2316526751
1199 5324914933 2908590049
1200 5761867933 3171674803
1201 6953463653 8787512436
1202 6614808694 1243027482
1203 7442581590 9354897573
1204 213124287 12101452966
1205 4801050779 3627970784
1206 16145718286 -5601966821
1207 2440348824 11003342311
1208 -1402233272 -8889792210
1209 919981022 5293388968
1210 11308209873 9447370181
1211 7302226991 14884965337
1212 11990082076 10268132197
1213 5152734230 3723482916
1214 6762082507 5228014345
1215 9820831917 1339058688
1216 3642685405 6580141569
1217 50415048 2410848116
1218 6551769890 8943874685
1219 5681871447 14059180877
1220 10766098621 12374994488
1221 9339912707 -7049027395
1222 1042117323 11190882629
1223 -1758728589 1876212295
1224 4411522956 3199558563
1225 5855812954 10599044912
1226 -5106993675 7363838949
1227 4219894617 2002768828
1228 9994738082 -201667623
1229 3696262481 6512967216
1230 2409077319 3597098955
1231 6053495808 10000000000
1232 4446735830 -6164156006
1233 -1596979897 -11256848248
1234 4960447161 3466684843
1235 10866976399 12198383191
1236 2357439498 3296900107
1237 -1767457638 3416805463
1238 5975834639 3081597729
1239 -1662765425 1768592831
1240 4494087303 -4116600318
1241 502327984 2564491448
1242 -1867905274 1691687826
1243 4495840155 9573154231
1244 3747884057 6571026101
1245 4771289627 955299448
1246 628389981 2892890369
1247 -3134031951 -1259183007
1248 5130924054 3677225186
1249 4706846146 3346001227
1250 17333360218 4989704504
1251 8557625066 482721178
1252 6014831 2598281397
1253 1163687635 -1062840876
1254 2266470226 10865669535
1255 10024148725 9950507501
1256 10000000000 10000000000
1257 4772171878 3644865766
1258 -2246447153 1370861969
1259 1515107482 -8889792210
1260 6170510095 -2923816392
1261 4982104934 3752668197
1262 7499472469 11183053449
1263 -773032082 3427380202
1264 3673226251 6550090520
1265 -74419093 2364048967
1266 10404945446 10405531112
1267 1331795961 3551823919
1268 5178671402 9604227324
1269 5994205971 545492096
1270 3678879096 6559027450
1271 1102936397 2851085475
1272 7772925214 9961009078
1273 -9586123 2351524397
1274 7047812660 482721178
1275 -5728337199 4578434351
1276 8498357367 8466204963
1277 1180852706 10846932072
1278 8588265244 11526668531
1279 5457142380 -8889792210
1280 9189644570 1696044784
1281 5268659437 9634191892
1282 7393740823 12612354266
1283 -3166319360 1204924569
1284 12731980170 482721178
1285 1284180444 2611584122
1286 5362469143 3561789573
1287 7942846778 1553555428
1288 5255992701 2714504247
1289 1094171996 2445118957
1290 3251523962 211621932
1291 4577454810 10925990669
1292 3759673444 6617563946
1293 6657669556 9914665584
1294 9549681027 1601795094
1295 -2733850355 -908586515
1296 3699873515 6525267231
1297 3631577412 -3100965111
1298 16476832084 11049907879
1299 7811259356 2274990226
1300 7241636069 5255551023
1301 6942637575 2976578553
1302 6065844402 658066312
1303 6927440304 10000000000
1304 6656141756 9336557625
1305 3916592921 4129553028
1306 7782626525 -6952509015
1307 4905942691 3694201779
1308 7938064634 9059073241
1309 3886559499 -1930782879
1310 -3050837226 1425968646
1311 10000000000 8791688091
1312 5516992621 482721178
1313 1546668979 -1182327610
1314 8725201256 9130614036
1315 2118691649 11835030006
1316 5847070116 2951272769
1317 20925932327 3622769225
1318 9943064981 7668664036
1319 659516972 4649258486
1320 1295819220 10967325187
1321 8805277445 482721178
1322 8718618268 7889656354
1323 -119497958 1311949105
1324 -2501184822 1454277266
1325 6286063334 10931472241
1326 4284792451 2002800656
1327 3255998468 1281535227
1328 6879177968 482721178
1329 12497827353 -4748177361
1330 978764699 12888822733
1331 5917643262 10000000000
1332 6996693837 8890838834
1333 7291333572 563578354
1334 3969218830 3077616726
1335 3928144167 2010828585
1336 3327817994 482721178
1337 10000000000 9257271875
1338 680201473 -8889792210
1339 826097827 2210260922
1340 3602960636 -3587472568
1341 2178428707 4731854565
1342 949113059 11788379668
1343 10000000000 10000000000
1344 7027396829 10000000000
1345 7349157400 8525592465
1346 5297426088 9691094275
1347 927362412 11687810105
1348 4498077369 -8889792210
1349 -6342266998 1241790294
1350 4703852944 1995517729
1351 4895385188 3802679980
1352 12214612210 9974780529
1353 2485195516 -6189809370
1354 3391966829 9984988980
1355 13487017912 11902370978
1356 -1297566915 5498387174
1357 -2890697984 -3879180585
1358 -5974784792 -8889792210
1359 578208964 4603627885
1360 3628077986 6578451909
1361 10285791426 8700841713
1362 10000000000 8955074528
1363 5065783376 216404217
1364 -1444086717 1759514464
1365 7658308503 11136489824
1366 10732094140 -1002360887
1367 18681464472 -2409213850
1368 3725280148 6672727283
1369 4702844891 3811223067
1370 13014577280 9874892877
1371 3719001387 6602749492
1372 1733245497 12277770541
1373 5274587690 482721178
1374 4597288754 -1406203688
1375 5072863408 15945352195
1376 5575041091 -11504593996
1377 8448713274 8269147695
1378 3753432724 6531276477
1379 6294395818 16796920877
1380 3736040809 3072190323
1381 10401164461 8645680549
1382 8813586615 9029747716
1383 3659541079 6476903008
1384 9707447307 1163450795
1385 7613225410 8313566547
1386 3753825499 2468962796
1387 6371304284 2713511908
1388 6126571656 3430937160
1389 4109459717 -1067351402
1390 13846811533 10235574144
1391 974502350 12063064863
1392 10081681831 8126000497
1393 11517334229 8341284165
1394 3630783855 6647238402
1395 3661652901 6585691068
1396 -1078279176 -3024867226
1397 5029084662 9577688432
1398 5515247874 -181221145
1399 8516686842 2256671455
1400 3721727686 6537162610
1401 9287626969 2256671455
1402 3688247659 6489468678
1403 7040235911 10000000000
1404 265171426 4331076678
1405 9039661231 10000000000
1406 -1925949793 1669927481
1407 5326913249 3456578038
1408 11218619738 10694141099
1409 10375307750 -1726364928
1410 3723936918 6575711646
1411 8613997201 1566088018
1412 4702314859 2920304200
1413 1583754611 625336025
1414 3692082134 6590951903
1415 4019366932 4157106752
1416 3090248155 -503603065
1417 3975041537 2739204511
1418 8348113220 8037224564
1419 3676671224 6613088054
1420 5360112244 482721178
1421 5739192975 21184088866
1422 10000000000 10000000000
1423 -1199875529 11468313953
1424 1662644471 12035033859
1425 5831393141 9232265190
1426 7699543570 10000000000
1427 10486671184 9161256173
1428 1382971611 -1627476143
1429 4469687434 3664742352
1430 1703899740 3315804140
1431 5284988160 9681861786
1432 -2462450972 1468798223
1433 3715985923 6608357764
1434 9406198200 266788075
1435 2068386204 3167366567
1436 9522683008 9829282609
1437 6349329326 -8889792210
1438 -369825338 3237427535
1439 10000000000 9787383230
1440 13174100437 7330794627
1441 4850436026 9401656935
1442 2417207663 3298136459
1443 4784822365 3218269236
1444 5699913411 3130065879
1445 5624752606 3612433154
1446 3651607575 6607104355
1447 5185344885 -316964963
1448 273689070 -14990377628
1449 7481575189 7758738734
1450 1210108574 2546690239
1451 4766663275 1663953028
1452 3655442923 6582739705
1453 6415716602 1278465431
1454 3264074891 3732498928
1455 3868212172 13018904606
1456 11817930996 8253055905
1457 2608334451 3209647760
1458 8875953752 -8889792210
1459 4289002421 -18442240
1460 1937957423 28296171234
1461 682916692 5150123813
1462 3801547794 -387981024
1463 6004494924 2563295963
1464 1631522616 1015978821
1465 4884073913 2372329954
1466 -592588421 4712927322
1467 2684275433 56751435
1468 3659165204 6583114068
1469 10027151646 1381741045
1470 3718244928 6667314815
1471 3723569391 2356750334
1472 9304023055 11271114642
1473 2990953386 -573545874
1474 -1559014312 854411438
1475 3806630995 6599880850
1476 4783230384 -8889792210
1477 788117599 10940243674
1478 4508667053 -4083968674
1479 5765858087 1321145303
1480 9579613978 11620685771
1481 11329902637 482721178
1482 -161361532 1882956046
1483 6334920908 1840299957
1484 -2066069393 -8889792210
1485 5765741761 3401042638
1486 3701085478 6556893764
1487 3685280493 6582410131
1488 6798962298 449360476
1489 9666576988 1725142992
1490 -578490606 2175077287
1491 5166931680 482721178
1492 43719340 1533620213
1493 10000000000 10000000000
1494 3745570468 6582796744
1495 9002721371 9088447250
1496 4806837148 3377998317
1497 4807688478 3083748052
1498 5533929544 9496354011
1499 10000000000 10000000000
1500 1941728007 3119883598
1501 409153364 2545335744
1502 8165372944 13144133126
1503 14421227017 17117669901
1504 11340993496 11168020600
1505 3678008021 1840855333
1506 9519020995 4641043891
1507 6042932264 2616312645
1508 5411909310 1443299050
1509 3758010291 6680950790
1510 15215182762 7740670931
1511 -1523308651 2184849347
1512 2488020818 12436370288
1513 5968372343 2799778800
1514 8821586092 9451254571
1515 3404721781 10688255566
1516 3734572569 6548254031
1517 10549446973 -524916002
1518 5843531396 1997127139
1519 5849141826 2625097088
1520 -535617106 2191150160
1521 6482924392 1421115660
1522 4211094307 639006725
1523 3555674334 607158606
1524 7846803862 10946729963
1525 8570431573 -5828554248
1526 6699480467 9485061001
1527 8295161705 9494802177
1528 2994255520 10126896075
1529 7496494862 1095715926
1530 8860259082 1327997542
1531 6613316386 9832998939
1532 217843786 2473615578
1533 -321916491 -2320027153
1534 7818789968 11513010909
1535 1005186256 11139298056
1536 1405883187 10754217287
1537 6190712037 10519297791
1538 12287918691 -8889792210
1539 8405592665 -8889792210
1540 6655906767 3097895149
1541 5318150487 9649671691
1542 10000000000 10247456920
1543 6062257536 294174817
1544 9890844511 -5594464513
1545 33627078 3018407588
1546 1808220953 3069833056
1547 5082647260 9758415867
1548 4660785137 434384620
1549 1145441591 2824421448
1550 17140475251 9413129558
1551 10341377518 7644960787
1552 1053806213 -4832138315
1553 6732790655 8594465612
1554 5124574763 10000000000
1555 6825892079 2232079522
1556 4672743580 2762501947
1557 434215099 2185035424
1558 9822836870 11258029145
1559 2428064712 11570130289
1560 2302226312 10336109372
1561 15448034454 13173002659
1562 688402778 5294390475
1563 -4185883653 6685797118
1564 3811967100 -8889792210
1565 3748666007 6578716864
1566 1172779283 4456380759
1567 7737830652 482721178
1568 7081849479 8715207693
1569 -512949697 2199647958
1570 15243373538 7650036329
1571 3739080071 6563594413
1572 10393552495 -317639653
1573 -8061201209 3076836186
1574 8952640677 7809239835
1575 6095273532 16943840047
1576 3996581333 3489771036
1577 6444159425 19101321578
1578 3600869485 6554686363
1579 -338427653 2265074635
1580 -694459477 5493567496
1581 7621817526 9704945309
1582 2380759896 3403740181
1583 5254061327 9677514769
1584 7427830607 -8889792210
1585 8015433237 8508790893
1586 16829478789 1783713956
1587 -183500385 5451631460
1588 3649395371 12150627938
1589 825734171 10957097432
1590 4629405039 -2714431506
1591 13014969324 7987161541
1592 5696045283 2284615431
1593 4451232358 3524669077
1594 3688412712 6602491105
1595 3700764556 6511782298
1596 1021639272 2381573510
1597 10680325443 10813233419
1598 11601427956 11650457532
1599 2120404748 10408781804
1600 10000000000 10247456920
1601 5174367085 -8889792210
1602 4528828293 3500900317
1603 32498183 4297000169
1604 4831436343 482721178
1605 4611241953 10703735103
1606 7880368000 10386490034
1607 7183309016 10608927393
1608 3608705618 6545684276
1609 3697034100 2351102773
1610 9121891838 12069018539
1611 10059624127 8307342128
1612 1694064760 3917037403
1613 5920600834 3194257759
1614 8772000164 9171614255
1615 9913722285 2048182710
1616 10263087746 8515256545
1617 3699846359 6486497324
1618 4917073030 3560425627
1619 3379348353 10640551644
1620 4984272627 10198008423
1621 3660480742 6588546425
1622 6490253189 2095131996
1623 145782551 4193891641
1624 16492992875 11626509848
1625 -3436902901 -8524497460
1626 3751628755 6661337643
1627 9764724908 1885568144
1628 6062239446 16482275026
1629 10873524188 18084962947
1630 6418029425 3770495300
1631 7713075137 -4828478075
1632 -1084773014 -3029236038
1633 12322147626 10601389857
1634 5014609889 10091615424
1635 10367436256 7625667827
1636 3553829089 4116347058
1637 1331879105 700653596
1638 4707064689 635634866
1639 7136155600 -9065804171
1640 5179397566 3684847736
1641 3707794877 6582566024
1642 7651764599 9227395004
1643 30382940 2403338266
1644 -558444083 4132493170
1645 17631263250 345787668
1646 1333368162 2891815200
1647 -2600406273 859000900
1648 3341233200 -8889792210
1649 7303217277 482721178
1650 7915950533 11993245971
1651 478975990 2141886090
1652 4797537836 1485150004
1653 3319304497 4111056272
1654 5441034813 -59288654
1655 8429088255 8028940703
1656 5778640492 1227193383
1657 3731124922 6571017282
1658 9435478584 9752883381
1659 3653138311 6638195422
1660 5132445071 3606401456
1661 1465868534 3214198714
1662 6221988893 -38250159
1663 -4832489309 -3888132546
1664 3258694190 3619594952
1665 7549768081 10819676595
1666 3906577116 9747361190
1667 7059679704 2691540017
1668 4105019852 2023354368
1669 5551564659 3067034269
1670 3388287142 19026849866
1671 8921160202 -760538995
1672 919851003 2736791497
1673 4231512019 482721178
1674 8907846221 11626263185
1675 8440993666 8653819949
1676 3711429487 6623609370
1677 3628274693 6616053076
1678 8568704986 12145629854
1679 4730044948 10023658122
1680 3787743737 -799183049
1681 -2114044689 -365578803
1682 3624703776 2474635109
1683 3732702497 6643996039
1684 60153594 2460787128
1685 4437613888 3904228426
1686 7034134688 8876650726
1687 3751881618 6563945068
1688 3952913101 3472735936
1689 7261882331 9066816007
1690 2164741680 10288359789
1691 7101579941 8271220506
1692 4568760643 3668150867
1693 7555998087 2725471172
1694 5635434098 3458258874
1695 9652201369 9306447651
1696 16930605923 -607734589
1697 6144074921 3193155100
1698 -6546979691 -8889792210
1699 8942288260 297566894
1700 2728899650 -677075072
1701 3807237189 6513564708
1702 6656228057 8894680008
1703 5296935005 3592744104
1704 20564467843 4321214426
1705 123673944 581564198
1706 3757480384 6581939066
1707 19142764854 9568390912
1708 -1414855542 1909021587
1709 8618811904 8773705521
1710 5698632719 3385370894
1711 5135168570 2643945811
1712 6966613554 6567821401
1713 8638269963 1239527315
1714 3619331674 6579930827
1715 10000000000 8697382373
1716 6539510419 10098315612
1717 1170189790 2511717652
1718 5498831076 2033005060
1719 4615139212 3519434393
1720 16945925348 16332736919
1721 9907234331 8564632308
1722 1557229910 -8889792210
1723 3800448994 9643807234
1724 4256923054 14035496132
1725 6696759307 482721178
1726 1666564333 3016727318
1727 5845169826 482721178
1728 13104606114 12967382135
1729 11571832162 15181842272
1730 4323125261 3893803768
1731 7112702175 9626666143
1732 10636248753 5631778692
1733 5181474050 9750390921
1734 2267947278 11198994553
1735 8035117913 9899295188
1736 3241424013 -2770142984
1737 3731016348 6549773583
1738 5749105185 -561838432
1739 8324680505 8779720412
1740 3636209065 6598771149
1741 3691189466 6505594964
1742 5361336910 3507633275
1743 2845639849 2986996317
1744 7654048571 9124623589
1745 10649686816 11849446515
1746 4835568453 3313076249
1747 9239453826 8143966071
1748 3671111311 6558637663
1749 20169276 2478014028
1750 1882823310 12991257004
1751 9874880972 454328875
1752 7175570584 -8889792210
1753 1508681949 -548767221
1754 9840084988 10000579011
1755 3312753811 1476885320
1756 2905531945 4032039622
1757 5143194961 2719955501
1758 823981997 4625163279
1759 4407272334 1864698551
1760 3090585928 3659919844
1761 1024356142 3867228666
1762 6164146416 11714337968
1763 6523414289 1530004637
1764 3593483870 3758343080
1765 740324915 4145992127
1766 9799878408 1774982986
1767 14225348400 8072042089
1768 7306698799 407632412
1769 -148826368 1503756067
1770 -900417697 15119015819
1771 7534339977 9482903266
1772 9270797441 2261396225
1773 -1374100285 3299559904
1774 4156957064 3296043545
1775 4683245730 3306399389
1776 9405758542 8001033715
1777 1908553076 4346197458
1778 4331246428 1688046061
1779 953918600 4135402454
1780 3662179743 6595320476
1781 10177107745 7521107754
1782 4462235094 9695380810
1783 10000000000 10000000000
1784 6149748968 2622827927
1785 13139929862 -741765414
1786 3696969660 6628903624
1787 4378864897 3484629256
1788 -2263918594 4708443433
1789 9911149606 7928625247
1790 9012041393 8431682020
1791 -219017581 1956361300
1792 8656382993 7953712389
1793 7905471669 2066599590
1794 3625117736 6613525069
1795 3665198621 6554015857
1796 8782131432 9818240168
1797 11750497591 11149538210
1798 5980409653 1312757893
1799 6505813041 15856295569
1800 10000000000 9646586852
1801 8631696883 -965915580
1802 7665129004 8896742487
1803 5244803683 9740040822
1804 7227404442 -8889792210
1805 3168492895 -8889792210
1806 8675279205 2403925886
1807 -1264329880 5471216897
1808 0 1486521991
1809 741426313 4975731099
1810 5442667468 9609250382
1811 1210998045 5197742377
1812 5153474587 3728581897
1813 10022242397 9251424871
1814 6929434963 10488300107
1815 13373281638 13202767013
1816 3684140815 6541641839
1817 6341060403 10089306914
1818 7254214043 -8889792210
1819 3680731297 6679950204
1820 2914209575 3484457813
1821 4304848552 3141427278
1822 3676378226 6587969488
1823 -497896144 4133917767
1824 3535053767 6553061980
1825 4079454160 -662205971
1826 9032213604 1227436971
1827 6927739517 482721178
1828 7359965059 7922157359
1829 2011914669 -872199987
1830 -2439707065 798783816
1831 770287307 2284645944
1832 -2815627724 13391285385
1833 13537676076 10583858408
1834 9066155809 -355027202
1835 8859599952 7858602319
1836 5440221578 3144933397
1837 9203622374 9549755664
1838 5265824946 2575214768
1839 23385837655 -2820784908
1840 3653669826 6655213685
1841 2601761877 10670021422
1842 6688028532 4967538866
1843 6655659583 8787663002
1844 -2332407716 14515482443
1845 5456837720 1249794778
1846 5228839781 9728006237
1847 5128260064 3579439219
1848 -143105701 1361148017
1849 7750427205 -704002387
1850 4766026665 1710559654
1851 -3365512509 3228853515
1852 6014666657 1815060922
1853 479234072 1337236634
1854 8684517623 9094971370
1855 8556689576 1637976924
1856 -2697858696 -4233672020
1857 2973287738 415384331
1858 9805284128 10000000000
1859 10217208415 8584614048
1860 7270466433 1303744795
1861 808395231 2194751793
1862 7437929658 955334238
1863 5106690147 -2479908229
1864 334095588 2712038966
1865 8496082446 8929884537
1866 -2022916167 315751077
1867 7971680259 2093133288
1868 892949276 4974341085
1869 5467091952 15675660555
1870 6179888130 10000000000
1871 4969755590 9557782122
1872 12899904699 11072242788
1873 -4409204139 -2376353063
1874 3806620435 -8889792210
1875 -2587660620 -780510639
1876 8652499315 1506894923
1877 -209621750 792011201
1878 8483769132 15337236956
1879 8614003384 9033194304
1880 1742339075 -4180952004
1881 4817025175 2658965219
1882 -930641313 671193193
1883 1813472741 -3143597700
1884 8065920401 -505093960
1885 -3222894323 4613660497
1886 5511611410 482721178
1887 6223885402 1370717088
1888 1122561271 -1253686404
1889 11272564790 482721178
1890 563831321 2603323059
1891 1903281923 3105470521
1892 8461837689 9193331303
1893 4099641796 11106720141
1894 9247502148 11416249075
1895 5424062575 2996460275
1896 -1352257869 3272143469
1897 2773379542 4121030185
1898 10382877874 7614737910
1899 5779894765 -7711307255
1900 8436758519 10947364074
1901 16706747093 -772949926
1902 6520570004 4378524700
1903 11455309790 7761588638
1904 3884127732 482721178
1905 -6521545711 -52918307
1906 680276701 1751289062
1907 13190653204 11150341415
1908 36129769 10403292767
1909 3133126621 3566527759
1910 -2799626301 2981683329
1911 3733546024 6460573207
1912 16583643004 -1172337584
1913 3461257307 -5996539425
1914 3718374213 6541916760
1915 5105060723 3143675006
1916 8804319943 657127494
1917 7916020902 10000000000
1918 5462321756 -8889792210
1919 3772525736 6542427068
1920 10482001489 -1348279071
1921 3814890461 -7369767388
1922 9204847563 482721178
1923 6202520628 15666729114
1924 5477308120 1614709242
1925 9078655854 2256671455
1926 4413938770 15863135879
1927 3715927880 6498651177
1928 2820628706 -3132378068
1929 8160997786 2276062330
1930 3649958643 10117968384
1931 9672936488 9960918705
1932 9177207448 9318402856
1933 -418825322 3604976088
1934 8156566289 12050814689
1935 6412709895 11738902132
1936 10237730495 7729489721
1937 6933028320 14491012655
1938 7638788707 1480282241
1939 180381062 2157847209
1940 5350548068 482721178
1941 22795075394 -1748182563
1942 3180000280 4375834763
1943 5745573246 1222204386
1944 12671881245 482721178
1945 3774171283 6604675342
1946 -1966635725 1654674707
1947 1741172512 -3272306929
1948 6249623302 3425503988
1949 9472199165 7937393677
1950 3712503664 6610725365
1951 -3895538778 -1926334182
1952 7208113070 -5484740068
1953 10970752337 482721178
1954 431500525 10372138156
1955 -450880145 1511356411
1956 12137763973 10756204776
1957 14018683364 9015466156
1958 8493353337 1389135324
1959 4081349267 9885280164
1960 3988892358 3639795269
1961 17849293700 4676448362
1962 4798121050 3277134880
1963 6611011560 14907906866
1964 143156943 2445616182
1965 13042423024 8164720527
1966 7877127101 9203986633
1967 9194309383 1040354151
1968 11322785642 19456252559
1969 834367404 2704744498
1970 17074604275 -408662596
1971 814112340 2355571704
1972 -1476050650 171154968
1973 1649271484 1801265825
1974 3487409638 482721178
1975 14375617499 -7650752970
1976 16848166995 -715557254
1977 4433558627 4003553472
1978 3600409829 6546661289
1979 4738992063 13902605195
1980 3699335112 6527078551
1981 7344923315 10000000000
1982 10000000000 10000000000
1983 1370225089 3436639947
1984 5638890497 2962915001
1985 8615901995 2473679020
1986 4309634166 -3525972386
1987 -2012940536 -8889792210
1988 201021250 2624669995
1989 -4610864029 810881368
1990 3619960471 6532585280
1991 3781607874 6589156683
1992 234794350 147631910
1993 710815248 2658425954
1994 1375458749 2711367153
1995 654918848 361518666
1996 8421951541 700202786
1997 2525299803 12442663166
1998 6507095096 2727267072
1999 6662322119 10567216903
2000 5225265831 2579116878
2001 4436988453 16132124425
2002 2530868872 -520639253
2003 4388124851 4037014819
2004 7577479542 10000000000
2005 9935715534 7677804092
2006 5110001672 15191689455
2007 5334647199 9646585293
2008 15690454977 7865916342
2009 6468015111 2708715220
2010 12043568864 8880660658
2011 3673749723 9695118187
2012 -1584701346 547266921
2013 7844751161 14955624321
2014 10315714355 402557938
2015 18629777709 1699092892
2016 5300718235 9657538541
2017 8681130788 11903210206
2018 4162118291 14595913216
2019 4354056677 2719767265
2020 5579852605 2997537497
2021 8370481083 1870243257
2022 3553826349 3724244139
2023 -98498180 881615345
2024 16982126530 -8889792210
2025 4610932153 482721178
2026 4041573483 13313898186
2027 3625239777 6488605760
2028 7433447668 8118844831
2029 5940030191 1319393201
2030 -3760164066 968631696
2031 12329411957 12288239578
2032 17197027719 -8889792210
2033 -565693451 -2680018697
2034 1730029389 10922024434
2035 12082214372 9073868620
2036 3098400904 2498918985
2037 10304437363 9192712873
2038 224016165 5450248943
2039 -3870658445 4426937269
2040 1789371692 3062766645
2041 8080895122 8918757919
2042 8696965720 8786135475
2043 5130175595 3336788213
2044 3827674583 6689052982
2045 -1279230937 -8889792210
2046 3609673899 6573183044
2047 1691448078 -1924273786
2048 3642544195 -4995406679
2049 -1974191733 -243054539
2050 11861274322 -2757609902
2051 8729585078 7365234197
2052 8172105589 -1064639093
2053 3753441265 6547666038
2054 -13027338 733657435
2055 13375120796 11337176540
2056 5869067434 660095255
2057 1566751071 -680235680
2058 3700898082 6677837112
2059 2589302539 -441945445
2060 5422555348 9689571460
2061 3732987217 6629917208
2062 10860128039 1657770266
2063 830278644 2703211660
2064 3745820783 6519413880
2065 3667300311 -8889792210
2066 2663637082 10615591178
2067 8229844914 10000000000
2068 851392244 2614279436
2069 10000000000 8993628707
2070 1930593787 3115709483
2071 8841761072 7865134614
2072 4674772964 987445933
2073 11960652729 482721178
2074 3767021065 6580730353
2075 4693959014 9876226070
2076 4850882255 49586047
2077 2100853281 3179538170
2078 5887259145 10517772541
2079 10177398871 -320208113
2080 5330667820 3523164213
2081 16458186031 -1244105711
2082 4564991261 2275368735
2083 10083845078 1281984034
2084 5806940637 303805494
2085 3709679440 6485208233
2086 3620544106 6619377600
2087 3687198876 6612849177
2088 4143547652 10590352703
2089 6771807320 11348932134
2090 9638356255 9060674952
2091 -6843859314 3743971114
2092 6209762062 2827681378
2093 3164585769 15866301501
2094 524141460 882561439
2095 5577318419 3171791493
2096 3622465164 6592141036
2097 2268343654 3271337445
2098 -10203374874 -5519011041
2099 1924622484 -8889792210
2100 2814405894 10356782805
2101 10850704051 10992753203
2102 12710142527 8398623699
EOF