NAME : 2272
COMMENT : tspgen
TYPE : TSP
DIMENSION : 2272
EDGE_WEIGHT_TYPE : EUC_2D
NODE_COORD_SECTION
1 14783515005 6016287485
2 6195712413 2002681654
3 8869566076 7740590397
4 13201192654 9638559902
5 8076835448 73236996
6 5297118565 5648189962
7 13645232400 3236834566
8 5662224478 10324272321
9 9845244083 46920944
10 4297245009 -8715040281
11 10453786751 6294275559
12 2512694098 286780786
13 7219579916 723530960
14 4888513680 2044549749
15 4195122777 5541777015
16 5282665315 9904641890
17 1574070591 7470390568
18 5270948741 401299467
19 4988661834 2513000403
20 4589374560 8438092595
21 15270153092 30534729770
22 4432618718 8572123610
23 7451957716 1342408539
24 2979043047 4265983180
25 11800418254 14904763857
26 813222865 -6455135055
27 3760111480 8555776204
28 6643520700 149664667
29 6046560660 880646565
30 995664200 -20255634018
31 -5241388843 1649272576
32 9741719901 6523170591
33 7284781864 7560350361
34 4402187499 8571807858
35 8116773492 9565669401
36 11617580352 -7076221196
37 6311497177 7762073387
38 4050786191 -7195461084
39 6720832150 8191508253
40 2421573966 -4613402447
41 3561193745 9203197358
42 13787350258 28609085672
43 10000000000 6440146039
44 1753221394 2979969056
45 -2204656634 -3944154492
46 7282597650 7652708491
47 1813241939 6081162416
48 2302327791 41908200
49 6081191979 7520459335
50 4062380573 8447051857
51 8167008104 -3456016704
52 498743713 10271152647
53 6195094939 4899488065
54 8216254136 7182821799
55 11268478466 9572364125
56 11071097603 5581912500
57 5182946528 7339503885
58 -2362836578 6138693520
59 9671015238 4156017636
60 2827654625 3979925480
61 1596059385 2915828978
62 6638826591 11876056065
63 12655779349 -1935986328
64 5015609829 6763724140
65 702224288 1666128441
66 7934826286 16752311250
67 10205902122 -26031610310
68 -3182820140 8451776043
69 3080883931 454562453
70 31543278547 -5155239547
71 3225680655 6178863757
72 8420403124 479934540
73 4900693201 3597486137
74 2981416104 4741332224
75 7887696438 4600193987
76 -6788103478 11836708864
77 7258344058 278470978
78 9402319623 7709465497
79 7168084288 1024177904
80 2007953186 -5035539119
81 12354292328 3957046203
82 9858566098 192056295
83 1115094758 2310507993
84 9233817207 6531151140
85 11209071404 12900136998
86 12693583189 -8205120991
87 6626352957 -1839622008
88 -3725957303 -2768258000
89 5268505167 -415021589
90 810498352 -980846928
91 626297391 2102582861
92 1903662167 3137797038
93 9566721859 19467187499
94 -5181271440 3381564102
95 -3973883856 2963995702
96 8634956037 -505980228
97 5376435386 7703234814
98 -8411349503 -18220557369
99 13125657394 3929311367
100 -1126833466 22459585023
101 2138178335 27327479881
102 6550901320 1460521100
103 7803432219 4640728337
104 5554476831 6967880485
105 6212114738 8216985841
106 6490163548 7949512952
107 -677730107 8818930361
108 5133971715 9205848654
109 4567535248 11451078846
110 12825013609 13776684310
111 7456658348 5487853860
112 4743500222 9015119767
113 11395516773 6463225004
114 761947870 -2492887882
115 4741206805 8999000643
116 7318899784 14200048450
117 12488725379 19903851607
118 5109385324 8115790960
119 7995756327 -3276346085
120 335417278 11066827109
121 12038967187 4720686673
122 3477682876 19293361783
123 5766974719 12116844515
124 9452144955 -4804331670
125 1851058881 7507160541
126 8934885852 -4261643793
127 6482242956 7941203429
128 7121836368 191143482
129 8660562857 2473487749
130 7215728566 1351938215
131 530658242 -21116989353
132 5352233898 6629214450
133 4428639788 10300539666
134 5292453689 9870156596
135 7242882860 240165346
136 5510055403 10614189126
137 11034260434 9735648213
138 1408573067 7897664229
139 5430511723 6837828222
140 7888774508 -3164104975
141 1861944666 8518505124
142 4193621861 8231560766
143 -1869857752 -1441771733
144 1254643036 2281131144
145 53951840 9637319193
146 3528974905 5153051945
147 -208856159 1182811769
148 5720547554 280469456
149 1742777166 -157314394
150 8600081044 -3910379775
151 2430874855 12479631482
152 -4369436916 11059224613
153 6166382662 7609833202
154 4505916800 8464920226
155 9151491324 7547340902
156 6958573310 652001900
157 531157299 1697897000
158 5429841269 -584289073
159 5350173879 9313825129
160 4579169803 8990380564
161 7623100691 5376423879
162 7329060104 193716543
163 13633438167 3299105476
164 9503093548 8465812047
165 9100685197 9787413054
166 6118780568 8264990814
167 2689165265 3961871305
168 6638970076 -2719954500
169 1971410305 -9794951338
170 5112191591 9213776309
171 6013327386 7449262334
172 -1053415097 -11788195646
173 10861796501 23172010850
174 6599729444 -13087656420
175 5317079755 7437693316
176 7586527863 -2846999700
177 8008053951 8673134704
178 10438480019 6299195932
179 -651884971 452174721
180 -4633797948 8696919366
181 10324662350 8935698997
182 11216526154 6340466329
183 -368111475 9772992124
184 8894588000 6795482501
185 -650747612 5795225279
186 13518408365 4112039683
187 6544296233 21676515537
188 9904055740 9588453234
189 4118312991 9876304382
190 7077543000 90978006
191 9214595604 20700508811
192 9793641904 3563054681
193 4842756006 -9503693524
194 5911732402 9233725142
195 3960989142 956772723
196 5535698386 9004449447
197 1213644772 11171976
198 8295645056 9843650418
199 10979873319 12659684421
200 4152925087 562195231
201 9790330962 4238393034
202 4899525542 -27902700
203 4837268055 6737471665
204 20437755 -1620559647
205 8666426113 -546493902
206 1266378913 2469220771
207 16866307416 149343224
208 -977221024 167640659
209 90916645 4219964332
210 3399245562 1546131961
211 2227171748 3477192162
212 8213613627 7882093697
213 3304645397 6256226652
214 6896118131 -2122649003
215 4528234302 1784097034
216 6587870422 -15192640991
217 4701063999 -7630588315
218 -64118003 -9446892436
219 165071273 2368586193
220 11086616158 -7187339069
221 -275673899 1014662365
222 8058086811 13702023981
223 12599010884 -3484254579
224 11662033351 3890169471
225 40539059 9641630753
226 1466513412 -561137404
227 5740561041 13190248149
228 9490366452 3195092172
229 6950210208 205628842
230 4808276960 1558783499
231 2904168659 5359849308
232 9984988738 7950884830
233 175892523 9598121165
234 3013245060 4834693505
235 9226386785 18510290310
236 1547615961 6613516369
237 6235504342 153527572
238 -6320869991 17551293014
239 5138648244 10106434381
240 7367647963 16427442139
241 7862759854 98080500
242 4107288024 5449629244
243 312730942 -6133713998
244 2087437957 11615917759
245 10306939477 7523115278
246 -3680933172 4238971734
247 4772103229 9078074262
248 4783281630 454669417
249 8517078233 10075956799
250 4717331855 5617134438
251 4798658539 1447268698
252 3912848421 3233865042
253 7017111075 3833029754
254 7444428015 12715889892
255 -3929505015 -17149222075
256 -6144141291 9587917767
257 7181205231 562317638
258 9945622401 5500103799
259 5854130248 -10791332458
260 12432790894 4806609111
261 6037011777 789896394
262 4338489807 593731226
263 -1622770256 -561796529
264 351273952 6323801951
265 3969074280 4793935937
266 7903431891 9432178106
267 7232877985 13530693293
268 1377932372 1216544639
269 3906938311 -6223871063
270 5220664856 10203183527
271 5492126465 13390450362
272 6550747985 8140611100
273 22052231845 -18023846543
274 1710516 875447979
275 6736560998 -1955247943
276 8994729302 6763291919
277 2681838332 12649387375
278 6045724442 2925468983
279 4762532524 10856025893
280 8561704472 14307972956
281 6759998236 -13678631669
282 7005436319 457010991
283 9309678778 791660757
284 3774911436 -7430469119
285 4122222018 -7866031564
286 7153383718 16156469181
287 5692964188 14137429684
288 5548988848 7633775052
289 1966420350 1120512756
290 7344242723 5039303484
291 6126725785 494289565
292 1775911521 -5316171918
293 8219292455 16729887134
294 5682460562 18592101377
295 3612129496 13472305341
296 4083615890 15568174372
297 2695951409 4169134225
298 8465058072 -3768718991
299 -756161667 10419876449
300 4823915897 6201446252
301 5557561981 6971117128
302 6925629752 4564787
303 35776593201 4039184669
304 -706810625 112313891
305 7130673057 -2368734792
306 -4773683606 8325447569
307 2453498691 11361759395
308 11452206217 13155210648
309 -1857319904 6380898886
310 690605992 -1418750659
311 7435799622 5391897647
312 9754134244 7897896120
313 12177581478 -26537952996
314 5054413719 6336424407
315 4091073780 8007712707
316 5840047216 256942519
317 7119743911 8516130738
318 12531250618 3765966871
319 13107794060 7774623936
320 8100574175 13650877094
321 4807420282 8072627391
322 12891704261 -8412981817
323 12512076836 5632634905
324 4229910996 674630506
325 595363295 4487854796
326 4360826781 7402199491
327 8957426996 98080500
328 17910975793 4091043481
329 7212281973 8707090118
330 5540861787 -700767427
331 22448542908 8362055391
332 2345999335 2455469236
333 9640727976 401428171
334 5785190967 -957107979
335 1895274406 3123645440
336 13379413240 15177050811
337 -3129208824 -5788230536
338 3784121788 -8659367375
339 -899396001 171559998
340 8333941747 -137245644
341 10927405747 7191460903
342 1068320221 -1194848787
343 12438323503 -7261991319
344 1706375263 2930822603
345 4597003361 289491656
346 7760505884 405571332
347 9830631243 -2920477897
348 -451560305 378177611
349 3392636044 8593844525
350 3454963331 8091155329
351 10000000000 8733292384
352 609328050 4473203526
353 12603106316 13864138702
354 695371464 12048373929
355 1691127958 10435782352
356 4699777934 8952816912
357 -13016718212 -5789709924
358 1407036758 -574087508
359 7315868658 11629644835
360 -1150663175 10024544624
361 1209117246 2766363174
362 -6825861406 498878695
363 7412705093 4735897690
364 4714556387 166159651
365 3673155989 9029655533
366 6239845840 8282958861
367 10474859668 20790003305
368 8795425187 17081172315
369 7950306349 19427794310
370 9040351404 9684243661
371 7255051986 949215379
372 -3712222365 -6184879110
373 5062631322 1942591436
374 5853193628 -1028453692
375 4407201098 13612245585
376 3141409184 5587078033
377 -7289088076 -8996778255
378 9379755705 6996070314
379 9071669122 1538146209
380 -6712777683 -6774131393
381 2050818235 253562608
382 6208576427 7889065289
383 16298527460 3510923336
384 6255594641 1069432775
385 11881577907 13371799356
386 8996178043 6762826219
387 8461853789 -3765357184
388 -2004308761 -1472013613
389 1364873777 9215921231
390 -5434737478 20380894529
391 7519300187 8150826723
392 1798761431 3231006574
393 10717086177 18655906678
394 11496960502 7401611460
395 4403166156 25662525299
396 7750606439 9271848347
397 4447860730 8782071824
398 7106281666 12234042207
399 7699173529 -2965183096
400 1698323891 2922375878
401 5203699075 11985491461
402 4235837188 18993002690
403 6118064508 2358631727
404 5272870165 10118257445
405 7274615158 701810474
406 8259042082 5325482557
407 2429630777 2467356980
408 995136110 2184658922
409 8232155249 8097927547
410 9585798962 2513526822
411 9716573439 7627843160
412 1980137172 11414297246
413 4821626825 53825565
414 -7300720892 8051431790
415 5625802284 -789883651
416 4137200919 5219078978
417 7086529497 574060793
418 -109172458 9689755761
419 5550071166 10236840992
420 6299305083 810186721
421 9733732882 8001031649
422 6273704789 1097028454
423 9856181519 21958909656
424 1946120715 3182340461
425 4220385334 8269697855
426 7085161384 98080500
427 -5163974498 1887919839
428 1497922109 3574405099
429 10865317023 -6286976142
430 124640290 4981718833
431 8216948399 8755635406
432 9083528329 -28239841560
433 4474345649 8755103578
434 12817780297 28084264047
435 4700952163 8828809899
436 2287576600 2711119491
437 4376654833 870088670
438 7255073181 984379758
439 995647394 9334609645
440 7459101486 -2713308963
441 5820421433 7428698935
442 6542978229 8004921033
443 7984051981 5417236322
444 4411663704 483942724
445 4411160464 8384085896
446 3520076147 10735916045
447 7841966083 8196644322
448 5685189463 1377456381
449 3921009594 13797825009
450 12955778059 17238799285
451 7028929573 444555755
452 9844990307 2584548369
453 4500183557 8466763186
454 12405185560 1121647379
455 12115333175 -26382221835
456 8002746999 746546969
457 -5337619751 8282166294
458 9886146939 3970368236
459 11877721165 -16638635813
460 7838542976 105563452
461 6989989716 657970719
462 6433794234 11275769217
463 3440151455 -5792112956
464 1594767083 9142021659
465 4839179924 9126891394
466 7792714034 2639850
467 5268524681 10299977846
468 5970538388 862920230
469 8584254608 9139719618
470 18350050993 11639421281
471 1755825557 3062831448
472 2845466537 3293006490
473 10115208665 7089208724
474 6093767521 18987800290
475 8027098944 9089011739
476 4444482710 1367362919
477 12623990092 5596660210
478 6791722499 3311047907
479 -7648078995 -11674258198
480 687207772 6698407151
481 -1048005335 41191518
482 1600984777 27657789682
483 9638810852 6241613597
484 832538041 -9557262548
485 7293417612 7726801301
486 7036005228 512878888
487 4648073097 10945647168
488 591124103 2992194624
489 12001738975 12839731035
490 6104487993 741334205
491 4226617947 8278579129
492 5225547215 1949489381
493 11665909108 18126230982
494 4732858385 146957916
495 904867881 -6106069590
496 -6484646590 24850406204
497 9650211557 8078187266
498 4965791968 2267321339
499 -5401990843 -9669738740
500 7813617901 2027337924
501 9277943428 7082256813
502 8240901734 14798038338
503 8698146640 -1328943053
504 5661092445 360961124
505 6029630691 919859971
506 28078949632 4755157126
507 1711087415 12060070410
508 3992976576 15182165437
509 9719728838 7396472577
510 -1830542218 -779770878
511 -314685462 21491799272
512 953580080 3135487035
513 7506085846 -160330494
514 5238920441 9746863835
515 3088243159 8920633695
516 4669592845 9065976000
517 13998094612 20761322174
518 -1462407180 -393559021
519 4717034083 11129709148
520 3849669789 6994545452
521 6970527367 972956581
522 -3705310564 -2975876699
523 8693726397 7244068215
524 13786861189 -9352145207
525 6913566748 -2140955404
526 -4270962645 11027569900
527 8308732285 9857380279
528 11347629540 6619825479
529 -492717967 561437322
530 3703558330 18118137342
531 8436046497 1806057299
532 2609209194 3877989089
533 5749826606 7172822671
534 5946861569 7379532794
535 8893319010 10470672420
536 7468029213 98080500
537 6532413509 -1741064439
538 11318844661 19224713462
539 13340094054 -8883414726
540 5905337065 7335969280
541 5430547662 9381605740
542 12530881066 15392226182
543 8572497860 -647504212
544 -3846957508 -3446725423
545 6854519236 4690667276
546 -4185064722 4204875231
547 7166774189 413183972
548 7680596748 16333951392
549 7623100691 2812100053
550 8496054635 9886917549
551 -998673253 92945992
552 7729819158 9148165475
553 -5508577952 -9832011296
554 6776803836 8250228360
555 557851984 -1558210260
556 1290734502 24547338593
557 8629619916 10194024704
558 13397585457 21234679351
559 13135107378 -8668350779
560 2965646758 19913004830
561 14748795815 10702274084
562 12513842856 -8016544513
563 8541414239 3099153572
564 8033202151 941852280
565 -1243178503 6540715634
566 3993567488 12487366857
567 7335173123 -2583288207
568 6423388148 8310238447
569 8579942556 10141907998
570 11184240275 1791036863
571 5908518008 -12515666349
572 3801599521 2603631903
573 3709504941 7668350753
574 10469916848 8966844984
575 16933567368 5773351005
576 9456120668 6614976923
577 3014452662 4303131540
578 3272198776 -4326374643
579 8227062478 340921566
580 204786068 1350894145
581 3531466319 6921921462
582 7947870478 -3226106139
583 6663455865 2049538909
584 5162025901 95811313
585 2211425646 7406432509
586 7890238010 -15691087675
587 2682975761 24034421536
588 -3201020920 22383066537
589 13694981868 2586870806
590 6367915710 -1076085398
591 6870347835 -2095611823
592 -4408954127 4036364556
593 5488347916 8003019285
594 5803129796 17124695424
595 26477532267 29060853074
596 11373659447 12284589582
597 3858618929 5188749558
598 5791946723 -6425945722
599 1765966023 2964061593
600 13198302261 3820751190
601 6003765442 110610830
602 4406914659 8496744623
603 9448599854 -4800612290
604 14295926554 -9886236536
605 6147035288 3878179283
606 5478116506 3334268806
607 15057252857 13723611096
608 5881488021 -11052499316
609 4958189150 8155255477
610 1533575669 1964295613
611 1133458518 6536440120
612 6105951858 385454545
613 6468963830 11202704921
614 241973044 187602110
615 2223968944 3456587822
616 4456737510 10569727398
617 -5740257403 18285076583
618 4900844436 9239330219
619 13931253361 29223028794
620 6065241716 -1250926194
621 774610523 -6232482726
622 7148707893 7799244251
623 -3456758633 -5493251689
624 3193021831 -7049181374
625 22664431715 12762143666
626 -962956615 190401663
627 2286451279 11094531305
628 3654026874 13124234079
629 -2021632599 3298839144
630 4416640088 478721697
631 1122978427 2787815214
632 9306843226 7531344879
633 3008098393 -1520569524
634 6293860130 23382959770
635 6896856853 8376176434
636 7092039846 523898747
637 -2911996083 -13517625527
638 8437314125 15910343035
639 5218299644 9691693693
640 2382025228 3413990927
641 8436315003 3868243396
642 -1308432041 235875411
643 8408439853 6015433624
644 -5702617866 23814549911
645 3318720307 -3645013567
646 4210548016 5577908948
647 3723958644 652790702
648 8002746999 961667304
649 1512153750 10010293784
650 16924996765 11268582363
651 4900289685 1790672407
652 565725800 4747818538
653 5102443252 2385805251
654 -8157531298 19473477828
655 20465303000 12189868942
656 4009375074 7956522997
657 10789589642 6186331180
658 9438288208 -4789793717
659 5705429988 245488472
660 -81233163 1238235824
661 6335729184 7392617271
662 13457982667 -9007098815
663 4963637147 6101419373
664 8245956154 -265587423
665 -644886471 -399811642
666 12921385558 4744077806
667 7119607689 846005137
668 -3060155976 3699020487
669 5632649411 17079523459
670 7231202626 7608155724
671 5592059884 -2207264331
672 3322782953 13806382464
673 10682374348 4288636727
674 6146723464 8091403959
675 4692033561 189789713
676 4543917879 8730721340
677 7475485428 -16094569809
678 7187465054 579999665
679 1151423659 9898756232
680 1850586368 6675708417
681 7667709880 9184881254
682 4201277114 12240844138
683 7283658457 6184828868
684 2259356975 6559646932
685 349238614 4746079117
686 9280426090 4847380525
687 2756227819 3297980471
688 5697104297 -864690915
689 -1543369339 -285799524
690 8620422452 -3931721179
691 458195351 9764690897
692 -7097334250 4762859515
693 10614905773 11889898098
694 671016648 2815689777
695 5438760187 10668651196
696 -764594734 678766059
697 9327365927 -8941348595
698 565725800 4232394833
699 11709797765 5650497442
700 8834824591 7594116610
701 10314085487 20354636707
702 5450915936 7841310353
703 302213273 2316768568
704 -823346529 343022671
705 219243170 9584186029
706 4553003203 8449784226
707 10555796387 7488772402
708 -5440282867 8778845010
709 8232836534 4111842447
710 13159790652 2963072276
711 8019745913 6992112300
712 6570989410 11236172170
713 8438139109 9966549959
714 -3518347508 3629758169
715 8086535225 467422523
716 13026289247 2224677937
717 9192147203 594496175
718 6134094496 527048047
719 6599272596 -1811210359
720 2439510191 9817598348
721 5140215675 9743895417
722 5368636654 6792690700
723 -634296303 3727789386
724 4436217125 10256687472
725 8936937859 14842668479
726 12169049232 3593494451
727 3167677183 -6714588366
728 11913195853 5166488175
729 1786529552 3019594659
730 5774852350 7199077274
731 517470823 4569576510
732 13307604101 2475386387
733 4484208501 8337956181
734 -423785425 3673657680
735 4888318252 11017987184
736 9301501329 -9141788978
737 13440786906 -2408905444
738 6419797984 8927049345
739 2926944214 12513892419
740 10089752428 19319363573
741 12117111388 6105270491
742 6315667323 625984499
743 281219710 2099543561
744 6224813735 -1418342871
745 7116657316 233768157
746 9206106615 8138143615
747 3990582019 7900252705
748 15040918470 13446647047
749 3461534036 1872942685
750 13357871587 3213915757
751 1296589801 1683467462
752 2419605359 3703390633
753 1948239381 5963857844
754 2041825954 7829239952
755 4708520924 8957550029
756 6065977904 8738190492
757 8567592778 9949915334
758 9817289773 6498878535
759 4883829141 9746755939
760 5244813056 9953254744
761 11010260302 -1012644504
762 4691451990 8779833336
763 5164133840 9567848456
764 6175710410 256139399
765 2421131625 5360600642
766 7354345613 -2603403228
767 10556125903 6818790554
768 5090657293 9569007584
769 407940275 6938465433
770 12835459281 9321076873
771 6888075303 -2114210784
772 7388751092 380559408
773 8146631564 17613569503
774 10267965528 6974647734
775 5724232656 2812100053
776 9777038744 4082707737
777 8933486061 9674536977
778 783327898 544719618
779 13406860981 3798070194
780 5157327688 -298378557
781 4201903144 5548890324
782 8104252922 7049536981
783 7083964666 16234821474
784 8057991510 2353558042
785 -864893378 6019898582
786 -5270048056 3440757055
787 2654662202 3925674010
788 6256281048 354646600
789 12958007874 17595697294
790 9225403270 214903378
791 12144673763 20452791074
792 9022579637 20093789848
793 7289262794 2948954203
794 7455990951 8798834852
795 -2979353711 -5500834131
796 7954281172 13442414263
797 5477525642 9731508689
798 7427081199 635076967
799 7280423260 504431893
800 4772880515 9128726289
801 7360731033 652866914
802 10751757288 9679439473
803 -327470989 746153365
804 9004330960 108623738
805 2943534889 4524639449
806 11954082739 4622239692
807 5530240988 6942454571
808 1105564073 2300509316
809 5078258929 16241422598
810 11722078785 2428277680
811 711335405 -6092223106
812 6654148376 8614028134
813 8032433574 7072623426
814 10328225781 6668430128
815 638392248 2010234630
816 9333012498 -608742205
817 10404396751 11974473670
818 8026292277 -163353884
819 1008109066 8652366634
820 -1389466388 5852440123
821 12513840261 6525941758
822 14397642147 2167864161
823 10649962278 12061653903
824 9238989702 -348016703
825 8994215933 9736742768
826 -6136726977 18216094110
827 8485631226 -3790303534
828 11054886075 12738380587
829 3524156987 5400452821
830 7394203105 98080500
831 5914054536 7411908152
832 3232717221 -5907885149
833 15041154959 3952160502
834 1261715222 2464328075
835 6761797702 8234485368
836 -196597506 942329907
837 14961549190 23482878977
838 10150509394 8667782950
839 1630824709 3260302384
840 7167598455 -2407475466
841 10000000000 -5379119603
842 11811733830 8247360465
843 1521661725 3280681372
844 908010677 2093255302
845 6470284278 11327766358
846 2380737040 3638298089
847 33391717 5077453241
848 10289014347 6347241913
849 4499216028 8667022638
850 8278305017 316306300
851 -5737977374 -5180727738
852 7074750559 12189111392
853 2966777633 754849931
854 8981276816 10562949285
855 -5591693423 -14654940155
856 9337619179 20861510036
857 3762835718 4804586941
858 13210053177 -14518950878
859 11488477277 4776563373
860 -3290660264 -2311586233
861 2046154037 -4998465672
862 4261078064 19949753131
863 6094481426 471184025
864 6181008273 7862401798
865 5257738374 9747892616
866 -3212745392 19451723492
867 4402975840 8596161153
868 11790828918 12058509169
869 7028114127 8513878936
870 8326580508 -3623433785
871 -5250755088 7564236534
872 8747269819 14572397614
873 4447290230 -10479005736
874 3673145228 6837707433
875 3863628299 5194004907
876 5225567919 7834302188
877 -17564661 1122230719
878 7093363780 -189731361
879 2121505751 -7250782417
880 6963305372 98080500
881 3574364331 4890536986
882 729993269 1906496567
883 11171679807 7429707752
884 3224705042 -6106674317
885 5726597546 878967632
886 6804452387 11803945179
887 2013367882 3252889719
888 8591830767 7524106120
889 4978764386 6674955147
890 4069533774 8047944071
891 1121580131 11390901105
892 2129158389 2815058387
893 7134738376 768194035
894 10319070458 6337580328
895 9587374407 -7290134402
896 6987013528 8102164252
897 12943958620 2558162620
898 1093758631 9253090001
899 4009899846 7968395161
900 1505868134 -1043659712
901 7226365350 -2469131377
902 3498464024 5970139570
903 1496810723 2710967653
904 4497767438 -4198110268
905 10938527177 -15187519031
906 8951351417 14464849259
907 7064203738 3089647003
908 4084702902 8089356293
909 10004249995 11955143501
910 13214228235 4536057767
911 4651478982 8883992457
912 9745302838 7268747789
913 3621864233 6149163624
914 7244166536 7360574590
915 3879564060 15320718089
916 1607964858 3435341717
917 6115562572 7556517654
918 -2091067640 10326839150
919 7509643824 -2766335994
920 10491891699 6952590844
921 8741172761 438360541
922 7390382839 12754039197
923 7034197232 435857141
924 3272202674 1679420356
925 9513325756 653105629
926 3468800251 13505681206
927 6957839668 -2187404808
928 8814277483 18124096325
929 4720729773 8787050328
930 4052260341 -5642282104
931 5836603770 7433511328
932 6015931174 17820381960
933 6145675806 2100318202
934 10166439978 7818535130
935 6538733044 -1747694646
936 8830666959 6816030022
937 10680187586 6731575276
938 10051592899 14855914871
939 1763866474 -5309599803
940 14659467531 -10267649410
941 -1579749062 -8934934602
942 3620193545 4988937624
943 -30930351 1542021504
944 837604163 -6509256962
945 2823260629 109204316
946 4306114658 7813459939
947 5370682019 -1480579034
948 -327200171 9759841119
949 7542363253 198035504
950 7912665635 13738130147
951 6146179682 0
952 -5375494278 -5091047886
953 29003402669 4569998083
954 4126125353 2940417049
955 8317872749 9463671804
956 820185422 -7512341465
957 2656825608 4283565432
958 25567390868 5164117015
959 10007068202 -5386535283
960 7818562125 7329011474
961 3705123629 7535466477
962 3878545045 9617253227
963 -6295230173 11717194058
964 5359063169 10165417214
965 6734914251 3697121217
966 7763853478 8336052865
967 8882913022 -4207115947
968 11842784243 5796199802
969 7479313968 2599387271
970 4861366957 9144491761
971 5023144751 9802792052
972 3849953470 5666441781
973 9622543721 908282385
974 2844605853 4107418940
975 6228711733 17662232438
976 8193918922 -3484250475
977 5064208006 6716731539
978 11589544228 5929184494
979 11823977990 5927001837
980 10046115738 -157686031
981 3576595768 3575758015
982 3505877780 34174984
983 6518013727 150895533
984 -3563621073 -6621358724
985 10443602453 11968105947
986 8186678200 9729332877
987 7036098684 1029309876
988 1482146557 10487598750
989 6748160356 5722128029
990 13542479691 2023161593
991 642730819 2387883741
992 5461776852 -617794628
993 8279988829 9827225411
994 4808400023 11449677001
995 9451614895 7451302928
996 10671821113 -8971083140
997 240743206 6483875066
998 6992543233 2558013389
999 9096797802 6251762479
1000 9980352843 166662628
1001 3902132855 8659007545
1002 8938428584 7423052897
1003 2939261579 12956048524
1004 2836091700 15272912976
1005 514734835 1195611853
1006 799621570 2357740230
1007 5015680139 9402967407
1008 -386580021 -169929789
1009 4857226869 9177176587
1010 -985530233 -954023708
1011 6991789880 98080500
1012 -14941280949 -5917148296
1013 4814083850 2241684866
1014 8125518827 7042701022
1015 6922438783 8403014532
1016 565725800 4518949289
1017 12247752260 13992892398
1018 14233729731 9863910316
1019 5682362734 10352968690
1020 -5918264286 11557097658
1021 9694415238 -5058512108
1022 1923077673 3158165920
1023 3612615980 13190633360
1024 4739291310 6442426593
1025 2527180500 3791932475
1026 5329914501 280469456
1027 8434481639 -724417567
1028 6581610696 -1792680190
1029 487247475 2940518284
1030 24133567684 4107243444
1031 3978635821 8530681941
1032 10000000000 7457696781
1033 9954085789 418496003
1034 5318058819 10038620022
1035 18018485236 11553138609
1036 4436969709 8578323632
1037 9397153356 -19385780214
1038 1974719264 7229782987
1039 5774358201 10484059275
1040 6024114057 -1207776675
1041 9382496689 -1054278879
1042 5682621618 7899192279
1043 11029096980 -24031480299
1044 7249851899 -13948825133
1045 9100161579 10687671739
1046 837853976 8052145163
1047 6370481540 7823954106
1048 6316560152 4974396685
1049 -2590911697 7830769018
1050 3727538554 1792915625
1051 -1650809857 6763114993
1052 4387844048 7635600130
1053 -5028603282 4388757764
1054 4596338710 -7824710749
1055 9927669331 11428218126
1056 10118042923 925314200
1057 6941022663 5452959111
1058 -1640714483 10182072404
1059 4027065773 -8323739474
1060 11967993815 -7443861200
1061 8312249895 8674874006
1062 3981397863 7929148385
1063 5934728318 925490813
1064 3245810284 20632336954
1065 13440414286 10361796661
1066 1058797761 -808276509
1067 5784985108 -956892000
1068 6558690497 575260841
1069 6763569394 1959617974
1070 5333936217 -483669269
1071 7476816807 5446340464
1072 7143542804 224782278
1073 775106905 8015348592
1074 4600583352 8637385117
1075 8152296866 1963610462
1076 4899902430 8888095298
1077 2033119241 3273610944
1078 -335590839 9762538313
1079 10465728812 6633374282
1080 5209120642 9183391771
1081 5135514693 9836944009
1082 6625771860 8815991648
1083 -892995241 300768744
1084 5808672762 -981744154
1085 12502193640 4703089176
1086 11270320571 -6711889912
1087 6271970019 8213143
1088 11885921367 12527344105
1089 -703373586 -3682848485
1090 5957826392 7664404235
1091 -1907499736 7113760107
1092 5318754935 7627732586
1093 -3229230579 -2665572418
1094 12796403402 16777430492
1095 6527787866 -1736211397
1096 6956806231 655474304
1097 4305305625 8349618064
1098 606207899 1304376481
1099 19912166742 -1465389174
1100 2752447711 3889975894
1101 503551661 7491643030
1102 10228365612 19449260126
1103 3795852665 -6691275122
1104 5571852300 10195494871
1105 3209430591 1745278352
1106 11432716060 12146813106
1107 8746477180 -16745218923
1108 -885531209 211643738
1109 6088635648 8190714928
1110 10254038252 22106130187
1111 223416448 20806992290
1112 -1811056132 -555202492
1113 -2416822018 25971082557
1114 3251563073 13863659220
1115 -3479553041 -6460130658
1116 11231752548 18637363733
1117 8535063778 -16404961461
1118 4427478275 5785542045
1119 5932251834 7609210302
1120 12381124852 18929424895
1121 -1006824312 12848489217
1122 3821276310 8684999011
1123 5949885092 7481647401
1124 5553665118 -714200178
1125 3552016908 18781453985
1126 -905926510 -77119130
1127 2972690445 6745789594
1128 -3573318008 308151976
1129 5833882843 0
1130 9923266326 924254354
1131 1892304007 3231095594
1132 832308148 -29114792
1133 713002152 1514659482
1134 4628722375 -8469991782
1135 9365376259 957315880
1136 4171076930 8227001548
1137 10361175247 6324045675
1138 3550656684 4865665204
1139 8312051564 9860862547
1140 9542214360 7300210244
1141 9781622415 7024816774
1142 2224331149 11071035203
1143 9450646376 -4802759420
1144 7189488341 1345058325
1145 9106025106 15083612375
1146 6053855035 7491780044
1147 9104979074 101185965
1148 2791760068 4069503899
1149 7889589004 -3164959512
1150 3008641385 -5767641052
1151 7187739207 7824136323
1152 2862083346 5903890601
1153 2895523904 4140503180
1154 6696698382 8118969291
1155 7629507275 7898314407
1156 12474347999 20309002658
1157 6900476749 552925322
1158 4254871110 8842451633
1159 217835232 6418464102
1160 7786993364 295445894
1161 2684180701 -12291334342
1162 9953978484 19696498357
1163 10000000000 7665471581
1164 1985970801 2949873972
1165 -3112084508 -16993294906
1166 125970737 9614168603
1167 4415310567 1678823062
1168 2422893384 2539335092
1169 6933482204 819486387
1170 12037417274 6432843170
1171 2834847123 15115645650
1172 1014597616 6229196649
1173 2500445750 14162649308
1174 3714544219 13070244882
1175 7128606138 2788194369
1176 6084782999 0
1177 10815749945 6674655655
1178 8897239659 6794630121
1179 12436367750 3825514469
1180 2565450497 2675836512
1181 7801376366 39792982
1182 9448508032 7473924547
1183 6887161169 -2113251710
1184 8160229460 -382938286
1185 5950441569 722849139
1186 -487949385 970036827
1187 691886173 36069673298
1188 8011141873 3464679482
1189 4889744085 9559687273
1190 9557888812 -956241294
1191 4243920011 5592970378
1192 2501356182 423702334
1193 3650056021 180501469
1194 6387713949 17420382614
1195 376146087 2003436920
1196 912872558 3032108138
1197 9265545164 8133538013
1198 100450112 7787054460
1199 8167008104 -3456016704
1200 3266531685 -3551349415
1201 9676226593 9754417279
1202 6715751548 5005840060
1203 2872088502 4153776763
1204 3520498260 13399216721
1205 4477293173 8845355876
1206 5024531629 9524455633
1207 11825381665 3533963547
1208 1281173920 -5201912907
1209 161968563 -6814946266
1210 1863583729 3095750598
1211 10071937157 -8041231841
1212 5285390601 4101200080
1213 -2295845078 4546607403
1214 4974077760 1729324592
1215 -3434095820 8087729685
1216 8899855332 -66373048
1217 13490021028 5318273174
1218 4620273638 8896730945
1219 2326626484 7072855026
1220 9141270652 17744444602
1221 7227007866 7894668086
1222 9753831792 7044701403
1223 11708860894 4057141302
1224 9514171720 19385344427
1225 9418267084 -11391687639
1226 -580541444 531609651
1227 8941585659 6498724613
1228 1627304287 -7873364375
1229 9780192698 8789594981
1230 7841041567 20077564
1231 11614455101 -7072942306
1232 4906403289 1113830283
1233 10929336289 11215931874
1234 1618797049 2942920254
1235 -4794649230 3820020642
1236 208998571 1359919063
1237 5691099538 7111211883
1238 9217847996 5138604911
1239 -1028639217 9985319827
1240 429994654 3629095746
1241 246501139 -31267121285
1242 381318779 20240396006
1243 6739260234 7833955463
1244 20188939519 1579304697
1245 17920002970 5928715955
1246 223902593 12499092599
1247 -810775582 5986405241
1248 -1133089391 10018895503
1249 -11027940510 32477081701
1250 6467461389 11068803582
1251 5457397443 -613199925
1252 5849095873 8490426729
1253 9874529641 -215821178
1254 1161694846 22730709952
1255 4115569891 -9342861347
1256 7330622404 257344524
1257 5806330023 8795847188
1258 7458710116 7557053437
1259 9543932137 -2660061845
1260 7060986029 758792711
1261 -12579552089 19957325381
1262 9281415566 3388966296
1263 7928204290 -3205473149
1264 25791079550 4329729240
1265 9311045770 135369313
1266 3598921340 7134260657
1267 2566172947 5432548895
1268 6979713018 1172340109
1269 2960225420 4007842375
1270 3969781784 7890274103
1271 -762941123 330626297
1272 5129500020 -8846760955
1273 7518810914 813880407
1274 9756598481 168163902
1275 218188522 96604118
1276 8942976436 10522768212
1277 11986596752 -17056123580
1278 6001861584 4266313046
1279 7364853523 550378789
1280 4897302923 2954729921
1281 9349834248 18625974831
1282 4373771115 17377644515
1283 51597233 4580343372
1284 5513810337 6925217112
1285 6692038364 55772698
1286 12022494420 24434171419
1287 3939286353 2345516548
1288 4421012958 8555585775
1289 8327072006 9372451275
1290 6072224077 7511051075
1291 7070803171 -12853237589
1292 8829421055 316306300
1293 5037056232 -172194482
1294 2958699332 -5204816805
1295 12442421150 3988021016
1296 4427580808 8569564953
1297 4474833218 9632610036
1298 3935851225 7864245889
1299 2018806167 4016344812
1300 6082561365 0
1301 11733249341 5882990254
1302 9127189894 1388785529
1303 13172054587 2335883961
1304 3708495603 5031254610
1305 4408441848 -7274590292
1306 6317823774 -1515925341
1307 4748033370 131036919
1308 10860102135 6942749047
1309 4258562172 8327684530
1310 7310044205 8585361293
1311 7042115986 460890401
1312 606700908 8471904660
1313 8821926007 9967459920
1314 6648367992 4086768387
1315 6756817223 690297641
1316 4676231018 11972634298
1317 7078547735 831821715
1318 14701647679 3848132636
1319 1573702618 4321215722
1320 1767345831 10124171783
1321 2629828220 6405404643
1322 8259337522 1167693765
1323 8159545341 2331555019
1324 -772520233 330203980
1325 9481366644 -4834989915
1326 5661407907 7404592573
1327 1457794663 -4805222780
1328 7535460654 9046138092
1329 10002618628 7615258878
1330 4652600536 13929221123
1331 12132770410 13869193113
1332 13347609827 -8891299979
1333 8464916267 7465140679
1334 3400094858 739529861
1335 8964418988 1628734717
1336 5323371636 7962324003
1337 -921712211 173686112
1338 -50660649 1087509594
1339 8753710465 6403947034
1340 12268794863 14633815984
1341 10205800048 7982660379
1342 17565326472 2501556071
1343 7516450873 6325109826
1344 8002746999 316306300
1345 5743147376 280469456
1346 -7734886508 5063799260
1347 3618509106 6463713906
1348 14615126706 -10221128763
1349 2907951596 5055590196
1350 6592978570 7585234749
1351 5435187682 9431994363
1352 7172185119 145169981
1353 14079442842 3233503689
1354 13184338341 20895077733
1355 4855777429 9108707882
1356 5089223900 6479781879
1357 11571619931 -7028001333
1358 2422922014 -5808248541
1359 7475267695 3484978454
1360 3252238391 4552593447
1361 6466961114 -1672394363
1362 5688786494 10362122342
1363 2930868748 5362544022
1364 4733459844 1463960083
1365 9199003035 13229988
1366 9557289947 6582455896
1367 8153119396 1361088395
1368 -610199534 500495237
1369 109650611 -6877817990
1370 -6642388410 12081418806
1371 3191025126 8887594266
1372 10779296377 6628332812
1373 2964312777 4619176813
1374 11747983615 3405785383
1375 4178939989 8268902305
1376 8376571971 1499632827
1377 608822572 -6369169857
1378 867579533 2050838837
1379 5549222938 7553430899
1380 -183647765 9692001762
1381 -3662131591 -2569183811
1382 9805794468 22122418492
1383 -8079396833 -20036706709
1384 7081136969 7480460220
1385 -3908217305 14290425543
1386 2746282709 -14576929453
1387 7313880388 -2560948708
1388 3636919744 8744260725
1389 3196891158 -3763247229
1390 12589757151 16284011276
1391 5591466693 1162998668
1392 5876095945 7787248705
1393 9680212400 -5043611050
1394 8868830122 1083097029
1395 5136065908 7243677535
1396 5636621797 7054059078
1397 2552871633 5243532349
1398 -7680740510 13014777780
1399 2646994617 4336628400
1400 11324778020 6014294016
1401 -3702335780 -12432595255
1402 4623867767 -911798293
1403 10523610553 7506518090
1404 3563321457 7660390699
1405 -1104001486 305770579
1406 4396575569 8520763281
1407 6693038847 -1909586216
1408 -929953253 -11710017694
1409 796333811 -7351438853
1410 6994456899 98080500
1411 3226523829 14000590180
1412 1144440666 2341294895
1413 4949642688 7543581699
1414 -422990753 694645627
1415 -1120304780 10014785870
1416 7626215468 3278981333
1417 7727106466 450118515
1418 -3554571501 -10412990894
1419 494910197 2030334553
1420 2584927014 1528877926
1421 -619318609 947764702
1422 6118663594 360283165
1423 998277342 4075200952
1424 9035222801 -4366913368
1425 12710156365 -17375031992
1426 3608987329 14463694378
1427 444692833 19830151037
1428 15420792639 4697623539
1429 3764651624 5208800563
1430 4523470454 10041973364
1431 4156917627 8148214087
1432 5874110229 15166275332
1433 5055902353 2127256416
1434 13141321388 5957929573
1435 4916765143 1580462520
1436 6989211219 98080500
1437 2074966599 -974663804
1438 2893788011 12137148335
1439 601021954 -1186780981
1440 9831710231 990954842
1441 7210756799 983047773
1442 736756581 -6129374248
1443 2300160478 3553764914
1444 4276975141 8369003518
1445 -4509303464 8230045181
1446 7123159547 407392306
1447 2791510720 4138789578
1448 9431212535 6622983683
1449 7069622399 174911334
1450 1946473148 11240757309
1451 6223371123 7193877702
1452 5946052286 -11311135820
1453 8617996920 3698920563
1454 8968222030 566742239
1455 12178900629 2577978542
1456 4427579827 80518072
1457 2372137567 12424587864
1458 8261562078 5161256722
1459 7038720841 434373373
1460 6017261277 4934661204
1461 3965723735 7882957717
1462 4912943359 9513516238
1463 4287995962 8534971229
1464 4279686887 622407602
1465 3142027112 -3649379852
1466 6266721892 21445469247
1467 8409152433 8615941031
1468 5665112708 4519348144
1469 -833299664 -97928986
1470 3285825092 3399710324
1471 3007088373 1054623597
1472 4331854030 8295292972
1473 2938600648 651585466
1474 8129513773 2311583023
1475 -114592962 -1831265683
1476 5651155355 7574529637
1477 4444739180 8589394879
1478 8401311707 9954505701
1479 7473054936 772576260
1480 4476170418 4812752576
1481 3743023676 8630687135
1482 6037446076 -1221764104
1483 6522776264 7983727076
1484 6278695902 7727661446
1485 -3747747256 9044475321
1486 4140802507 8171384244
1487 -632964004 9858129395
1488 8329358880 -3626348743
1489 1904577739 3103794672
1490 5075139881 1264608672
1491 -1848076716 12429782030
1492 9513789771 -4869006982
1493 -5927869825 11560185374
1494 -4527771385 2269318795
1495 3809656660 8457306833
1496 -27329705309 24075597049
1497 5017317424 8449666083
1498 12977975691 -1454708092
1499 12063921767 17552070163
1500 1192350551 4271009622
1501 6357620922 1216886050
1502 1681843618 -938417204
1503 8256390357 9585571897
1504 3793831111 8693821314
1505 1592752132 8465167852
1506 7318943428 8668828092
1507 7844453043 21381972318
1508 -260089035 867797483
1509 8271243108 3278729144
1510 8922110604 328396670
1511 4247688421 5596923831
1512 5321947727 8108124225
1513 6370783291 894635626
1514 8083503517 8046462276
1515 3741573020 5065956253
1516 -480319066 11814775524
1517 4833608383 9280810029
1518 5430110945 9950817814
1519 8601264844 2203769569
1520 9532032576 782401868
1521 3375508133 4883454984
1522 4311131975 8357327381
1523 9649605484 19908750871
1524 -1093916749 -3469757177
1525 7024181416 16446569685
1526 6335937508 7787713831
1527 4703593427 18823607005
1528 -4292777329 4635484623
1529 5010809695 1499382597
1530 9033509864 20072282139
1531 11278162466 12466395931
1532 4091385723 8044047510
1533 4883652335 7139018581
1534 12405794813 10229043133
1535 389175279 -1627258780
1536 5596982284 280469456
1537 2823214737 14835170103
1538 30265897857 -26641301404
1539 4147602680 12594842608
1540 7018569737 794966938
1541 8135622379 15501404141
1542 13680991568 18185465618
1543 12964676123 2923356382
1544 3629743698 5675648606
1545 12393470263 20168814933
1546 12817406843 5008436168
1547 4054070632 8032704747
1548 7231085048 203673401
1549 7271046675 1092349780
1550 6040778511 -1461713519
1551 7278651247 387043886
1552 7190962536 7820633675
1553 5687807777 -854937372
1554 -1374135393 -300952756
1555 3969839626 8556751735
1556 4358943680 5713642143
1557 10089626892 -16492789115
1558 7434186760 7644544908
1559 1107730789 10029898840
1560 5618982559 4178099778
1561 3422491463 19564377739
1562 4059299958 9275640649
1563 4693137158 8778646123
1564 -1069612391 504013094
1565 1335433399 2541666094
1566 3808255069 8373650328
1567 11956649458 -760542056
1568 -861368851 9931550499
1569 -3460396891 -6517000350
1570 892988217 -514517801
1571 6544880354 3129191622
1572 51084426 9638240928
1573 76196749 9630168531
1574 1670249901 -5391269981
1575 9850319870 7749324697
1576 7927545057 6328082492
1577 4198601648 8238656802
1578 -6240018142 -43248573
1579 9137391347 7642773699
1580 5938538383 -14706958366
1581 12898717800 2841797122
1582 9231483612 6687186866
1583 5106793404 9594646338
1584 7407875200 98080500
1585 9475792079 18385999326
1586 4166070326 8213755324
1587 7372574651 16773054360
1588 12000927399 9361061458
1589 2755064019 3693626785
1590 971245415 2865365853
1591 656832813 1829743657
1592 7582908021 537945956
1593 -2235336022 6282528532
1594 2798036993 -2124980886
1595 7809055644 -3080467083
1596 9065741698 -618209066
1597 5647732277 6950671305
1598 8597318226 10160136879
1599 4227790872 14163549204
1600 14083217432 30239393062
1601 5013983261 -1728796884
1602 9802076886 7799883647
1603 -5350740562 4524830693
1604 6575451240 488117955
1605 3506554931 13891173366
1606 3134788915 4770078549
1607 7179643257 691400288
1608 2324131455 4805338383
1609 -2762757879 4224199825
1610 4458767592 8336250063
1611 4151854070 8157894958
1612 -523919508 -15761586835
1613 8074213247 17028850948
1614 -3555421010 -5437270147
1615 4655395773 -7379736360
1616 5233498194 -9718237571
1617 4086165473 5197285111
1618 12083780916 4879734848
1619 6918909983 98080500
1620 3000163389 8948947078
1621 6081739650 7521033898
1622 585504097 567012276
1623 9950767129 1335207282
1624 9362939882 602001521
1625 -308057206 9753687583
1626 -747759942 -50144366
1627 3505051631 809347685
1628 401343072 5140460948
1629 8141459099 -3429211695
1630 7085967018 -13819772647
1631 6088430839 -12267807316
1632 1334599209 9397836287
1633 19739672307 8761337225
1634 771269474 846163656
1635 15209934083 17766905126
1636 9050500766 -17517597882
1637 3897770338 9077043707
1638 6584898156 11696639234
1639 16309341991 11108371792
1640 2128546355 14420951959
1641 6168813027 1312446731
1642 5545147722 9601009353
1643 6005058785 11546019551
1644 11419917201 2257658473
1645 5613469476 3516801281
1646 2680014638 3150510855
1647 6775269337 386921517
1648 5280823271 6680789502
1649 8164088109 3198862357
1650 3803280806 13432390102
1651 13340606870 5366302595
1652 237446484 4863367017
1653 13222210570 4488829470
1654 742586596 3096383941
1655 9253193746 7200824509
1656 9023325200 -2601444720
1657 3040037009 2859942201
1658 12290194468 4334952149
1659 7650822194 17498136335
1660 7148889497 -7902745024
1661 4779967216 1113521992
1662 2356998404 3596459612
1663 11044291674 11598244645
1664 5448399107 -603759225
1665 798571313 9397960067
1666 9669745167 777266385
1667 -6219543900 2079190513
1668 9689374008 376094758
1669 2087836745 -5589540486
1670 11309539792 2180031150
1671 8619760505 6341143996
1672 9557025795 7999236081
1673 7471335529 1492768247
1674 7384355647 12630288698
1675 327525183 6092135307
1676 7455309322 9329560023
1677 8553863036 316306300
1678 8411139838 9992804912
1679 6966350802 6769511294
1680 3114371363 -9785581045
1681 5289373390 677224763
1682 -1280571570 -597448329
1683 8553863036 746546969
1684 11319598064 13016090935
1685 -843615434 866996636
1686 5964410320 317858362
1687 5569714332 949521570
1688 7925485656 3915858690
1689 14983276455 3938394256
1690 4405736658 465147102
1691 7072293930 5397458276
1692 17118624178 5411824629
1693 3729225374 1199930140
1694 2934068338 4218800042
1695 6453707393 7911266662
1696 7359691459 -2609011879
1697 5598001614 383815171
1698 7614091104 -17426997985
1699 -3328759542 -2846832397
1700 12357670816 4345424479
1701 4254925346 9518092707
1702 307652517 1463417290
1703 12402677624 4068190496
1704 4609794057 8824592777
1705 9187599095 -2658229721
1706 3170557451 4466901664
1707 258474275 1522060715
1708 5332175334 -481821820
1709 11951957902 5812686036
1710 8902079670 7585635285
1711 -3884924731 -6271143526
1712 6893583815 8017210252
1713 5562559349 10182252714
1714 644977749 -6405878361
1715 -728153277 8423456946
1716 7696850914 5332482990
1717 7392930044 316684891
1718 7714431094 -171999734
1719 -4106473359 2506821600
1720 4772739965 6147757387
1721 6404808310 271906584
1722 13907906609 3490335899
1723 13861201170 -2803096797
1724 549938480 9477883491
1725 4039063118 8011319522
1726 4558904137 8656575589
1727 3746486619 14717014647
1728 6559747512 -1769742198
1729 -272117007 25851770060
1730 8302222852 8293166479
1731 -951417251 9960496702
1732 4380213144 9519786346
1733 10090443303 8346013952
1734 6270343356 2950733872
1735 7718536592 4948553936
1736 4147809488 8219562716
1737 1262498849 8497684623
1738 12010851462 2202487753
1739 3897927599 12621956225
1740 1312579655 3136326800
1741 14276398377 -9865748342
1742 8570521209 7384454734
1743 6931158820 452353837
1744 7969992775 1505912176
1745 3438766964 -6896015262
1746 6923499837 98080500
1747 4713097327 9280435758
1748 4760446304 7822863464
1749 19606023385 5907501970
1750 4438806537 9615692526
1751 8195798913 6558533222
1752 5961366248 755598383
1753 2173681322 -5056496759
1754 13875851455 5194247364
1755 4396919912 8592005085
1756 10183298469 -2548365926
1757 -1309996108 -233663990
1758 11228499499 6045242902
1759 7530397634 380520066
1760 -2618909 1137910365
1761 2282755531 11582845424
1762 880548970 -6129670790
1763 4952863122 9309310227
1764 5003813645 9795560600
1765 5413402677 713965546
1766 17510982563 18938555203
1767 6221634188 8292487069
1768 7596926639 592467448
1769 13163115896 12285124723
1770 8848378478 -2511578374
1771 -1855417788 -1493849367
1772 -3679415704 3376878732
1773 4850745536 -8829894305
1774 12599797902 14222939197
1775 -410656996 709836067
1776 1639210749 12008544878
1777 7480052793 498295737
1778 491832331 1656641028
1779 -4847100509 821732182
1780 7181631755 733303760
1781 5731518880 0
1782 9794547818 8658254866
1783 7480416338 8138056553
1784 -1517387732 -8355198281
1785 4942903680 6326276784
1786 -4294620188 3044006182
1787 2850856307 4131501987
1788 7425682341 480524905
1789 5384788010 9928934266
1790 10646857273 6374154292
1791 6071138472 542857619
1792 -47941775 1090361975
1793 6832868627 8309046144
1794 6079224166 843568588
1795 12189042504 6864829145
1796 1087484937 -5928842026
1797 8089976490 5830048732
1798 1954680220 -5625535642
1799 8330925443 -389972118
1800 3705122804 5868047395
1801 4716674902 -3971117279
1802 7021588088 370906935
1803 23697740787 4400312080
1804 12258985716 4316317479
1805 4272648525 8408096774
1806 5001567619 9183929505
1807 12021635907 -1399186704
1808 9554232583 -270713550
1809 3998376522 -7765610006
1810 7658712311 1605406314
1811 -152392286 894708463
1812 -463723309 -125031687
1813 3285803681 8857127548
1814 -650784689 457917198
1815 3983025278 8633004545
1816 5851553831 7279545087
1817 -780428267 5519635301
1818 6140024619 7717059977
1819 5061794737 8009478642
1820 -6079914069 -15272323230
1821 -325944225 1468209628
1822 385109544 1544677750
1823 11266668523 5293448697
1824 8101398865 1579146280
1825 11472323337 5901986567
1826 12825851910 14596307530
1827 8975608980 7714004184
1828 13105894613 17434755766
1829 1844637282 3182202995
1830 10952584519 6430269196
1831 3066977548 21713301373
1832 11891259792 5482842935
1833 3531838654 19982373496
1834 3040629790 299937413
1835 6155724265 20856556813
1836 4926536776 280469456
1837 14014127540 15842931980
1838 5013549745 8264981168
1839 5278037700 7747989501
1840 13282939818 10320817405
1841 387494847 6970156909
1842 7750790796 408418892
1843 4152431995 8711935854
1844 4372340911 8242050283
1845 8609738421 14456974705
1846 5655900372 7444625448
1847 7548223642 9059527790
1848 1890842072 3138684876
1849 7774702105 -3044424703
1850 8165041577 -64344743
1851 3583934124 13560181112
1852 943688965 -13561907324
1853 -1328116774 5186269418
1854 7240993866 98080500
1855 7055712085 342166607
1856 3438679669 20176311948
1857 1884481469 -939745388
1858 6721597027 -13132388915
1859 3374739701 11688672547
1860 11052004772 -32714858
1861 8741105163 1353692060
1862 7331804720 838905232
1863 176576953 11045835149
1864 12259140573 3557579195
1865 3030765440 4320245337
1866 9594848306 7808905908
1867 6237272109 993227217
1868 6187248629 -14172528278
1869 7641530540 348239593
1870 9363807819 -4711651826
1871 8493546568 -695028253
1872 14940228573 28945306105
1873 4594828673 11394263939
1874 6664513972 -15851287898
1875 12914738331 3653562964
1876 9211360617 -4551710226
1877 7263105437 98080500
1878 84143781 1228933431
1879 8109115013 9647961045
1880 9291406548 3028113844
1881 11489655845 6057968184
1882 14673067462 10971014993
1883 8164316927 13741708468
1884 4611764610 7258267714
1885 1815442619 3268878609
1886 7644344714 -2907658862
1887 4282042562 8357557424
1888 4833687436 8721910646
1889 8485821077 9625042282
1890 7443481634 552508550
1891 5274703530 7971366914
1892 13868645531 20653876631
1893 13014726705 2513772895
1894 -1974373993 10631176326
1895 11816629636 4390887097
1896 4450346099 22436128737
1897 918889990 103587685
1898 -1027637762 9984997908
1899 5191362472 6830985637
1900 5656658495 7727790860
1901 9028632527 9741170034
1902 7318547869 13856150841
1903 3781837833 1144731221
1904 -3876330876 14036005987
1905 11901035053 4145229114
1906 1547389707 2764030256
1907 5361155703 3261452914
1908 -4339592377 9665415910
1909 12420939565 5661931127
1910 7723695897 429309440
1911 11324235442 13020956025
1912 8999603160 6761725210
1913 5340899855 6128651508
1914 8610955972 -313421836
1915 6110970610 678260624
1916 -6133857355 11547888054
1917 -175353342 956694019
1918 8259317635 9805539183
1919 8629179531 7264539587
1920 183770528 8461657490
1921 -2954861069 20867460623
1922 7290925536 599658457
1923 5461777622 9892634984
1924 4888604266 9398497758
1925 707692212 7917463593
1926 1515386997 3010335161
1927 6095497929 461944364
1928 6093273530 584425707
1929 7436108611 1533054555
1930 -1961130054 -4472924800
1931 7168918468 -2408860371
1932 6983446760 5227142961
1933 14344110769 27722599612
1934 -11719087199 12834550819
1935 -4467359617 -2298048282
1936 6867068577 4060813490
1937 9563696361 3379997024
1938 6955125723 98080500
1939 12901070739 2953536273
1940 8487652117 9731931850
1941 198946646 1163170360
1942 1059574489 31741379268
1943 -773097781 -10023392071
1944 13118179688 21830581447
1945 10345677621 6329027412
1946 2119285376 3364008161
1947 3909526328 20866888132
1948 14591679626 4668643872
1949 506271950 -814688674
1950 1539546293 14988647352
1951 11522376782 6264515038
1952 11963648407 -7439302169
1953 6382431770 1123559868
1954 9118130 1840803762
1955 7148056416 386309931
1956 6321366802 -406220109
1957 4477629659 8831450867
1958 1081942836 285165940
1959 4621659529 8841500694
1960 13231549190 5539841656
1961 12587912291 6015950638
1962 9117793397 -170521640
1963 3892423279 7793937259
1964 12095482008 14516170818
1965 6891046972 8370081265
1966 5114410813 9509413640
1967 7453063285 8959694701
1968 6132459371 584645716
1969 7980319534 433944116
1970 3691317064 2390366298
1971 2663882103 3935346644
1972 3941926224 7814847634
1973 3090127499 342830582
1974 5864172812 7292783708
1975 1020933237 -331410247
1976 8075488770 9612683627
1977 -180230567 1175863540
1978 12807964034 7406486451
1979 4912301468 -11673765362
1980 5567181942 10063812416
1981 12248456564 13887805789
1982 6729534715 335463293
1983 4200404747 8241226161
1984 4943943815 8965234444
1985 8693290437 -719047954
1986 8770491372 9586630503
1987 8800754878 6964977324
1988 3185640001 8889325323
1989 -1077287309 10471689
1990 5116823262 1666197482
1991 8483751045 6927546700
1992 7797905427 5336995364
1993 12705620323 20212919935
1994 4065580016 17903206169
1995 6712991041 17325142765
1996 5193142272 9405418357
1997 13956774118 4819348718
1998 10226463278 668006477
1999 -1365674998 6545298933
2000 10293845400 8704206214
2001 8802181540 96948620
2002 2318700880 -4226471765
2003 4042321673 5381472800
2004 7013457441 175898966
2005 2304476313 3558292673
2006 3955308192 16254685328
2007 3422109109 590958737
2008 -6726731150 11816980630
2009 7323802404 178447040
2010 7313526352 646053427
2011 6524358806 8733726891
2012 4499337959 8437153584
2013 106562699 8024629058
2014 6632759699 4014680185
2015 2939164619 4224146570
2016 11746768338 -23992407059
2017 8729613255 -166658417
2018 -194214829 -16468863512
2019 7056053817 545355471
2020 6707421888 -1924676337
2021 190904594 4056677229
2022 9195806356 -1153396680
2023 1537663705 11037916562
2024 5626159839 8121282429
2025 3788361376 5408965029
2026 -6663215297 4643595720
2027 6412503101 -1615259162
2028 754143986 -6258892288
2029 4169618484 13688688765
2030 1062012796 7541004489
2031 1827059899 -5191862965
2032 6888552228 8367464021
2033 9446723589 3748223583
2034 3777649858 8492710641
2035 4598716175 7306246442
2036 4265286920 8344372642
2037 -3804238710 3511625720
2038 3902434709 5634223735
2039 -1837919506 27315820578
2040 6342867498 7794984110
2041 3124788633 8908886093
2042 7443699499 -2697149806
2043 10571359888 6256481485
2044 7144369789 458100424
2045 14219851398 -9806421480
2046 -8106131983 30936195367
2047 7235828234 16126983732
2048 2777792299 4392816204
2049 2868077924 9244224054
2050 2123643914 7087516752
2051 -3645194457 10826415711
2052 12217041539 5434481017
2053 1713590637 -5133917776
2054 11573661760 -7030143539
2055 2392012537 13027348563
2056 5067290785 -203915385
2057 1082669797 22786868085
2058 4904934063 6804919042
2059 9173235875 10377831847
2060 685430845 -4329224
2061 -253880430 -17229132345
2062 10580960873 19538168149
2063 6823656154 8116244223
2064 5367416341 -518795297
2065 6437732149 -1641728485
2066 1607210806 2978035539
2067 473254104 1928749067
2068 11021513173 12703368950
2069 3927175167 2540057895
2070 5646508677 11682525731
2071 1864620451 3156220381
2072 7112906818 240712471
2073 2096534380 3340140005
2074 -438557980 3795719369
2075 5068169445 9209987550
2076 8895850169 6795076775
2077 3350539330 1597232621
2078 4435507218 458927048
2079 4303858596 597047596
2080 7308588561 214846759
2081 4902375717 9241512245
2082 -4062832236 -2043378005
2083 7250617457 -320635372
2084 12283380683 7373661915
2085 5415734894 -569489220
2086 7089407695 4331156425
2087 13039662496 20792528328
2088 5480671183 577604966
2089 -237528248 4069004664
2090 6170131289 550669048
2091 6968554598 281615473
2092 12539584876 14516688225
2093 -9311403075 -11774906425
2094 11827611389 7845036473
2095 3945320259 8645124884
2096 7695953256 132757600
2097 8491560793 14109211660
2098 4251171559 8313567237
2099 -5187519536 9478015620
2100 11806478117 13526878635
2101 9670129772 -150308866
2102 -6537182819 4657907236
2103 5875483931 7466628802
2104 8555098648 14617774898
2105 8943237895 6779843914
2106 17711353667 -13469568137
2107 -2487507037 20279377129
2108 6176969429 8523423144
2109 6354731906 -12552747983
2110 8442744253 9611260966
2111 2465962969 11571996347
2112 8602038123 -271783834
2113 6059106633 499653238
2114 4026788482 -1601887008
2115 12056846829 12279678006
2116 9043309711 6747675669
2117 -1870434219 7074872427
2118 7107559630 98080500
2119 -6092308492 745265735
2120 13391466630 2987069575
2121 6215141527 10737373718
2122 6235549516 7682396410
2123 -2506339359 3045297495
2124 6472706436 11331217855
2125 7863729674 96526536
2126 -6169898474 18724610780
2127 11314220822 21911790348
2128 8923228096 8255265170
2129 5938176622 355737381
2130 -7535452933 21024464159
2131 9353439272 2601986026
2132 3356684499 469031429
2133 4367244421 -14189785235
2134 13008388813 20644355308
2135 5121010032 2074028825
2136 8361356092 18275519260
2137 3914579332 7833934125
2138 -5561864757 10198675306
2139 3291560028 4593845924
2140 16881113009 32588134789
2141 4960032547 9515017063
2142 7088654623 486893657
2143 -3780696990 9079044884
2144 8926753671 6796538308
2145 -6239503471 290576001
2146 5149030063 9313478857
2147 6301954301 -1499275715
2148 11203821015 1582578038
2149 4672206310 4669221976
2150 -3334468232 -5798765471
2151 4176238012 5521964937
2152 4361949071 5925698899
2153 -2074362588 -4926842280
2154 -518182259 5656142933
2155 3573388285 5271253121
2156 6268069607 1130096845
2157 -1158609211 -159269396
2158 6307320868 0
2159 -4026265805 2647377708
2160 6503040583 2170202098
2161 2428765810 11868650055
2162 7673969221 8354311539
2163 6470222154 -1675815718
2164 7870187389 1402059509
2165 10938376765 12616150230
2166 7318312248 765264199
2167 1853520247 3085192961
2168 4885006670 3615554771
2169 -10788102453 -15397746045
2170 4118884088 8008510235
2171 2905071848 14814450971
2172 7233703390 512553544
2173 10615754526 6561952719
2174 9230080506 207809362
2175 2121426717 2439805464
2176 -10362011772 14260805534
2177 1890396034 3123879489
2178 8218203476 3036750836
2179 6721063222 7840901800
2180 11214910132 20373766215
2181 5470318412 9394253027
2182 6609394021 8528790817
2183 4216791457 16475833165
2184 9482636269 1474101865
2185 9709420427 10703933889
2186 1626577371 2839944784
2187 11843309644 4075837779
2188 7349787022 8232112680
2189 1750179285 3346827513
2190 5387538717 1571011839
2191 5093598963 916763086
2192 10613820160 22276995404
2193 918910174 2978225787
2194 5108284991 5984021247
2195 486043402 7806200573
2196 3967932662 -8774538351
2197 6838153108 397670826
2198 4903774204 2339975794
2199 2117995980 8458871613
2200 6105597057 -11319903385
2201 6168268705 835160934
2202 -16538742225 4204186819
2203 1838973952 -2101073678
2204 3583423925 13285569872
2205 10821755415 1318461912
2206 -88642262 3540117772
2207 8146876378 -699294302
2208 8783506153 17058313653
2209 13744003432 -9307180536
2210 8175463271 -780792102
2211 4954843553 -85940178
2212 -679823110 714908173
2213 5387576005 15172639293
2214 4274854738 627477302
2215 9578098244 20125512648
2216 4379444804 5735149949
2217 5278901157 96297218
2218 9489682885 583448155
2219 421734359 5363508544
2220 12984698763 5480709828
2221 5764002450 8055787261
2222 9882522435 21328517926
2223 3478118475 4442466995
2224 8941332153 6368043345
2225 5011113060 9022928562
2226 9045757690 3242243945
2227 -6128530848 4045287179
2228 2821930757 9810262096
2229 10684322645 6965252502
2230 9763059512 21441249657
2231 9012170568 11309380455
2232 5641930434 17709899951
2233 3073961936 -5347678422
2234 23126280202 12882329544
2235 -1080003644 4602398198
2236 12698579474 14057570647
2237 13347324822 15283492304
2238 5660076731 7716589898
2239 826817777 4163599962
2240 3207436617 -8339283103
2241 11917068871 5353831358
2242 1119828172 26364153823
2243 9651277167 2599847384
2244 5067245449 9476446316
2245 -1518226927 -2379227758
2246 8496836885 -248960142
2247 8278305017 531426634
2248 7192475454 8399356206
2249 182799073 4920700928
2250 1582975200 17583844818
2251 5655316060 13585261264
2252 13135408270 2130202973
2253 8611017084 -19377169829
2254 5475581884 7558366313
2255 8628245008 1507813648
2256 12454101183 13269340502
2257 9505110186 20951079094
2258 -5090540478 14650811988
2259 -7580042133 -17169321408
2260 10853320121 1333919058
2261 7758577051 7316242817
2262 3906722826 5239215538
2263 11636544769 18364961655
2264 7305685969 17622925389
2265 -704558849 350960136
2266 468110184 -6529937465
2267 1269344066 -5640050947
2268 1702626080 -950247371
2269 -6916277874 2242580047
2270 8465614017 9518556964
2271 13474095930 3622112136
2272 -2462081584 -7248846794
EOF