NAME : 2312
COMMENT : tspgen
TYPE : TSP
DIMENSION : 2312
EDGE_WEIGHT_TYPE : EUC_2D
NODE_COORD_SECTION
1 10088203877 9970333583
2 10030704208 10095152394
3 10241750997 10100000000
4 10239253735 10158225145
5 9992290995 10227138769
6 10071936858 10100000000
7 9991306799 9875131380
8 10102973857 10034084640
9 10059809501 9920180302
10 9996214312 10040060693
11 10241750997 10227138769
12 10110369605 10110584577
13 10034015916 10037341001
14 10001618968 10051133837
15 10034527278 9965163224
16 10025171945 10114657876
17 10119229744 9734803932
18 10064141724 9962913756
19 10019288982 10033872221
20 10014149828 10091959716
21 10239253735 9899852025
22 10068126951 9972114216
23 10034318494 10118072054
24 10020076122 10227138769
25 10058178685 10100910978
26 10005321891 10089895057
27 10033925151 10072597915
28 10239253735 10227138769
29 10019758870 10025279565
30 10241750997 10059415580
31 10073289625 10068378033
32 10031653382 9879951119
33 10241750997 9913383775
34 10239253735 9408383191
35 10027309056 10037250368
36 10100000000 10039431000
37 10241750997 10021834474
38 10241750997 9899852025
39 10106979061 10161676612
40 10024994466 9991088937
41 10112281860 10035874290
42 10239253735 9408383191
43 10099891336 10116970042
44 10111371389 9756175743
45 10047241297 9955896095
46 10100000000 9899852025
47 10012267028 10038874900
48 10085782814 9856931224
49 9985428585 10087307709
50 10003073009 10073336778
51 10011032832 10033851264
52 10079771208 9976757650
53 10241750997 9996638509
54 10156079135 9899852025
55 10103719373 10122117942
56 10023978103 10107456656
57 10035243178 9963216243
58 10239253735 10078428577
59 9943713768 9924452925
60 10052978747 10043667709
61 10152717870 10133188665
62 10069720666 10229152901
63 10041070435 10055601787
64 10033032957 10227138769
65 10021783246 9899852025
66 10040453787 10035723433
67 10051413765 10133787893
68 10090988216 10217466653
69 10239253735 9976841119
70 10019530968 10099662760
71 10100000000 10100000000
72 10104436265 10107819526
73 10109032376 10112355739
74 10029036256 9980096769
75 10092562965 9955694355
76 10239253735 9899852025
77 10023398195 10092177846
78 10032920763 10047161365
79 10044423003 10124940464
80 10076319112 9969139750
81 10049867261 10135758335
82 10003422852 10094943701
83 10277183542 10162558200
84 10027416291 10101575722
85 10071881372 10229238975
86 10093783178 10044145257
87 10100977338 10157354221
88 10032544698 10087078391
89 10241750997 10029510630
90 10003220094 10039275931
91 9949181421 10083473378
92 9986546841 10095652218
93 9994115375 10041356062
94 10073040675 9962467344
95 10024038434 10036909121
96 10050283261 10097713626
97 9945740522 10206630272
98 9973493992 10227138769
99 10097612045 10034071030
100 10239253735 10036304928
101 10058651427 9913691083
102 10070186106 10017199587
103 10239253735 9899852025
104 10017838827 10021455259
105 10239253735 9408383191
106 10047474700 10100000000
107 10119853694 10063332432
108 10241750997 10110281838
109 10063078575 10101888874
110 10115533624 9899852025
111 10115403563 10120794291
112 10027808366 10037991824
113 9949178714 10197279665
114 10126381136 9715354797
115 10027384836 10045413461
116 10100000000 9787101705
117 10109505634 10132333923
118 10076829946 9975510080
119 9992029983 10227138769
120 10241750997 10088607850
121 10031923157 9972245468
122 10147409069 10086877409
123 9983894370 10109094180
124 10026943864 9899852025
125 10006046782 10013058915
126 10047267319 10128846929
127 9949187694 10194989478
128 9993679716 9899852025
129 10022325709 10019948688
130 10007885243 10081460291
131 10093964211 10022915438
132 10032282676 10072203899
133 10239253735 10227138769
134 10109954460 10071281492
135 10024781565 10055709220
136 10241750997 10068526011
137 10088942224 10001076830
138 10014882462 10096288956
139 10018703563 10084569263
140 10041670881 10097990329
141 10025234131 9899852025
142 10017324927 10051145412
143 10000000000 10038552594
144 10239253735 10099837800
145 10018183575 10096575758
146 10000515105 10040297479
147 10111776347 9899852025
148 10029506141 9978818854
149 10087630932 10100000000
150 10102165616 10115126713
151 10033162947 9987159743
152 10040659220 9968607273
153 10068123007 10225042987
154 10110979381 10156985728
155 10037747467 10048658606
156 10010512948 10078459081
157 10032562687 10077318793
158 10111453277 10096965251
159 10082109227 10060210484
160 10239253735 9944646125
161 10075737356 10068552683
162 10239253735 9987843037
163 10026420436 10036915167
164 10160551015 10055690265
165 10144949303 10133976776
166 10013408638 10008889772
167 10017784963 10024600166
168 10239253735 9408383191
169 10100000000 10091717051
170 10019463878 10227138769
171 10043407625 9982066882
172 10017109775 9899852025
173 10043021574 10005957303
174 9998449200 10072077584
175 9978771067 10116799438
176 10014644959 10000952617
177 10036193349 10066936278
178 10089721373 9982133314
179 10100000000 10052516990
180 10050438143 10064423975
181 9981108655 10025491647
182 9989447254 10100283964
183 10139501854 10227138769
184 10122117105 10279059265
185 10241750997 10012031849
186 10043455098 10092614747
187 10052504775 9970245007
188 10080846426 10156366681
189 10239253735 10050284692
190 10083756772 9978041969
191 10118031611 10105044969
192 10041179388 10100000000
193 9949174379 10017700888
194 10025842856 10100150722
195 10111252766 10034359843
196 10100000000 10082655865
197 9949181421 9899852025
198 10016672522 9899852025
199 10030422078 9947790069
200 10241750997 9969903074
201 10094675080 10039361874
202 10241750997 9401591564
203 10001994270 10062498820
204 10239253735 10114379291
205 10063585820 10021668487
206 10021978212 9999292031
207 10013501716 10081576059
208 10096336529 10024933378
209 9949181421 10000588154
210 10091057613 10217312088
211 10100000000 10078742372
212 10119355433 10040663025
213 10073072268 9899852025
214 10087788115 10051444206
215 10076567354 10094743180
216 10003042847 10037064525
217 9983524301 10110010061
218 9915418522 9951973229
219 9949225097 10033694377
220 10025398145 10107201264
221 10067031521 10100000000
222 10111288313 10094004458
223 10022592180 10013067227
224 10117632712 9899852025
225 10159544043 10051392225
226 9949201630 9899852025
227 10014834488 10143151491
228 10017820762 10033868494
229 10011815365 9904743486
230 10047945537 9928670536
231 10080340189 10024943938
232 9826807039 9948797299
233 9988518872 10099770302
234 10093467677 10220046150
235 10002791810 10103308452
236 10093828509 10046504038
237 10005276950 10091490705
238 10071671407 10227531080
239 10105238503 10109331018
240 10032544698 10079551007
241 9940151431 9892385429
242 10022209933 9878460410
243 10241750997 10076198346
244 10093206959 9805576256
245 10018229240 10009487844
246 10020653743 10052488776
247 10055668811 9916480162
248 10241750997 9401591564
249 10036777072 10227138769
250 9997253254 10066534746
251 10018822052 9997442957
252 9884764371 10372462786
253 10003755622 10062410005
254 10028668338 9899852025
255 10018527003 10008678038
256 10027957396 10095247827
257 10115209132 9999815928
258 10029719540 10073092531
259 10080589787 9839890283
260 10044374676 10029197045
261 10058696760 10052313462
262 10019653352 10005614787
263 10003443104 9899852025
264 10046043272 9989259749
265 10116154795 10087907698
266 10057274387 9979066055
267 10029584770 10116958439
268 10241750997 10033845913
269 10032774148 10227138769
270 10055749471 10014327299
271 9948887690 10141366935
272 10039142715 9899852025
273 9990172245 10093557113
274 10109769429 10131563020
275 9997988173 10053279399
276 10052213571 10089652442
277 10099983262 10034077049
278 10239253735 10096976025
279 10004994664 10100000000
280 10081427902 9837610923
281 10101277290 9818584061
282 10101077140 9819079409
283 10027815920 10036827844
284 10241750997 10118057403
285 10123577481 10065911209
286 10082352360 9983765827
287 10241750997 10059396712
288 10239253735 10071416984
289 10109076899 10004573419
290 10244353138 10155462158
291 10080818583 9975712825
292 10140124959 10111060006
293 10043538884 10123183698
294 10128034760 9899852025
295 10010172939 10033849082
296 9949175794 10033694252
297 10241750997 9401591564
298 10124351647 10036704778
299 10022139440 10073266396
300 10239253735 10132401111
301 9949121466 10033694114
302 9949185226 10036294302
303 10111411388 10034106057
304 10033182740 9899852025
305 10046564822 10100000000
306 10033613440 10103461603
307 9981713781 10108796348
308 10111646988 9755426215
309 10089237697 10069957750
310 10241750997 9981820886
311 10071592723 10173701896
312 10072699634 10040011720
313 10239253735 9899852025
314 10033115171 9884450757
315 10000619193 10048960295
316 10153923303 10144591835
317 10037481242 10111502596
318 10023363474 10010793951
319 9945889143 9931641464
320 10018600377 9899852025
321 10048607135 9926871236
322 10092294753 9899852025
323 10064483679 10087488539
324 10041621176 10035725248
325 10111783846 10092335841
326 10069039352 10173853736
327 10017559121 10093016940
328 10097756209 10003315727
329 10106610654 10049818598
330 10111308912 10042707130
331 10004362804 10088990045
332 10017554304 10091393891
333 10056381861 10100000000
334 10102667772 10088746669
335 10239253735 10195001782
336 10039737329 10100000000
337 10114599602 10099933987
338 9948659989 9895686486
339 10239253735 9902044644
340 10056117585 10227138769
341 9965143143 9896611822
342 10084961318 10100000000
343 9988306703 10090866048
344 10073939011 10009002438
345 10072935808 9899852025
346 9949181421 10003624188
347 10043017034 9997538545
348 10239253735 10100000000
349 10110804180 10066777180
350 10030367704 10089648606
351 10125579663 10043831008
352 10108989675 10077826843
353 10029728587 9933386970
354 10241750997 10133014706
355 10034334976 9965686215
356 10112675487 9752629081
357 10028456056 10088787543
358 10052364542 10078684130
359 10157388219 10099083695
360 10020801371 10058274189
361 10106712240 9899852025
362 9949168167 10015295650
363 9949209091 10197197049
364 10026682523 10041016022
365 10088889765 9980901221
366 10241750997 10073565838
367 10094292524 10170187689
368 10239253735 10227138769
369 9998082148 10034742543
370 10113334610 9750836510
371 9949222529 10033694370
372 10100000000 10049301992
373 10123536729 10051824690
374 10239253735 9967132083
375 10015225194 10004715986
376 10241750997 9401591564
377 10109893227 10103674709
378 10241750997 9401591564
379 10241750997 10090880130
380 9988495414 10102885124
381 10006339455 10064123848
382 10239253735 10041465732
383 10124295162 9721027873
384 10056184274 10127470128
385 10094864271 10026999456
386 10126306135 10132838044
387 10239253735 10066669020
388 10126340728 10068037135
389 9949213009 10036006116
390 10241750997 10100000000
391 10068213962 10043107459
392 10036681866 10118526226
393 9963089447 9866192801
394 10108648158 10131150045
395 10036258280 10153287811
396 10073899390 9895344826
397 10035147385 10020460789
398 10111486615 10074616988
399 10020176325 10018681802
400 10013983074 10033858753
401 10003501554 10070924271
402 10017109074 10003884499
403 10055147489 10095477285
404 10239253735 10239003752
405 9965060451 9857652424
406 10011143101 10029951016
407 10116447769 10039222541
408 10032641178 10100318030
409 10025624131 10079551007
410 10107231248 9767435391
411 10056822862 9962778609
412 10117961096 10080039053
413 10101607463 10227138769
414 10025624131 10087078391
415 10022486906 10072358005
416 10111691556 10072761578
417 10064746749 10114330426
418 9949181421 10197272301
419 10241750997 9974269600
420 10241750997 10132641252
421 9841154797 9875829250
422 10239253735 9408383191
423 10038988112 10084029124
424 10241750997 10054953169
425 10107314366 10109154344
426 10008536376 10118975025
427 10006299516 10106326879
428 10241750997 10077329033
429 10239253735 10091640429
430 10122165222 10100481299
431 10037772314 9956337931
432 10096771164 9829736239
433 10239253735 9408383191
434 10018269037 10033869632
435 10034011578 10016151738
436 10241750997 10127087514
437 9849019800 9835830397
438 10239253735 10103676994
439 10077887169 9957563322
440 9949209484 10227138769
441 10125588416 10044308685
442 10114096458 10075530765
443 10241750997 10029845422
444 9949125603 10033694124
445 9957834328 9903294839
446 10241750997 9986387991
447 10097730017 10064814542
448 10239253735 9981405695
449 10038506801 9884053045
450 10239253735 10076755685
451 10241750997 9899852025
452 9955130310 9890049199
453 10023012800 10079485468
454 10097177176 10023884207
455 10012690125 9899852025
456 10241750997 10100000000
457 10023820798 10111077294
458 10054777363 10120808993
459 10003634827 10066508268
460 10059429144 9920571744
461 10123521096 10034136795
462 10239253735 10227138769
463 10239253735 10090987058
464 10019903903 10037004487
465 10044498456 9957857226
466 9987901885 10075853927
467 10241750997 10227138769
468 10106163699 10119054212
469 10100000000 10062993839
470 10077176212 9976369195
471 10078569745 10060336295
472 10241750997 9895483788
473 10010724788 10046602152
474 9961495031 9973656209
475 10089325144 10109542075
476 10075495095 9977913719
477 10060409722 10075821303
478 10043495723 10074433874
479 10096214258 9960051683
480 10054206820 10085330828
481 10239253735 10080082789
482 10077810408 9970166699
483 10064307847 10089424538
484 10106993144 10119677295
485 9949164067 10016910809
486 10239253735 9910910972
487 10025328443 10114955651
488 9840810185 9877581836
489 10083438021 10049732908
490 9949177953 9899852025
491 9999828260 9978781828
492 10239253735 10034183194
493 10015082990 10005164897
494 10026416781 9899852025
495 10022082070 10116508652
496 10131866633 9700436281
497 10024240687 10227138769
498 10088672845 9990255011
499 10241750997 9821745217
500 10100050890 9899852025
501 10056305875 10087507294
502 10114172552 10003789988
503 9995749251 10038864342
504 10051418220 10115740447
505 9961664826 9899852025
506 10024983920 9899852025
507 10044768421 10122103598
508 10114500068 10054836754
509 10241750997 10110035880
510 10241750997 9965709042
511 10020733461 10025555431
512 10239253735 9965948995
513 10044276879 9914852864
514 10003810645 10070823033
515 10121115317 10036630005
516 10018071567 10098258516
517 10026003413 9988344977
518 10048803759 9960212954
519 10116249733 9781528871
520 10039159456 10100000000
521 10085593834 9972417429
522 10028829727 10047161365
523 10043707423 10123518590
524 10100000000 10084046775
525 10239253735 10019142309
526 10121080616 10042735675
527 10065026829 10042010001
528 10129996056 10042706534
529 10011937420 10010009349
530 10051937575 10013830910
531 10239253735 10090653011
532 10012780485 10081476453
533 10239253735 9408383191
534 9966003187 9973676073
535 10105221560 10096683710
536 10025237040 9990429225
537 10002921428 10045135842
538 10025010920 10060565612
539 9949185831 10033694277
540 10119204819 10065542506
541 10135793491 10023074821
542 9949181421 10195005000
543 10241750997 10107251357
544 10013504996 9779228883
545 10097719597 10056213786
546 10159032369 10097046874
547 10239253735 10097026403
548 10239253735 10034174173
549 10016581120 10092453506
550 10079615618 9899852025
551 10074682300 10041307550
552 10066509916 9961816177
553 10095424045 9899852025
554 10100000000 10087893638
555 10239253735 9408383191
556 9983739511 10115881907
557 10239253735 10058161732
558 10042106134 10100000000
559 10100426036 10059990668
560 10000000000 10087952649
561 10032810004 10063664595
562 10239253735 10084752930
563 10069788886 9974496137
564 10239253735 9408383191
565 10032539277 9980364305
566 10083604929 9979679782
567 10101190751 9899852025
568 10100877432 9819573667
569 10038931548 10108159949
570 10056816805 9904543977
571 10239253735 9899852025
572 9949181421 10122472015
573 9989909249 10227138769
574 10241750997 9968407143
575 10053503722 10084026610
576 10269904906 10162108996
577 10019142714 10052624475
578 9997591130 9741046239
579 9949181421 10076913725
580 10117407477 10107358335
581 10241750997 9987536333
582 10047537167 9929781152
583 10020002406 10033874032
584 10015311403 10118814248
585 10083464089 9980408345
586 10012104438 10034108757
587 10008763277 10033845503
588 10100000000 10038738938
589 10241750997 9899852025
590 10100000000 10050353598
591 10096506502 10120936404
592 10062710164 10064296964
593 10100000000 10100000000
594 10030875245 10047161365
595 10044294747 10075075939
596 10000215162 10084435786
597 10005324755 10060269871
598 9999049475 10035615665
599 10043356393 10055577093
600 10116304499 10150930911
601 10034667857 10081669750
602 10122229054 10062628740
603 10071142969 10045252917
604 10026743100 9986333302
605 10025817471 10100000000
606 10018723715 10033870786
607 10004969666 10059536233
608 10110205612 9899852025
609 10051202246 10227138769
610 10036896086 9958720946
611 10050920302 9984998497
612 10121350098 10036087457
613 10093772892 10017488603
614 10039520105 10100000000
615 10241750997 10106807007
616 10013692740 10078311980
617 10008992470 10049256913
618 10045042189 10227138769
619 10239253735 9971153498
620 10113780446 10105974993
621 10241750997 10227138769
622 10019724919 10100114908
623 10074371107 9899852025
624 10112112163 10094725270
625 10241750997 10100000000
626 10081683191 10010838822
627 10239253735 9899852025
628 10239253735 9968145805
629 10109838577 9899852025
630 10239253735 10227138769
631 9818736006 9989843955
632 10116872270 10077307383
633 10100653825 10027284635
634 10078124497 10054574439
635 10064353529 10083972514
636 10055260388 10085901377
637 10001500061 10051674696
638 10037807396 9956242519
639 10067981789 9899852025
640 10000000000 10086352960
641 10091403061 9937006971
642 10072772101 9973001178
643 10083715437 10032505507
644 10009933322 10081120343
645 10091707366 9990011262
646 10068998248 10227146912
647 9965487223 10152926568
648 10034203474 9899852025
649 10099605570 10048713666
650 10111899060 10080763538
651 10085858909 9856742896
652 10031074080 10058204922
653 10095639602 9993814675
654 10241750997 10038198615
655 10047746918 10227138769
656 10241750997 10098197179
657 10019062676 9899852025
658 10011256143 10028452080
659 10239253735 9899852025
660 10241750997 9401591564
661 10050488423 9921754830
662 10239253735 10113662510
663 10239253735 10096348724
664 10117414286 10081524613
665 10086438817 9899852025
666 10100225267 10160816616
667 10053976796 9959005892
668 10031661182 10071252099
669 9819727368 10549339313
670 9989935068 9980110453
671 10239253735 10227138769
672 10239253735 10132809607
673 10013944899 10033858656
674 10241750997 10040142515
675 10033542669 10074556249
676 10093831994 10079026079
677 10239253735 10039790917
678 10226396149 10216008908
679 10239253735 9899852025
680 10239253735 9408383191
681 10064667334 9899852025
682 10100011798 10044333864
683 10096390954 10006951872
684 10021018478 10103868437
685 10097015151 10065739668
686 9990577019 10095790837
687 10095570729 10009225719
688 10027908905 10043314870
689 10112831884 10063559686
690 10038709008 10052200857
691 10112695629 10073191190
692 9997137092 10033842785
693 10050289441 9974702358
694 10239253735 10089911137
695 10050445407 9985286074
696 10239253735 9727162646
697 10057296451 9922239929
698 10095325494 9833314117
699 10071069247 10084124950
700 10035021959 10056095920
701 9956853777 10176406341
702 10026019728 10140870118
703 10110581782 10090112194
704 10094766042 9984599132
705 10016483734 9995643064
706 10089114405 9926470788
707 10008022532 10066042967
708 10032416148 10069421840
709 10113115211 10034110382
710 10092199803 10110252375
711 10115770264 10129959910
712 10105471189 10246244666
713 10184943527 10105977877
714 9942679663 9961709330
715 10175084587 10055179167
716 10022794386 10025346047
717 10094562808 10027507116
718 10239253735 10111155571
719 10048157558 9899852025
720 10241750997 10090309153
721 10037255560 10053901520
722 10066663533 10018353321
723 10052712258 10089190545
724 10241750997 10143298234
725 10113527597 10097610826
726 10077792291 9979114934
727 10017032749 10027020641
728 10097294492 10063117410
729 10052240634 10099701138
730 10241750997 10032536061
731 10026400287 10118247187
732 10020112959 9899852025
733 10054161124 9911766445
734 10239253735 10029599456
735 10100000000 10049190207
736 10151940862 10142305189
737 10130794559 9899852025
738 9949121466 10033694114
739 10051860283 10133427549
740 10094687478 10023257968
741 10061207118 10068413121
742 10100000000 10024855795
743 10033263870 10019963803
744 9990072275 10099750069
745 10080169979 10069646703
746 10005070285 10070535164
747 10091303296 9973412099
748 10097325592 10229982175
749 10239253735 9408383191
750 10089094835 9816759709
751 10019584803 10026680746
752 10114564517 10148744210
753 10265190605 10167949208
754 10097595512 9899852025
755 10041878885 9945169581
756 10013043199 10056890419
757 10055695348 10100000000
758 10239253735 10093248223
759 10131575565 10040934073
760 10045044541 10126175473
761 10042030585 10064799918
762 10023975932 10001660292
763 10048248141 9927847566
764 10077391633 9868713188
765 10051029433 10073908089
766 10103061152 9814169192
767 10112602537 10034109080
768 10239253735 10028353712
769 9949185137 10227138769
770 10028787813 10227138769
771 10092916818 10119968039
772 10055729243 10084682350
773 9842578255 9868590005
774 9949171411 10030640347
775 10060036522 9899852025
776 10041132405 9968029861
777 10074064708 9885932279
778 9953037012 9957839060
779 10073623994 10061883292
780 10029084414 9979965795
781 10028452245 10061380123
782 10025810979 10089231923
783 10099439556 10084296070
784 10116629503 10089279482
785 10084281223 9981482367
786 10241750997 10035344219
787 10075042421 10113984472
788 10114957195 10040298496
789 9952321977 9897653569
790 10239253735 10066216962
791 10017737638 10109672562
792 10024174483 10106003961
793 10241750997 10168176271
794 10027290634 9899852025
795 10080499715 10100000000
796 10086125079 10204212827
797 10039611920 10063761639
798 10100005618 10049354758
799 10024132648 10111305993
800 10069746264 10083012160
801 10034968461 10026777469
802 10122690519 10081579988
803 10241750997 9401591564
804 10033661193 9979743350
805 10100000000 10100000000
806 10002926685 10055344629
807 10085582970 9957012192
808 10041052643 9896548643
809 10034116040 10045405455
810 10035570713 9899852025
811 10045176247 10066331308
812 10006246985 10227138769
813 10089798027 10059932010
814 10241750997 10012723825
815 10085189048 10015231647
816 10013701703 10075734069
817 9949181421 10000329240
818 10044417185 10100000000
819 9991412499 9988805430
820 10012880429 10050571752
821 10054072559 9935410699
822 10065224480 9907810894
823 9949181421 10083819171
824 9968270655 9987150934
825 10075004842 10055866018
826 10118455023 10052914421
827 10108068654 10074610367
828 9949181421 10080145808
829 10128202626 10131480363
830 10048872858 10227138769
831 10071983414 9899852025
832 10239253735 9974894430
833 10060640984 9899852025
834 10239253735 10100000000
835 10097218677 10108747031
836 10027730823 10107807703
837 10100000000 10076248089
838 10122459644 9726019803
839 10089809646 10100000000
840 10052319561 10227138769
841 10098538337 9791076886
842 10058444923 9899852025
843 10239253735 10122957978
844 10117241086 9899852025
845 9989983723 9899852025
846 10115558581 9996444293
847 10037884329 9956033290
848 10239253735 9899852025
849 10033182740 9899852025
850 10017787311 10136020719
851 10125354869 10073381791
852 10062020939 10049936832
853 10110453122 10070754845
854 9991290729 10089618972
855 10241750997 10227138769
856 10085306912 10108011914
857 10239253735 9999082264
858 10239253735 10100000000
859 10047441178 9930042205
860 10241750997 10090728454
861 10269264960 10162901779
862 10057438540 10074929887
863 10067093979 9899852025
864 9817872369 10554384223
865 10042067622 10100000000
866 10113333663 10045372073
867 10037267505 9946836207
868 10051828777 9940963819
869 10174350810 10078069944
870 10091144349 10033798669
871 10027133758 9872042532
872 10117689428 9738993019
873 10049749047 10100000000
874 10241750997 10094236021
875 10139571224 9899852025
876 10100212411 9982586053
877 10038918202 9973054585
878 10241750997 9899852025
879 10095534917 9964683898
880 10060580222 10079095496
881 10054521580 10055397575
882 10095253189 10037854372
883 10092838152 9978970457
884 9949212599 10037652924
885 9993299541 9992975389
886 10047303266 9931382802
887 9920481092 10066966328
888 10103328531 10132992150
889 10048965011 10227138769
890 10068370646 10100000000
891 10100000000 10082508048
892 10067688590 10009421309
893 10018182901 10022357890
894 10025482343 10036912786
895 10077931997 10100000000
896 10024343132 9992860324
897 10101497894 10114102765
898 10241750997 9793899005
899 10072828188 10066479214
900 9949197397 10036876002
901 10239253735 10033863597
902 10017458542 10077503870
903 10116543002 10126498198
904 10220674700 10069027812
905 9991037268 10101823659
906 10003309028 10048565092
907 10104939771 10118369723
908 10111415760 9899852025
909 10108780911 10086974733
910 10100000000 10100000000
911 10094406699 10001440406
912 10241750997 9899852025
913 10108047846 10073367677
914 10087674950 9899852025
915 10116217262 10078138507
916 9983187246 10088803182
917 10025343846 10114995276
918 10055139322 10100000000
919 10068784812 9974134085
920 10090442822 9845398205
921 10034140231 10103978849
922 10069877971 9899852025
923 10095698876 10058917306
924 10041366985 10049481281
925 10239253735 10116198115
926 10077735270 9968758916
927 10034761830 10094056297
928 10239253735 9956945282
929 10128885987 10054500822
930 10115939963 10077405564
931 10241750997 10033878342
932 10045314111 10227138769
933 10032485233 10100157888
934 10220371073 10150221366
935 9949185945 10038880570
936 10100539695 9785633933
937 10099433845 9899852025
938 10048139224 9899852025
939 10241750997 10110035726
940 10085885806 9899852025
941 10038903126 10137297228
942 10082953663 9899852025
943 10027134905 10072197899
944 10004477718 10062601030
945 10003313143 10007805478
946 9949180079 10033694262
947 10239253735 9408383191
948 10023285508 10227138769
949 10090148295 9963825324
950 10072495881 9977535904
951 10060801537 10035273070
952 10084721636 9985911453
953 9949181421 9899852025
954 10239253735 10133971473
955 10022517079 10106427283
956 10027156533 9899852025
957 10038395708 10112964085
958 10052529217 10227138769
959 10028824244 10039695265
960 10040755359 9899852025
961 10022952561 9996642162
962 10015728474 10033863183
963 10023846671 10036908634
964 9983699055 10089863799
965 10091813995 9988050973
966 10000000000 10100000000
967 10239253735 9887662548
968 10085079770 9827679195
969 10160619827 10048009759
970 10239253735 9936132388
971 9983600497 9971542577
972 10023760760 10110922848
973 10019085036 10027889917
974 10241750997 9401591564
975 10069286179 10016681519
976 10022188876 10026585074
977 9989838380 10100235965
978 10021001282 10022945292
979 10057289901 10009156360
980 9976261748 10033763004
981 10034966281 10051318394
982 10096145539 10100000000
983 10027939212 9956115277
984 10241750997 10002992247
985 10239253735 10100313307
986 10055930472 10227138769
987 10066475966 9973749563
988 10057456784 9927035107
989 10077901182 10056322320
990 10042915435 9942350548
991 10131748916 10025948067
992 10216165396 10082757071
993 10011499942 9899852025
994 10057535249 10019007067
995 10071662095 10070289452
996 10241750997 10227138769
997 10112672121 9899852025
998 10241750997 10094470182
999 10021070018 10085144750
1000 10095319696 9999850493
1001 10030377389 9899852025
1002 10007010145 9899852025
1003 10081816922 9866746380
1004 9992351999 10092345968
1005 10057514728 10094264923
1006 10239253735 9987654287
1007 10107414759 9766936310
1008 10046138717 9899852025
1009 10023156950 10036906883
1010 10092979453 10093907844
1011 10239253735 10114501542
1012 10104580769 10123425289
1013 10030518415 10052442690
1014 9929847422 9880591625
1015 10020593611 10102775481
1016 10120141317 10079887219
1017 10038236485 9975117719
1018 10038447432 10007932114
1019 10241750997 9401591564
1020 10007322816 10061925744
1021 10095738766 10024460271
1022 9956180175 9954040802
1023 10032544698 10077041879
1024 10062892026 9913583465
1025 10239253735 9899852025
1026 10110989595 10086995723
1027 10086559735 10036891129
1028 10052572703 9939122683
1029 9942297185 9898159917
1030 9964472312 9917623878
1031 10038923700 10227138769
1032 10114739103 9899852025
1033 10104659114 10028234670
1034 10050869583 10035332451
1035 10047777070 10138764695
1036 10110088337 9899852025
1037 10055940326 10056930411
1038 10025398950 10036912574
1039 10061716208 10062557788
1040 10029084414 10084569263
1041 10092218937 9984358212
1042 10123241567 9723893262
1043 10101121992 9982747683
1044 9999166108 10105329436
1045 10037871491 10227138769
1046 10047793941 10078488733
1047 10051219004 10012677022
1048 10007974684 10227138769
1049 10241750997 10100000000
1050 10142069534 10028098634
1051 10080171555 10030574593
1052 10109702236 9760715220
1053 10019473776 9935275745
1054 10100000000 10060690499
1055 10126361395 10155875469
1056 10031306989 10094398132
1057 9990583777 9899852025
1058 10241750997 9899852025
1059 10083929319 9969232061
1060 9949187459 10044556717
1061 10241750997 10033866438
1062 10019906660 10033753468
1063 10093180864 10063686112
1064 10015243279 10087078391
1065 10032440704 10077114014
1066 10023123660 10100317482
1067 10003591291 10053223954
1068 9980786284 9861009934
1069 10093359880 10031733014
1070 9979019914 10099450173
1071 10021549358 10107959582
1072 10035019686 10063586554
1073 10103931111 9812016138
1074 10102022774 10066687263
1075 10029607077 9978544348
1076 10144183896 10101634080
1077 10239253735 9793396137
1078 10241750997 9899852025
1079 10027258029 10108386761
1080 10068228993 9968769872
1081 10239253735 10003557358
1082 10241750997 10168681277
1083 9971177615 10033750099
1084 10005630010 10062298828
1085 10091607158 10029152309
1086 10098607103 10002992247
1087 9949170854 10023863220
1088 10241750997 10073544807
1089 9949170563 10227138769
1090 9941488208 9898474393
1091 10080685394 10084080708
1092 10049323997 10227138769
1093 10239253735 10238801346
1094 10157164322 10099361065
1095 9986254874 9903443957
1096 10239253735 10183663868
1097 10079513450 10065239534
1098 10100000000 10078438318
1099 9987701793 10043877603
1100 10081251569 10000881693
1101 9963000274 9990500997
1102 10144455342 10031842311
1103 10064326488 10067256524
1104 10241750997 10125590301
1105 10092617795 9988452381
1106 10034122442 10082879781
1107 10049151283 10097821888
1108 10082319117 9835187148
1109 10024400562 10047154464
1110 10026492008 9988637143
1111 10089862449 9941586891
1112 10032805749 9969845145
1113 10068506831 10113891239
1114 10239253735 10004522127
1115 10114162429 10055044158
1116 10071868733 10050312671
1117 10032023511 10008136878
1118 10044473606 10084943800
1119 10041714181 10116968116
1120 10241750997 10033865094
1121 10239253735 9408383191
1122 10241750997 9984889614
1123 10103310160 10022628872
1124 10096626232 9796277102
1125 10091412107 10059733084
1126 10083736849 9831331443
1127 10095071484 10057108764
1128 10109752352 9760578923
1129 10050942260 9962671742
1130 10029384104 10047851875
1131 10241750997 10028671021
1132 10099783715 9787689918
1133 10241750997 9401591564
1134 10066686778 9959196902
1135 10021823713 10109538958
1136 10241750997 10112210756
1137 10033873576 10042389569
1138 10037450297 9899852025
1139 10037011799 10047161365
1140 10018955782 10227138769
1141 10239253735 10088121131
1142 10091285152 9810802858
1143 10049827465 9945916851
1144 9988052679 10017848975
1145 10039112105 10100000000
1146 10015827208 10003911526
1147 10239253735 9965435197
1148 10241750997 10032958887
1149 9949140630 10026144248
1150 10056617710 10100000000
1151 10013996904 9899852025
1152 10239253735 10050427345
1153 10088815840 10211124553
1154 10105377054 9899852025
1155 10241750997 10019356109
1156 10019586024 9899852025
1157 10055763260 9907409231
1158 10072713352 10038012344
1159 9989832299 10078619699
1160 9949181421 10080401337
1161 10027335059 9983575806
1162 10029988279 10034182891
1163 10108589558 10031110870
1164 10076011546 10100000000
1165 10100000000 10061882029
1166 10110784776 10256802891
1167 10099740859 10037922699
1168 10241750997 10033694396
1169 10045186511 10227138769
1170 10052576510 10100000000
1171 10077665000 10001986101
1172 10090076024 9922611599
1173 10239253735 10086899412
1174 10032501499 9899852025
1175 10100024693 10049251884
1176 10005775360 10048932672
1177 10030797939 10096191437
1178 10025273662 9990329627
1179 9958339008 9977745201
1180 10036862141 10007545373
1181 10021104406 10102930731
1182 10065908406 10225283946
1183 10012969417 9899852025
1184 10089494997 10100000000
1185 10031379934 10012019662
1186 10052277017 9983834272
1187 10049460695 9924549870
1188 10120331696 10040573059
1189 10060741759 10114877509
1190 9926730527 10175322582
1191 10239253735 10073826847
1192 10149537650 10053457608
1193 10239253735 9899852025
1194 10020457280 10102424776
1195 10053426543 10100000000
1196 10097068173 10049713328
1197 10001215778 10039605823
1198 10012043705 10079309106
1199 10042951057 9899852025
1200 10076927899 10129060274
1201 10082415349 10016490696
1202 10063710615 10073440203
1203 10016195685 10030178517
1204 10105603609 10064575661
1205 10047355396 9899852025
1206 10239253735 10115099406
1207 10111280918 10034105726
1208 10098357290 9899852025
1209 10241750997 10051997142
1210 10031786203 9972617933
1211 10008295053 10099390546
1212 10089036930 10060247271
1213 9949193771 10033694297
1214 10078814731 9982773056
1215 9982397565 10034823585
1216 10054675233 10072948503
1217 10239253735 10037123250
1218 10022586729 9899852025
1219 10065135519 9973461447
1220 10113031025 10083377343
1221 10090523811 9977419112
1222 10005769664 10119368919
1223 10097376112 10027456810
1224 9949181421 10086617964
1225 10032593341 10227138769
1226 10015243279 10017608549
1227 9980398013 10033985333
1228 10097800456 10059256885
1229 10012019939 10050914227
1230 10161749253 10067897793
1231 10239253735 10006034671
1232 10241750997 9971655735
1233 10024763210 10227138769
1234 10003679730 10070773838
1235 10055121321 9958600801
1236 10108593856 10049470936
1237 10130637614 9802260752
1238 10049727867 10089944518
1239 10032919281 10100000000
1240 10055168296 10042973232
1241 10096551420 9977028881
1242 10110878663 10046771396
1243 10024557648 10092349192
1244 10009134655 10064827730
1245 10064510394 9899852025
1246 10029835532 10100231352
1247 10075058926 10058566774
1248 10019109664 10076711696
1249 10100000000 10026891175
1250 10049153484 9786238470
1251 10095078993 9800485018
1252 10239253735 10238799515
1253 10070334606 10230732236
1254 9834679579 9908760114
1255 10059580353 9921779500
1256 10030209968 10227138769
1257 9976007242 9954763110
1258 10122295759 9899852025
1259 10115583128 10036345023
1260 10100000000 10100000000
1261 10108519619 10144132520
1262 10092390066 10076699869
1263 10095806842 10053488675
1264 10096318339 10023923476
1265 10239253735 10043212460
1266 9966878761 9912051195
1267 10029084414 10079551007
1268 10061456294 10002501028
1269 9991614582 10089987486
1270 10100000000 10070514980
1271 10063371293 10062622912
1272 10012878783 9899852025
1273 10044670976 10056310050
1274 10066745611 9955343621
1275 10069464438 10100000000
1276 10039044250 9899852025
1277 10030409366 10100000000
1278 10026512858 10106027914
1279 10070937153 9893672640
1280 10055838287 10087753568
1281 10025838364 9988793847
1282 10062360124 10130684344
1283 9987793419 10038518926
1284 9976643122 10122586661
1285 10239253735 10051997142
1286 10089032321 10033208635
1287 10034583031 10057621002
1288 10096775620 9829725211
1289 10105896988 10025829887
1290 10015059890 10007075728
1291 9949203479 10033694322
1292 10146673498 9838262008
1293 10078484699 10072650356
1294 10090533695 10031205418
1295 10088199358 9850950537
1296 10015584743 10016679896
1297 10070157739 10100000000
1298 10028144022 9982523314
1299 10107540546 10066155165
1300 10042752643 9785424309
1301 10101573626 10053454859
1302 10097985043 10113651389
1303 10026865509 10034744483
1304 10034159517 10151425474
1305 10012653474 10227138769
1306 10015476680 10097528620
1307 10025074452 10104908237
1308 10115366255 10085917339
1309 10061838632 10058799507
1310 10100000000 10036377757
1311 10078537095 9921589475
1312 10114026712 10078126292
1313 10085072957 10056355416
1314 10078007834 9965934933
1315 10035844046 9899852025
1316 10100000000 10100000000
1317 10069532359 9976094953
1318 10053354510 10227138769
1319 10100000000 10050978027
1320 10024367555 10111430490
1321 10123432134 9723374991
1322 10035986390 9980172025
1323 10062886098 9888037751
1324 10052346305 10079524244
1325 10109462725 10132976773
1326 10052651217 10059186707
1327 10095177864 10050178522
1328 10239253735 10020857645
1329 10124538667 10227138769
1330 10065465235 9899852025
1331 10031880962 10075539903
1332 10047989007 10227138769
1333 10111999458 9754467627
1334 10100017731 10052577663
1335 10110076013 10123097228
1336 10104728875 10064559433
1337 10040551254 10079439448
1338 10239253735 10088808603
1339 10241750997 10023018494
1340 10241750997 9871069340
1341 10100051871 10034077223
1342 10054823474 10128524253
1343 10054472228 10014652820
1344 10239253735 9956969700
1345 10020940447 10049104359
1346 10054723094 9933800695
1347 10122816654 10024723772
1348 10241750997 10112549311
1349 10064725517 10059135707
1350 10084880777 9985025307
1351 10239253735 9408383191
1352 10022163847 10084569263
1353 10022858336 10093459194
1354 10098352136 9986528910
1355 10111425639 10034106093
1356 10031195913 10073795678
1357 10239253735 10014238186
1358 9949121466 10197435358
1359 10059780149 10044807576
1360 10095078615 10024540999
1361 10022756173 10019996334
1362 10184610717 9556991935
1363 10118400165 9899852025
1364 10126386568 10106904558
1365 10054151974 10061346598
1366 9989716371 10087032272
1367 10030885369 9975067867
1368 10054931831 10059426453
1369 10094482100 10127643861
1370 10068617022 10226313820
1371 9981199825 10227138769
1372 10239253735 9968361023
1373 10239253735 9408383191
1374 10100000000 10100000000
1375 10110009941 10126510530
1376 10023415397 9899852025
1377 9970365920 10033748039
1378 10089999954 9814298120
1379 10029000670 9954427288
1380 10117434990 9739684996
1381 10088379321 10100000000
1382 10239253735 10129317876
1383 10239253735 10086567286
1384 10108981781 10107673843
1385 9949135339 10195119049
1386 10122026496 10111100556
1387 9949179680 10033694261
1388 10152526146 9644250067
1389 10026764002 10053344913
1390 10007076372 10112806706
1391 10017666644 10026864947
1392 10012720975 10024468280
1393 10126947834 10130085896
1394 10044777822 9993574439
1395 10091265285 9843362698
1396 10035688856 10027461261
1397 10123936047 10086439208
1398 10024230816 10052413127
1399 10241750997 10090229994
1400 10045147295 10132677237
1401 10024275171 10065408264
1402 10121398814 10034131408
1403 10239253735 9985760122
1404 10116234860 10049162311
1405 10123736377 10227138769
1406 10077757269 9979639662
1407 10239253735 10227138769
1408 10100026156 10036881858
1409 10052480753 10051546179
1410 10074047353 10128505562
1411 10022648963 9997467837
1412 10108707380 10029664223
1413 10148224552 9655948808
1414 10241750997 10037645633
1415 10239253735 10227138769
1416 10114028011 10038081252
1417 10022621072 10070399283
1418 10074038012 10051997142
1419 9996887945 10041793588
1420 10018608208 10046050331
1421 10239253735 9899852025
1422 10146730768 9838174242
1423 10110348792 10110994638
1424 10017031412 10033866491
1425 10020584896 9899852025
1426 10241750997 9967272056
1427 10056579834 9899852025
1428 10100000000 10099536934
1429 10052374801 10100000000
1430 10138814848 9681539713
1431 10046277790 9933206191
1432 10118986888 9774754707
1433 10024796648 10007246998
1434 9949179025 10033276380
1435 10029084414 10087078391
1436 10032544698 9899852025
1437 10042012381 10039277783
1438 10239253735 9408383191
1439 10149415800 10013191673
1440 10239253735 10036439610
1441 10051648352 10004066821
1442 10083084718 10092073248
1443 10052494426 10140413569
1444 10017621225 10227138769
1445 10038826230 10100000000
1446 10239253735 10158708158
1447 10086130148 9977225398
1448 10050240368 10227138769
1449 10015819761 10227138769
1450 10061620744 9916729754
1451 10102936664 10123584595
1452 10100353906 10069940454
1453 10037015278 9977625639
1454 10050669302 10062037411
1455 10028280078 10036919887
1456 9851709327 9822152337
1457 10241750997 10031067371
1458 10122711989 10032623848
1459 10241750997 10045910330
1460 10024258258 9993091151
1461 10059758913 10140682325
1462 10111564507 10096507332
1463 10239253735 10009205171
1464 10109062606 10227138769
1465 10239253735 10069562251
1466 10098718774 10063571177
1467 10131525109 10041005706
1468 10063776179 10226234971
1469 10239253735 10081921818
1470 10099770281 10227138769
1471 10047393629 9919291463
1472 10127933095 9933773113
1473 10078443566 10036614068
1474 9989317043 10227138769
1475 10025580794 10227138769
1476 10108686372 10071347797
1477 10075260629 9970243691
1478 10071565800 9899852025
1479 9984093775 10098215124
1480 10241750997 10097862696
1481 10099832698 10118032842
1482 10073190525 9972448212
1483 10062239712 10100000000
1484 10239253735 10100000000
1485 10241750997 10033689423
1486 10033205047 10102199916
1487 9968699529 9979633821
1488 9949188422 10034560710
1489 10069267122 10062336663
1490 10127437089 9712482996
1491 9990518868 10025409388
1492 10239253735 10062170654
1493 10135409954 10131914919
1494 10241750997 10058276600
1495 10241750997 10048819777
1496 10038330052 9954821091
1497 10055369329 10038855615
1498 9937160702 9715151411
1499 10001198329 10070336695
1500 10101411013 10095433151
1501 10049975160 10100000000
1502 10080085885 9841260710
1503 9991043646 10033157386
1504 10085802543 10069221049
1505 10239253735 9408383191
1506 10108661912 10101280905
1507 10076244388 9960128830
1508 10010324105 10087558914
1509 10033862547 9969909215
1510 10091721535 9977850916
1511 10241750997 10074609104
1512 10012273409 10073834685
1513 10241750997 9899852025
1514 10042872367 9899852025
1515 10032646525 10119375749
1516 10054813075 9909993381
1517 9989974885 9899852025
1518 10241750997 9972573121
1519 10053328428 9934916063
1520 10239253735 9816698212
1521 10015983367 10065898230
1522 10122565156 10015631159
1523 10099029753 9997044030
1524 10102818019 9779437737
1525 10239253735 9910017361
1526 9850774558 9826906268
1527 10241750997 10227138769
1528 10239253735 9408383191
1529 10043999196 9939403119
1530 10033182740 10063571469
1531 10100000000 10028795985
1532 10239253735 9995421176
1533 9997604455 10036193354
1534 10016681565 10033865603
1535 10123627690 10085912702
1536 10239253735 9975712730
1537 10031585757 10227138769
1538 10094059934 9899852025
1539 10034188264 10104603792
1540 10116196894 10069451593
1541 10108063211 10090164286
1542 10040871313 10049986800
1543 10019705462 10227138769
1544 10241750997 10069769825
1545 9949198475 10040009345
1546 10089269376 10084497018
1547 10241750997 9401591564
1548 10152898447 9806637916
1549 10055459801 10133054918
1550 9971199926 9905757781
1551 10050273750 9983435084
1552 10239253735 10120219271
1553 10089851723 10078009262
1554 9996691501 9973143287
1555 9998549891 9979978538
1556 10097455224 10100000000
1557 10060336645 9919907760
1558 10090522279 10011189485
1559 10078963733 10071844748
1560 10100000000 10065370637
1561 10019440975 10113383540
1562 10061328664 10226475600
1563 10239253735 10100221426
1564 10045515724 9941190729
1565 10076323329 10192764341
1566 10019062676 10073790389
1567 10098540326 10034073386
1568 10088692762 9899852025
1569 10085180745 10227138769
1570 10142046788 10050588233
1571 10241750997 10034130191
1572 10041220695 10227138769
1573 10239253735 10108849640
1574 10100000000 10053115784
1575 10021836732 10227138769
1576 10241750997 10023781638
1577 10069378386 10015471056
1578 10241750997 9899852025
1579 10020622984 10033041999
1580 10014025441 10060133685
1581 10100000000 10100000000
1582 10097781122 10122097202
1583 10074575267 9955921115
1584 9983512758 10120651621
1585 10124998505 10104630460
1586 10064183703 10033345715
1587 10241750997 9401591564
1588 10016240783 10113840623
1589 10097719286 10070113265
1590 10033664722 10128506432
1591 10116918254 10082110177
1592 10072608072 10054457106
1593 10117445763 10084452123
1594 10007021853 10089523938
1595 10067472341 10223369172
1596 10018153506 10077844063
1597 10241750997 10118326116
1598 10014780029 9935993214
1599 10083254022 10113709130
1600 10059117787 10082537426
1601 10099607461 9980005335
1602 10239253735 10063568086
1603 10083897417 10144483543
1604 10013785797 9899852025
1605 10102926621 10027001451
1606 9979019804 10227138769
1607 10072697334 10062139242
1608 10017917390 10095891008
1609 10004013931 10044801984
1610 10016940988 10033866261
1611 10021458116 9985641944
1612 10078607976 10110237185
1613 10024061896 10015674130
1614 10077985978 9899852025
1615 10133041987 10029373632
1616 10015014533 10088423524
1617 10036711794 10039312004
1618 10106822556 10080510539
1619 10038085207 9899852025
1620 9949197888 10033694308
1621 10040633611 10037062097
1622 10107460317 10069067474
1623 10091554839 10227138769
1624 10014850675 10018676288
1625 10241750997 9401591564
1626 10241750997 9996605507
1627 10034911505 10078741552
1628 10001931055 10052783412
1629 10241750997 10100000000
1630 10041622873 10064718648
1631 10110137749 10074946874
1632 10009693354 10014528410
1633 10024224056 9899852025
1634 10099580873 10063778584
1635 10008897111 10037705005
1636 10018580804 10008531719
1637 10136604687 9899852025
1638 10100511418 10114945440
1639 9970669037 9981035960
1640 10016602654 9999325833
1641 10067541849 9952191893
1642 10106470457 10112319009
1643 9949181421 10001596670
1644 10023433705 10227138769
1645 9949183337 10044142638
1646 10159079644 10131357870
1647 10023620989 10110563292
1648 10239253735 9408383191
1649 9955406876 9899852025
1650 10111982466 10109259363
1651 10112995342 10065778719
1652 10018679805 10025514675
1653 10037126881 9968086329
1654 10239253735 10047515174
1655 10239253735 9408383191
1656 10093255271 10110366348
1657 10096059487 10009238115
1658 10082111569 9835751602
1659 10013816657 10021488433
1660 10065715849 9880341879
1661 10054221667 10090145152
1662 10000496614 10095012719
1663 10022688137 10024891298
1664 10241750997 9401591564
1665 10047401393 10033523671
1666 10241750997 10227138769
1667 10039920814 10024591653
1668 10111539633 10155882257
1669 10060117995 10010083616
1670 10009355385 10040633791
1671 10051935023 10141421272
1672 10239253735 10051232063
1673 10015871728 10016703351
1674 10051310417 10062599552
1675 10239253735 10100000000
1676 10103658137 10237783460
1677 10060521134 10013491740
1678 10093123760 9805802525
1679 10034591114 10056919398
1680 10022163847 10089587518
1681 9950573787 9916099798
1682 10241750997 10007725055
1683 9969800612 9899852025
1684 10006641707 10001632042
1685 10020309924 10097553793
1686 10241750997 10100000000
1687 10049360956 10081540733
1688 10027631978 10000626324
1689 10095350157 10100000000
1690 10119052708 9735285405
1691 10069353051 10228207227
1692 9949181421 9899852025
1693 10017600074 10073554768
1694 10094822919 9801181444
1695 9993655944 10088782586
1696 10046999056 10000000000
1697 10048063742 10100000000
1698 10101319906 9783512047
1699 10017907493 10075926844
1700 10020792321 9899852025
1701 10023971569 10026052051
1702 10024661144 10227138769
1703 10058516509 9974640195
1704 10100000000 10088662996
1705 10241750997 9899852025
1706 10063676844 9899852025
1707 10155204882 10146966395
1708 10062708227 9914038350
1709 10020475592 9985807803
1710 10075858406 10038819699
1711 9971937454 9946067101
1712 10110867496 10075971636
1713 10119489173 10040447867
1714 10239253735 9970986682
1715 10109329126 10075612210
1716 10239253735 9997844571
1717 10099833513 10227138769
1718 10017644748 10033868047
1719 10082866624 9939482141
1720 10101027718 10058640250
1721 10000452466 10057834077
1722 10031132540 10066855755
1723 10100000000 10043835092
1724 10021953610 10098711742
1725 10077738024 10054315314
1726 9949189568 10194984838
1727 10081667315 10057155903
1728 10052636499 9915912860
1729 10016942297 10012987851
1730 10131341063 10027408247
1731 10063036741 9899852025
1732 10048332899 10132709520
1733 10047255263 9952282775
1734 10069586401 10031498520
1735 10021743163 9999931275
1736 10120366950 10102400014
1737 10111716612 9792747859
1738 10239253735 10257298615
1739 10131724230 10052160660
1740 10027992382 10069065936
1741 10041919656 10100000000
1742 10032350248 10009849307
1743 10241750997 10137651506
1744 10143500950 10108942788
1745 10093736984 9804134785
1746 9949175077 10195020702
1747 10133359469 9696376321
1748 10066619960 9962432807
1749 10241750997 9401591564
1750 10075902511 10227934466
1751 10067697467 9963384892
1752 10239253735 9945382474
1753 10096896722 10025412826
1754 10045747822 9899852025
1755 10030875245 10051318394
1756 10011848243 10033853334
1757 10110975583 9899852025
1758 10035896056 10046641574
1759 10099980736 9821792892
1760 10239253735 9899852025
1761 10239253735 10100934124
1762 10025273662 10056505055
1763 10034344028 10051995125
1764 10051256015 10181653312
1765 10057438540 9899852025
1766 10104953984 9992042899
1767 10034208213 10021946447
1768 10190643997 10138057480
1769 10239253735 10066994444
1770 10086725625 10100000000
1771 10094741138 10227138769
1772 10018703563 10087078391
1773 10098717322 10048337337
1774 10014472554 10000231015
1775 10125988517 9716422577
1776 10092526960 9807425601
1777 9949181421 10093965217
1778 9949181421 9999276141
1779 10052328509 10023365750
1780 10023092894 9967616156
1781 10023200541 10069344557
1782 10070160973 9899852025
1783 10239253735 10059720174
1784 10241750997 10078180097
1785 10086616006 9985351177
1786 9949214197 10033969588
1787 10000000000 10100000000
1788 10118331116 10034123621
1789 10023116039 9899852025
1790 10239253735 9408383191
1791 10023200322 9899852025
1792 10097390683 10099914313
1793 10241750997 10227138769
1794 10042027346 9899852025
1795 10239253735 9915365675
1796 10035149001 10047008761
1797 10087996241 9851453230
1798 10020220529 10227138769
1799 10071523676 9899852025
1800 10014934940 9909083338
1801 10094370883 10080708289
1802 10125941522 10094399650
1803 10241750997 10028207922
1804 10023713852 10103082283
1805 10241750997 10033704655
1806 10241750997 9974537780
1807 10077748181 10091552018
1808 10110027730 10080182724
1809 10112059072 9754305500
1810 10100766886 10030733876
1811 10077831371 10186800846
1812 10100000000 10084955675
1813 10239253735 10027040261
1814 10019836424 10058176165
1815 10239253735 10044914644
1816 10061188808 10019570851
1817 10013452502 10033857406
1818 10239253735 9969410574
1819 10093782320 10130967781
1820 10036808584 10049765667
1821 9966835572 9932332743
1822 10047209439 10068348938
1823 10025624131 10082060135
1824 10106249021 10110894142
1825 10219706176 9899852025
1826 10044148806 10029697599
1827 10015326934 10033862164
1828 10025895092 10037488574
1829 10037385067 10051472430
1830 10014008334 10020967143
1831 10001208040 10050129260
1832 10239253735 10102418366
1833 10063650979 10015977747
1834 10014238271 10033996284
1835 10186483894 10059678980
1836 10239253735 9835337063
1837 10096589658 10071800825
1838 10017831877 9899852025
1839 10084426614 9976538601
1840 10241750997 9899852025
1841 10115062063 10045978122
1842 10063910580 9974258430
1843 10018503858 10008740984
1844 10239253735 9408383191
1845 10026687699 10002566851
1846 10063685949 10043784897
1847 10048350132 10227138769
1848 10239253735 10087078391
1849 10239253735 9408383191
1850 10019901430 10004940106
1851 10068677566 10227068775
1852 10101642173 10135254209
1853 10241750997 10033866599
1854 9949181421 10005379083
1855 10113899943 10262992802
1856 10024933105 10100980096
1857 10025624131 10084569263
1858 10074463648 9964912994
1859 10042636842 10124723678
1860 10074197629 9899852025
1861 10133788761 10073684068
1862 10100000000 10063505439
1863 10028891343 9899852025
1864 10055673967 10024534788
1865 9820388581 9981439491
1866 10040599180 9940143269
1867 10022985971 10092931610
1868 10046569757 10100000000
1869 10049342756 10090638502
1870 9957522893 9927709108
1871 10239253735 10090982410
1872 10117715682 10084771493
1873 10095731552 10034812995
1874 10086050316 10227138769
1875 10039370636 9973590471
1876 10030849719 10073525230
1877 10104112164 10166239342
1878 10072467613 9974015909
1879 10076079163 9950769504
1880 9982266414 10105641504
1881 10120544260 10075045401
1882 10022886886 9996820773
1883 10078004282 9981017455
1884 10008027704 10066155745
1885 10041102888 10078265297
1886 10053405495 9937061610
1887 9980415966 9902295848
1888 10032842397 10093626151
1889 10241750997 10078560909
1890 10077443855 10018354416
1891 10241750997 10122318697
1892 10102156973 9781235538
1893 10100000000 9787101705
1894 10072536983 10087830719
1895 10022064463 10025110596
1896 10179655809 10007182578
1897 10034141198 10104510272
1898 9826866712 9948493819
1899 10241750997 9968264752
1900 10069878205 9892960416
1901 10000181328 10035821366
1902 10022164595 10034567240
1903 10094748787 10016025097
1904 10073149249 10013560089
1905 10049466108 10013189002
1906 10054058833 10028642291
1907 10100000000 10097671258
1908 10099756183 9787764795
1909 10137349577 10038142782
1910 10030827583 10079677620
1911 10024117493 10036909321
1912 10241750997 10066501817
1913 10046272041 9954716145
1914 10072663030 10046991033
1915 10197209779 10039923362
1916 10124148188 10049028457
1917 10146840183 10105843921
1918 10033754216 9899852025
1919 10239253735 9408383191
1920 10075226527 10035068702
1921 10239253735 9977985170
1922 10239253735 10087546510
1923 10142489144 10075491676
1924 9964163604 9925716026
1925 10030332109 10109970014
1926 10060095132 9788389934
1927 10020703837 10103059034
1928 10000903528 10060763932
1929 10014420225 10019846951
1930 10239253735 10101588818
1931 10082512843 10051046866
1932 10145255070 10114114593
1933 10039101725 9961816154
1934 10015840607 10044905526
1935 10065631416 10100000000
1936 10241750997 10033870990
1937 10025624131 10089587518
1938 10108650440 10074033779
1939 10018703563 10089587518
1940 10117754105 10070487442
1941 10031061204 10091620921
1942 10014707050 10083906116
1943 10070801531 9894008291
1944 10239253735 10073790389
1945 10047624119 9923627796
1946 10014157810 10033048783
1947 10079705520 10020697533
1948 10063686367 10058973422
1949 10020394430 9985333004
1950 10112298161 10087556906
1951 10239253735 10172925473
1952 9941216173 10218934822
1953 10089795400 10110754778
1954 10080855590 10064604933
1955 9977224364 10121005898
1956 10241750997 10099050125
1957 9944408965 9897338999
1958 10013923152 10033621317
1959 10025738003 10111175093
1960 10027898330 10112409290
1961 10112701648 10086279890
1962 10097571754 10227138769
1963 10004238837 9906980156
1964 10093167861 9838654025
1965 10241750997 9969293840
1966 9949184654 10034236951
1967 10105614390 10116547212
1968 10007124711 10053087484
1969 10075300153 10065239675
1970 10241750997 10227138769
1971 10026725079 10045498723
1972 10044530727 10048079856
1973 10033560844 10227138769
1974 10010930782 10037924929
1975 9989707739 10087055747
1976 10067229281 10078859466
1977 10050001482 9945486178
1978 10047159875 9952518850
1979 10241750997 10073565838
1980 10140208450 10015522407
1981 10019280855 10020897995
1982 10026217774 10091962368
1983 10093745071 10031597810
1984 10239253735 9972493506
1985 10100000000 10085740515
1986 9858113263 10444943918
1987 10046087968 9955171705
1988 10241750997 9899852025
1989 10239253735 9954229783
1990 10059879599 9896214314
1991 10026615636 10104327363
1992 10239253735 10124732864
1993 10189614410 10066497016
1994 10099996499 10033481901
1995 10137161274 9686036821
1996 10239253735 9408383191
1997 10107798167 10071447450
1998 10076622521 10042688091
1999 10031015396 10133564299
2000 10066133692 9899852025
2001 10060835839 10226269809
2002 10212453728 10069740250
2003 10026870822 10002727415
2004 10239253735 9899852025
2005 9954593163 9899852025
2006 9968271023 9948833248
2007 10086838724 9969368439
2008 10204047076 9899852025
2009 10105553818 10066441167
2010 10012801174 10037552944
2011 10091220045 9810979924
2012 10081314037 10115134225
2013 9963702796 10038524942
2014 10082942801 10050613689
2015 10239253735 10096785707
2016 10105826863 10107236438
2017 10100430970 10111029594
2018 10054953145 10057234137
2019 10239253735 10085414017
2020 10054602631 10090087948
2021 10130521649 10062737943
2022 10017904937 10080552456
2023 10017677375 10041982044
2024 10102077755 10096188179
2025 10001898912 10049946963
2026 9995378555 10037910740
2027 10023672001 9994685553
2028 10035194100 9963349715
2029 10239253735 9408383191
2030 10113517242 9750339819
2031 10080503690 9978379943
2032 10239253735 10019741189
2033 10092046803 9841428525
2034 10018206035 10023558058
2035 10081273418 10037609983
2036 10033266268 10060901157
2037 10107682690 10136683988
2038 10111608575 10034106557
2039 10095067029 10062175896
2040 9978940759 10033769805
2041 10074842532 10052893985
2042 10005520997 10052384557
2043 10092073374 10052264237
2044 10030723591 10152961316
2045 10069537149 10096797818
2046 10068596254 10227120743
2047 10130427960 10126003158
2048 9949195549 10037907086
2049 9988456479 10102991523
2050 10002041053 10048332247
2051 10066000611 9879567432
2052 9949181421 10085356897
2053 10092205419 10034057306
2054 10239253735 10069409763
2055 10058129511 10057523194
2056 10057239816 9927572079
2057 10025982002 10116636907
2058 10239253735 10046139966
2059 10066909080 9877096732
2060 10020490857 10102511150
2061 9980872534 10037457281
2062 10118844070 9979979248
2063 10079001977 10053030369
2064 10013018486 10046149719
2065 9949181421 10077445035
2066 10014320530 10005131788
2067 10060512746 9899852025
2068 10003345191 9899852025
2069 10069420746 9899852025
2070 10096422052 10072422609
2071 10119372025 9773801535
2072 9965546077 9980635031
2073 10033400878 10040288519
2074 10053054654 10100000000
2075 10023543241 9899852025
2076 10093595246 10028845702
2077 9999063888 10057768905
2078 10148496678 10110098794
2079 10025837621 9972979878
2080 9992922123 9856195093
2081 9981490815 10035002423
2082 10025603302 10106378425
2083 10241750997 10083260014
2084 10094874747 10050656821
2085 10084170971 10041915040
2086 10019053465 10146574831
2087 10014115423 10066854695
2088 10025845457 10036913708
2089 10023221494 9966962004
2090 10021216470 10097174924
2091 10094361455 10024313139
2092 10015243279 10084569263
2093 10118330822 10042484733
2094 10239253735 10121589318
2095 10019757734 10100625220
2096 10072097404 9972970854
2097 10030514333 9899852025
2098 10063095415 10036979845
2099 10006455439 10056986503
2100 10090449832 10023990468
2101 10112745649 10034109444
2102 10029084414 9899852025
2103 10085042523 10089269895
2104 10029292718 10090924313
2105 10241750997 9899852025
2106 10073571583 10035602986
2107 10055118972 10227138769
2108 10239253735 10099217139
2109 10019895226 10100978914
2110 10027323094 10120086812
2111 10025575019 9973499918
2112 9992929902 10103221828
2113 10239253735 10024023096
2114 10117728139 9899852025
2115 10241750997 9899852025
2116 10082131997 9972584141
2117 10241750997 9990847373
2118 10092194579 10219863726
2119 9949180575 10195007095
2120 10048122574 10089820159
2121 9949181421 10081107950
2122 10239253735 9408383191
2123 10042220613 10082918080
2124 10078484613 10032291499
2125 10104715996 10103584965
2126 10013031930 10047615254
2127 10086233189 10030937688
2128 9971248376 10137258369
2129 10021811367 10069938478
2130 10241750997 10053423861
2131 10110705108 9757987779
2132 10006105278 9777773871
2133 10065667521 10064890742
2134 10121249332 10089478886
2135 10021051153 10103952490
2136 10036379651 10100000000
2137 10111376425 10227138769
2138 10107231156 10116508421
2139 10239253735 10029313707
2140 10241750997 10105000970
2141 10239253735 9408383191
2142 10078591737 10138541804
2143 10062469191 10224927295
2144 10055454822 9987409079
2145 10021803524 9899852025
2146 10241750997 10057023685
2147 9963335330 9947945364
2148 10038118452 10093186325
2149 10101668519 10098334129
2150 10000000000 10100000000
2151 10022957103 9899852025
2152 10108651036 9763574095
2153 10239253735 9408383191
2154 10016489210 9899852025
2155 10093207115 10092543501
2156 10021305467 10018086391
2157 10072186171 9862745004
2158 10047306470 10100000000
2159 10019074428 10095906491
2160 10061926407 10044124141
2161 9987776375 10012326669
2162 10066822314 10105950433
2163 10039807136 10067208053
2164 10110551682 10098135986
2165 10239253735 9408383191
2166 10079299976 10010477325
2167 10039895260 10057158397
2168 10019948668 10016648802
2169 10061196093 9899852025
2170 10239253735 9973034520
2171 10062558871 9969866721
2172 10241750997 9940919532
2173 10020430930 10024100778
2174 10113419255 9999020155
2175 10025526758 10227138769
2176 10047034508 9952829121
2177 10239253735 9877817107
2178 9920481092 9899852025
2179 10241750997 9401591564
2180 10071799416 10227872726
2181 10239253735 9998995546
2182 10003814065 9899852025
2183 10020744087 10058903663
2184 10123359103 10115419367
2185 10122771208 10227138769
2186 10241750997 10037939375
2187 10030363889 10072788125
2188 10019292018 10018944899
2189 10092491448 10055315635
2190 10064707713 9883083635
2191 10239253735 9408383191
2192 10001412899 10038207087
2193 9949182913 10035382623
2194 10019421530 10035133085
2195 10107811001 10020099193
2196 10239253735 10098133641
2197 10088684800 10108452993
2198 10239253735 10030711156
2199 10026043732 10067831168
2200 9970868295 10054966068
2201 10073848917 9858222949
2202 10038493814 10055922845
2203 10051378161 9910040130
2204 10011815762 10078265151
2205 10108422359 10072989734
2206 10033796624 9899852025
2207 10118281597 9776500225
2208 10108473115 10104359784
2209 10112599220 10034109072
2210 10178567629 10275260269
2211 10076241629 9969704443
2212 10124268900 10033399908
2213 10095622263 10086149852
2214 10100570983 10097347938
2215 10241750997 9995677038
2216 10119228060 9774157832
2217 10239253735 10075192454
2218 10046562523 9961960716
2219 10128259987 9710245021
2220 10057112058 10084022179
2221 10123427728 10081678321
2222 10096481212 10020700469
2223 10239253735 9724637216
2224 10100000000 10045629187
2225 10050936308 10090584562
2226 9970476808 9872274197
2227 9949203477 10038321895
2228 9967286187 9920285207
2229 10030270664 10025276110
2230 10134289681 10127698836
2231 10022985491 10053528812
2232 10239253735 9408383191
2233 9931536534 10245259850
2234 10239253735 10063711276
2235 10060675871 10100000000
2236 10241750997 9982657304
2237 10110619513 10069151743
2238 10016877264 9899852025
2239 10057654327 10050103209
2240 10008045209 10033843681
2241 9982348964 9847094770
2242 10100000000 10072129924
2243 10239253735 9899852025
2244 10054243157 10227138769
2245 10037733155 10074741346
2246 10241750997 10227138769
2247 10027465257 10041801797
2248 10100000000 10055242642
2249 10024543622 9880999815
2250 10067569331 9968687334
2251 10064388120 10226976946
2252 10078312897 9973210539
2253 10241750997 10103482612
2254 10239253735 10120297469
2255 10104407733 10024620640
2256 10103822418 10061265968
2257 10079559371 10003350510
2258 10021395374 10017550205
2259 10022879099 10039169363
2260 10239253735 10030516341
2261 10017353961 10026427245
2262 10120888358 10093630676
2263 10117622709 9739174471
2264 10021303731 10104602237
2265 10112193557 10038682704
2266 10005925872 9927309464
2267 10239253735 9967197518
2268 9964965521 9976107272
2269 10022274929 10107100607
2270 10050011667 10062988346
2271 10015924519 10049456489
2272 10032920763 10051318394
2273 9949140025 10026382628
2274 10023022760 10100036548
2275 10100624976 10034078678
2276 10075084977 10092140797
2277 10124217664 9952668589
2278 10068336507 9960881130
2279 10026638590 9986617530
2280 10085636683 10143813298
2281 10067911152 10060330576
2282 10046937728 10227138769
2283 10239253735 10125339855
2284 10068784454 9939825503
2285 10241750997 10086213020
2286 10020099652 10033874279
2287 10034909495 10106184576
2288 10029810654 9899852025
2289 10077952907 10133662122
2290 10094366918 10036852110
2291 10024828660 10036949674
2292 10016640904 10019354597
2293 9995957038 9899852025
2294 10014947992 10014256581
2295 10241750997 10033872297
2296 10239253735 10060566873
2297 10030261772 10227138769
2298 10113164502 9751299141
2299 10044926524 10061415641
2300 10108136086 10135068073
2301 10239253735 10021977672
2302 10059570834 10085335106
2303 10059171495 9899852025
2304 10239253735 10311761598
2305 10011173183 10028677700
2306 10014416812 10124874685
2307 10186827211 10103113614
2308 10239253735 10055730335
2309 9949143896 10030504188
2310 10241750997 10025820839
2311 9949181421 10197272301
2312 10002053029 10053021675
EOF