NAME : 2362
COMMENT : tspgen
TYPE : TSP
DIMENSION : 2362
EDGE_WEIGHT_TYPE : EUC_2D
NODE_COORD_SECTION
1 2224808197 3663209233
2 6677909211 6801698111
3 -7660216988 8548401094
4 7003473323 9996278491
5 8740495374 11291702830
6 12640732453 7273108247
7 -4641816006 10528602530
8 8114200640 2850309879
9 959598449 2278237508
10 1597425580 487104417
11 7436699704 8636321162
12 925969794 2674578412
13 880776563 13158168420
14 4693420018 11427043147
15 9577535600 10679075988
16 7270922750 4217235503
17 747121255 1878303301
18 7803057736 8068284513
19 611554455 2123865711
20 -7691642613 11675576908
21 2517941587 3527030315
22 -11587694511 6362661959
23 2196670252 3011776041
24 1580146703 3048082506
25 6587828128 12054030208
26 13389421841 2057787037
27 9712516880 4505610452
28 8062184856 9233150100
29 6887195091 1939523094
30 1445449673 2919556536
31 1066185817 2557668419
32 9006885529 2467551088
33 2248062502 3875303041
34 3762587758 11813847938
35 6972008968 8426239840
36 6612676739 12665233859
37 2986565149 4390066763
38 8274394010 2928830155
39 8339803749 4828323696
40 2263488517 2441776750
41 5181160007 1160240261
42 8726165810 9866711177
43 -227448887 3210551709
44 269432189 1952390295
45 -6380934962 -6004054044
46 5910928229 688469503
47 -300092877 2138502025
48 7538348313 8733312802
49 -1860278371 5903755300
50 3486306151 13413085550
51 23646817011 7763297518
52 9384064158 1247471982
53 -8223833684 304867606
54 -8989820580 5334527106
55 6452979075 3249680271
56 9099393165 9952327157
57 8399548867 9545526408
58 3687393280 14049009428
59 13470128225 6777839889
60 9602645024 1859659949
61 1014780282 2508617997
62 -7510794272 2391593384
63 6187563256 12757617577
64 2919335784 12161023791
65 3481843732 4862654464
66 1471448042 2919802074
67 1078327433 13164686428
68 7591987872 9522689733
69 2520966267 3945799005
70 5238495959 1598985560
71 -1831662253 6018630255
72 -7809004033 1670534321
73 6855198547 1298834157
74 -11065562319 1991268926
75 5209400456 1230364124
76 6934110841 6196592051
77 1411283264 2709732925
78 7803630017 9339744747
79 1275382598 13560320243
80 1163220911 3899923967
81 10477610367 -6592299279
82 8777927773 1621507191
83 3094254878 3483426262
84 1430359982 1935546670
85 7244349292 9225660727
86 6183941687 -155059680
87 7898767464 91156524
88 6175492001 9941077132
89 5742404630 2029740482
90 8659191860 1790757966
91 8094420273 11214430113
92 6342031842 7705741182
93 6346322482 -1202811941
94 6863464621 13670506959
95 6679864906 2005792940
96 7601283086 3226521257
97 -3283286854 6000737658
98 8449820414 8984510733
99 7315308283 8520491214
100 9621999515 4706481189
101 7657880953 2121851691
102 7979395617 2177395275
103 7849740296 8937891544
104 667469353 13055190999
105 6126066125 11582691085
106 14469246735 6125031143
107 5883152709 7034906917
108 9279508486 4826277648
109 1691815231 3154635010
110 -7787112796 6688912519
111 2971891144 12173561255
112 12103549823 8494619260
113 231178689 4527531771
114 594433406 2480453809
115 7781123663 450688675
116 20948733951 1432787998
117 5183524790 1344805294
118 7058122956 2083212815
119 3702556327 3527438066
120 2641839846 4121472675
121 16365756547 3681179726
122 11632525735 1401746780
123 292689059 3496264934
124 5413476660 1000052265
125 6862521927 7895538420
126 6308384466 7559698987
127 3979909188 3829754104
128 7900888379 3186491052
129 1323036707 2802751845
130 5948885082 1850460561
131 20126705343 10059487150
132 9417791501 8993764787
133 -479528023 3054116366
134 18579614231 2568836532
135 5753316733 6436705874
136 -3484976450 13493374297
137 15870381510 1018713255
138 9385342694 16270620241
139 6850136726 14960687677
140 2252330759 -1052049173
141 7417219658 8359898710
142 6231611877 6586506178
143 401817570 3479437716
144 8733323018 11176514248
145 -4270633219 6446264468
146 8286025002 0
147 -7763439407 1328709699
148 7118906385 8517294504
149 7305849851 573200510
150 151028768 1058067316
151 80290384 2859741969
152 1236318657 3476040591
153 3436873600 12203832940
154 8053478372 9003000175
155 5660338952 1435051354
156 -5249380505 18850124336
157 9158819027 5149535151
158 -2158678671 11763726921
159 546942441 13230924095
160 944235854 3001620953
161 46070464 1584289018
162 1111645776 2601045658
163 4763545046 1287803080
164 -2138348417 5765976120
165 6611845640 -1227359262
166 3561697543 12593567215
167 13581888257 427809247
168 5471142760 275866776
169 3334753509 14353959743
170 3956227811 12624991534
171 996291421 2602430635
172 9516312480 4956081832
173 9231420750 8174370240
174 9463368549 3180155295
175 3103490486 12526493782
176 1960681036 2072316742
177 7166053132 5914055115
178 2540120372 2786269013
179 17845068696 7192359427
180 2977223972 12440136675
181 6304304900 -914954322
182 5145825970 1401324872
183 3359998750 4746391735
184 9208303002 9775227431
185 5794583292 19570846601
186 -7740890044 5970907619
187 7434635051 9738874810
188 1153773413 2938048651
189 14786567461 6455996413
190 303736937 3352656104
191 -9907138860 127371734
192 5676180666 11566601638
193 22006108902 6290902394
194 5307838522 1158429182
195 930947870 3401328498
196 12039235240 1227561395
197 3173210362 12656308822
198 7767854390 3322382761
199 2918149911 4324785926
200 7617786514 9721788589
201 8063551983 8776835787
202 9870338489 19160066798
203 -2279597995 12533817095
204 -6529830425 11309226756
205 7398034711 13275224565
206 3383646520 12822861829
207 8700624189 -5362215621
208 -2232294665 12462898054
209 5711799921 1702410066
210 1628204953 3518419659
211 4324312255 12376656893
212 -2467404264 -1278326379
213 7082349626 3926725356
214 3630537605 13899732418
215 3846198184 2996614594
216 10508673042 2520030233
217 5620999555 11713254481
218 4978264236 6290517391
219 -461155430 3134781032
220 -7753335033 5961210230
221 6529466783 -75255109
222 8058499619 735199826
223 7975434445 8719808056
224 -5641368447 6167428441
225 363717596 3319702287
226 2881819151 -41661132
227 7749041760 8934353460
228 9256547282 10154017942
229 9453435128 4970629639
230 -10436732545 7314335103
231 9928681364 652023328
232 8734355153 3238689994
233 94993914 2235089171
234 6953484262 8715595283
235 4924999363 1738242529
236 -293429616 3218824446
237 11302725205 12325227101
238 683242355 2192269274
239 7706687476 691842681
240 5759242546 5364503039
241 6718734985 9623357528
242 1061092208 2002328775
243 -1036529149 14245068599
244 933120415 3503898352
245 7563274355 8757096874
246 6966109651 12473322020
247 3384638130 13048537444
248 -3848130640 -2131501675
249 7530633532 294533618
250 903565337 2402498296
251 9069110000 1487382379
252 6134653650 962854860
253 9485375788 3153066125
254 -301099755 12130168211
255 7125053336 8898909813
256 9761695788 5380100694
257 8820808614 9957017980
258 3878604588 14538484428
259 3157474348 12424536802
260 10046052821 9779068461
261 -4558993378 3985288853
262 9658002025 4531932183
263 5840519800 1190265927
264 -2516864232 7054784614
265 7044790537 8262367070
266 9097646095 9399857101
267 6698189264 12220373458
268 7808174545 2579376143
269 -6684041195 -2304034527
270 7657518811 -2364305367
271 1584929909 471455212
272 7133196583 8867886987
273 7533812184 13407367010
274 -9721390124 547247765
275 233077405 12907388408
276 13893589998 2586199896
277 8293908329 9455885887
278 8429926852 -3522330356
279 9789592901 211632726
280 11367723068 3715351362
281 7430145307 7359988046
282 5139242457 6444120494
283 9624750070 8894041122
284 3475454125 3597742444
285 8120777338 3452786734
286 7401173689 -1979982520
287 6930091738 1743548246
288 -4820502050 5408077633
289 3120553423 12562378592
290 -1861145314 11906456120
291 629573608 1827222710
292 7948234071 9124419899
293 9158198753 -5972008268
294 2513598738 14234576556
295 1637974323 2106779629
296 5290620256 5650206143
297 316227393 1842068875
298 14323054555 4299777408
299 12593173153 6924222828
300 4690357349 1715627198
301 -6823416181 5891491219
302 9461739603 2957211239
303 -150744955 1628573148
304 5410745876 3751078586
305 3074274200 4343694696
306 10266046876 3208341578
307 6722349271 7954698251
308 9607198308 -6502288124
309 -6324076352 11244347047
310 6731762421 7963680144
311 7584432002 8777285196
312 3461954834 12246774564
313 613071747 1688093595
314 8054809328 9062006037
315 9536931412 6110397195
316 -4224600746 15449842915
317 1314210325 2794329838
318 348005166 1872390770
319 4235907426 3553398073
320 11800865079 -8805579000
321 1012256661 2459716080
322 -7754466804 9922952057
323 7286636936 2544789765
324 -6719036110 7621460731
325 7999073153 9186162165
326 -9792703108 5945664923
327 -4746039882 10760440215
328 5336481176 5325811760
329 7557912872 8720411882
330 977820933 2473351918
331 9355322082 9202104876
332 3048023931 12372971342
333 -7754466804 8308526097
334 885703352 2385454647
335 6545056548 3002936069
336 7039266447 6950780200
337 -177004209 1367486731
338 -2823223505 -1153550026
339 1000650816 2559598831
340 4937090847 6113253422
341 7331794578 8536222200
342 1451517254 2381362273
343 199651155 1726385270
344 10477547230 2223793564
345 10134789318 5323341994
346 7089899282 12810783451
347 3057448949 13489742967
348 9607821309 490806840
349 8353854825 9473053074
350 9303063174 1428688114
351 14231565473 3762503314
352 -7609302190 16417771388
353 7478702207 8676399347
354 -7700842604 5982587400
355 5979676154 7246050243
356 9267786857 6222239306
357 7638932680 1960890288
358 2528577797 3759570533
359 6665391835 8876038867
360 5807939328 408658076
361 1227616958 3693658805
362 5608766586 1009642223
363 2656721346 4075334549
364 3165927157 3980322179
365 7466821257 2825928509
366 5443632720 7251271743
367 10903964822 7458905184
368 876140898 3789786590
369 3206932369 13452677378
370 -2444384143 13194161131
371 -3354227485 2826849476
372 6100089983 -29345855
373 7067229810 8272480629
374 4610523661 3099858458
375 7937144751 336434431
376 13078104123 1918133854
377 7314068453 1446810881
378 6138504035 1010499074
379 -1794939061 11807197061
380 9420785638 22190980527
381 532398836 3933457407
382 4809086641 1072594927
383 -4936191576 -3368674566
384 9951166028 311727682
385 -6838192433 -3103288562
386 8368077397 9044274717
387 9422209585 853860992
388 3764996523 14245071190
389 8635579057 5419666805
390 1710713030 3628423578
391 1121756666 2610693324
392 926069663 2172047195
393 -1059136074 529716832
394 1784575609 3937060260
395 9662767731 10017293580
396 8501638246 2481937431
397 10066374589 10418466553
398 -6753289675 2025510186
399 7126285381 6691010444
400 581740817 2024996910
401 6333862547 271037331
402 315537460 1471608474
403 8120813621 2958307747
404 6673607453 -1695258308
405 6013215032 937021190
406 9230405082 2437928854
407 7470439238 8657677632
408 3193129320 4067721046
409 8728086755 2917099833
410 3286865575 12997959075
411 -2492209473 10422230599
412 5873457741 7144698160
413 4692961033 1701886962
414 9272003586 4233924071
415 1464869845 2938086986
416 9623739750 867038292
417 7418633818 5752176515
418 620440561 3898543238
419 6660787876 376319670
420 1028805530 2055996539
421 17084876671 19020170760
422 8662282598 475629961
423 1270802308 3293092335
424 7769882809 3096470191
425 -793599513 802091263
426 9406592912 8405746873
427 7030113947 -2227481090
428 7314177738 2790726138
429 916300379 2414649890
430 8879358537 -5725537730
431 8522883131 9045119587
432 499074021 1462034094
433 935499377 2611073488
434 5886929746 882910830
435 3978148292 2951389558
436 8833091843 5271317551
437 973365358 2722410953
438 -7760086648 1566791729
439 1816132596 2813877085
440 9174433735 3972744121
441 5387534077 3214930961
442 596490735 2195507402
443 868815773 1843773522
444 8286215630 5006082708
445 19827165 1559248040
446 6125206874 268889896
447 6621287649 -456442561
448 7197290960 8495519639
449 8350286764 3741897900
450 9111070433 5361180966
451 1547134790 3016583013
452 -8526209524 -6595257276
453 7770151491 8680711555
454 3590973433 3685713494
455 -5126121022 19215783746
456 6386341159 -458505053
457 -1605654295 603924
458 7652359779 8498643392
459 983366503 2382115355
460 -375597245 2522240183
461 205103060 1736035635
462 881323697 2381275643
463 -7727719786 5983580842
464 -7323591005 23758640496
465 7068065147 8110930857
466 1124592489 1819827229
467 3398625400 13291531290
468 6993721454 8763197425
469 -2122305964 12030926045
470 3591150078 3724456409
471 843560973 2594610588
472 1802431239 915729143
473 1273690487 1673918949
474 14563477705 6806583826
475 7692417340 8880323253
476 -1632925792 5039515500
477 673497980 1961139653
478 7257687318 8465510118
479 -7766020947 5984996540
480 7281326431 8033807438
481 3107636499 12681655216
482 14105248002 2610677181
483 7975209892 3542338094
484 1395913640 2872289966
485 239769683 2985091770
486 2742027322 4156732284
487 1477555849 1972482044
488 5659679999 1343105613
489 3034743400 12119365822
490 -1550121709 11440157108
491 5204970585 1312652902
492 -2218686399 12442495997
493 7918575566 2414009639
494 6490242483 -628079392
495 860397193 2803933552
496 3290063633 -25200527
497 9638083609 -1123179805
498 14069307940 3642274848
499 181434899 1713451816
500 736987367 3574756300
501 5470331673 13322260714
502 923145274 2226312417
503 5721581358 538129394
504 5976375757 3148040343
505 1335811618 2075657146
506 9945398705 977694517
507 9729836240 10804042557
508 2997977634 4074433978
509 7941759154 10273635168
510 7602855124 8794864275
511 20467977227 11728806069
512 6768503479 8895409367
513 5508341934 857826457
514 852442103 2353717241
515 3374772156 12137907543
516 422289068 3215303042
517 -7514644910 -5630036867
518 5814693429 6234274014
519 2972769778 12104078081
520 9703216408 776244637
521 86501225 12830975481
522 5474086913 1309593180
523 -1583352045 61090642
524 659904206 3587527341
525 6553761231 -239827128
526 5752664568 757935332
527 5802163643 -67762519
528 4552889450 3315894190
529 6621750320 1657927597
530 6312120574 1274260722
531 732764038 2701366528
532 779088820 2283724594
533 796011201 2299871686
534 879683717 1193429045
535 7087194391 12626686975
536 8651334829 4826632284
537 5435450846 507558005
538 -4529882299 8041412002
539 256236617 14487232359
540 780374901 2284951753
541 8681942991 3627797628
542 133997577 12879992052
543 -7802844888 479969148
544 5510146731 6538467242
545 8129994971 9160536594
546 685109495 3815984869
547 -5184369995 5615601239
548 7548678375 483134964
549 -7783400878 5985638941
550 300577330 4462199678
551 -4784076877 -3024568117
552 8868732415 21011899362
553 1189893050 644949419
554 9013373977 944086830
555 5875113523 784056968
556 -1009348808 4853012918
557 524590863 16370805131
558 7395040702 2133351216
559 486713516 1635742129
560 679035729 2097696956
561 1396934450 2873264009
562 160251979 2915817641
563 7988648954 3560167931
564 -8700314402 10075710151
565 -10341264306 1008886140
566 7619458530 -3346606973
567 6151052059 2577571904
568 8726958648 1666971929
569 6597810306 9616127949
570 7062708071 8383784900
571 5659746278 1172017321
572 370426821 3155999438
573 9026811125 1246612226
574 6988491779 7776509538
575 7569370376 3039077712
576 9207847899 2169872055
577 8879604515 3520493610
578 -290303528 3190445514
579 584956142 2098485983
580 6817550656 14223334572
581 1278439027 2760197380
582 2319200949 3753277440
583 4528154098 5861028769
584 6967161255 8188294325
585 4559723088 11566660210
586 16712470293 9389944222
587 9412756466 -1282555720
588 2060800411 3590953986
589 -4211642367 15430415195
590 3421569669 4805141821
591 688608240 3316666948
592 492358715 1656494044
593 3050161508 12398695444
594 112572501 1647744306
595 4303076733 13335712762
596 1451574834 2925401077
597 8328584653 9487344955
598 12754258271 6583431707
599 -4468165452 4749466624
600 8404202858 9753685016
601 -1866638000 5746519070
602 6932979242 8758078764
603 6095815953 1351779903
604 11761973694 6212616297
605 8009837875 9183201363
606 8986038007 -4356074414
607 -585605655 14718400602
608 6699220546 6146560563
609 -7347816786 1768811888
610 7211184412 7006670013
611 7311006641 8516386649
612 489697162 2007591235
613 1060526213 2552268106
614 3847787849 3317378660
615 9289399669 2214539211
616 9037655177 10163929852
617 6645389507 7881264351
618 737418544 3762137397
619 -4329120701 -3462789255
620 -2771884523 8437281899
621 4764679138 1972755427
622 3703788855 14081207013
623 603187488 15665644566
624 1122024079 2610948486
625 67800996 3268174333
626 350852572 2832846208
627 3029486835 4322550568
628 1049128284 -5626368613
629 -4029272805 2614413750
630 7890475360 9069307367
631 569831747 3059565148
632 9193724291 1016793798
633 6910573000 8297866096
634 8814899784 9951379859
635 5306456886 11126405925
636 8363115408 9520293705
637 1566056155 3187270571
638 8039884552 8999775772
639 -149132908 1694898665
640 8630331900 5378950152
641 6348940977 8472383896
642 -906847546 13367535871
643 -7738869217 1834631010
644 9474412319 5541461329
645 7577397949 4035581971
646 1239745125 2248394806
647 7096487258 9337220762
648 7077595854 10752621354
649 4375299891 1436238353
650 7393442453 8641350226
651 -1303437295 484983328
652 9493220435 4470538329
653 -6314804991 8066927335
654 431917319 2472083337
655 671906673 2181452929
656 6796052714 1103337701
657 -2683254912 13424596070
658 3518457015 13502381326
659 308485541 1834681712
660 6906154458 3216062122
661 8090759965 1241039240
662 1694632001 3424740329
663 7548287237 9593052115
664 5353138194 11054943244
665 -7731031178 5453454616
666 6996262566 7576978837
667 6645480893 7881351551
668 3271886139 13284450093
669 2627250536 -653455355
670 3170086497 12688635582
671 1985998029 3386965055
672 9333441186 826522741
673 7503998862 8921147730
674 5227752164 1369509946
675 -3495777872 -3124417735
676 6344331405 7593999039
677 6592834431 2096788361
678 3274692709 12854420431
679 -4960279629 2367377385
680 7122758805 8551773377
681 7976579431 9151466634
682 9402897239 5350394385
683 -7147146970 -2583530954
684 9594803665 9551846151
685 -344577121 2518908176
686 13931601399 780890596
687 10323472817 -6593480907
688 12343081149 4884585993
689 7954110883 9206280624
690 18693939492 12374135274
691 5248373708 5498287362
692 6475712224 7719360727
693 -3091364628 2966916531
694 1510091850 2981237173
695 5522597559 836453855
696 -2242875390 -986068860
697 9873557505 2827622951
698 3581142156 13767439543
699 8730319205 12051596719
700 3318191895 13108162498
701 17128146089 -1320611792
702 5855610247 702082803
703 8578888025 9726180833
704 -7748668594 5868314496
705 2794424401 2849181726
706 4739054654 12684385036
707 -8423944890 9457331361
708 3002852896 12249686273
709 7964282406 8862089901
710 257369623 4393638026
711 5809782402 405894866
712 8801083627 9938196681
713 -2712071666 -2077203525
714 6077297300 215873216
715 3155351734 12725309498
716 9614285104 4677696651
717 682894487 2191937344
718 10097007059 -6478063738
719 7546936211 9048795015
720 -3138570005 6080042782
721 9630196511 434580056
722 486230816 3849837084
723 8179086842 3021414589
724 -7783208848 1583471098
725 6605578898 1877584153
726 8260762054 0
727 365024183 3258916837
728 21698522111 2366999286
729 3531389315 -1681280771
730 7206945840 8417093329
731 3076559288 12862439762
732 6322438202 7573108860
733 8921298319 73818059
734 1085560284 1092719006
735 3480409573 13673617716
736 -6734416836 9157080748
737 -1835654724 4684590396
738 2941383900 4136973203
739 4459523407 5724218419
740 -109596261 -6675395197
741 10019886196 1427096902
742 3186598885 3728808993
743 10436112102 5539774705
744 -2987422376 3439729202
745 7468260889 3010993206
746 8546431639 5382051296
747 3641071666 13294695126
748 1093061501 3113983413
749 6171722570 2733247085
750 3654929963 13987896946
751 238880166 1768265263
752 7239566333 8597439550
753 12315531322 3830535713
754 1155436747 1994268335
755 8315436970 9164295988
756 -4764536736 4075585484
757 8238082110 9400988730
758 -5283119717 8733421533
759 3075577042 4475000631
760 265614770 1793775039
761 9800311156 5335705066
762 3957809224 5270158968
763 -4143725458 8419786593
764 405466013 2654549671
765 -7092290443 -5625718446
766 1040900888 2166955563
767 5829105416 1153118571
768 7929240293 9106296309
769 8184633454 -3154576696
770 3641971709 3716089177
771 5605042470 11083472586
772 6191126868 9454419782
773 8708660346 3403315506
774 5796783252 12683390515
775 448996923 2912037613
776 8591215389 146598902
777 5900279079 104586796
778 3393741343 13277930089
779 8269342751 2075167805
780 10767039240 5299972603
781 -837969743 5008686329
782 1228491293 3411939400
783 7059443518 2881414873
784 -75952269 3414363813
785 3261609518 12954335363
786 8294065129 1247871789
787 8946489135 3307155708
788 -6579464207 23719522519
789 8143230788 3808263710
790 7654720891 8844353843
791 6919533219 12626495977
792 1061116927 1537895398
793 -7754466804 8715848021
794 -3548073122 4228200388
795 646293838 1842719423
796 4045854854 4879714997
797 3084754585 12469034932
798 8612792577 9438531144
799 1486990150 2959193862
800 7539344943 9160956182
801 -2581999684 12987189787
802 14103182107 7871503267
803 8545832816 8752195699
804 15233669526 4998724728
805 3434540212 3308122160
806 7135165054 8348601135
807 10118714869 10847912106
808 476314088 1994821297
809 7486289441 819677449
810 6010493621 7275455826
811 1112912642 3756831546
812 -388966664 1169182846
813 7273505527 2109511462
814 -1953969741 11077381624
815 5200094710 1198361590
816 7210870520 2601740360
817 1502583191 12386592303
818 -6569344788 23691139400
819 3085023857 12466445485
820 6518291579 9285065512
821 6021275422 3088416832
822 7530734211 2737315325
823 1052070408 2296693689
824 7398661714 8600025859
825 7202199470 9097688772
826 3056031518 4362619229
827 -3410303256 -1713733082
828 7533613001 8735934055
829 -7754466804 8884036756
830 2191170617 12460835834
831 7201208048 8609272233
832 9281270152 5081879484
833 4752899076 1990416566
834 -9970526643 667614009
835 9355364109 16225434631
836 19898202708 -1151413963
837 8403943935 4488938031
838 1067219939 2558655163
839 6243924884 11976190693
840 6368499558 -261221093
841 387214087 4374345156
842 5659612086 9363234663
843 704843269 2848964254
844 3091237072 12392089353
845 6434339569 744805975
846 6902880201 8126958269
847 7593352817 9507950297
848 7578243568 2841035870
849 4923493122 1938523507
850 2973255913 12196604070
851 7581732440 8584833666
852 8972076679 4861832870
853 4864107721 10665930031
854 -4129840537 5163541932
855 9752550050 247077252
856 -2103472847 11989483796
857 8901186250 9765932398
858 9270620462 3169954370
859 6456157484 2826918261
860 6059347422 31737019
861 2860698491 1224388192
862 624523191 4111750661
863 6808821057 6064283055
864 -6597299833 4109836545
865 6236416645 -1079072406
866 7621293991 2773007916
867 7973224798 3402218889
868 2946032299 4351390900
869 4116798661 174231085
870 -3974864362 12000442219
871 5566627569 6851925223
872 1142589663 2630571870
873 3302381166 4164975563
874 9241117171 21807242698
875 4807279719 6064265747
876 3619474990 3511168366
877 8142857592 5199738723
878 6831246487 2719665780
879 7791178950 -3863471300
880 6796479712 1006975650
881 340264008 3334264369
882 15757941427 876568185
883 6606593195 7844245468
884 6629848672 1827190989
885 8582801009 1288818495
886 1035326074 2350025012
887 -425754463 12411115700
888 7649993700 3214002316
889 8460211759 9360356271
890 9303738173 10040160783
891 7005371664 8527777109
892 7170833054 8574964060
893 6051584205 457672233
894 6420062351 2821120759
895 -7842107088 1627528078
896 -7754466804 9089475176
897 7306376164 -2043212909
898 3922874153 3294173663
899 3909168135 14595605538
900 8146787260 10664778304
901 8663470151 11554359309
902 -2407453610 11535353696
903 6422029244 6761877004
904 -7776533397 1542383328
905 14113140478 15006884941
906 7198721552 14344514339
907 4845709447 1851271550
908 -9502287580 -592282287
909 65645414 1602967155
910 1641127600 3106269601
911 842969061 2524037805
912 8706475528 5524760703
913 3740741012 2966432575
914 -7754466804 9995875728
915 10163318528 3536093151
916 9430319643 6369965224
917 1532028271 1342381240
918 -9361620711 6190887203
919 1855018131 3312069339
920 9361680275 10473109941
921 803432291 1794663625
922 -4932862211 8514378772
923 8260376465 10213040462
924 7741987193 813581270
925 11161605569 18947915447
926 -139702993 3936137010
927 2305174311 2703068876
928 5746101895 2950990719
929 6874427234 8021051401
930 9077363569 5151533071
931 7041680764 8259399770
932 13167822251 14497393877
933 1969727231 3419814643
934 5911802846 1791967078
935 -2426614895 9505295667
936 30090767546 -2230926824
937 7261719476 2642830778
938 1276905173 2758733798
939 3101737684 4309342779
940 -2414266553 4666756756
941 -264365425 2903848588
942 8717831741 -3953968867
943 7040209203 3028958834
944 -2300250710 12136306924
945 771168289 2276166937
946 -5013297764 7719661587
947 6609937397 212760089
948 7796755207 1098485540
949 1131610994 2712084465
950 7919851552 6163618420
951 11895184513 7934646916
952 7298630916 8815687371
953 5018057087 3794803057
954 2014334428 286860333
955 5773070572 806816491
956 6999763652 9731914760
957 10606929562 5524287494
958 5493154391 6781818172
959 8186469519 9351740737
960 1552703558 3021896652
961 5047116328 1549314310
962 885671000 3491944755
963 9639123764 16653135043
964 412248685 2968660347
965 8726017835 0
966 9474073104 10580353563
967 15840038181 1058060913
968 -5828183898 6570848410
969 6451919011 12321584572
970 316406763 4082935983
971 4738472193 1122263647
972 6100446065 1433314207
973 2449445253 3877554682
974 -2588422357 -1326178377
975 5126354653 4844681554
976 4405144523 11822536933
977 338170256 3190621559
978 143307494 3556306094
979 -282377513 2167447458
980 5420644257 6712630045
981 -527991320 1119356654
982 8081371004 8921465842
983 288234848 1815358792
984 5636916418 5093793356
985 879542101 2379575669
986 9318207859 2770882593
987 -6606945829 -4586490763
988 6209799877 7465630990
989 1306330709 2786811222
990 1846111704 13304032314
991 -7710336924 5982938332
992 7809268706 8991821146
993 -2267483778 -623271170
994 -7645131604 1705455026
995 -7754466804 10000000000
996 3231170951 12721207234
997 -100485096 12189706969
998 7115442003 6718645469
999 9340426924 1126578082
1000 12862545553 9337419625
1001 -7754466804 9884104516
1002 -2751438665 -1085053964
1003 5782321763 447064953
1004 619688275 4215501106
1005 2869588815 4278449626
1006 6750297212 3947872502
1007 1143205092 1775341174
1008 -9035970503 4920540273
1009 8774545809 195307303
1010 757752142 2428971502
1011 6637986783 12129632489
1012 7027227874 9293199485
1013 7823881434 9005764401
1014 7155364386 8388171877
1015 -10079863399 7106692452
1016 5636762170 1787607640
1017 6930244439 8153068831
1018 15959507380 1794014109
1019 14191279512 1517050395
1020 -3664368137 2553743326
1021 544810501 1718621234
1022 -5801575002 2741977998
1023 504615533 1372372210
1024 8411561384 9394036938
1025 8815622976 9890544361
1026 5549679022 5179322871
1027 -7950119622 1640463029
1028 -7911350280 5938691234
1029 -7555958053 23263325332
1030 6050132472 12908864124
1031 821877231 1594559069
1032 3446402312 4828836771
1033 3210843363 -3740501947
1034 8404240491 4249470326
1035 6669301194 7087712602
1036 1645769339 2167713171
1037 2907465151 4020480603
1038 5797417591 2168902176
1039 7033501207 8303374014
1040 640101419 2545388178
1041 9094083721 4893641243
1042 7061045203 8765933042
1043 8279041822 9440071898
1044 349190516 12637326596
1045 6147020066 13407736926
1046 -7507882022 2431339228
1047 -3391931113 4560843835
1048 340643497 1865366371
1049 2624327043 2428675847
1050 54101804 12934379234
1051 7176729754 8605190909
1052 7362135003 2432710005
1053 5978938524 239654372
1054 7288987736 9108217454
1055 9282433558 1473856259
1056 22637587231 7561985970
1057 5647558674 6849582685
1058 6215383090 8322715921
1059 -1222339024 4917279293
1060 6492847957 9151872444
1061 6485288797 9092531982
1062 6456779919 748372917
1063 1580506152 1911992764
1064 6025524930 9816601306
1065 7342102003 8546057396
1066 4806546791 1909985769
1067 985087225 2528780299
1068 1130678712 2619206613
1069 3584024592 3499400368
1070 1908754525 3269697852
1071 3252547139 3901349249
1072 5654872318 638142252
1073 -7754466804 8013343592
1074 -1665249867 -489453760
1075 8589692556 9505181405
1076 8255838969 9183393895
1077 6762421237 7992934344
1078 9250207559 10366744279
1079 6003940767 1155831991
1080 5592795732 731209950
1081 6104974415 262012011
1082 4174413291 3728754746
1083 -6810368262 23253682959
1084 9466479243 5348044250
1085 8579145300 9925929347
1086 6313809068 9975266646
1087 7853868555 8815194218
1088 316949421 3300418176
1089 3156486097 -3750193724
1090 7066019662 7730017527
1091 8291396191 9451860260
1092 -9114135307 4849775432
1093 7884583295 619338795
1094 2067269902 921196974
1095 -1222118454 12705958834
1096 6477811638 2726157631
1097 13485652336 4379760944
1098 -7412344431 23314527819
1099 -12365253063 3795812194
1100 8212487073 1187717495
1101 406122588 3427148002
1102 9425468069 1007242287
1103 -4448095749 5274182008
1104 7924062736 2892318626
1105 7948314979 9124497100
1106 5512530559 5917981255
1107 219600322 4286804582
1108 8414938663 2245449919
1109 554644127 4214377796
1110 12403420507 3996202851
1111 -4464639195 4745269944
1112 8565528148 1367417902
1113 912631398 2789383177
1114 3263107722 4609831391
1115 948287588 2095284204
1116 7126874917 9204556046
1117 5415033679 6219061370
1118 2862788788 12407630703
1119 554070224 2069015084
1120 1019188138 842039862
1121 -6440711287 6931025235
1122 4542797949 2485355990
1123 1519158209 12406566479
1124 7563394912 8757211907
1125 7564164037 2703974644
1126 -2310244812 11695712061
1127 863646651 2364408460
1128 838648346 1458803342
1129 6372061697 9193879785
1130 9806468378 704043359
1131 6792556628 599025344
1132 -672215078 4942791044
1133 5933547995 12425108258
1134 7205125179 13034310975
1135 6660129844 2987547206
1136 3351464201 13168354513
1137 9410540391 123518065
1138 -7754466804 10000000000
1139 -7754466804 9269183874
1140 8322111079 2145816181
1141 8290613722 4711208068
1142 -6950167644 7738242611
1143 6166020855 7423857677
1144 -7884292501 6063499984
1145 3721800018 3928890106
1146 6911760284 12442668960
1147 570273946 3567597166
1148 6594640803 7832840667
1149 2989819474 4097943053
1150 5841194479 358800626
1151 8488752657 3981928311
1152 1229452256 2713454908
1153 5034433432 11494163115
1154 7734218912 -2733875120
1155 -1530851469 12221945547
1156 281497732 1808930333
1157 4605174577 5934520603
1158 7131222103 9293820018
1159 5700650737 6979808202
1160 1328745469 2808199063
1161 7655617143 8944096258
1162 16805802022 -2063585441
1163 883279119 2359976566
1164 -1838250209 6285678549
1165 7861911055 10929615706
1166 275652267 2751104130
1167 142828460 1676614107
1168 21941725704 6725242679
1169 7819454287 9001540081
1170 391217410 4274207357
1171 7322383684 8527242460
1172 -4847218614 5200586571
1173 -3863178729 4029457911
1174 -6942172116 8351242934
1175 496604003 2014181643
1176 685376139 2194305301
1177 8210561340 5091578940
1178 2853822838 4263405958
1179 16919950328 936533266
1180 -6568589419 7459722446
1181 8015685411 9657667039
1182 5095009194 1477511412
1183 7501574053 8698223333
1184 914858824 2413274379
1185 6969792299 8902417172
1186 14128220820 1265967781
1187 6100461110 -914901406
1188 4175844449 5310000987
1189 8129156727 9297053695
1190 8879509380 9241468606
1191 393731939 1579004300
1192 -136050749 1524425338
1193 1031941152 2447097674
1194 13586150060 2164401659
1195 8040896526 9212837081
1196 9386587457 2053725647
1197 8510750534 3886408320
1198 909788884 2264668109
1199 2527869411 -227660095
1200 6433273996 11821076492
1201 8384427656 9540629546
1202 7685227193 1718628236
1203 726202519 1790392896
1204 -735130379 857158452
1205 8297324168 2050208229
1206 6052913265 2904162432
1207 17278669234 -2043157303
1208 1617241224 2765178612
1209 6919269161 1734254583
1210 7839647204 9602049488
1211 1329277714 3170081788
1212 14141454165 2698758449
1213 10531733476 -432137719
1214 8974252604 10103432029
1215 1449841950 2923747584
1216 -1632570670 5589372457
1217 8154068214 9115085356
1218 1419271923 2894578104
1219 6217153730 -1084162951
1220 8324742324 4715387765
1221 5673696299 1807615524
1222 -7498616610 3311978854
1223 19201150977 9717701051
1224 5446961449 1394790357
1225 7253817891 2981021521
1226 1222645543 2706960039
1227 755625734 3356859696
1228 -3644149686 3107563419
1229 -1547438623 63785562
1230 8792125829 2948463496
1231 11887047956 967731893
1232 6529855538 2978731059
1233 5220854809 1288838638
1234 2945760883 4351131919
1235 1256363723 2847607353
1236 9435895917 5331996852
1237 11103927511 5287520449
1238 -2314483546 12586118907
1239 -1612949276 27464359
1240 6367279787 304073188
1241 832417530 2334610082
1242 14589068640 14092473635
1243 -1222004549 13639351634
1244 7167771644 -2453733008
1245 9733295566 5217966155
1246 6202616551 7458776764
1247 2060586249 -653897386
1248 2098097282 3542303500
1249 -2786547835 5690816924
1250 992172911 2460087223
1251 9020717296 10147767970
1252 6473052964 12669764565
1253 7035305414 11684448952
1254 -1982293061 12008721255
1255 975484090 2471122136
1256 -7815636505 4343007622
1257 4458652598 14698194355
1258 7060572889 8660953309
1259 9225956667 3716814895
1260 6274623576 190338763
1261 2684814478 2482681474
1262 3228238038 3728734210
1263 9528063847 3683069488
1264 6117377487 5732281085
1265 -1893050878 -302432182
1266 5102467802 11225293892
1267 7113979944 9426574838
1268 678086619 2005102817
1269 -389234353 2542614631
1270 6148773941 788545591
1271 6553779271 7793851182
1272 6027507218 9392369747
1273 6202799111 3115668524
1274 7630637772 2020504196
1275 1103952532 2593704876
1276 -8589366960 -142208402
1277 2631857357 16029799868
1278 5616926413 3266756377
1279 7413193764 8613892131
1280 7471406687 9083024744
1281 5746964050 4131350859
1282 6866595050 7095756303
1283 471840040 1990552225
1284 -3716866976 -9941160895
1285 2881785446 4290087477
1286 -1987216924 12095467714
1287 2578621992 674264073
1288 762790580 1291994387
1289 11493607079 9903484417
1290 3212346052 12054282197
1291 8832807095 10049198466
1292 -1260415716 344789479
1293 331194073 3655718041
1294 -2236671780 4683979093
1295 14357845747 5650084452
1296 9724727542 -6455530886
1297 9519285780 805862074
1298 1438300958 594955273
1299 5613643291 745037375
1300 9634370285 2261181320
1301 -5051129560 8248680834
1302 1007267314 2501449231
1303 5364226402 1073890220
1304 1239947528 2723469345
1305 371107527 4453364528
1306 -1831231743 12079113303
1307 -2090144820 -955703113
1308 9211107934 2495650658
1309 1569081799 3037524533
1310 -5446599426 7286807858
1311 9783738396 3614593830
1312 4699677689 5704813725
1313 1722172873 3183601835
1314 9039278565 5724335167
1315 9164598284 8339387156
1316 7206311463 752793927
1317 357542933 1881491570
1318 10183905791 1612446309
1319 4694659026 5439475443
1320 9224883343 5328769525
1321 9255717619 4765714453
1322 5953268751 11630887500
1323 4636391396 10900170743
1324 4764865013 11099298608
1325 6875090053 -1191256918
1326 4124153324 3741347123
1327 -7725855200 5777811710
1328 9679155953 8966813474
1329 6507133903 7749342842
1330 1386883820 1236841956
1331 1837394349 3293544511
1332 1469697107 2942693090
1333 599858198 3436228843
1334 1535648458 2503164973
1335 3063580485 12412516972
1336 6737809858 12022795242
1337 9501614295 6403701200
1338 1007275834 2574802462
1339 -7775691975 7019246026
1340 441027772 2896531438
1341 8146440158 584643397
1342 8451981397 5578853294
1343 9078582958 9881995389
1344 6658439572 12160460221
1345 7197768012 9442708962
1346 5139877823 6339782704
1347 -7500373531 -5616419323
1348 4572653609 5903489563
1349 4870479090 1814135912
1350 -8278864955 5493011833
1351 -2263324455 12509419154
1352 416072929 2031793643
1353 8968489025 3829921525
1354 4794793309 1927757842
1355 6526735645 7603596380
1356 -2560152589 12619616666
1357 7664488059 8853673535
1358 -10626131131 6748073106
1359 7580984317 8773995465
1360 -6928353790 22864462670
1361 5272648322 5062170646
1362 10744240406 10021267044
1363 6859201271 582702415
1364 7856534529 8658246544
1365 14022941805 2562083781
1366 5901212690 783673481
1367 8081240123 9251332361
1368 4588246089 1760806075
1369 587278183 1199125910
1370 1050448944 2202495900
1371 -6954832867 4403506844
1372 8484029071 -3603442564
1373 7338580670 8542697391
1374 -3293624996 4586958867
1375 6495589927 2112689765
1376 7014038550 8444016167
1377 6918692238 8977270761
1378 -2629519758 13043975226
1379 1092318870 1708248146
1380 -2208149144 12426698123
1381 3081081110 12479945512
1382 199617073 2776334187
1383 3398180198 11951236525
1384 -116230438 1469869859
1385 7157365862 8369784827
1386 747074013 2253176525
1387 -1475965314 11328978879
1388 702420408 2010609961
1389 21094828372 12622004410
1390 3132685280 12774008914
1391 841585776 1370690270
1392 16376812120 8700744936
1393 -2633717533 11987597380
1394 5977647654 154224574
1395 605011334 1340700061
1396 5063660484 1524510650
1397 8094706050 2606896423
1398 -2224689414 10920476772
1399 9253440694 5883735860
1400 7568385795 1774778747
1401 8435653359 10676314425
1402 9520960762 2847195484
1403 8232772106 9038983441
1404 -416524565 1469093364
1405 3826724974 4820627138
1406 10992091109 5210302891
1407 8243959318 9334385677
1408 2479100773 2873063114
1409 2968020009 12120398414
1410 10494499183 1641535547
1411 -7705235199 5982749760
1412 7131639230 9153492924
1413 8294137378 5391376664
1414 -7754466804 9029489110
1415 9066763683 9759830869
1416 5714206562 549185983
1417 -226385258 3571514110
1418 10038912456 -5934585846
1419 8302193948 9462163324
1420 1098421613 1750196946
1421 8292958461 59810529
1422 5237826405 1646740964
1423 11923017216 6137450821
1424 9656259801 3451657944
1425 10442225889 3723811212
1426 310874664 1836961379
1427 5604084931 2522977552
1428 5350962091 1093776605
1429 5259251452 1231272857
1430 -1473480079 134355741
1431 -5597925049 6094019688
1432 4923036948 11425044326
1433 7602592515 8794613697
1434 1117643435 2606768539
1435 -3674662701 5072135630
1436 9033365317 9646505009
1437 2088651439 1443469812
1438 1654403732 12849077907
1439 7100220179 8589736442
1440 5461129177 1181992404
1441 8780551807 6950749895
1442 -7878936254 1487285036
1443 -4976184992 8784180422
1444 5198429959 1225329532
1445 6914340390 3348152381
1446 6620888497 9325236866
1447 52018579 2722160195
1448 1246425507 2801072483
1449 755738085 2261443658
1450 7534773262 -2694661926
1451 702093480 3730642441
1452 7088937760 8304491716
1453 973067855 2468816598
1454 6977958027 2993631518
1455 6531014333 8978265826
1456 9665688329 4647673433
1457 8707965814 4417243800
1458 6052456818 42067688
1459 280815420 13611267493
1460 2146857427 -547567955
1461 7628899452 3090653234
1462 9266050840 1186098752
1463 9731649775 3321661711
1464 -4980170998 8258851961
1465 7755851290 3273156204
1466 16987665576 5944226931
1467 925793521 2423708109
1468 11368035651 5503803601
1469 20452185528 1077418600
1470 -1426290080 893485152
1471 50798247 13119479201
1472 10979254414 11966149295
1473 6213254946 909339623
1474 2754150441 4168299991
1475 7895594713 3082732391
1476 -2786062452 4519615652
1477 -1089024887 5219517449
1478 13814750351 1065490545
1479 7320290116 8229832620
1480 3832676423 3383003021
1481 3553773713 13698483649
1482 1798046176 -84134627
1483 7539776051 3980229312
1484 -3168642312 -1483143684
1485 4162114855 2647607258
1486 7423552240 8623776041
1487 7435918489 2859060144
1488 3807304606 2518823208
1489 685278502 3496613315
1490 7718691167 2537968350
1491 5890427305 6495853937
1492 5448668408 12244232131
1493 1126891503 2615592912
1494 -8468188307 -10669234152
1495 8493664451 4577460604
1496 6616059541 9935964838
1497 -2619335395 4660937225
1498 1305550724 2786066972
1499 621832818 3360832079
1500 13816437365 -363828320
1501 1302744684 -1863890521
1502 2371177216 661637193
1503 1334899961 1383756984
1504 10234144027 -6227284816
1505 7564892070 2710460696
1506 21248135924 2770428685
1507 310228358 4265487805
1508 4608913109 11200748241
1509 11717613349 11388975052
1510 -2838501513 8107081232
1511 7064778664 8799126881
1512 8457657544 4286725946
1513 368938902 2435503198
1514 1838196434 2301137955
1515 -9372988092 4615428577
1516 9367412062 9917164852
1517 8226968246 2243142652
1518 8308859865 2339408264
1519 8321043727 3540705244
1520 -2720358076 13078145580
1521 8318219073 3315290271
1522 6006807458 7271938543
1523 5219306840 1291159416
1524 6794060809 461660239
1525 5872563964 323630909
1526 6724904789 8692986250
1527 8627193407 1727005587
1528 6036615139 65818165
1529 1354177436 2832465881
1530 8147905127 9314943150
1531 -2191189725 12401271885
1532 -678888213 892543873
1533 10896451349 11937566430
1534 5587975805 12112221126
1535 5226570863 3202618699
1536 -3932967129 15516135321
1537 4879718401 12008872382
1538 2885152520 4356401395
1539 -7780657069 5985537524
1540 3724493224 3182265970
1541 3947042416 3632508464
1542 -829647146 748691867
1543 9011731976 9925762163
1544 6565029342 6949004969
1545 9472711802 10163676731
1546 11966140544 1457082483
1547 990697171 1811444470
1548 5337415298 10759842866
1549 9291428371 4525186349
1550 1052815478 2440604711
1551 7522464870 8882361012
1552 282491621 3253207239
1553 911567722 2057413034
1554 -5415418728 3979670018
1555 6966185105 8458435133
1556 1505248908 2976616107
1557 355063028 1706962551
1558 7213511321 2187938511
1559 6117129928 9518721658
1560 -270064814 1651083851
1561 4362793965 12918700081
1562 6678351263 7382093831
1563 8315798587 9494511931
1564 -10942966608 12455277456
1565 5871011508 1512818055
1566 786570003 2290863031
1567 3134329298 12304199260
1568 7485141103 13882565848
1569 5754743380 488411566
1570 3059170997 12422370444
1571 -2041347896 11676312024
1572 1844428738 2658289789
1573 -2601391130 -1281890412
1574 5055824122 1861798957
1575 2428080345 3857168594
1576 819939189 1899642688
1577 8712951663 9928750830
1578 1327512553 2807022633
1579 1221165841 13502470645
1580 114043205 4108257890
1581 7215726165 9028447782
1582 717408215 2723700241
1583 480033930 1998370718
1584 8349718734 6220228787
1585 -1630941274 5374235922
1586 5031735855 5680856213
1587 -89021325 2202865144
1588 7777470136 8878129563
1589 7693022561 8880900746
1590 8926434942 1146541934
1591 6691393174 9285391814
1592 7490383640 8687545601
1593 8222228170 9345174735
1594 -5624854138 10238358931
1595 1312579272 13929841409
1596 5787796656 324058837
1597 348861675 12853996872
1598 6370249237 -1266959694
1599 9288418183 1810745601
1600 7503802468 8700349655
1601 -7238039154 -5612943053
1602 2748408797 13070216853
1603 2311976766 3657144545
1604 3146639240 12631447773
1605 7044457320 8548363596
1606 1422497411 2897655819
1607 7055659873 8106609202
1608 931037221 2428711572
1609 -2375129703 -725985364
1610 6358054542 11707700996
1611 -6366536392 23122298891
1612 789784879 2293930619
1613 -7754466804 9729117185
1614 -7754466804 10000000000
1615 11256609236 712780159
1616 8494815993 209326992
1617 7049129722 8590240116
1618 8738403434 4565114758
1619 1325777155 2805366741
1620 10117927067 2352349314
1621 5202854082 1315826047
1622 9939705362 -2334179838
1623 5242324943 1256649756
1624 2701927265 4118469386
1625 8326775090 3771953210
1626 15020185692 15722323212
1627 7422163455 8622450882
1628 -7281509546 1782941754
1629 4865357245 6123533554
1630 -1419631875 301730100
1631 9808086307 -5588522062
1632 6162902392 4591175646
1633 15489505666 2319988905
1634 6798093313 12370955129
1635 6710768817 1541886672
1636 5148262316 1397672204
1637 1703976659 3166239269
1638 713979869 2032453019
1639 9379903114 168099969
1640 5514311778 4753335371
1641 4422296847 5760021303
1642 -7193860926 7905864401
1643 1676634181 3140149470
1644 8569011501 3286846025
1645 6031799767 5152066324
1646 8271315772 1427553174
1647 9167677897 2242047316
1648 3280975272 13003690135
1649 6276327810 14177348845
1650 1130687992 3177337385
1651 3958434120 3254571082
1652 3166053960 4561332405
1653 6735236004 7966994586
1654 5582074623 728829287
1655 9278951448 9426215958
1656 21945490933 2231690518
1657 4575347769 12130501190
1658 1728974284 235124083
1659 499744763 3045662845
1660 7169707849 2777430379
1661 -144909553 3426149071
1662 7174593274 6694172659
1663 35395666 3727822729
1664 7558170188 8298151298
1665 9764936407 741090104
1666 16771004510 12912639059
1667 562080428 2207044363
1668 -2857127479 -1378123107
1669 2775429090 3784787396
1670 920216965 3230230096
1671 8972088695 4273489879
1672 7347239659 7973528630
1673 8400721369 1957977362
1674 3346266555 13127086761
1675 -3243258357 -1685809690
1676 1064083040 2355939951
1677 8020124015 9193016249
1678 9531588596 960832096
1679 7032086975 8250245515
1680 1154592074 2659301821
1681 8367953691 4294554297
1682 622416325 2134229951
1683 749738973 2255719391
1684 7227519408 7800859303
1685 3114645705 4066267425
1686 10263980299 295940229
1687 391719332 1914102198
1688 730412231 1239404819
1689 297342847 4311560657
1690 696943885 3861371239
1691 7172984876 11227885375
1692 7422956090 3820236895
1693 9236727843 5224621188
1694 6602957991 7840776808
1695 7769071616 2784530848
1696 9091789347 1679118098
1697 237560676 1767006225
1698 6608538323 9959859371
1699 1191351879 13675508548
1700 5902726069 481147786
1701 7172688150 4269852475
1702 8265153110 9426819488
1703 3321914750 13036179459
1704 5538083392 12054158520
1705 -246295186 925424674
1706 9607570615 774391410
1707 -5437942912 11618496392
1708 6100374022 710688926
1709 12128152035 6314051691
1710 976958495 2472528992
1711 4987937223 1849431771
1712 -7428082784 2538919209
1713 14086990405 836614824
1714 2549005130 3972553284
1715 7401173689 -1979982520
1716 2028650840 1706762131
1717 1656892471 1799752462
1718 -6055422441 6638497932
1719 7522033672 10075253858
1720 8629743789 9522066726
1721 4671662167 11537221303
1722 1530925354 3001116203
1723 7542610879 8291211520
1724 7391737169 8593418557
1725 8312320685 6556378703
1726 889017716 3773089563
1727 7207778978 -1690037444
1728 5664271508 1176384091
1729 5518763409 947869878
1730 10517080726 11575576437
1731 8884966349 10018236368
1732 18790831976 7847076116
1733 1476578925 2949259621
1734 7119868641 12855955156
1735 9822606567 6757412665
1736 -7775658627 1511755227
1737 968808685 12556282722
1738 5039146901 1561262393
1739 -5125579635 5531870471
1740 11292434072 12325276613
1741 8342380476 18471805286
1742 4876336591 10819843500
1743 4823111186 1885151766
1744 2910123104 4350778711
1745 -293468068 14944576674
1746 2995063041 3587559994
1747 6004745680 9838849704
1748 10445630012 1976927472
1749 9394136140 7312655635
1750 2721916467 4137542796
1751 6426651239 7965183870
1752 6000271250 1289443436
1753 17104864171 -157489903
1754 9319269828 11911623539
1755 6369150051 7617680634
1756 1269313335 2751489776
1757 1007118085 3669044099
1758 -7739095764 1697162091
1759 6221774538 -153143787
1760 8466913042 9619335914
1761 5550570596 11818488709
1762 5451343093 943281396
1763 9052762856 10178345382
1764 4835458660 4257256251
1765 7625749030 4760782211
1766 3142308249 4282207935
1767 -383628070 731862107
1768 8864968426 9342947751
1769 8152525271 3578404001
1770 7394456789 2855570857
1771 7873211872 9052834795
1772 8619305458 9764746567
1773 13326166049 4590674434
1774 7141940207 1016484224
1775 584500247 3314940551
1776 7279455036 8486280561
1777 4308455787 2712664373
1778 24561956699 8261226002
1779 3894271499 13386838084
1780 3621649861 12241204241
1781 14807135507 5236920775
1782 9193750275 10312873550
1783 6874229960 8469664209
1784 6769759031 2917308601
1785 7169760148 8526048815
1786 1190517837 2146385812
1787 8033108536 2348485669
1788 9867822757 4938022029
1789 1245655123 2728915450
1790 6813731269 1638849719
1791 9370285649 5599022866
1792 9988788309 10108658428
1793 7390315592 7001474047
1794 7397133891 9742121305
1795 -1939145135 11490079509
1796 -8938598722 3298665083
1797 3837704001 3663271516
1798 1563453163 2309959346
1799 -7741666846 1749934496
1800 1110312919 2448037427
1801 5920584478 12172255131
1802 -7601040023 2293859147
1803 5117157492 3801277838
1804 7792662814 2996273815
1805 1521287432 2991919835
1806 835997844 2338026366
1807 3728218019 3442231545
1808 6614508293 2087169862
1809 4415031741 11597630638
1810 8629316353 2921211376
1811 8202138163 6658691228
1812 -7703114970 5982671392
1813 9881229870 5331050234
1814 1081536456 2307342713
1815 142178056 2758096501
1816 698707923 2207026297
1817 943501234 3895243576
1818 10613748315 5507638956
1819 6509975273 9261192242
1820 6755083320 7985932610
1821 3143940636 12092592782
1822 5142099824 5893582764
1823 9361972792 22065367423
1824 3216174888 4609157074
1825 5738493595 8113030487
1826 625411155 12897560257
1827 4116117081 5467868973
1828 2074444152 1401444444
1829 2608888685 3524228144
1830 3408629839 13413478742
1831 -233196641 2850156604
1832 8351550122 4139676814
1833 -6170196169 6775092804
1834 13103435133 1067011575
1835 6498634888 785913394
1836 1462135057 2935477491
1837 9524553686 2624041580
1838 8309451530 42452418
1839 10127084160 1274042396
1840 7656773456 6494973082
1841 8281218470 5261085827
1842 390251823 3628089366
1843 953995647 2450618172
1844 14369979510 5138324915
1845 814019387 2278868513
1846 7251766970 8459861006
1847 8929155744 3548148257
1848 5692201352 1033145860
1849 14176686972 5862802539
1850 2863164691 3106567856
1851 1356783592 2834952637
1852 9210000786 9355434886
1853 1479528993 759602510
1854 -776909886 1305507565
1855 -7754466804 8559039345
1856 -7358004262 23333901690
1857 9346564869 1114279799
1858 620339283 2878918520
1859 8436090892 3581785454
1860 11799370042 3733226887
1861 5548136249 6060717606
1862 -6545286252 23623659599
1863 7898013579 9076500228
1864 6477210989 2924330816
1865 7340486390 8544515801
1866 -7723776262 5983435080
1867 7610810900 9082928493
1868 7335688552 8539937773
1869 7806886248 4047224570
1870 2373839161 -1557860658
1871 8156226177 8565939812
1872 -12005873962 1517838003
1873 8039183379 5393288542
1874 -7950119622 1640463029
1875 9789349570 10881185832
1876 2641507752 12287102477
1877 7825226099 10436641034
1878 7725151944 8804677674
1879 6396052492 -574827772
1880 8679447717 9822133445
1881 6832795315 1314998570
1882 8880824816 1828486176
1883 7909860935 2395827546
1884 7023784221 6541566524
1885 2027368771 3474815372
1886 7235609967 8444444227
1887 565060532 2079501879
1888 5715506921 547236432
1889 8950409367 9696917561
1890 4744406412 5905066128
1891 5837822039 7110695086
1892 2307657580 -1207230799
1893 7048205949 4131152380
1894 5803765914 9453143543
1895 20214190958 -1400154911
1896 6922905035 9169285993
1897 6582574276 2179762611
1898 3265635856 3849238454
1899 6232559081 9704378714
1900 9625450696 218816052
1901 1034106348 2918593953
1902 808269053 17156582018
1903 84937375 2273479857
1904 347185583 12444227538
1905 7251289176 5340507170
1906 9120790624 4037782306
1907 8944937232 1527049751
1908 -2936877469 13149297870
1909 342098954 2757419177
1910 9237977677 2011694013
1911 -2078702951 12232627220
1912 1266479746 2748786006
1913 239727748 4259379197
1914 815447117 3512325625
1915 5935549083 1097034401
1916 392755536 3876364867
1917 9491944466 6350845713
1918 7521623445 8367360031
1919 -20495486 1417637330
1920 297580874 3531535407
1921 1426233767 947276301
1922 896840052 3556227130
1923 6829936282 9219999744
1924 5780723179 1321782819
1925 6849017129 8747300536
1926 6827225681 6705546975
1927 6959037978 7667582957
1928 -311332896 3454461027
1929 -1610982688 11531402319
1930 3872023835 5234958708
1931 1379323780 2856460160
1932 1934100083 -1703673236
1933 22626277786 2319177807
1934 1311440655 13473501941
1935 6194875557 848919206
1936 7357961563 3402086465
1937 6044890857 2492163572
1938 7940233397 3233434863
1939 1105016368 15018116296
1940 9003918298 9928339441
1941 6901020045 8125183335
1942 1074625043 3183983836
1943 7141336012 8949179817
1944 280402840 3609170976
1945 1542800549 3012447342
1946 7184439578 8395618177
1947 2846082262 3756248296
1948 7813240210 9240868718
1949 7439615226 5390125469
1950 230860290 12777513753
1951 4227628705 2868198134
1952 8585529201 5220132237
1953 1317631135 2797593926
1954 1269677161 2751836934
1955 7157723107 8370125705
1956 1952145020 3403037950
1957 7439630976 659462916
1958 5008880694 1606638699
1959 707487238 2709853314
1960 13324467970 1711556797
1961 8153964484 9600731708
1962 6481118667 6016916067
1963 5925279709 10551306023
1964 2035166661 3482256006
1965 7179985295 8391367964
1966 5597905138 10925224133
1967 -5714214975 1991500017
1968 901766853 2265423969
1969 22277052609 7055767847
1970 1197390502 2682862043
1971 -1277288107 275984987
1972 16507586369 5904525409
1973 2940728377 4346329974
1974 13801979188 5146689044
1975 9651790688 5621207538
1976 1555770088 2788685330
1977 6539012046 8600552633
1978 7106322955 2931580375
1979 1208050902 2982744144
1980 -1484515910 280074747
1981 -3545627674 -2972476572
1982 -3116251042 7901056128
1983 1528329770 2998639533
1984 4885054318 11428948374
1985 7504924869 8719171700
1986 4796481597 6117063011
1987 4001939977 5358922823
1988 -37100908 2612138718
1989 5777374350 617683166
1990 3334997354 12713747991
1991 12846256777 1336872500
1992 -3122648545 13935374379
1993 4167583508 12643933805
1994 -3145831793 6104300864
1995 4975740953 6288109711
1996 3017048395 4419153437
1997 8500940491 9651804417
1998 6797679730 -1734156403
1999 6651213590 9211902999
2000 -5260496820 8775714664
2001 1813597756 3266829484
2002 1571322505 3039662583
2003 556634737 2984641329
2004 574845918 1665005098
2005 2983442551 12202563022
2006 6418829751 11799305217
2007 8510368338 9660800333
2008 7832786145 8598699999
2009 -7754466804 9457857944
2010 10863808118 2242857113
2011 4913423010 1004497178
2012 131894423 2008861098
2013 601729718 14923204547
2014 889897240 2389456394
2015 7296913338 11603199661
2016 -4981449943 9498473947
2017 5400696028 1019213499
2018 8054010914 6541537852
2019 7687157652 8875304534
2020 6061918155 1317077082
2021 1052613449 1787188756
2022 7401291909 8602535553
2023 5278799278 1501164684
2024 3399042821 639720777
2025 12253665632 1580032343
2026 -1943037255 -574011626
2027 6589826270 -1388775448
2028 9781237250 10079909503
2029 6758408236 8829626243
2030 190739926 3757251598
2031 6752999595 13053357708
2032 8874363711 10008119483
2033 3900449427 5262081999
2034 5484985388 892843524
2035 2296753793 3731858686
2036 17427870865 10204202996
2037 9128502481 10250615043
2038 21303055887 10607018919
2039 2938556135 4159770069
2040 6243030524 2837568655
2041 7002407352 8713159020
2042 441439393 1961544366
2043 3001040617 4403879047
2044 3197660818 12765101639
2045 7129203874 8342913062
2046 12271968152 1876695188
2047 470823284 1989582052
2048 145576138 2878826531
2049 -384788732 3197999879
2050 1099215597 2073404052
2051 11353254322 5627268497
2052 -144508854 1402440973
2053 4020071962 3314645057
2054 -10723186924 6262963485
2055 6114871141 11938168120
2056 7413188239 4183910032
2057 -7459952318 1759941861
2058 6832795315 1538215950
2059 3573331829 3416805939
2060 -1235157484 433832839
2061 7312860596 8101574161
2062 7834265185 246543365
2063 18034101416 -1888123619
2064 3098861350 12503974201
2065 9753448004 5586642242
2066 7667357487 8718319110
2067 5935067736 12403589612
2068 5162210498 2210808479
2069 -2665368159 13112179136
2070 7932314990 12012750729
2071 6332237828 823514851
2072 7733102358 9327180258
2073 1701296153 13635497890
2074 7661173230 8850510572
2075 1352033307 2830419984
2076 4986872528 1418825177
2077 1209967862 2217498939
2078 7478376712 7126988719
2079 6798468167 12371520132
2080 2191901270 3631809917
2081 3233673339 12799927048
2082 7161920174 8374130485
2083 -2297679408 12480516506
2084 1223111690 3430731047
2085 5688487222 587745445
2086 9495403435 5187361356
2087 2851991222 4261658257
2088 -1338568020 260438337
2089 5678105842 1844325280
2090 -1689978868 6034015413
2091 -5028428091 4899890617
2092 7095862668 2900925797
2093 816585262 2975694883
2094 8935790337 2282292888
2095 960833266 1644744003
2096 7579635529 2978288755
2097 7034066115 8252133981
2098 14377890683 4613557680
2099 6067979624 7330308144
2100 3313763063 12999906929
2101 621745397 3048078530
2102 2790070976 12525993102
2103 6555623361 9102226029
2104 8947456184 10077863270
2105 -7689297274 3765328377
2106 540428204 3894572802
2107 14611807891 -1303251490
2108 8892546164 3629929834
2109 2596872246 12579261863
2110 5598158581 723169753
2111 774690923 1585262366
2112 1237260836 806223006
2113 7646136452 2566581233
2114 359226561 4458529539
2115 4844666386 6163040243
2116 7786860603 8970439656
2117 -7756430851 1668411432
2118 3559509177 3340356168
2119 1042820359 2535373435
2120 -4192573887 2441184325
2121 4942271127 1112273064
2122 -7378516916 -5500145494
2123 3076545294 4475924523
2124 -7789228792 6230386866
2125 523632153 4309969520
2126 1227533745 1441720661
2127 6201850344 1196366506
2128 11869956907 3332401903
2129 1025947470 2519273567
2130 6047221003 12050011166
2131 6988001546 8232680860
2132 5668909952 11104581970
2133 9490229858 750968756
2134 532933206 15300621538
2135 1808185452 2574246606
2136 10033728266 2253701384
2137 6786163933 266874826
2138 2095216789 1997030898
2139 7986554118 2274776948
2140 11074659318 5288602267
2141 -7766000936 1679698147
2142 5754523394 7031212717
2143 8988850844 5492613939
2144 9352624713 9592007830
2145 3279782797 12976219359
2146 1281058187 2762696544
2147 482670967 2000886940
2148 5843622992 11722099411
2149 1398636055 2874887655
2150 7729056386 13774161269
2151 6960376890 7317002672
2152 -1089728798 760525325
2153 5118601314 995189664
2154 11526120194 -1541509499
2155 746088222 2252235897
2156 8130472564 10977825590
2157 -7747727425 5976964012
2158 -5698799702 6562214468
2159 8546048709 9285074697
2160 6611242670 12092374651
2161 -7754466804 9192817548
2162 8343426303 9501506644
2163 -736821278 2115953064
2164 6953480551 3709571079
2165 878127454 2378225834
2166 5400955494 1010461622
2167 19896655021 9903877158
2168 -2933479637 -1846881779
2169 812173377 14993292655
2170 11829715929 5420707931
2171 -6205721043 7604537515
2172 7166316978 -2196539122
2173 9917584985 23252049874
2174 -1366624247 236316039
2175 15422992787 16256727179
2176 938508522 2435840580
2177 840588040 13040524561
2178 1609435533 3006262323
2179 705766134 3861172114
2180 19154315742 15464469864
2181 642599703 1972044703
2182 -2913729262 -2002846141
2183 -416648424 1142769309
2184 1644239247 3109238689
2185 -1622491995 11548657532
2186 536989212 2052716629
2187 -82453294 1972179831
2188 5513791739 230676717
2189 3950470800 3219378972
2190 7473458037 8280811105
2191 7265384664 6801406549
2192 8340268555 2961648512
2193 6215016301 787845737
2194 7351049990 9129026531
2195 18048007724 844035360
2196 422189200 1943176108
2197 8644689322 5378419469
2198 3541432605 3459562361
2199 10094757567 1902325164
2200 -3412677268 -1846867651
2201 8545331050 9610629147
2202 7024218487 8242737516
2203 8537761582 2018205515
2204 9527953363 10677496854
2205 -5059829386 11581926661
2206 8486472237 9637999017
2207 11333244041 11352744579
2208 5716805181 1150303442
2209 5427248780 1097250784
2210 586191618 2799942073
2211 8488559379 9639990538
2212 13854675251 1798145428
2213 1223485315 3757450488
2214 8859897210 3908208016
2215 4565527881 5896690296
2216 6818962073 9572686581
2217 11794318164 1217423260
2218 777570670 2842212725
2219 8077942006 -3975829645
2220 215017733 1745496073
2221 -105723720 1914125698
2222 7836253000 9017569171
2223 -607175030 960971561
2224 3576592403 13485181183
2225 13026586764 9629115984
2226 6363755162 3473100546
2227 6315428137 853933725
2228 10073986911 1566708831
2229 2442614126 4000837117
2230 7284211299 8490818919
2231 4991252496 2196726993
2232 12054992404 6198424709
2233 919095996 2753235253
2234 7114727308 3683727995
2235 13469466167 14392700169
2236 6455723442 -562525743
2237 3069976529 12445714981
2238 7401173689 -1979982520
2239 8995581412 10392343351
2240 8558146509 14332033556
2241 7065139131 8281783406
2242 8057389943 8832121834
2243 222572723 4050250471
2244 705352381 4190208456
2245 2178378125 3618906326
2246 9700844982 -5915246466
2247 8903877457 3111566609
2248 7587261768 8931124192
2249 8555006225 9703393163
2250 5330666060 1124205224
2251 5978704415 152640236
2252 1630664359 3613400651
2253 1203036530 1156229686
2254 6832795315 1395997319
2255 10243107891 5326055424
2256 5189702538 6492268778
2257 -11373621230 6246440826
2258 9127029056 4098947245
2259 273966508 1667826677
2260 9523398563 1023275470
2261 1328313287 3406660306
2262 9151280339 10797083670
2263 8068915286 722322828
2264 -7787023018 957125309
2265 9572631439 3304621386
2266 -275238210 1566285608
2267 9408716922 1959656253
2268 12640990877 7216125291
2269 3031768026 12307910483
2270 6389497375 9290042924
2271 9170905697 9424970813
2272 1825863645 2875966296
2273 299546882 12821190443
2274 -5283924933 -3501515944
2275 8552701387 3129951809
2276 6501786876 -1593937664
2277 5088461243 1487328361
2278 11100363528 7683069959
2279 8109828638 8731003386
2280 8169527195 7580818950
2281 1335035230 2814200663
2282 1895508000 588364308
2283 1084521000 2575163587
2284 -309572272 13114846219
2285 1904243507 13969027928
2286 925102018 13051093922
2287 -853643692 13021969303
2288 4120202019 11683594316
2289 6319619216 8383050272
2290 8335918301 1542546239
2291 20577179052 5086247641
2292 5426420157 5566086465
2293 10232832512 2967792157
2294 1108304213 3198280480
2295 5834349189 11569698798
2296 9049556311 1231457898
2297 -924202208 1369678186
2298 8381024759 3917454202
2299 6876981419 -2291822157
2300 1581868141 529841715
2301 7159490427 418880125
2302 5344023917 5546220612
2303 912652357 2327075369
2304 -7735051722 2352092734
2305 3362581869 3602722479
2306 602008730 2114757317
2307 5073544253 11051581256
2308 5595985076 726428357
2309 -1768225368 11767146826
2310 11633441703 3670291488
2311 7897161793 7989931608
2312 7174499109 2615636787
2313 576711072 2090618656
2314 7473549865 8927672344
2315 7661767737 431563653
2316 8272281634 4001522656
2317 5183216653 12325498295
2318 5853772362 7125914655
2319 5960600531 -286224817
2320 1421463437 14006290357
2321 7008638245 12688301703
2322 4068884726 2145711838
2323 1275804608 2757683655
2324 8628694295 5247702844
2325 2678747509 4096351597
2326 10016270586 496954439
2327 -3744037878 -3923213791
2328 -7021377046 -5660048570
2329 7574757002 8616963273
2330 6506647544 7630528287
2331 -8104512888 9077167936
2332 733932229 12860979592
2333 4592045808 4339917287
2334 438089495 3594080908
2335 7118731503 8332920477
2336 741097777 2543026936
2337 3115492108 13192637280
2338 9249172361 8600108623
2339 618690070 987838468
2340 4995945388 12363637396
2341 5757777144 483863227
2342 6633164313 -922595985
2343 16276679799 3078905257
2344 9665142405 5476733443
2345 9063733955 5362930629
2346 1698303774 3160826284
2347 8619329584 4100540538
2348 693970517 2611734337
2349 7998465952 9723947019
2350 1105425493 14736601800
2351 9558773485 12145835167
2352 3874635804 3146235645
2353 811083871 2314253811
2354 5888479801 1571616183
2355 5659227923 1170948054
2356 6136022881 2983638119
2357 7512478225 8382500265
2358 1446944822 2777573964
2359 19698390944 10457283064
2360 2478167606 12978874782
2361 8441818352 9595390922
2362 1534497232 3004524437
EOF