NAME : 2403
COMMENT : tspgen
TYPE : TSP
DIMENSION : 2403
EDGE_WEIGHT_TYPE : EUC_2D
NODE_COORD_SECTION
1 10000000000 0
2 8051173930 -13001359237
3 13217715543 2570682371
4 8887162064 -17482858359
5 -3477805964 1968361008
6 9244196036 2570682371
7 10000000000 3541499610
8 2460803362 3656255684
9 -1311193139 5619262178
10 3019734423 1458897184
11 9576044401 5882105321
12 10000000000 3767335753
13 18098520722 -7918133765
14 9832874760 5609137602
15 11727878267 -8060231438
16 915353589 11330319557
17 8023493704 7013068095
18 5345373196 10614243726
19 9039810553 1447949856
20 11112387796 25343354903
21 8466527562 8586605067
22 10000000000 5484851657
23 13217715543 19371534393
24 11091594719 -581635909
25 2796858720 -3226852507
26 1824985298 -3536669712
27 12129609420 -15149578792
28 8405889024 16220603701
29 9371874688 3201676414
30 13217715543 -3537205783
31 7089859199 -12811468717
32 13217715543 -10236736689
33 11334694768 -4101766848
34 8519537439 5973100030
35 2944255979 2685003721
36 9749493310 16877540180
37 17508483040 37397462017
38 2312713697 1510828778
39 13217715543 1958192278
40 9126557120 7817549891
41 10532555935 24250601418
42 6915971918 128356066
43 2216779275 69343215
44 9933075013 -7745792098
45 9776538359 2185747327
46 10870527422 -2836223376
47 6074107311 -3508120606
48 2889289257 4576649641
49 6561976063 7812361537
50 5007413365 9171192750
51 12175172818 20030735280
52 7649713516 462913883
53 5813351548 -7534157893
54 8572705027 6405741949
55 9647218400 9322391170
56 12372779225 1990537970
57 7853835926 14413332705
58 2875620832 9753216684
59 6181520929 4941339872
60 1411412964 -4656870973
61 13217715543 1475021415
62 8294470453 5904984702
63 8054291559 453433483
64 -499220476 10497814212
65 10823513299 3156395014
66 10995934706 -4100730058
67 -2080356282 6528003292
68 8090993475 -15413527824
69 3594351901 -3726257254
70 10099754103 -2525747705
71 8053984977 -13008226876
72 2741027687 -4028688715
73 2520081063 1328873781
74 5347827114 -8283733964
75 2376430300 4942077651
76 9505117877 1197223721
77 8956526822 -17663145066
78 13217715543 5807249328
79 10870527422 18334797521
80 8427718185 18129140016
81 6650803826 9238263535
82 10179965403 23586107868
83 7683313457 17835438996
84 13217715543 4296932433
85 8450372563 2969712118
86 4642081156 449329457
87 9124858332 -18100657344
88 13217715543 -9621681067
89 3008437936 3574858135
90 8764949694 -14745177622
91 13217715543 -4968524412
92 10870527422 11333453961
93 8946796504 7493019956
94 3828588419 2168393040
95 453974929 8436962648
96 -3495551630 4361794030
97 4499550491 -8590606144
98 6975106124 -12513212736
99 10870527422 242810657
100 9323092636 6637327603
101 5741383330 10532581425
102 5913964818 301865118
103 2049987207 287718006
104 7249688849 -2759787560
105 5947996496 8951198982
106 -857775186 6906542465
107 -1334891479 5988534553
108 14242264062 -31401362856
109 7816611373 18245884842
110 12025541969 -2889029399
111 5951885048 -1321468203
112 18029564643 2921604015
113 1729414794 -37453271
114 8145786689 14792846038
115 7250790059 -13229745884
116 9393196571 8464690623
117 6342025424 2592290507
118 7312589233 -11196930396
119 6593854787 465933457
120 14215988651 31192413699
121 -1081568295 5539444561
122 -4499308799 1825915776
123 -4684850479 185158637
124 7181248413 640032009
125 7314629696 7560106082
126 8569701879 6880997431
127 8256803593 8120630019
128 7938145233 1790094691
129 7261219553 -11071429647
130 10000000000 4378918176
131 5072846512 -403911513
132 -311858552 10726829763
133 4816509858 8865809578
134 7343955432 16322224978
135 -4574152966 17413727491
136 10870527422 7297784767
137 21044730691 3201676414
138 3757579166 -3506643780
139 7774102983 6805314166
140 5015743795 1206806131
141 13217715543 1044967000
142 8700231084 3825334903
143 9052686868 913348253
144 13217715543 4156581816
145 2750303404 1014963136
146 3789250508 -4232820368
147 9352053154 5566253463
148 12208139329 -17251336242
149 3305823817 1941356544
150 4741876162 388972873
151 3619720457 2010591865
152 -911724857 5758389725
153 12741501270 -3537205783
154 8264204878 6768148232
155 7041196362 1041550473
156 11626343705 -5968547669
157 10000000000 4032561587
158 8486152912 5423296441
159 8958833042 9888311710
160 6949876393 8881248105
161 13217715543 7336196202
162 10794794336 3201676414
163 8938508024 8010960619
164 9405877974 650301252
165 9280575390 16267983278
166 9206417121 16109861650
167 -12096316223 36220771207
168 -62512999 9191173218
169 5516706077 8060487307
170 8471135313 6455811078
171 -38365753 8616080177
172 13217715543 17203179434
173 5198496819 10634543728
174 6480738003 -1697647741
175 13217715543 -7189436866
176 16910479489 36270462094
177 9082242890 3620041337
178 10870527422 2570682371
179 13408783236 -13220465802
180 8189470997 -15669481833
181 3656794894 5410777539
182 8853074264 0
183 8896224525 0
184 5337512174 4608084703
185 10000000000 362621534
186 8658902542 7435822295
187 1917500781 5445691670
188 10000000000 141184783
189 2975612980 4225548913
190 5919144288 3544467710
191 12824207315 -27715675972
192 3604561371 1429347563
193 4082393949 -4994732708
194 11081241106 2570682371
195 6011570886 -970269050
196 5745380327 2165156211
197 -2921162993 5921922784
198 3627078625 2513959491
199 12687829549 -3781308623
200 9442291385 -18925701083
201 13217715543 6072855284
202 8393823925 -10405596652
203 6306967099 8260038301
204 13217715543 5478629061
205 7238429625 -3679098037
206 9462383413 22233749931
207 6593818660 12775408052
208 13217715543 1645953792
209 -3173174039 2020747565
210 7318045170 -3815629670
211 8638146453 20680389603
212 7661814385 -14298043730
213 10000000000 0
214 -174816394 8736731551
215 9237242975 21809449345
216 10000000000 0
217 10000000000 -20375247676
218 644431789 -4343792018
219 7116012905 16316181918
220 8417730062 10000000000
221 -915707970 7027619359
222 7024485033 -10493065922
223 2276452011 -4382900668
224 6693555551 -11781431547
225 10870527422 4585413772
226 8946676875 -15189153470
227 4569518984 -4495363074
228 2317013782 5518841282
229 7852592952 5054137943
230 7442716569 -4029426984
231 3963714592 1632056663
232 5623540681 -51106742
233 3836152600 2155421328
234 10870527422 -16250158841
235 8806998519 4683053282
236 9531993996 126396438
237 10000000000 -20375247676
238 13217715543 24887543859
239 8161224587 -904595803
240 13217715543 -1432516467
241 8841496563 4878609031
242 9919603986 4539662608
243 9547080540 3541145929
244 9594652457 9613696157
245 10870527422 3201676414
246 11906752839 -25331109952
247 7438714887 1267097482
248 755644331 6993436960
249 -1527137122 7243613933
250 17159791366 4200798441
251 5582155660 140046869
252 10122790183 -1263992596
253 4023941982 -1941332789
254 -4499268108 -1279123753
255 5796497458 -354997328
256 2483651182 4474807920
257 3566271055 2477447156
258 7377205460 8297411133
259 9359998564 -16198935528
260 12092382004 27190255974
261 10650834486 6356507708
262 -2555286475 4863364769
263 13217715543 5134451190
264 2234839731 1870079294
265 2630730223 783926777
266 2451949708 1541817242
267 9167178195 9586340703
268 9214312638 21766234739
269 7529561460 -3656798568
270 860196010 3380117392
271 8212208904 2330530341
272 9367416987 14233817293
273 10000000000 17203179434
274 -3620269678 3051269393
275 2663445837 3020860326
276 7515536964 -13917852477
277 7703263405 618722885
278 13217715543 36043451451
279 4667877069 -8655626403
280 13217715543 316364923
281 3766955050 -851778839
282 7005232651 3924393681
283 1590911424 242601931
284 11110460194 19531259175
285 9898246820 17070908198
286 7073662554 5178725988
287 1983522786 -869408802
288 10000000000 3823170037
289 10026190824 7325600075
290 5933575225 -1441420679
291 10688675911 4724296694
292 13217715543 3201676414
293 8453215352 18415983667
294 9087197549 -5183926119
295 5197093295 518185931
296 6989149178 0
297 12333284907 531393660
298 3412164499 3183582537
299 5744379586 -108444767
300 1172015588 -5174224375
301 10000000000 1616636073
302 6272513081 11592828243
303 6832424980 99716194
304 9338544145 16343338161
305 13124857475 -13430933992
306 6807149754 10295436580
307 18354098855 -6376345546
308 5687580374 10094327448
309 11311995259 -23785268986
310 5226887066 -229530607
311 5590369661 -1453851315
312 9459088543 3254167670
313 11783099727 -1823811599
314 10000000000 3201676414
315 6480012867 14489581398
316 3081959900 2559493476
317 327780186 -4272389612
318 13217715543 3201676414
319 -5352734766 17913321375
320 5937201624 107365921
321 8522787644 1184149232
322 13217715543 2654373600
323 7472955018 656702505
324 -3242640118 3499093488
325 5349406105 8198832016
326 3751274389 2749074
327 4969127509 212497810
328 8061295169 14683013620
329 9170859896 7244183269
330 4326504881 1421032665
331 8976258321 8866557071
332 3135363817 3004214336
333 4960851565 9845341133
334 6018172201 -1586494901
335 9498809743 -19072598569
336 9848761968 2992789083
337 611414137 8839231672
338 1929466399 6242453894
339 4174583355 1575050953
340 8931581090 -17598308338
341 13217715543 0
342 6533780466 8665037742
343 8413724243 -13887102256
344 -4323233894 4583563382
345 2017726548 1093742567
346 4707541495 147435269
347 10000000000 5018855653
348 10430697637 -9141598902
349 10460521809 -21572194977
350 3775194899 5643650293
351 5824390710 3089701633
352 10870527422 274847690
353 8445934074 5686402457
354 -2319936093 8016918620
355 9282017210 1816659651
356 3225988545 -2768840005
357 4935118774 4179099290
358 6963734838 4175373369
359 3788531215 -4230950844
360 4348333318 1277089466
361 4186816675 -6234347574
362 8644916606 -16853235524
363 2211682949 4413131581
364 8636260726 -16830737933
365 4039799621 1671351612
366 13217715543 -3567787259
367 13217715543 4958711704
368 13217715543 3319798835
369 11243325064 7019865296
370 8713669374 -14619895187
371 8973539897 7731064095
372 9074415441 7237866861
373 9995741203 4925009952
374 13217715543 10000000000
375 11447648083 -24137845733
376 14124929559 6227485499
377 9582427809 5011571420
378 2198673266 749456604
379 4936579040 1794808072
380 8567524399 723904059
381 13217715543 19587978622
382 9257927743 1623783208
383 10034158058 3174164026
384 2402749535 4613545073
385 7756313057 -14543656268
386 7802430717 14346509924
387 10108839216 3201676414
388 9300850966 4906734431
389 5462824321 350756073
390 -4263668453 1801401471
391 1660870210 -4548294624
392 6517659960 7744776394
393 8788120413 -11336063439
394 9744633826 -7976954101
395 8538053992 6103323731
396 4077266934 1741937581
397 8856075031 7104429170
398 9634367260 -3537205783
399 2417704730 4587898608
400 7970568886 8112670190
401 5240702986 8675293486
402 9896513702 -20106275301
403 9033377287 5216381136
404 -5159274260 3201676414
405 -950374084 6797398322
406 8090198148 1347319400
407 13217715543 7857634355
408 3395198804 7674284139
409 5894286418 8493868038
410 9515550382 1883291761
411 -1706639785 3675386577
412 3790475180 2233752924
413 9653601779 -19474920251
414 13217715543 0
415 5374375439 8135691285
416 3727789066 878056063
417 11436142131 -10877699070
418 8636202696 7310509003
419 13217715543 8902561780
420 2979445919 -2128048355
421 9834397346 -19944827999
422 13217715543 -3292111512
423 7494870898 181549434
424 75154220 11407976540
425 13217715543 795347627
426 5098789391 -9857617
427 9379447878 -18762363834
428 10000000000 17203179434
429 7714923385 7766378233
430 8621418601 20648864226
431 5691883920 8696869735
432 13217715543 10688437864
433 13217715543 -69384473
434 3913963466 2021984514
435 3222721097 3943415326
436 5801090117 -1214223739
437 7352713881 9263988276
438 13217715543 -20189662067
439 10000000000 -20375247676
440 5461338518 -631588265
441 10364149530 5662663365
442 3281544893 3106510667
443 9384541873 5134287741
444 4432843801 8412867075
445 8722110202 6381432560
446 -3997665574 -1369330558
447 8099071935 8189606987
448 8935064250 7119741389
449 8501732961 475344380
450 13217715543 -2347203699
451 7343943558 2654373600
452 9382944958 2946279655
453 16977753141 -26679097195
454 6684775175 8172665894
455 6330629809 12433282972
456 4321394330 1238431753
457 6902022483 525746175
458 4116737918 1674249318
459 12198927734 -26090504934
460 3085109871 3406678875
461 10000000000 -20375247676
462 -2586389484 5739901854
463 10000000000 6063543406
464 6944302750 697504046
465 6364660428 -2686307120
466 3816018736 1092925440
467 10507677324 3201676414
468 5264951493 -294806783
469 4289136097 1408980654
470 7716746071 1829675382
471 7750990712 11762729956
472 10142359823 23515236238
473 10155870558 2570682371
474 8267237111 6947475648
475 9965534899 8223147962
476 3996209639 204527195
477 8746286723 5886253262
478 9552807978 5432563684
479 7958724748 6665581124
480 17203820007 3982089363
481 -7551627208 25117687208
482 13217715543 0
483 13217715543 12550753482
484 2891716937 2094481062
485 2197351974 -1317645255
486 9671402594 -13420446024
487 7857307521 2002883235
488 7498746320 15899889591
489 6020358706 -10031718222
490 8915151034 3248747880
491 2843504983 3857699451
492 9122799365 -622680864
493 3684249591 3172196766
494 5345739519 3143590988
495 13217715543 -4679096300
496 9931094847 5396331834
497 -3386221556 6781842249
498 9707556993 2594534142
499 7193326611 -13080392005
500 9133608173 365716775
501 9430677206 5900255328
502 7358157524 -7961615491
503 9071823202 -17962813154
504 10051218570 7119233373
505 6326399847 10000000000
506 8514045598 20336707259
507 6720934812 -2992411821
508 2125284955 4594068391
509 2594034274 -394234804
510 3738996763 2322032573
511 8013941934 9624550158
512 9944560558 4570224175
513 9103406120 1650717146
514 9176112618 21694242826
515 4406460473 -73506399
516 4417228806 -7600662184
517 13217715543 -6297943202
518 13217715543 3806143614
519 7134863455 173340835
520 -2492677634 3201676414
521 7456029488 -8907837507
522 4403537729 469318259
523 8297788406 7110304374
524 8564711897 3581334756
525 2719224230 4070826851
526 3355448874 2631436692
527 3283952298 1503728561
528 8568508259 20549149179
529 4910630673 358423106
530 9782863657 -12862082056
531 8239043207 6031492167
532 9763862266 -8009928696
533 13217715543 -17399741067
534 4652558565 755377658
535 9847655647 4056856846
536 13217715543 7914108542
537 13217715543 -5127763390
538 3549447785 1763176413
539 13217715543 2625444221
540 8745055361 6670298938
541 5532428988 8776430181
542 8721396452 -17052015135
543 1474161046 6189828203
544 13206558934 -11203436137
545 11448526210 25976842724
546 8238049174 6757312519
547 5168301691 -7817127463
548 9806400424 7861539646
549 8996580401 3206038273
550 4955366112 236097045
551 7844996728 0
552 4389102486 -5791902240
553 1227931992 7872382325
554 11449713074 -21304296017
555 8862123496 8464291827
556 9142130628 4867764070
557 6654478705 6655111825
558 4127676133 1655491520
559 10870527422 4131969206
560 2799577387 2607735730
561 1339484059 -4580588493
562 2298006834 1408327856
563 9391967580 18881687205
564 10000000000 6568752638
565 1059151962 237061260
566 13217715543 326013765
567 13217715543 3283279159
568 10870527422 -22637845075
569 9015258562 8480028994
570 9251933600 3201676414
571 8715968774 20827053866
572 9295973897 21920133881
573 8578966786 882389338
574 14621667587 3977652260
575 7962642627 -4058095349
576 10870527422 -22637845075
577 11253595059 -2608980633
578 7601699091 871932130
579 9573546545 3201676414
580 10000000000 17203179434
581 -1352219014 6981435755
582 8547213750 9007287126
583 10000000000 4236331330
584 9792467113 9912956419
585 9234071692 21803472734
586 9575026992 3187563125
587 10000000000 1106412361
588 10000000000 23246944337
589 7425543459 784053056
590 8075078558 9140150235
591 10000000000 8003783716
592 2633765261 633476085
593 8694062372 1298386871
594 7916713608 1676252281
595 2179352063 -6855774721
596 4303778338 -5570135308
597 -4068008698 2083600440
598 3503363052 2726117672
599 9327436038 2884941487
600 13877505686 -3432736737
601 8220930753 -13416090422
602 4816269929 -2746812505
603 6408733434 12534811623
604 9385408527 7345097119
605 13217715543 515151826
606 6562691070 -11441300234
607 13217715543 816059292
608 5259245991 8329604313
609 7688964785 6964806481
610 13217715543 3201676414
611 7885768710 10253479036
612 318763627 7653569251
613 6593909771 4090826392
614 10286933782 4849531043
615 10103588497 5316715921
616 7926946257 6605126129
617 4893161239 158529891
618 13217715543 -6967899490
619 10870527422 5486400387
620 5123918336 9900608875
621 10000000000 -20375247676
622 6531301679 9426879377
623 10000000000 4873812082
624 5701369903 -11262565774
625 -2101400894 12337652403
626 3828653526 -3689329730
627 9829359299 2332592480
628 5970055371 -8380132916
629 4682781454 -4772073474
630 9922664244 -3537205783
631 3841125479 2146893405
632 8814324252 6463901571
633 5550976611 9435950207
634 9665967242 18925902184
635 13217715543 -3445600727
636 1606717389 1443675397
637 3418485301 726018130
638 9885342899 18200940685
639 -2243764154 1879346472
640 9792284281 3790610966
641 13217715543 7269570706
642 8785962890 15625025416
643 10000000000 5763034091
644 5827421076 -477885031
645 9129905775 671817711
646 9716758206 2473865246
647 -2577764559 4047751505
648 9094881792 5715777177
649 9052680484 20177954415
650 2199790035 5794801460
651 14079406763 -2783996617
652 8777376648 8685122316
653 13217715543 2323449617
654 6793977085 2177484629
655 5989121808 10093085843
656 13217715543 -18285566433
657 -5184154298 3114873142
658 7071299424 9501712704
659 7614382944 17469527595
660 -1362385119 6379956422
661 2915526677 268176659
662 8974982376 1422961670
663 13217715543 -19104521275
664 6734348441 -7276111037
665 2767691463 -256906031
666 4933620921 9348353259
667 9487567816 9926333497
668 5088847444 -5764129210
669 12614246358 -12898014253
670 2347529562 -4260827870
671 13217715543 -22638669452
672 8611440719 3201676414
673 3216688699 4744399850
674 10000000000 3738842718
675 10870527422 -19889293380
676 13217715543 5454326122
677 7343943558 2165156211
678 87735657 6603128994
679 10000000000 8997434126
680 15162860183 676152453
681 13217715543 3201676414
682 8914277894 3232233999
683 13983600733 -30729068153
684 10000000000 3248774891
685 9994019626 -20359704021
686 13217715543 -846239553
687 248549007 2464836915
688 9393044384 -3537205783
689 4130499983 -5119765630
690 8945247496 8147582791
691 8675847736 4186198742
692 10000000000 0
693 1191003971 -3188141407
694 4778655233 -6804393070
695 8747333798 4648833938
696 8269615439 6512939214
697 6784266437 -2605364993
698 2636390059 5609164089
699 9753790384 3201676414
700 13217715543 -22429354012
701 8246401025 8835142442
702 10000000000 -20375247676
703 16385323332 6709906334
704 9764451790 537505655
705 3298852564 3628738172
706 13217715543 2813979198
707 10000000000 -17762516594
708 5428103189 623015732
709 9294361444 4133696554
710 9395480735 6895965398
711 10000000000 0
712 10021193590 -8451222741
713 14964635386 -16983032014
714 -958407258 10522859515
715 10000000000 4623320806
716 4572586946 7183585302
717 6158527867 12552252582
718 6958135578 1972474874
719 6752068947 -9827528926
720 822936879 13278032700
721 10050421683 20010768178
722 306619336 11646203011
723 7127222588 -10744063010
724 5105742763 9673935198
725 6519726675 747010982
726 10008650312 -839440942
727 9799230340 4625238992
728 6944302750 1675938823
729 7735147219 544042670
730 13217715543 5253911358
731 5743238606 11669719997
732 15052968757 -17276568254
733 3027263546 8885982017
734 -478251844 9554135807
735 10000000000 5522178389
736 3350407037 -134907069
737 9395391262 -18803802458
738 6145021135 1186721434
739 400025942 5050145422
740 10870527422 3250378575
741 13217715543 0
742 9329138172 2882942142
743 5955201638 -9862367771
744 9662577800 4162029783
745 212504378 8369567199
746 -3605520784 2243185641
747 12502562295 -26879684863
748 13217715543 -8743459725
749 12473008266 4294682043
750 10000000000 1326061807
751 6554815894 -2506777992
752 4813758595 707898116
753 9118209088 -18083375220
754 -6744185146 -8309215102
755 5498863349 1532187641
756 6654733687 8216186771
757 -3713875253 2664794728
758 6944302750 1186721434
759 13217715543 8519984228
760 -1042044893 7025100393
761 14885988850 5571526609
762 2963561013 -3305719450
763 5187390169 -161797906
764 12650731872 -803015738
765 10000000000 3201676414
766 13217715543 2498986842
767 13217715543 8832220057
768 8674108977 7204699150
769 8319718426 6941399706
770 3186148838 6236506607
771 16608266604 -29790162121
772 -662889648 6476191840
773 -5210207059 -6753181606
774 8823266206 3694491263
775 8926158603 18106673832
776 9980419303 -20324355273
777 4732839486 9634541345
778 10000000000 23246944337
779 11506963021 -2424435508
780 6145021135 3143590988
781 13217715543 -2639848842
782 10801405644 -9354391336
783 6283198653 -8682036629
784 381229303 903443743
785 8633983765 5749923139
786 8008952720 3473120131
787 5064870437 -5705551224
788 8377234589 5988026214
789 8904557363 9818780317
790 8140671501 6573067146
791 10870527422 -3537205783
792 13217715543 -420596077
793 3972849931 1545587462
794 8383208773 1622584705
795 11459159795 19099973921
796 3992014133 2038393395
797 7810277520 1158680482
798 6595840296 677121732
799 13224282415 -16030333561
800 2782077446 5565636921
801 2446781714 -416523893
802 4377265526 -7154107134
803 13217715543 568408603
804 21594455522 -50510524541
805 9710093236 8114063842
806 5030753313 106816542
807 3964448724 8967350558
808 7541890420 14367401844
809 3937004523 -4616849453
810 9309149656 -18579650952
811 8053391090 6839234137
812 4328243774 760171207
813 635894077 7643501866
814 -2907369320 7295956577
815 8481806822 2781711662
816 9282427336 18948996099
817 14315165626 3011757683
818 8813706194 333095588
819 8803126590 6156128956
820 13916189309 -4711601318
821 5333924614 -6362874777
822 5088146558 8393634
823 9599954653 -433520694
824 4225763345 7255224771
825 7368260994 0
826 10870527422 18334797521
827 9338231780 3633385477
828 10189547417 215877824
829 10000000000 1799124523
830 4963403435 9845066915
831 5292975412 229160920
832 8211125384 -9974461885
833 -5590449491 2845753994
834 1012064104 6747845737
835 -1497047154 4182068622
836 8215501542 7016493057
837 13217715543 -31610409919
838 14344059767 6861279428
839 7421001934 13850682109
840 7576794987 547192749
841 10000000000 7033557365
842 9368396156 1200210008
843 4519384015 983756913
844 7290434094 -13332785132
845 7168685358 -3543098346
846 7556291382 240793005
847 13217715543 -22018746835
848 7556110171 875555529
849 10870527422 -19889293380
850 95189729 9828698393
851 339051924 9863974087
852 13217715543 8300221
853 10117105552 -8615700882
854 13217715543 16202575957
855 -3401997270 2508196798
856 8488270051 1069129582
857 8535041953 8816380437
858 8687588871 20773568984
859 8141680974 -13222476084
860 3093557967 122709195
861 3528645904 -7283905232
862 13217715543 1168101845
863 10000000000 2475606139
864 6078014920 12104903223
865 8252473137 0
866 6405527142 12530643692
867 5431048524 -8500035647
868 9578070282 7340439509
869 10870527422 -4257362136
870 1443042092 -725886395
871 6925178734 -12383445908
872 10870527422 6865830373
873 1135554687 7412878765
874 10156205175 3389219863
875 12665118661 -908914604
876 168995337 -4168893787
877 -14175482202 42459513996
878 8564936107 2102917938
879 13217715543 -3919896600
880 9116167979 3201676414
881 10438710202 -911035060
882 4604672433 288350774
883 5905524198 12699395630
884 -3939145919 15489176768
885 13217715543 7604925165
886 11758561984 3201676414
887 9314127059 2828680337
888 2905616629 -649520479
889 8679017073 -11078599735
890 5953331914 10247327399
891 13217715543 1874047783
892 5303442291 5479890718
893 9151338586 6697088037
894 7855368976 1284259551
895 9443079318 20183605507
896 8184430659 6715531841
897 9382185572 -18769479404
898 6849519984 -6497055913
899 -4958065319 -4943086409
900 10000000000 0
901 2072592210 228965093
902 13217715543 -16896003982
903 4593038212 -4552822663
904 14667432820 6568256340
905 8838523167 3643759532
906 8100759922 9544176817
907 7478196785 -13820801207
908 13217715543 18175058
909 8927523023 9172098655
910 -9874200108 -14770252829
911 7838715886 279905862
912 3564969953 2411462340
913 1564528422 -8412189953
914 13217715543 3363446917
915 8693135513 20784022209
916 9457033349 5645856579
917 10000000000 3081676472
918 6754678606 -2662046615
919 4187930707 616942872
920 11762811270 -7869344562
921 13217715543 -6492754355
922 9138914919 8194142715
923 13217715543 4756860803
924 10870527422 2570682371
925 9457446382 -18965090602
926 11499059761 -910635983
927 13217715543 2469723998
928 3600041470 893313261
929 -51712355 10122087734
930 13483953701 -3667764010
931 4911454569 9343827106
932 11630436658 19322620550
933 6239135288 3286847926
934 -4345070826 436156506
935 3198404893 0
936 4667070189 8484899660
937 9810083877 8748341456
938 2132680581 2092485954
939 -266942088 7224335134
940 5478620228 8158520153
941 13217715543 507992141
942 13217715543 -6625610831
943 5873311715 -1152859144
944 5357376220 -8308553152
945 -5005427952 17799094145
946 10452072711 -1194088748
947 13217715543 7974280121
948 12320777122 -3537205783
949 5341958914 -260082018
950 7346941992 -3802997089
951 7329874453 13732223456
952 8898366589 3201676414
953 -1553366444 6710025575
954 13217715543 8457318626
955 13217715543 -357734684
956 8704427410 -17007910711
957 5630113403 8756723868
958 -9898551415 9027259049
959 9016412748 2650236401
960 8308017596 -15977597604
961 4295523494 2572571381
962 15274302350 -4826266134
963 13217715543 6743246101
964 5723036699 4881262602
965 5130652267 -64498836
966 10000000000 4536537215
967 358970613 8118394211
968 4449297806 7588760113
969 10403996618 24008318007
970 3173348207 947384530
971 7394783720 54959934
972 -1170985772 10742095955
973 13217715543 1303970024
974 2964724857 3649821110
975 9952718818 -2346783186
976 13217715543 4905463811
977 6145021135 -10355729712
978 507520608 7372883926
979 -4038791919 16376167719
980 5526445431 -487363772
981 10870527422 3201676414
982 7367645561 -3900688717
983 5814880385 -1845798850
984 13217715543 -8601153187
985 10000000000 1700652964
986 4776029797 543638494
987 9848959074 2263439614
988 13217715543 2343333438
989 8233069944 5876809855
990 9161985058 -18197153825
991 9535174241 22370931821
992 10000000000 2721238619
993 7062444735 7869182674
994 -3338695908 14432688066
995 13217715543 22667764651
996 11327143498 -4105392306
997 9901048103 9345290879
998 5770047171 9141992505
999 13032671451 -28257497398
1000 7583152308 -14093592261
1001 5499089676 9133700615
1002 5362579524 -8322077117
1003 5682133256 8970048353
1004 13217715543 8077270281
1005 8519410507 3201676414
1006 -2574273619 13148575515
1007 9454783844 7888955488
1008 8177433607 6010792127
1009 8642361552 6829352246
1010 5585880460 -180315433
1011 1748193568 -1234514468
1012 7567370377 15574406560
1013 10422887878 -891515780
1014 1702431889 -8297659443
1015 2511676325 4603407633
1016 2716017877 -4681414788
1017 13217715543 5429919967
1018 9434738841 0
1019 6308275406 9508612054
1020 -4845890337 -4976220739
1021 10000000000 -17762516594
1022 4667937158 -8655698755
1023 6031773032 2835043563
1024 9055675191 5006743189
1025 13661385424 -2603548427
1026 4561098648 -3130517610
1027 -5868520430 336144875
1028 52070817 8635087454
1029 9005587946 -17790660371
1030 4663755560 724636527
1031 3729100043 35274625
1032 -757611618 9943107396
1033 5286626084 845593
1034 13217715543 806558816
1035 5147936891 -7764197087
1036 9736694681 -17119238022
1037 8886342997 -3537205783
1038 9461947528 6181553804
1039 -1485331316 5457431841
1040 13217715543 8917063593
1041 9336003861 3201676414
1042 -5173411844 2004724480
1043 2081797148 -1421847021
1044 4197343192 -5293498550
1045 8446738842 6465007701
1046 7782215871 1198350712
1047 -2424648327 12069323272
1048 -2780149313 8789583902
1049 8640286594 4878387652
1050 9971734786 3675074248
1051 6693758277 -11781958453
1052 9306369603 5728293107
1053 4084162600 9373427336
1054 13217715543 4842208616
1055 13949092876 -12129630192
1056 12690880493 3201676414
1057 6061407648 -8140181257
1058 4579816025 880122867
1059 10834963607 18288567321
1060 9644600166 -3857762926
1061 10257125234 3201676414
1062 9925930977 8433604561
1063 10870527422 24887543859
1064 9321082988 5452708841
1065 4190522712 1547716763
1066 3824269046 2175800275
1067 5911721484 -1307510920
1068 3947616405 1011558811
1069 -1368777507 5569547034
1070 13217715543 -47159107880
1071 8920558365 4761213766
1072 10000000000 0
1073 4655580093 438358703
1074 8828723263 2484326196
1075 11486387778 10658701620
1076 6162156480 12072958764
1077 13217715543 -4147647521
1078 10000000000 3410959404
1079 10634450061 1061914957
1080 5600680263 -8940927367
1081 13217715543 17597600819
1082 8160408523 14811853288
1083 13217715543 -1207405744
1084 9193475214 -813861414
1085 9547882175 2336035957
1086 8466370274 6538165574
1087 9998839085 23244756473
1088 13217715543 1589049249
1089 13217715543 6170127927
1090 10870527422 -22637845075
1091 9256715795 3785481278
1092 16783101531 36030405076
1093 -1727554401 4456396134
1094 9279903317 3577487783
1095 6911918473 13188913121
1096 6769296598 -6563721944
1097 13217715543 -1657733154
1098 12382040703 -4564584020
1099 5710561150 -186550570
1100 7084684087 -7316268759
1101 8920813956 15800321335
1102 8808765678 -17279097450
1103 14183305419 -27982707968
1104 10870527422 3201676414
1105 6546621052 9205126243
1106 10000000000 -20375247676
1107 10000000000 1952349192
1108 -2462879624 8613934720
1109 1836346728 -1343611533
1110 5081676098 8998919466
1111 2524903405 -3871502569
1112 6918055169 -2602948450
1113 6288281031 13494906273
1114 -3846201274 103623811
1115 3940021831 -7779233209
1116 -1518143822 11337432651
1117 3699321972 2390070341
1118 9610086348 16696321950
1119 6702713169 -2760405052
1120 7411514997 1250120927
1121 13217715543 20955780522
1122 8292431065 1929157190
1123 6541585349 9203940576
1124 13217715543 1626390954
1125 7703584458 4348414218
1126 3334840342 3015115014
1127 9011145013 21383344206
1128 6196380162 9614020769
1129 9740966669 16866456209
1130 99196515 922158220
1131 7440212240 0
1132 13217715543 -6187266221
1133 -530319239 9493374700
1134 2779875447 -2755782090
1135 13217715543 -26718211439
1136 6884147533 0
1137 9056910022 -17924052144
1138 13217715543 -262761040
1139 12764089736 6134422617
1140 8750876689 1841441109
1141 8979836173 3732175126
1142 -1106650216 10631767770
1143 8329875880 6490817261
1144 7161652583 568072049
1145 1555170769 6217549496
1146 10000000000 2939651400
1147 7913141896 1968162185
1148 9555573184 3969761539
1149 9855572779 19819106548
1150 2639811890 -1245301814
1151 5329868799 10905323772
1152 7098121707 -7285144696
1153 6941644987 8458045525
1154 8804909815 19876563403
1155 8831768287 1237778589
1156 -1355900405 5877253498
1157 9847604331 5819349549
1158 7153230245 8807498500
1159 -1072544693 7435249623
1160 -289880869 9458080648
1161 10000000000 3201676414
1162 13217715543 -504981052
1163 5262631293 510328325
1164 13217715543 23246944337
1165 10000000000 5251329073
1166 13217715543 10133036586
1167 2770345999 6113147187
1168 -1093765512 8879127806
1169 13073027199 -13814148831
1170 8306849510 3887444550
1171 15358865282 4726826815
1172 8870074885 7516867524
1173 6846421896 9804566963
1174 7331198839 -3818104039
1175 7536720943 1623772096
1176 6525636269 12686776235
1177 6509782378 7550625584
1178 13217715543 3651726979
1179 -3465059652 3990743078
1180 13214189576 -25615070804
1181 10692522127 24552074354
1182 304930870 8211066244
1183 9615576991 -3736636281
1184 10473470667 4676747520
1185 3800135977 2217185754
1186 4741515080 602827320
1187 9973808610 6505163237
1188 7722191596 9722143511
1189 8604012222 8792950080
1190 8725254366 5891261213
1191 13217715543 9515180436
1192 8619165864 5587491413
1193 2368400359 1189713669
1194 9127900640 7530195610
1195 6544661942 2654373600
1196 9734962424 22747453444
1197 10000000000 3309105665
1198 9667174902 3358206176
1199 6747595283 9049100599
1200 9892836970 1967678074
1201 8590672455 6831197748
1202 13217715543 -9138134019
1203 9620325032 -16834936501
1204 9404592104 -3537205783
1205 11872949080 19637867877
1206 8754352725 5176050372
1207 6824378595 7599882644
1208 9195692997 404133368
1209 3137519329 -2538898692
1210 8422722026 -16275727148
1211 9136996266 541961276
1212 4484088636 210441155
1213 6687395532 12897050723
1214 9935247616 7776388913
1215 6481849262 9954182833
1216 -4099559023 2246692000
1217 5970919760 12732298084
1218 8966647236 6986128857
1219 -5259081164 8095359373
1220 7620959377 8152380369
1221 1235891835 -4523254545
1222 13217715543 -7726574524
1223 13217715543 8750127618
1224 7839820995 -5077567773
1225 8259435130 -506586494
1226 318442219 -3670015189
1227 -2559465016 9745305934
1228 4379377965 1223851415
1229 10870527422 24887543859
1230 6526417752 8742602128
1231 13217715543 8328352900
1232 17760403326 5196465744
1233 -1305375100 11430036102
1234 7343943558 3143590988
1235 6698160624 -3216277866
1236 -3873375818 -831132395
1237 3135952748 -792389441
1238 -10484097897 -13605425734
1239 -2442430044 4582653252
1240 8293241573 10000000000
1241 9558440779 0
1242 9378383350 -8018936622
1243 1997866418 -7885132790
1244 3133972588 -5558028797
1245 9288434842 -2782772424
1246 -710985253 -8806284305
1247 3517911521 2739775265
1248 -5397142198 -2664035431
1249 8557867632 -16626985580
1250 5745380327 2654373600
1251 5001725735 -5551283039
1252 2205815037 2029248060
1253 2381605344 -2607374014
1254 -1459639308 7759810391
1255 -2865987332 6730010401
1256 8622719619 4413819119
1257 7104067012 5185827033
1258 6950947174 0
1259 9215672952 2431862462
1260 5082090548 18779005
1261 6926986870 2057058834
1262 9245881473 -12416294877
1263 8352070275 -5547692624
1264 13217715543 7201272856
1265 4874167069 -8837668257
1266 7072277992 -10609828421
1267 12294201409 -26338131791
1268 8617835753 4322445627
1269 8664136977 6519734958
1270 8816112431 4025576457
1271 1697817328 9042631147
1272 9106392764 0
1273 9640583394 943916145
1274 10975558308 634194071
1275 7574843056 8238659487
1276 13217715543 5631846478
1277 3341668532 0
1278 13536176074 -29566161803
1279 388771493 8708038093
1280 10000000000 -20375247676
1281 13217715543 617922822
1282 7199325971 434330557
1283 10000000000 9157909001
1284 12879759841 28674151448
1285 11086333189 7932573986
1286 8607272403 -16755394062
1287 9426414617 -18884435600
1288 8763439950 4903419750
1289 4698297153 -6595533501
1290 4156664311 -5187769624
1291 10035758166 -20468187121
1292 13977204233 3675958765
1293 8073242331 -10791689675
1294 4722831549 535069137
1295 248864659 12377543365
1296 5849586362 10640946588
1297 13217715543 3497148926
1298 6324086522 8231284257
1299 10348881817 -18614866251
1300 6722772613 -9466983178
1301 6173531783 8243836286
1302 7486695493 -13842890292
1303 13217715543 30417860
1304 5175538924 -141474364
1305 -5221572428 18961799269
1306 6918647590 320053902
1307 5524331973 84722777
1308 7039295142 -148998748
1309 11644393915 1540502973
1310 10000000000 0
1311 13217715543 -1637002549
1312 8798226381 3226342703
1313 -4041802343 4672733883
1314 9335448352 -18648004180
1315 1507837186 -161996030
1316 5365505020 -467244682
1317 8951791955 3201676414
1318 705965417 2497281651
1319 13217715543 16542437999
1320 10870527422 2570682371
1321 13217715543 9182820434
1322 10000000000 2817085258
1323 4579687924 -563411711
1324 5048796257 7021507080
1325 14162239790 9004433863
1326 950118386 -4357410427
1327 9280337892 21890666201
1328 10000000000 -20375247676
1329 13217715543 6480449315
1330 8377883928 -1681820422
1331 3295393348 -5734186430
1332 9226327468 2461015488
1333 4044280248 1798506008
1334 9286777220 2854223632
1335 7478956761 1715107026
1336 8954404185 5350557181
1337 8077545559 -15378575196
1338 7343943558 1186721434
1339 5066494996 45523608
1340 13217715543 12102744868
1341 6010171100 9238047963
1342 7343943558 697504046
1343 7574309902 7232146801
1344 2921206309 3297523320
1345 9629438979 -7988544368
1346 7452212080 1373795192
1347 -1622032578 4547777481
1348 13217715543 1522540524
1349 5385135033 -271374673
1350 13217715543 23956836604
1351 13217715543 8770253702
1352 10000000000 1525148313
1353 10000000000 5068570967
1354 9527117635 7506588202
1355 -5112081228 17500627842
1356 3541533278 2593066511
1357 10000000000 23246944337
1358 13217715543 9332778401
1359 10216123342 8420003560
1360 6924468156 -11748819219
1361 10870527422 10123232771
1362 10870527422 24887543859
1363 8472553846 5296044067
1364 5202554169 8582421430
1365 838070010 7351215945
1366 -2118610212 5041444095
1367 10870527422 -22637845075
1368 13217715543 3787061560
1369 7923096189 1793230788
1370 10000000000 7836990742
1371 9770424644 3765099326
1372 13217715543 -10355729712
1373 8578955087 6651627454
1374 2240192668 360374986
1375 10571615223 4551132812
1376 13217715543 0
1377 6629551439 -9528207636
1378 13217715543 -772069946
1379 8658166114 6376015001
1380 7234934975 2867858035
1381 2478642113 -3898914767
1382 3606273689 2300561462
1383 -2042871516 12237281157
1384 6739875730 -11107849372
1385 8236597316 9155108563
1386 9454850053 461091941
1387 8450309223 1910761355
1388 5661131797 6626133911
1389 8558139883 0
1390 11687411686 -7967123856
1391 13217715543 15636128960
1392 577722483 -4121403852
1393 13217715543 -3537205783
1394 6143237055 13301932249
1395 10000000000 23246944337
1396 9200122087 -8231775656
1397 6058453732 -328133447
1398 1329104612 6527104565
1399 15079597484 3201676414
1400 3020158490 -2233864845
1401 7944847799 1496231681
1402 9296743655 3201676414
1403 7138157227 -3507142243
1404 10000000000 1684993056
1405 13217715543 -4523254545
1406 11785130177 -1312691334
1407 9903461427 -8472923075
1408 9762510642 -1917758262
1409 9695211412 3201676414
1410 8418195305 2661753710
1411 5775979587 9024138423
1412 8834638360 21050699050
1413 512994188 9033003559
1414 10695250542 -1644403110
1415 9515708683 135012050
1416 6312827674 -10791877533
1417 5800074576 -1303111888
1418 560296841 -3970731559
1419 4900931997 8966613560
1420 11308727752 -2320225881
1421 13689136095 -15060182255
1422 13292365155 3201676414
1423 13217715543 697504046
1424 -3014434724 3742286781
1425 2808236978 865761830
1426 7073592823 -3152467166
1427 7680210600 1027017434
1428 8614052715 15401555530
1429 10000000000 3198473183
1430 13217715543 7572986396
1431 6823614791 83902757
1432 5552773678 9768455526
1433 8855946926 21090857260
1434 9677732455 3674314554
1435 7445077437 -213040657
1436 18039105448 -31777757666
1437 4835409177 -10219883045
1438 4932821382 757521135
1439 10000000000 5411109491
1440 8394047473 8845336758
1441 9980818719 -8381984416
1442 11684569374 -3537205783
1443 5711668223 677845543
1444 5961965861 8665473118
1445 8132481681 477108089
1446 14591180374 -5688663923
1447 4628344475 -2828668229
1448 10870527422 4409811603
1449 13217715543 10705355075
1450 6719252764 -8904538366
1451 6145021135 1675938823
1452 9553383707 2541870523
1453 8796442530 15638648134
1454 1694166469 5828684696
1455 14520097777 -469296232
1456 9412994471 16440117806
1457 8392423198 3135626011
1458 10000000000 1358085450
1459 10000000000 3321975317
1460 13217715543 22084982478
1461 10368868588 4025497084
1462 10870527422 6274035735
1463 6767338025 -2871229352
1464 11781550853 -1314798879
1465 9066564328 21487787674
1466 13217715543 -319324413
1467 8377572673 16911354669
1468 3575288049 668528859
1469 5963290997 9074819155
1470 4254475899 -3725684485
1471 6872676771 9743946469
1472 8799651079 -17255407596
1473 8817995825 -17303087627
1474 10000000000 -17762516594
1475 10000000000 0
1476 14935396714 6245159761
1477 7671690865 7264546050
1478 -176967648 8351302831
1479 5306405579 8641689222
1480 7015511301 -3296818384
1481 5745380327 -9317018893
1482 16493588539 2622707273
1483 8483809623 6245066895
1484 13217715543 2724937577
1485 9498905010 -4016734310
1486 7812282744 7448566007
1487 8860665156 8463036116
1488 8091220695 -1547179132
1489 8869403923 3547778471
1490 11177877245 659866402
1491 2034783964 5244564310
1492 7889756008 1670292272
1493 7696537847 7280939910
1494 8499370435 18161953653
1495 10859527918 -9888871069
1496 8341240228 5601386346
1497 9176088354 -18233809857
1498 3094381291 382545075
1499 12757241319 -27541623915
1500 13217715543 611005090
1501 6881461060 -3066937419
1502 8912853584 -1322132677
1503 6541736877 -106613710
1504 4291678841 -1985386163
1505 10870527422 9075555510
1506 2936190757 8601072253
1507 9022991557 3201676414
1508 13217715543 0
1509 13217715543 1519351207
1510 2320492544 312271770
1511 -1537881736 4276973482
1512 7402839262 0
1513 -663352437 9375283639
1514 9888258713 6345657072
1515 6140047390 -2855152273
1516 4247331133 -5423422758
1517 9918549579 3537907236
1518 13217715543 1517980091
1519 10346905918 -21276894665
1520 7983024896 -12834865016
1521 2624598040 1949231783
1522 8591553159 3751794749
1523 56473699 8637142123
1524 13217715543 7471268094
1525 7726799638 -12208883667
1526 7425249264 -557094682
1527 7782362687 1433914886
1528 4403940298 -5830467360
1529 8653661950 6217409552
1530 13217715543 14884045241
1531 8505732508 19855360519
1532 13217715543 6579701968
1533 -1457893877 5574533965
1534 10870527422 -636576931
1535 5491106899 -2064646897
1536 2162100442 9270957715
1537 10870527422 -16250158841
1538 7204881159 681353254
1539 3845415774 1083507639
1540 8887621920 21150552083
1541 -2595876075 -12994173927
1542 13217715543 -22500249441
1543 9229355093 9132565944
1544 1888134898 6801195972
1545 13217715543 17416556589
1546 2286367684 1780033784
1547 10743584215 -3462400869
1548 13217715543 1006977779
1549 3496508284 -2645785010
1550 10000000000 3887123305
1551 8364092344 630404110
1552 6783319886 -2777634576
1553 6208328239 8793649240
1554 16352793306 -33282961990
1555 9662813817 -1580275957
1556 11588309039 -662332868
1557 8155280087 -11491863281
1558 5307805736 8508095035
1559 4392906534 -2822854618
1560 9364018358 -18722260798
1561 9955174410 23162465849
1562 -103268113 5884267592
1563 13217715543 8260906746
1564 6645575703 9661154719
1565 8495068763 -16463764349
1566 1129349051 7200870225
1567 8628485190 7320978356
1568 7696372015 7028065018
1569 6544661942 697504046
1570 12192804523 -12298348641
1571 9518846822 5552622110
1572 -3814431368 133802713
1573 13217715543 2572552196
1574 5434461095 294420091
1575 3918493632 2528786263
1576 11858301010 5884710131
1577 13217715543 4524592413
1578 6104507752 -1626981528
1579 1117780631 -2615179237
1580 -2474200718 5539582411
1581 9233754149 21802874290
1582 7331895457 13734850605
1583 1235891835 2403642240
1584 -5185632392 5201542829
1585 11218735926 -2980342761
1586 10000000000 284548268
1587 8439029807 3201676414
1588 -1762626852 11756693330
1589 9820261557 2880690815
1590 2918036685 4280090456
1591 4908541085 -7141980815
1592 8333845099 -16044726151
1593 -6515612616 -7878446382
1594 4427865874 1140700148
1595 6544661942 2165156211
1596 9250211890 581879673
1597 8769458022 0
1598 5708158693 -1054856883
1599 9092836319 4207438158
1600 -1523861042 11347237036
1601 16088427294 -22406839518
1602 17115116478 2068021835
1603 9086556057 2078001780
1604 2266738734 -6924533574
1605 8313559028 9718793570
1606 10000000000 1630635271
1607 8983811367 5042019715
1608 9845296666 9678697150
1609 7629191610 -7362161443
1610 9700724843 2570682371
1611 6658059212 12692998378
1612 7617234855 -3898682415
1613 12976277653 -28110923658
1614 -151541220 8993864128
1615 1264487932 6552982316
1616 9685290151 -19557281849
1617 8045778021 7100310980
1618 3619790461 2526457866
1619 7653930779 852453429
1620 8136239482 8531152229
1621 8478229520 3201676414
1622 5526786867 -116083117
1623 8699960234 -16996300023
1624 -2469105624 4336171618
1625 5321156417 8242143522
1626 4318895711 505293540
1627 3320421753 4975821695
1628 13217715543 2570682371
1629 5247670354 -265171589
1630 1688018834 589301692
1631 9740980877 3512951639
1632 -5087736289 9211070256
1633 13217715543 -2246252245
1634 10870527422 -3290261193
1635 7170749132 168261492
1636 4942501634 151328323
1637 9285748407 8505766354
1638 8844079598 4132574961
1639 10000000000 614229649
1640 10000000000 -20375247676
1641 13336813999 1000464209
1642 5463941213 -6680517022
1643 4798036680 505899184
1644 3479780028 -3428472240
1645 8453672628 0
1646 13404176804 29662469790
1647 7874900460 439550480
1648 12516966287 -3537205783
1649 8437468484 0
1650 13217715543 -5039817624
1651 15858282411 -35601573923
1652 13383710506 21601740478
1653 8193105927 14854357375
1654 8440040409 6289380962
1655 -2207057028 5901255677
1656 7159735946 9790212819
1657 1307936683 1939677472
1658 -3471991140 2127751137
1659 6544661942 3143590988
1660 9818091772 4689668554
1661 5142095912 9146290904
1662 17098266052 3721053927
1663 10000000000 23246944337
1664 8807135588 5148784744
1665 7300935214 13694604691
1666 10960573596 1179402954
1667 4879059327 366954530
1668 13217715543 -18426356947
1669 -77877591 5818274806
1670 7519487518 8012927324
1671 3307357520 2516750909
1672 12852449550 -3537205783
1673 3669064644 -6228143468
1674 337972886 -5137974048
1675 4780800749 552915608
1676 -2826205364 4123552569
1677 14740100072 -5919120153
1678 7754340949 14283996958
1679 11665215345 -2296858806
1680 3107555398 3151351028
1681 10870527422 2570682371
1682 9832601016 3201676414
1683 8027860139 -4843855347
1684 13217715543 1248350213
1685 12090698915 19920925763
1686 1041906747 6947236169
1687 1688275367 57869718
1688 6521801205 2527529664
1689 1781206170 9887768726
1690 6879308980 -12264225326
1691 9129476381 6046889095
1692 10717911065 -500799134
1693 13217715543 2035264471
1694 4061575218 1046148720
1695 10000000000 17203179434
1696 9626491538 8395758249
1697 10870527422 4823461069
1698 7802161078 -9009381760
1699 9707241626 986228603
1700 6359768815 -8869104420
1701 9276271914 9319823230
1702 10000000000 1565174059
1703 2113723326 337949632
1704 13217715543 8103194506
1705 13217715543 13317750795
1706 277815289 13066136758
1707 -549364595 10966985384
1708 5600680263 11484405215
1709 2511747960 947294086
1710 5961666892 8982283068
1711 13217715543 1264913763
1712 3404795924 2788575405
1713 -2727155903 3940917627
1714 9840739117 1319469339
1715 8132607804 304970822
1716 4601035645 810429330
1717 -1827122763 5264039087
1718 13217715543 -26051847939
1719 9730960329 -19675983711
1720 9934911856 -14042279147
1721 10000000000 2384490962
1722 13217715543 -3395838811
1723 7361313327 -13517008126
1724 -5552324977 2152936316
1725 9270895553 5442430845
1726 2922617257 409862201
1727 5700609528 8285699215
1728 -3151514040 3201676414
1729 13217715543 -4239370479
1730 227572207 8231193307
1731 13217715543 4221285975
1732 9662909584 7424420665
1733 -240462877 8570872706
1734 8527686132 5801815470
1735 6564252817 8436127668
1736 8132721566 -15521983764
1737 10000000000 -20375247676
1738 13217715543 1186721434
1739 7930189736 -14995581056
1740 -1664135999 3701482917
1741 13215133190 3201676414
1742 6570131622 8353785688
1743 4746591693 -6721056370
1744 4195837238 9360694712
1745 13217715543 645319621
1746 2950796723 -85418092
1747 7730795028 -12218644765
1748 13217715543 856856494
1749 9375398609 1979843744
1750 16088427294 -22406839518
1751 8456104907 6544217119
1752 13217715543 -17481009665
1753 10000000000 -20375247676
1754 2769405443 335776738
1755 9406181120 -9528455723
1756 13217715543 13209155343
1757 9760713670 22795984347
1758 10741306665 2179733644
1759 5579924341 8554867752
1760 10000000000 5921333256
1761 6334905632 12438841210
1762 5118929602 8756114420
1763 10000000000 6686976107
1764 13217715543 -1642083394
1765 7747507657 -9354207314
1766 1865861525 1309138596
1767 9335176517 4817390061
1768 9100189575 3626997154
1769 9242637266 8694118068
1770 7324108850 -22995176
1771 2693664487 3483726277
1772 6561803085 12733790289
1773 9107800353 -15582792616
1774 13217715543 708456276
1775 6993344949 15437113877
1776 10000000000 -20375247676
1777 6346005686 -11561790160
1778 6588794451 3326684401
1779 2976981889 1958068456
1780 9236357346 10018076695
1781 9909635467 -20140380227
1782 8346029733 2685985461
1783 1344755439 -1793644711
1784 12692338299 -1586884786
1785 6912469522 -8939868815
1786 7984396589 -3706252406
1787 10870527422 2570682371
1788 13217715543 5099299669
1789 10000000000 23246944337
1790 13217715543 9113513482
1791 8662243966 4399059544
1792 7952972338 1828702230
1793 9038472874 930743045
1794 13217715543 3613381969
1795 4843241862 428377422
1796 8221815003 6013927809
1797 12506205708 2570682371
1798 9703722925 -4554521929
1799 10000000000 6408386866
1800 10750026860 4324429901
1801 6357168746 9224833068
1802 13217715543 4640080956
1803 8911873144 1915757972
1804 7954995306 396560202
1805 9590956852 1852011757
1806 9887449392 5455656580
1807 14247308508 -31414473934
1808 8204392981 -15708265726
1809 13217715543 -4791171515
1810 6491426885 9414126675
1811 13217715543 3154485674
1812 6056887596 8513296942
1813 -5300627001 -2686448163
1814 9476700228 3761581031
1815 3983906542 9101425597
1816 5864947061 6347964748
1817 9497989103 11753071337
1818 6638586937 1024511449
1819 5827034146 -7567585713
1820 7962714964 -15080117735
1821 7592088765 -132414982
1822 -1036857 7914289346
1823 9403206612 3960653085
1824 10790790756 -920124426
1825 8852217443 -17392033411
1826 13614149432 -26592208701
1827 3343491829 3000278695
1828 10870527422 -22637845075
1829 10216496404 5481479108
1830 -187224343 12067165483
1831 5720009112 6927301753
1832 7237718570 118420042
1833 7666920972 8744925028
1834 1504748330 1704854368
1835 9013216322 4563027648
1836 7097952263 10000000000
1837 6743199881 12969592045
1838 9124967984 3760506786
1839 3584512536 -815390135
1840 -2511706619 9850892281
1841 7740917828 1760759281
1842 2182633230 1008495258
1843 10000000000 3369227311
1844 -2157174226 6977181388
1845 15923549405 34410489643
1846 -3540262387 194876817
1847 6944302750 3143590988
1848 -2514412492 6172371854
1849 -1535339254 8166136557
1850 9977913748 -14143755657
1851 7550179539 790068574
1852 13217715543 -20375247676
1853 9762590199 7887923839
1854 14935174553 2570682371
1855 8388903099 18994062473
1856 5102055198 1044622057
1857 12031375563 -2202107257
1858 -2127106354 4483782971
1859 8302334387 17631537700
1860 9526462525 22354513686
1861 3190351491 3262897012
1862 5576293368 9242849708
1863 13561378314 724356661
1864 13217715543 7641662843
1865 13217715543 2311127376
1866 13217715543 2726374700
1867 7521284904 633958410
1868 13329121860 7736862549
1869 6974539259 -2322230382
1870 13217715543 0
1871 -2919755757 408499671
1872 10252752260 -21032178856
1873 13217715543 4406321791
1874 1969859055 719896493
1875 8916219741 -10314853716
1876 5998870269 8974556119
1877 8332036845 8276127891
1878 16184694997 2833850471
1879 10870527422 -16250158841
1880 6519681707 7756547032
1881 4922125545 293100848
1882 9668913001 22622976433
1883 4764164594 563985972
1884 2839972068 -2270958648
1885 2832817367 3876027500
1886 689735994 7286247460
1887 7193664989 8274246158
1888 8985896767 -17739480811
1889 8044497517 -15292679667
1890 9175990123 21694011972
1891 1113204677 13933533883
1892 9738460838 1074140642
1893 5438141799 8675405820
1894 5110824634 8274513680
1895 1440353086 -5054264376
1896 8118654534 541612751
1897 16292222966 -23385859332
1898 9870610011 -8192988976
1899 2291544792 1151561393
1900 8082749666 32670197
1901 10870527422 24887543859
1902 7309750375 13456046122
1903 6180251471 -8430527404
1904 9172644658 0
1905 6297791964 -3068475858
1906 13217715543 4815732222
1907 6775590958 8702509290
1908 9424270461 -12837259896
1909 3769437681 -4181324632
1910 10000000000 4912172380
1911 4486768328 1039689117
1912 9308964628 -1830018630
1913 1969526136 5356474086
1914 3779243228 1767910978
1915 4748682282 326845761
1916 13217715543 0
1917 10000000000 23246944337
1918 424935044 -4477049913
1919 9754377997 -19736848827
1920 -108113026 9183001324
1921 13217715543 6498204550
1922 -816741581 6718571453
1923 -4606166742 16724203305
1924 -367042657 -6693653400
1925 6944302750 2165156211
1926 2243582310 -215457154
1927 10969501698 -3353205625
1928 9716795963 5398716811
1929 9174011582 -18228412097
1930 7264461936 16732342014
1931 10000000000 -20375247676
1932 11885020404 -8603451452
1933 10339529239 9462597812
1934 1321553235 -7114750487
1935 -3398847416 2107127035
1936 1688719547 458867602
1937 7773885231 0
1938 6183931352 8130793658
1939 7710013750 -571235083
1940 7264080211 7162713073
1941 9614227536 4715182457
1942 6281033781 -8676747652
1943 -1261935603 11706544715
1944 9486684021 3201676414
1945 10042312127 5044095570
1946 -3880960470 16010605726
1947 7997221305 8497567711
1948 250243243 4965452335
1949 5331577310 -1215334287
1950 17809695949 -246906041
1951 13217715543 8537085826
1952 3166196436 -2613433676
1953 8721576277 20837621788
1954 7548520480 -14003580295
1955 10870527422 -3537205783
1956 12459813025 -4975236452
1957 6041628208 -1626719293
1958 10255503113 -808982956
1959 10564046165 24309948034
1960 7155980782 -10814321864
1961 5865729796 8033850729
1962 9976634601 -1175274348
1963 13217715543 9098965220
1964 820610837 6772360725
1965 13217715543 1430169272
1966 8143708670 -3711328538
1967 10000000000 10000000000
1968 4330328169 5195842103
1969 8535042775 0
1970 8864204126 2570682371
1971 9627992222 3365093193
1972 4459055086 676445688
1973 10000000000 -20375247676
1974 13217715543 566506457
1975 13217715543 1501095874
1976 8782772390 6305402150
1977 5518038958 -728823092
1978 2936532522 1906830861
1979 8730744234 1314442108
1980 13310124087 -25849447441
1981 11691608891 -1218033536
1982 7546673496 -13998779780
1983 6973009752 -3823810259
1984 1139995249 -2318732673
1985 5372839630 -8348744271
1986 13217715543 315821876
1987 9318840581 3653410401
1988 6262144155 -10660145441
1989 13217715543 1279843109
1990 9618789745 5947430181
1991 10000000000 -17762516594
1992 2660400760 -377405556
1993 3854487045 574142329
1994 9268456035 1199149997
1995 9463865107 20188177823
1996 9775059771 3201676414
1997 11458788139 7524110482
1998 9447666450 6378533954
1999 3192507560 2856223210
2000 13217715543 5083772035
2001 3175439585 1697080683
2002 4669968178 6488067330
2003 7647114421 8711367750
2004 6821896013 -2964790117
2005 5907771687 10080419188
2006 3761332607 -4160258644
2007 9154852813 0
2008 6780018673 9859622004
2009 16020532787 -18933224443
2010 -3414927870 6374848326
2011 -4567712973 2570682371
2012 13217715543 -3234669058
2013 8983921777 7497990130
2014 4170696310 -8056982866
2015 7719632311 -1087988134
2016 10111588141 220491199
2017 9608994580 -16807255189
2018 10000000000 -20375247676
2019 7037940029 0
2020 9349832222 -18685389456
2021 10000000000 6147801819
2022 2846848707 3145422436
2023 5932377339 4668618105
2024 5538068800 8485003937
2025 6484641020 7964989214
2026 4713487496 9122108747
2027 8740881843 0
2028 4933625615 238838149
2029 5554415800 3025812574
2030 1876789918 1263068059
2031 13217715543 431477820
2032 5084260495 15057791
2033 13217715543 16388991688
2034 12003369309 -4746388847
2035 13217715543 -3537205783
2036 9167325858 226480359
2037 13217715543 5644837677
2038 7739658142 11757019544
2039 2867603744 3816372808
2040 9506357884 9479568111
2041 8579298096 -16682685734
2042 6053446831 12072966613
2043 7324458260 2731507075
2044 1992120051 -5066115280
2045 1912160532 645944832
2046 6505129644 12795588039
2047 7913189032 6491257427
2048 6764081176 1444733389
2049 10000000000 0
2050 5902705546 -7929336253
2051 8601655461 1907408386
2052 -1152206877 8828422178
2053 13217715543 7898812922
2054 10870527422 12344179553
2055 8303589107 6972040165
2056 10000000000 23246944337
2057 6705048690 -2764410206
2058 13517837765 623419646
2059 7392805439 9933942048
2060 1566857431 -8410255684
2061 9975649556 5768471980
2062 6747834331 -6521365633
2063 -3280980039 5718327876
2064 4245571033 1217891206
2065 6575586238 -11474816208
2066 9940549825 23134904296
2067 7752763827 878433768
2068 10455458984 1325663437
2069 4093522260 849255193
2070 8812919773 9463972819
2071 8441964255 1653133903
2072 13217715543 1605748602
2073 13217715543 444558819
2074 9233613309 16206936218
2075 10125106793 5115219497
2076 3567672853 -570341502
2077 2293168346 -344336767
2078 12841924878 20897461210
2079 -760919981 6903111314
2080 7885352592 -14879044344
2081 12160005808 3201676414
2082 9566615244 -16703718660
2083 8838367442 -17356035721
2084 10870527422 -22637845075
2085 13217715543 1703328932
2086 5417873314 -8607465390
2087 9465400916 19814199272
2088 2788921971 687819540
2089 10693918858 -1955208305
2090 -3577310167 1508068435
2091 8792424558 2653274000
2092 2487303703 4566897337
2093 8217182338 -4925381578
2094 7466928642 -13791514052
2095 2337634584 1577110339
2096 -1206517117 5572335062
2097 10870527422 -4773931742
2098 9529146398 3201676414
2099 10870527422 -19889293380
2100 5217139465 8019399474
2101 2831322128 -4391709176
2102 13065709231 -891227138
2103 6066300834 6224703632
2104 4361287736 642611481
2105 2502371511 -2359669414
2106 18239171867 1955603232
2107 13217715543 2126008733
2108 9017434082 6701976175
2109 10424191840 -1378106226
2110 4870346716 -7042709411
2111 10870527422 2570682371
2112 380650325 -3561667280
2113 8825699051 3201676414
2114 7424289984 7691333582
2115 7625433865 9248801693
2116 7915698214 -14957915982
2117 881661535 2771313702
2118 13217715543 5456146281
2119 1759515178 1755145979
2120 -213159240 9099532045
2121 13217715543 3753040174
2122 9812618664 1075260839
2123 3133940303 3684135827
2124 9347656164 3937529233
2125 8521097772 3201676414
2126 13217715543 1962830936
2127 -2686314091 711955719
2128 8018437121 9119119762
2129 14290853638 -3537205783
2130 626569743 7659492042
2131 8910562719 5138200170
2132 9800375034 4218320210
2133 13217715543 0
2134 5602445103 -182042752
2135 6258897422 8376768680
2136 13217715543 5471189974
2137 8371549667 5610068143
2138 5482414501 8039090954
2139 5091587075 -724023947
2140 7229134724 13601269627
2141 7835312576 -14748984788
2142 13217715543 6649236485
2143 7998958574 -15174318900
2144 8294689937 5946461567
2145 6501928224 12655957617
2146 8347660382 2285581528
2147 16407832604 -19403584568
2148 10000000000 4248009449
2149 -4671761252 2632774301
2150 7911759234 -4840068543
2151 10000000000 4193358591
2152 8612578926 20632204939
2153 4543005119 759015678
2154 7769539697 7582140244
2155 7220822968 -3639149392
2156 7650209534 7234299670
2157 7610435042 1135862802
2158 6544661942 -11394440530
2159 4879125280 -8909985354
2160 5182677542 -153716285
2161 8325198464 -11761439
2162 16088427294 -22406839518
2163 7705292259 6708418505
2164 7677479478 -4432018758
2165 9003685139 4235339965
2166 8573627036 6530952828
2167 3502240606 1445970326
2168 15335136513 5505801090
2169 4904004838 324175806
2170 3721474035 3160781855
2171 7324999903 13725886920
2172 9231651818 3841893310
2173 14014037789 -5674574452
2174 6960058984 -13782325103
2175 5266797762 -8073129684
2176 12885874375 -13218507796
2177 10000000000 -20375247676
2178 4156872367 5210606926
2179 9695523807 6522643358
2180 13491572678 -15471124620
2181 3210922834 -3252415995
2182 9735310751 4023450805
2183 10000000000 3201676414
2184 -846265088 7127599527
2185 9277344555 4903327991
2186 5586604526 9164256818
2187 -5681177835 -158015607
2188 4340650631 952857799
2189 6751781871 -11932768216
2190 13217715543 4433152575
2191 1190006655 5084993618
2192 -2004122495 6664152983
2193 13217715543 -5007901361
2194 2963061187 3652674115
2195 11015265381 8728685495
2196 4294417245 203426716
2197 8415684301 1326614879
2198 -1306485259 6462515257
2199 4806262917 9444977298
2200 8228514593 19250218773
2201 1933889532 995851879
2202 7333689408 6756143449
2203 9504979368 -19088634108
2204 8836081787 4398749658
2205 3330719568 2691268672
2206 8632267672 5785342662
2207 9485939201 -8141844539
2208 12280357527 -19184168423
2209 -2798743966 4137751834
2210 1908564263 655291935
2211 10000000000 0
2212 10713556760 18130747843
2213 2959905543 9082780706
2214 13217715543 22034429548
2215 10389088260 -1187874970
2216 5098268282 8789210099
2217 4784818015 9355785517
2218 13217715543 114964969
2219 9805679025 3457968938
2220 3364461760 -6917323362
2221 13827120611 -27112516447
2222 10060467211 19741946922
2223 1140534581 8480822451
2224 1839601743 -40000559
2225 8621745436 3423190661
2226 6701291723 -6411533688
2227 720237585 -3084968376
2228 -3226437701 2570682371
2229 13217715543 20940187466
2230 13217715543 5894461279
2231 6642133741 12838213907
2232 7985827861 17950232424
2233 13217715543 8047556614
2234 10870527422 -19889293380
2235 10000000000 6922193587
2236 5132251337 10156220402
2237 6122407014 -1765245787
2238 8900983603 708760099
2239 8754724028 0
2240 2022931219 981431900
2241 1402124165 -1427269383
2242 10870527422 -3537205783
2243 8791131242 -17233263593
2244 5466323448 -6686337035
2245 -491614944 7056720134
2246 10899437132 -1095974671
2247 8845569869 -17374755628
2248 9121025351 -823164641
2249 4797279076 273117771
2250 14014926688 5796393760
2251 4603043982 840289554
2252 -3562223066 4774065197
2253 2914157060 9015320590
2254 6847588676 6963210400
2255 10870527422 -3537205783
2256 9388076158 7306994729
2257 8674570174 -16930308439
2258 -2855797739 19274673
2259 4924422848 289161236
2260 9462694559 4544091514
2261 13217715543 7850160569
2262 5686708863 -292900990
2263 8438068374 2324775881
2264 8867718012 -17432321111
2265 -3094064780 6442789845
2266 4261618677 1425795244
2267 30774373 8615625486
2268 5329987784 -178653739
2269 9920513369 8617426545
2270 13217715543 -33623927603
2271 2001001104 863740735
2272 4214978983 1505777031
2273 3421360575 2795852876
2274 10000000000 652067685
2275 5489809300 -9645295469
2276 7537223841 -263688771
2277 13217715543 0
2278 84205200 9233936900
2279 5001591178 156826297
2280 10000000000 1933537421
2281 5066335795 186645251
2282 5511027794 -716799741
2283 -3908095858 1250383928
2284 10000000000 906839118
2285 4534704296 957484367
2286 1761305526 5713548825
2287 9055610565 -17920674712
2288 9728837064 -17100041155
2289 9697083095 3201676414
2290 13217715543 3201676414
2291 8964826932 4861834514
2292 9340182456 5575688224
2293 7422586211 8221411589
2294 8416863678 7830203179
2295 -3034906147 4211190881
2296 13217715543 9820936222
2297 2075357683 1708873476
2298 2749990724 -1335388413
2299 7890966362 9759175039
2300 431122124 -4105737854
2301 4957439022 3551180673
2302 9456847263 4114907287
2303 1554291783 1269023455
2304 9165961109 -18207488022
2305 8578407906 7870847617
2306 8603249692 20614623026
2307 10000000000 644330305
2308 9714807560 0
2309 10000000000 8529968275
2310 7210868683 15452189055
2311 9437601089 22187045062
2312 13217715543 -17068740811
2313 7541254074 -3211100393
2314 9357800077 -18706098795
2315 9737524341 -3537205783
2316 6377965782 -4000458
2317 5383141521 931981162
2318 10000000000 4567531029
2319 8968666376 21303288795
2320 6047076258 -1299350624
2321 8346288206 -23504435
2322 10000000000 0
2323 5025581808 -7446182647
2324 8862710491 1680424524
2325 7823209410 2139059237
2326 7717521767 -14442833401
2327 -2098255409 5750923623
2328 9070787536 1390666177
2329 -1530277987 5422622948
2330 4066478370 1760438746
2331 13217715543 -3537205783
2332 13217715543 6425219723
2333 13217715543 7223157063
2334 13200589804 -28693935837
2335 8245075447 2049630422
2336 6632575923 -2970733129
2337 7815812376 860739906
2338 10024952451 1276531723
2339 10000000000 6535565335
2340 8655002126 20712155873
2341 9782286405 3201676414
2342 9091412949 6832314088
2343 10870527422 8198029380
2344 12859021842 1019121090
2345 9578027960 5782839248
2346 -804336945 10113334785
2347 10000000000 9063546892
2348 5000437045 158805505
2349 4853639658 410546381
2350 13146550685 3790055880
2351 9058452149 -15462230515
2352 9000132197 4232434120
2353 6604839707 -9467834651
2354 2166290196 617385508
2355 10000000000 7499277431
2356 5591077987 1191066459
2357 2868899307 0
2358 10000000000 1169144682
2359 13217715543 -18902471062
2360 9385594059 5377235650
2361 10000000000 17203179434
2362 8321264737 106186235
2363 13217715543 -9939593927
2364 7214517778 13952358150
2365 8687773211 20773916394
2366 11835698415 -22247292921
2367 9584576354 2043582473
2368 13217715543 1666268303
2369 8857390966 3615385419
2370 13217715543 33042555
2371 4822583983 7564306164
2372 8118190991 1687866272
2373 9857104518 3201676414
2374 10870527422 1006484119
2375 5853386408 -648042214
2376 7523785958 1190232294
2377 10469472031 1854258081
2378 -2096705623 4711680971
2379 2810788474 963837515
2380 9170285290 21683260621
2381 21119321696 -6173524280
2382 8831511589 -17338216597
2383 8609068744 -16760062952
2384 10684845779 10561505912
2385 10000000000 0
2386 8316738644 1149489459
2387 10048744432 -8498469312
2388 11708324541 -3179428750
2389 10000000000 -20375247676
2390 10729318877 -2438247624
2391 7630992790 628120684
2392 9087215460 -18002819342
2393 9263047893 0
2394 9636164254 3201676414
2395 9578369208 -3537205783
2396 5765501046 11698659441
2397 5328231503 10281359556
2398 19830567669 -40383813872
2399 9583961421 22462876340
2400 13217715543 131264668
2401 8555465746 194275043
2402 9325467872 -2760966977
2403 10177853608 -3537205783
EOF