NAME : 2433
COMMENT : tspgen
TYPE : TSP
DIMENSION : 2433
EDGE_WEIGHT_TYPE : EUC_2D
NODE_COORD_SECTION
1 141593751 3034929516
2 -6997478171 -8680506632
3 789272669 8686961469
4 7849412711 6462621709
5 7705446647 10607966691
6 8164022651 10520698910
7 9483297649 -1050474439
8 9623884666 11722329223
9 7222518307 18059202668
10 2758499900 5345870235
11 7042644384 -9220429356
12 3211059210 -12941937483
13 9802187885 -2223591145
14 1721257369 7900650136
15 -6997478171 24380857068
16 8275667922 12284071071
17 338812224 9120007180
18 9354117135 3011457482
19 -387299799 24380857068
20 9507844353 -2425669721
21 6294088777 6437091573
22 -104969211 3714390379
23 1333824996 4898679522
24 6529817021 13657411577
25 -6622416848 14917265834
26 8007752386 10392070939
27 6256463070 6071509927
28 7620827531 -12514994548
29 -6889039956 -2102249042
30 7918360026 -275057330
31 721769180 2828873623
32 6037957431 -11266614031
33 -42712212 8042736363
34 -919090131 9198300777
35 3618715848 -4500731472
36 8554161326 10841826834
37 13574086703 1692869390
38 7507975107 6846090677
39 952321803 3770467950
40 1342473718 7553183089
41 1616958632 -522605890
42 8836927366 6714333407
43 703976509 -7101453022
44 3984589588 1586994847
45 8539309019 1894786034
46 676901114 -7995619675
47 1924424974 7710764750
48 583635467 8124340082
49 35623084 7960891001
50 788893015 9911700480
51 9437866890 8660066709
52 5428869097 7331216481
53 871820819 4518398222
54 7755136105 10522770551
55 8660999820 -1454294195
56 9881885075 14292545381
57 1114963560 6833187203
58 5241621110 14334263967
59 1269392114 7064340855
60 8523053408 766423968
61 6233231960 3919350376
62 9223946260 -2100023574
63 491002286 4204941821
64 9256881505 -814573321
65 -1029595313 205335954
66 5532184605 6093371562
67 1364171414 6572812789
68 6269999159 6044078760
69 3487272760 4354579056
70 240910835 1691836114
71 13791084615 2711415716
72 8127819740 7247651615
73 6459107921 6166591222
74 3878422788 4416112945
75 525063948 3761447238
76 7054943820 -1405004326
77 8101307089 6332405676
78 3363533939 6754654424
79 6069043597 6353408594
80 3800691694 5364575409
81 3747889255 4410151863
82 11741948349 9473442751
83 13707376439 10862318743
84 1265085454 2489413415
85 5525525473 -2121623816
86 1877005981 8157330252
87 -4713722647 -4934635008
88 4832162259 2688640633
89 8496216328 6533594762
90 4044506119 -1847881619
91 16027107490 7169995629
92 15022173700 32725909385
93 8119743392 -485464325
94 -145679921 -20362847934
95 -1700732852 2400897771
96 3530224186 11116101689
97 9569199560 1311342918
98 7348304111 1126334208
99 7707485248 6975341581
100 4044049508 3772854135
101 6242640610 8939185807
102 3534107666 4030353612
103 9850708370 8109404288
104 8341065568 10666425104
105 -6997478171 6469542820
106 2249923744 6325120965
107 9595230296 -2027065167
108 2587914646 5294235805
109 1634947881 3831729788
110 -4377272964 -1964879721
111 9216207358 -4793666138
112 7486530579 11590607830
113 -3631804989 6372723931
114 4096988777 1040402757
115 6206475475 1879996163
116 2259334185 3245186252
117 4034081560 2673923789
118 8181672637 11123710621
119 12719686177 10263716546
120 2966273581 24380857068
121 366139537 2128751363
122 10113704367 -2740875953
123 1049019806 4664252880
124 7950095178 6330154470
125 15022173700 4766917635
126 15022173700 6520511834
127 14284426462 81395932
128 3617615287 1819716340
129 7878266856 11156734216
130 9828645216 3310802855
131 1153353929 6793076630
132 13068998370 -5656486596
133 7851555301 10263503205
134 2140279773 5761928399
135 7201055088 18018842585
136 -5223411180 6074376739
137 1108203394 7097240439
138 2357743968 5682613050
139 -16892942965 -10038818904
140 2610587619 9546616787
141 9603649311 -2035861424
142 1753553480 9304908215
143 3224966248 4090486525
144 15022173700 4987805864
145 141503229 2285985176
146 9292616576 6597630431
147 6576329181 6449763056
148 5631830130 -23328835492
149 9979602934 8824976393
150 2622169551 10792038227
151 1412534925 6522282195
152 7082739646 -9138769780
153 8152155906 -870623277
154 10710090542 7846270256
155 17539996531 -13957760061
156 3427527546 7820243377
157 -8430922141 16806807026
158 -4924323722 -6654275243
159 1881718362 3201169332
160 705678591 9533153083
161 5261111681 -12941937483
162 -6997478171 24380857068
163 604324003 8532509934
164 15022173700 -253601274
165 10313014254 7580973940
166 6283387316 6052752161
167 10503218722 24041470370
168 8134873972 -501272879
169 -632053021 2982710068
170 1460648767 9102437070
171 15022173700 1426709053
172 -6997478171 -8680506632
173 -11651288330 10141701007
174 1206893606 6593654868
175 -6997478171 4068641658
176 6134601934 6407582455
177 9715507066 14076718136
178 1603877416 24380857068
179 2466464607 5421127804
180 9870996358 -2842224303
181 4485982472 7493258967
182 7608286703 6911076670
183 730180751 6533329633
184 9135878060 6318515751
185 2524186832 3302208649
186 10142423111 -1483230136
187 2592698112 3734738598
188 -1035825917 2948190817
189 -4373589298 12567672331
190 3795634771 4032399894
191 9296972302 8204048837
192 12250985111 4983287079
193 -3684685746 -1944168775
194 6611973517 3791757533
195 8679996796 13564637070
196 10666180954 8888441561
197 -10206253581 -4600100567
198 8126073593 3277616580
199 -15663793357 -16129562938
200 6237688916 588624684
201 -6997478171 7780868046
202 819882306 1910272840
203 7388186038 3228432666
204 288032698 4037875066
205 1085761829 4657564365
206 6765639631 929314410
207 -6997478171 -8680506632
208 833693361 9301183122
209 5957597966 107160501
210 7797210833 2988139702
211 1398971094 386670686
212 -640164950 10153034431
213 677254929 3012114654
214 -5676582581 1933323531
215 3105450117 9711735825
216 2894383623 9804055266
217 7337456201 234330371
218 -7279556330 5101099868
219 1729726882 2493988345
220 7905980796 -468851450
221 6571708681 6404493819
222 10605191578 -3082281013
223 10927675334 -12941937483
224 9316078827 7481620807
225 297878633 2345527784
226 8795377422 -12941937483
227 9796368345 24291536688
228 -6533348498 -2264669872
229 5637586301 13082608044
230 -4319079201 12510719734
231 -16034695380 -16155759080
232 10205707315 24036917102
233 12237298519 -25827545454
234 464206444 3480820044
235 13572114042 19079547886
236 -1018978969 -28451530966
237 6311770512 954429872
238 861707476 7097791240
239 12612439802 -12941937483
240 15022173700 632482895
241 6129120532 535734717
242 -64739524 3059430514
243 10426635651 6701687062
244 11820087984 -12941937483
245 9274799013 -1380050726
246 6845385986 720428132
247 3255392574 2814176647
248 7080330175 24380857068
249 -1907267060 1796909066
250 2992015678 11428518732
251 -855384914 -12941937483
252 4010602841 3807799488
253 1356004423 7703581536
254 8468375795 8041280200
255 -459496425 10284094283
256 9183743416 5626349528
257 685693167 4255438866
258 10081055635 24076220060
259 1335609693 6602654310
260 8754377911 4079292969
261 2747759044 3762226232
262 1750369136 7543992644
263 2317986804 883503983
264 5095545085 7016060168
265 7750449182 -12888785444
266 -1414528180 1363903897
267 10360294167 -2236070747
268 -6072591383 -2510296062
269 7785582632 10571546439
270 12981891398 737570499
271 6900536080 6452566603
272 -1116576380 1883351364
273 9082686894 6439490607
274 5052325695 65599135
275 8270796217 20030415995
276 -449659021 -4856378114
277 -6891032268 -1865388043
278 3601742135 -2927571809
279 8421758751 11255667357
280 6956410139 6885744973
281 -1781155880 2334700591
282 4854306377 -13552935055
283 15022173700 -22348700243
284 1473112606 8768920537
285 5901090398 7980347456
286 1509107551 7508004629
287 680081490 2486375065
288 15022173700 -1880926295
289 9697182811 8264349789
290 8245228641 10658700609
291 3302619637 24380857068
292 3093452417 5339102294
293 -3333486692 12300043385
294 3865012131 -1381533271
295 6381971461 3062927573
296 9288753473 -2174360880
297 1013112715 4292912883
298 9408794029 3600388562
299 -1767397410 2233104089
300 4226523597 4288126246
301 15480213122 -2458291199
302 9776832783 -2734213696
303 -8571744508 -9645690386
304 8480673857 -862567441
305 7842370162 8051060322
306 1161457418 9487181077
307 9217573212 7953638894
308 -4618879072 -3019532006
309 3879998663 9593134298
310 8846260487 11752492891
311 3335780093 4512859840
312 8890361108 2551177849
313 1132011958 6312215302
314 -10149392241 -11692231052
315 9474934372 -2387920231
316 3139569333 7529016351
317 789927473 7986524523
318 5627074909 1364771260
319 359981913 -8095353835
320 9188433360 -1602040385
321 5493916053 2258021655
322 6893932816 8896006759
323 6439106485 5718577215
324 -8442239612 -7365490793
325 -10727481118 2848679135
326 1444994455 8953884707
327 12417611403 423193706
328 9154675398 11336117325
329 -3230305504 -12941937483
330 15010497984 4311189034
331 873014787 9413129103
332 13698073421 2942829871
333 15022173700 4900510115
334 12803942565 28554680805
335 4940832756 2835887628
336 3026677174 7679878529
337 3576462234 -4982674653
338 -1900566627 5228330981
339 2695395600 9655752120
340 9372194004 422767158
341 8799163591 -1460540068
342 5564290004 -1337528759
343 7147732876 6612710891
344 9830539816 -518816794
345 -2710060292 869023352
346 1417490387 7121822730
347 -6997478171 15309132987
348 6340138451 -10651180366
349 2879396132 1010552993
350 9430850088 -2337353222
351 3884144255 208108329
352 3879503473 11772896972
353 -1460817550 -822566609
354 850814766 2041274912
355 -1275403498 2375586167
356 8563044215 -12941937483
357 8365629883 9983891884
358 4015652476 -1549304338
359 7729026287 6989296756
360 -829118624 1711808178
361 1481141834 5704481822
362 1729718595 1610511662
363 -6650593176 14946704694
364 2787666649 9874353507
365 5029562395 6151338410
366 -7220279658 1886689953
367 619456033 2682203673
368 8387786040 10848131333
369 4223956651 440397150
370 1686647914 11940684868
371 9110794472 11663279624
372 759251020 7204838588
373 970489030 6783528825
374 7977156731 10366887281
375 13159611723 5572578013
376 -6997478171 9903206753
377 1052686500 7167196903
378 7577345024 10068117409
379 8571101801 4761544119
380 10156552351 5165383693
381 4266584936 7475927630
382 2301729788 5478734927
383 5072979794 -6497380130
384 -6997478171 2641283680
385 -1871831437 6322095617
386 -6786031759 -2163725186
387 -3064125974 5251128654
388 9025931807 11230146898
389 10976785794 24917945233
390 9816349355 2254751976
391 6411095550 3485043219
392 1388302247 8110591226
393 -3172376182 335715194
394 1053532814 24380857068
395 4859503246 8993763055
396 4128057549 12240285538
397 -1693461862 5014684869
398 8280412177 1875081851
399 1190321152 7429867366
400 -667379251 -12941937483
401 -6997478171 2430918547
402 301320682 1814756702
403 4377648107 -1543118068
404 -2660051301 -12941937483
405 10531445536 24093712374
406 14739079763 20593347673
407 575247425 7984667790
408 2557341018 4019966854
409 -132807207 3691476583
410 -4115368817 413381319
411 -8597376528 16980719937
412 726844624 -4849722636
413 1515747152 9190859373
414 10000000000 -12941937483
415 92386650 926140838
416 660248433 8670584240
417 2538678536 9297114408
418 9759590877 4082525388
419 8373198687 24380857068
420 2546590544 1227163388
421 8193890685 4160784590
422 8086249045 11479440772
423 717761606 -7343848045
424 694955814 7892150038
425 -9221723097 2651811617
426 1839540291 8900334683
427 6630628350 -1191495024
428 608701419 6007579485
429 2506840813 9493899099
430 -846710011 3103854437
431 4925928188 8236558972
432 -6997478171 19471159814
433 5709290518 2548944118
434 4568833899 24380857068
435 548516842 7265329449
436 6115427133 -1872038737
437 5797095946 1150272996
438 -217346044 3621891630
439 962610779 7283581250
440 -9745302882 -11168042231
441 -2664086390 4671581771
442 4606242975 -159223601
443 1487818021 7401892354
444 4898896536 7833133593
445 -6878948303 -1861354820
446 -6997478171 -8680506632
447 6462690939 7734735491
448 -3700283661 755042998
449 -6672946597 14970059732
450 10381844716 7761930529
451 5524707168 2225850845
452 -6462709718 24380857068
453 7155122697 17932469935
454 8424838605 7607502779
455 1474619987 24380857068
456 14886056946 9466501345
457 1540976297 7480087784
458 20255220589 -13164710621
459 7955537416 5368551993
460 5779767232 4520514151
461 257479405 2131080504
462 9600383378 3893793243
463 1500750076 9119076565
464 3095464911 5252183864
465 3675089380 4158346709
466 13892566188 -260504886
467 7947053420 759928443
468 -25383540 8024631224
469 14413488790 -13483922116
470 13305501886 -738051824
471 3662430625 4171572680
472 8834272578 7470442240
473 2554307330 10028181741
474 16375379986 35270519206
475 1611626502 7656735246
476 1250600168 7029560844
477 5929062373 13315672481
478 4345325947 606781829
479 8946541426 2977294432
480 4806263356 24380857068
481 -1613073740 1188992333
482 1449130361 7939995786
483 4235920317 1762462055
484 2528006238 9027928181
485 989691248 3512503555
486 1515490865 6414712984
487 12837152939 28617130591
488 8719162649 2716244601
489 1288123046 2647974229
490 -1895499515 1718925516
491 116954657 5243375448
492 2376258285 5091755245
493 426658706 1536829883
494 12993415943 -5577517455
495 6861164401 6839195507
496 71834640 7923056871
497 9540845877 -2463524218
498 9100953232 6070312346
499 8947255171 11502652756
500 -3672530287 -4323022502
501 -1618402869 2468664589
502 -3390881635 1009715597
503 10367038890 23789429621
504 10919663184 15638761686
505 2556105884 10048426242
506 1356160171 7664100352
507 108641788 -5092061645
508 918262168 8038206890
509 13283998085 11787668210
510 -864256390 2605354339
511 1624631511 7886000348
512 6813998199 5737553504
513 8150154857 7700636264
514 8157478712 10515312513
515 8154722395 7565069343
516 4080244057 4562920340
517 7342158972 8325043646
518 -1033923346 2916239838
519 -145679921 -20362847934
520 -8353633708 17087659916
521 4450355607 85655984
522 1013320976 8059786963
523 8876338324 -1275960928
524 -8408641131 -12061096004
525 -6997478171 7282951364
526 9700545298 -2646707911
527 10798979698 9522316362
528 -7058906791 1495537399
529 -11083346070 16240974918
530 5376857158 5267009699
531 15022173700 4540274154
532 14461843028 10901510686
533 1123176356 9021944301
534 2458811213 1978111428
535 -1754960894 2356262005
536 15022173700 -306353481
537 -1295714031 24380857068
538 2265531201 5446365
539 15022173700 -4678681315
540 -8021965341 -2392650161
541 3896024078 1301681047
542 7983895110 7154411299
543 -8216709509 4635679157
544 399096489 9886162157
545 9146416815 1318766067
546 2558732170 6698666615
547 1118394892 2522040407
548 688863742 1869500082
549 8938239519 9076256684
550 5686578128 7396415006
551 -6443222407 -2188619964
552 444932261 7533241410
553 715524170 9279631196
554 -6997478171 15309132987
555 3099851962 8768897170
556 1205522924 2417869246
557 -1667889961 -482710847
558 7147521217 7509921815
559 6790803841 903022637
560 1439801639 7379733699
561 508200362 -9327952803
562 -6997478171 24380857068
563 9784590923 22877001115
564 15022173700 32725909385
565 4605221001 -3818868100
566 8215488492 11402631189
567 -10446859820 18913075278
568 -4300905468 -398282677
569 15349623183 24154048886
570 3133344424 3866176453
571 4314234880 1019314455
572 -1079745543 9888196020
573 945962497 7655892584
574 1278003850 6662841368
575 1701426592 6230095359
576 12886520286 495389575
577 6459415558 6354910035
578 -5257439062 3744224299
579 12636171585 537866961
580 15022173700 -946854571
581 4263511668 -4157089060
582 15022173700 7093268461
583 4548380786 -1715363287
584 -2872856944 6213586883
585 -8843626455 2104541366
586 -2243275480 1954324285
587 9408503729 -615680001
588 -6590631552 -1994436269
589 9206960322 9428503091
590 3775906802 981551590
591 1986304817 5922802698
592 465888498 7511346161
593 8505852969 14303246413
594 3300827453 4549378646
595 10392423659 -908876255
596 -10909433481 4178014270
597 4927713231 13743982145
598 849543928 4489879017
599 14126951148 31042505958
600 15022173700 32725909385
601 2894745792 3595366321
602 -1600096622 -2822032126
603 8056262927 10432000560
604 6735247466 4630927657
605 1535748305 7434910527
606 6868655299 -17267729513
607 7408590780 9911547483
608 2572792521 11271726075
609 -1434621336 1250577034
610 4751320090 8433530996
611 5791782407 5814639574
612 -8181334233 5604153877
613 8640854151 -1907714987
614 9314476140 -1102213963
615 9079664996 8392201606
616 7868540890 11027516422
617 831939675 8750090645
618 6320669407 9076256684
619 -6997478171 15309132987
620 1819537953 3112100880
621 2236846414 2744864824
622 86720105 3872172204
623 442160384 -5494668366
624 1243347531 -3351327026
625 12054760208 8146503463
626 12799798749 508332134
627 285362361 9394209929
628 4536344802 3258499967
629 1249523991 6213661497
630 596044594 3079979610
631 2939857044 1814333119
632 2764734623 6401964428
633 -6997478171 -7603536100
634 -287304818 3531020858
635 -13010938 3460223291
636 9031608453 -1438188434
637 -1186824712 2537663217
638 6902250652 10016647000
639 -1113427937 2183674504
640 9890826838 -12941937483
641 -12042383886 -1725519211
642 3638490915 -2082790752
643 756378081 2269424846
644 3128168191 488443561
645 5939087036 3438428351
646 5650999536 -1055001022
647 750690077 3084614900
648 2203398342 3304107810
649 5197623628 7950621580
650 895279527 7603061331
651 3091411113 4768178558
652 7774913362 10200418285
653 5928412070 8133334861
654 8963750961 8028669750
655 7700417008 -47348673
656 3265109167 -12941937483
657 7030785893 652287417
658 -5110319124 3307256695
659 5282867566 5670731982
660 4246499601 571545009
661 8619287020 7566044404
662 2035956891 3605645107
663 4074027383 2652573454
664 3111779125 4746897892
665 10296159938 24220839250
666 10593814147 -3070393780
667 6938697858 748501752
668 6959722617 7814058840
669 7637866227 18004895
670 4582844669 5659304289
671 2452997055 6310022908
672 8855077919 6716404458
673 7600444989 -350155075
674 -9061154941 -3657555844
675 808578222 7153301122
676 7466801168 -7320515335
677 -2353693784 781035401
678 940955874 7787904577
679 -9121973168 17528822818
680 8200421325 10891818453
681 2901177102 6188786247
682 4311688965 11175222952
683 -1857798810 2127740052
684 8438384393 5566609420
685 3242803427 5679869509
686 9403608213 3393322601
687 9775605488 -2215522649
688 -615672740 9186540509
689 6365909507 6140121129
690 -2951914140 893329323
691 11783216555 4602098093
692 7140348605 17904688288
693 2973512824 8530162374
694 172333964 9279322847
695 -7656910555 -8458958488
696 3146085350 4020278454
697 11003252731 -4140982325
698 4561875821 7063258790
699 1908245354 6004359866
700 -5762261416 -1337952175
701 9352403052 -1773357267
702 10698796688 8913236600
703 5642873246 1432882801
704 12463707502 2408195338
705 15022173700 32725909385
706 -3596405068 229447580
707 8464829833 6199851944
708 9615680451 9477293121
709 4741860406 1364205342
710 1383205924 7494614173
711 -6408553641 -10551455080
712 9342403946 -12941937483
713 -6063731801 14333547107
714 -6997478171 9200651258
715 8299623832 7515662070
716 10124822884 4969213318
717 2063173521 16530885382
718 13137568403 -5728129130
719 10293116292 8650420095
720 -1153052093 -12941937483
721 7200794599 8908785756
722 4280297358 3526020441
723 -243104488 24380857068
724 7486682018 11299169823
725 6289157721 6056490467
726 1010874653 -4366322415
727 7700869441 -47821379
728 5956818896 6302357751
729 5559540463 -2100187213
730 3909514111 455086410
731 4931945735 3904718211
732 -8414153573 -12076705832
733 4952991756 -1733281814
734 8642596949 168573991
735 840040917 9565908778
736 2249672366 5652524715
737 295800096 6659576210
738 13623471440 -6235804616
739 2345730523 9031333399
740 446545477 -12941937483
741 1244961485 5183250129
742 1437178566 7372052080
743 9811906514 9361301416
744 1181672303 6763489360
745 -1430070994 131038489
746 8065716149 -429016217
747 -1232275289 24380857068
748 4257853620 4508219959
749 1037702990 -12941937483
750 2007081824 3282384957
751 -6143480205 -1958795157
752 13594492611 30041254900
753 6624872556 6518979185
754 9186564049 -1600087314
755 10531445536 24281409004
756 4144655852 4667193642
757 6639891181 1060697424
758 1941600313 1645724831
759 570108263 2840477441
760 15022173700 20960580005
761 -2549469400 -1553132982
762 -6997478171 -7603536100
763 -6997478171 15309132987
764 7303236587 5454072058
765 2091743132 2202324382
766 -6997478171 3000045501
767 12657728076 834867357
768 -5676978756 -944088573
769 13030611474 412380757
770 -6354250051 -6769134049
771 8705055291 -1097003007
772 -3195486603 5903963677
773 3778426697 5499937298
774 482359566 2948288719
775 13433853260 1527800553
776 8139731529 10500704589
777 6406422778 6790347242
778 9114141504 -1524419643
779 7680819062 -26872579
780 8233892705 6637681757
781 -4193621708 12379640714
782 -6997478171 24380857068
783 -3116732319 520386361
784 1351414471 4913157635
785 10254275534 -2715641047
786 705629682 24380857068
787 6707391370 8026953682
788 -8279120576 -3013853775
789 15022173700 -1663260806
790 6742849430 6327852966
791 704763934 7959343722
792 7490308228 6950540280
793 6194922254 7911583481
794 13550066157 19050947145
795 5886405962 896446700
796 1210716762 7554155839
797 4820128633 -82023074
798 -71489722 8873690060
799 -173132392 -7302830307
800 3916899830 -12941937483
801 -1049211408 2721101036
802 -6997478171 -7603536100
803 -10594039813 2418464377
804 889735030 3491308812
805 17053931473 -13441572872
806 -8859536316 -11794990937
807 6233467957 2755173612
808 995687146 -12941937483
809 1009430669 3780108775
810 -5185235004 3861053317
811 4174674029 6429638224
812 -3550678316 11707888175
813 319566925 1903699266
814 -8383837794 2184885115
815 494049158 4541281103
816 -6997478171 2495711730
817 -10224721819 -4569232724
818 2357467003 5535009396
819 6406298424 2463375150
820 1123239947 7298134600
821 1506148182 7502527449
822 7610868063 12411491564
823 -5287981310 3648841741
824 -7614655889 1460335114
825 5569496744 2179054328
826 -6766809703 15068128676
827 -1269684660 9936726817
828 -6997478171 7666468717
829 3045931509 15561898605
830 6418761378 795259953
831 1613026074 2264774524
832 -6997478171 5651645216
833 -10253269648 5514383152
834 292514797 -12941937483
835 14393053137 -13502118411
836 9055050455 -1906291142
837 8089236759 -338715053
838 -248233821 -12941937483
839 -313783530 3542512754
840 -215478345 3617258681
841 1284244491 -10071559079
842 -6997478171 -8680506632
843 7632341240 12704152951
844 14388577119 -1807971577
845 9457201545 11585130304
846 -6997478171 7038048224
847 8464013190 -1228340099
848 15022173700 7333973166
849 1462868012 6784294913
850 2542891867 1407538156
851 -1420984554 -5720451515
852 -4808909934 -201090524
853 5778691987 122209439
854 5392735940 3535217551
855 7160762657 1512513915
856 7161893926 4896950151
857 12843247000 -5420619709
858 -7721103236 2602223223
859 15022173700 1914390425
860 -6468172396 6876991052
861 219215346 7769072298
862 7545741554 7773353639
863 1728734874 5102185995
864 12709780802 17960920446
865 4074387201 9560019960
866 8168444146 11815572795
867 1507262992 7488700411
868 4529490193 2808880514
869 3180353974 4263248033
870 -6813805518 -20689572945
871 9663964645 833865005
872 7994623436 7030986216
873 11696488901 -4222477424
874 8648887244 11589964638
875 146881124 7844647687
876 2367148402 7921522710
877 4759440279 3025407979
878 14390276634 9287562633
879 6341749770 1372198021
880 -5071670629 -5015963740
881 504189138 180850322
882 7117428700 -12941937483
883 8167476352 24380857068
884 -5636240580 1541987297
885 6193598040 5616561976
886 8577430034 4802181134
887 -2224500861 -4745730989
888 4027029370 -2035278925
889 10301611573 23849222305
890 196392860 8775936223
891 -8845995892 -11769930408
892 2949567246 9060086377
893 1217579384 2526176989
894 -2771475622 5387320700
895 8387091052 -12941937483
896 8827668470 -12941937483
897 -3399823169 -4661157401
898 9427199236 11560435036
899 3237850717 5322151505
900 11054256475 25264518427
901 3308232069 -2761439075
902 7137425793 291886797
903 8133820770 5798980486
904 1425144913 2998421241
905 9075825620 13660688562
906 1256673552 7666319837
907 8887497134 6484687404
908 5688836878 8483343169
909 6054350924 5777465165
910 -5850605407 4984776117
911 11538535814 16441569549
912 16496349312 35497993568
913 3865456751 -12941937483
914 6751144677 6698288161
915 155565095 3429334170
916 10735165750 -12941937483
917 6362524635 8325331925
918 9064084502 -1472119677
919 -5272019551 13506359642
920 -6997478171 10036591000
921 -228542833 3213483159
922 12358285704 17504957434
923 5879411260 -16873965608
924 -7786015627 -10163296194
925 15022173700 -13885136
926 -3911264379 -2568616574
927 7524081720 3141874789
928 8278077496 -12941937483
929 -630304631 8656657751
930 2572486488 9544736977
931 -4359121328 -2178135271
932 1532288623 722392737
933 9895868711 8312784205
934 6949089233 -12941937483
935 368069503 9186823194
936 -5541975882 2620785454
937 1783074155 8615019857
938 10251774796 12505070479
939 7700874179 1765183149
940 -1577593651 1485590726
941 2325952104 1386825363
942 -12107279253 12222490412
943 -17852404139 10107503981
944 908012918 8927461162
945 466715351 8109890431
946 9462890713 -12941937483
947 6461834318 8245920299
948 -8685229199 -11912505913
949 -1932201956 10016890774
950 7193192778 8696755005
951 8036395721 19589642250
952 9774829075 8314652244
953 439532320 2895090116
954 7215854783 10233137667
955 2337667016 9603179948
956 11462696598 -3978209304
957 7096165136 17821604362
958 8059869050 10434968804
959 13579403624 -699423065
960 1833903810 2510542576
961 6616230620 6302094158
962 4670265149 3118578888
963 73040251 3952838736
964 -9259300576 17672303622
965 -2454312141 4464728052
966 27792956 8647406761
967 4171816750 -1931946969
968 13846501926 30515140801
969 7701590838 -662593244
970 15022173700 20960580005
971 8935140182 13779452153
972 1460256478 7417591382
973 2424805474 3553003579
974 7668794863 10901749541
975 -5232855220 2571473052
976 5747446489 4147485413
977 5606766122 -1673990777
978 8067870438 7659372233
979 683149315 -11033554270
980 11906917067 -1368847078
981 8177485800 11813577654
982 8197038199 10955963427
983 15022173700 -7697180231
984 6403014870 1308187740
985 2042660140 3327962413
986 -746733883 -2988498677
987 5440614551 457812156
988 235012001 -12941937483
989 -3070639964 -4238705762
990 -13071295175 11607133340
991 2023485887 3293012186
992 6590054251 1112767458
993 10995842325 9105675024
994 1185826704 7955254566
995 -8577412788 -3259381750
996 3809402499 6936357700
997 2925320004 10109014360
998 890842290 9515995361
999 9203146732 8633793445
1000 2801793911 7871489969
1001 8051620620 7636639835
1002 -3133287854 297946517
1003 5301594692 7733629557
1004 1600482059 7700934915
1005 8086082832 8356515546
1006 5505121801 1335200124
1007 2383766730 5507531224
1008 7731260589 10164487153
1009 -10049112463 -4489978428
1010 -1005460922 2211102716
1011 8903919085 -12941937483
1012 7464632509 5127271464
1013 2711946524 5164646279
1014 5736733246 7452843666
1015 7219777985 454826926
1016 1712417676 -10344045715
1017 9874701204 1913426679
1018 6392003581 6193380707
1019 1439306373 24380857068
1020 5593308947 5528464495
1021 3478874410 3708488396
1022 5208587330 5406986780
1023 8368947236 -745834549
1024 2919799467 6204114544
1025 -694469611 -2754646556
1026 -1906224794 -17696299
1027 15022173700 2085953867
1028 516583562 8340764968
1029 1528733901 9031334635
1030 5642405397 -20416749883
1031 3560490649 4288747311
1032 -8099278242 4534752602
1033 1693441267 7849168275
1034 -6997478171 24380857068
1035 7373826194 7236379021
1036 6895705211 6449436967
1037 9531697448 8157141540
1038 -6997478171 4383377900
1039 5663958421 8694249492
1040 10104487326 -17877588407
1041 2821259367 9651636148
1042 12215462403 -12941937483
1043 3088822141 1135642156
1044 5754029972 2176323705
1045 152349541 7561337531
1046 8283292755 7348373452
1047 560583479 7412408067
1048 -4645628209 5654891903
1049 10144237753 8368175555
1050 8365677269 3384277315
1051 3464525358 1376834195
1052 15560730970 24007824885
1053 1362848128 7742369292
1054 1177185359 9488999671
1055 -489559937 9086567091
1056 1296373878 2452076619
1057 2783138176 9322066695
1058 983368793 5936474103
1059 11831890179 -24658466479
1060 861526842 2128844821
1061 -887621909 2208819400
1062 3676481044 923546319
1063 5198867881 14253869509
1064 -3638715919 11799870586
1065 -2352394587 1332109427
1066 10000000000 -12941937483
1067 6054079980 6015242415
1068 -6242605933 -751072272
1069 -6997478171 7854585882
1070 -4464024894 126398230
1071 -6997478171 2689799653
1072 8510881529 8983391178
1073 -5306071707 -566700819
1074 6320669407 8696755005
1075 7533912654 3672032707
1076 7998897259 10798015629
1077 -2588927919 10703043457
1078 10114581590 12126227874
1079 7715560439 7903324703
1080 -6997478171 24380857068
1081 -2809858337 1189417657
1082 7766132876 -12941937483
1083 5388442426 5611563870
1084 6113957883 4255716215
1085 1591618685 7963167892
1086 -8644533966 -11883606951
1087 3880963115 2682667071
1088 -9228542610 -3558720351
1089 7074282201 4583190637
1090 10682256512 -1791834119
1091 1588976583 7655825716
1092 5372478864 -20067980576
1093 5729237325 13480272406
1094 1016005194 3624833667
1095 1040018985 17033259399
1096 3292015907 24380857068
1097 8929501343 4076235981
1098 8317209697 12200733869
1099 1961512018 5415336402
1100 13080561492 -5668567840
1101 -6872089507 14054322885
1102 7922040768 9094049315
1103 7575689323 6889958741
1104 -6997478171 9088009067
1105 -4140910860 12324567987
1106 1864425145 6050143580
1107 8616075668 11423849945
1108 -3015074057 19399000045
1109 -5853469190 17863145209
1110 8026769790 -13685613185
1111 9977081293 4424951440
1112 -6636372660 14931846982
1113 1449177088 7397085719
1114 3398410741 -22158255935
1115 4661928380 2845236356
1116 -8603502719 2524677171
1117 13229177231 1749547714
1118 662132254 7306309073
1119 15022173700 20960580005
1120 -2769196887 -6272975714
1121 8911990954 7797137769
1122 9608520039 22545912127
1123 -569702046 2928552744
1124 1209141036 2532862141
1125 13459786464 -6064785208
1126 4115109727 15268232222
1127 6168798438 4429757855
1128 -8876685250 17272543985
1129 14173661253 31130341044
1130 4055978341 3323307060
1131 484942207 1713736383
1132 15022173700 32725909385
1133 2236521233 5362842092
1134 8174378098 1372303050
1135 2835121615 61500560
1136 6104080744 4152804228
1137 6469849921 -6376319610
1138 8466688666 281502767
1139 -6054646756 6026346261
1140 -6249449143 -2691265503
1141 13290505852 -257402473
1142 4081169599 9728893658
1143 6106076543 -8146896124
1144 4993968819 157592990
1145 8096595695 10773512234
1146 7824745142 10441454530
1147 9572979414 -18144429105
1148 -6997478171 2821291411
1149 -302630167 -4923738332
1150 6320669407 9455758363
1151 9851527987 -3822537354
1152 3122901807 9638067457
1153 2273866463 -6577731638
1154 8448444574 20364471313
1155 -886225812 3071328496
1156 733334889 5979499926
1157 1061894441 6888634255
1158 7780081120 10514517100
1159 1713822942 3746000754
1160 1505532491 8669699238
1161 2131492851 2471061358
1162 8120304982 -486051079
1163 8387176021 400368084
1164 13084849113 -5673047583
1165 -1187510061 1988211509
1166 11094680108 8543600153
1167 11150968614 -22694888020
1168 2799611405 5267312744
1169 1052591164 -8411040699
1170 8668201197 7309135316
1171 4540665607 7136100833
1172 9240894007 11948262514
1173 -5792788273 6525453047
1174 -6997478171 9239219517
1175 8295346230 7356182190
1176 -6038229401 -6573334416
1177 1650363488 6273796959
1178 7239279807 6672018772
1179 1904753476 6008008208
1180 15022173700 4221688308
1181 10856632413 -16030763874
1182 -11073210770 -16344636864
1183 2958978854 4906544871
1184 1454533624 4951318986
1185 5154664922 9210750285
1186 6509067573 16717608437
1187 6320669407 1394222957
1188 -8701880795 8674002261
1189 7327435012 -11668936410
1190 7858277029 10978597670
1191 -1748634273 2217151672
1192 -6997478171 -8680506632
1193 7060676083 17754869679
1194 15022173700 -4866191924
1195 -762197856 -2726098352
1196 705345643 8270639164
1197 8694855084 -12941937483
1198 8812343324 -1209098425
1199 8314704811 -689161617
1200 -11632440033 11610196607
1201 1737543043 8102858852
1202 5618202425 623121683
1203 6629490777 16944055855
1204 302587575 2139323484
1205 9698844586 -2135322229
1206 9804517207 1801054233
1207 5030827180 2741860715
1208 479371080 -8849055042
1209 7159164816 10623255240
1210 11822625102 -4354265564
1211 8197245611 8436826223
1212 -317820842 3521027194
1213 11051055941 5367732288
1214 1102686448 8147523580
1215 -6317507810 -2631699445
1216 14619051572 -13300885102
1217 13710157358 1993227885
1218 2923668865 3669305713
1219 5480524294 2272013475
1220 11412497 1581839343
1221 11637937235 8797358815
1222 3701776016 9570690013
1223 10946216594 24861367955
1224 6933681082 6474039304
1225 116943668 3025254232
1226 11084517305 7902607533
1227 3293060608 11443680101
1228 2562424390 5909954739
1229 6308375946 1939553443
1230 10217565107 8329702349
1231 -6997478171 5999477410
1232 8135065254 11317399977
1233 1308140680 49370699
1234 7336883011 332474632
1235 7184390127 3960852604
1236 438028434 7934650563
1237 12116311544 -4661111572
1238 1977730803 241727957
1239 8110584834 10476713587
1240 1157920344 8033553345
1241 3119190812 1072687704
1242 983249214 1782610889
1243 6656551477 6031276080
1244 7739573926 10328767991
1245 -5479130309 3406200230
1246 9107471496 11297263215
1247 2870915972 9063604069
1248 4010976364 2258673014
1249 11436660815 25983603056
1250 9068592163 -1345105583
1251 8456860299 6821166120
1252 5653714996 -1240483949
1253 9578018926 6073939953
1254 10970074928 -3463514136
1255 4283542012 -1687163581
1256 6982622784 7131419444
1257 9693666556 4083170029
1258 6153768298 1342711439
1259 7506559838 12311968304
1260 1757914250 1175531436
1261 9558401000 3189915274
1262 -2917628688 6381490233
1263 -2509294196 4979049570
1264 -7473418236 -2350670306
1265 -1593611812 9663129010
1266 -872556407 -2846717982
1267 -49692166 3196946882
1268 9055956192 6209661718
1269 -9843909480 -19201776681
1270 3703724090 -1304227584
1271 -2231020005 1275072925
1272 -6997478171 -7603536100
1273 6359499271 7005430525
1274 865701557 4513361383
1275 1110494332 20023183579
1276 5642828922 24380857068
1277 -3508174106 18590594075
1278 -989649587 2668015128
1279 -11981875754 1993836466
1280 1156678842 16975978823
1281 11013016479 8627870671
1282 14371080043 5802629283
1283 -5494345940 3004370969
1284 7565392170 10614762828
1285 8624540613 -1012880610
1286 13103605671 4527825726
1287 -6997478171 -7603536100
1288 15022173700 4386927712
1289 627448302 5685159764
1290 839936552 1974341736
1291 -10981916671 3668979334
1292 6117320039 562749602
1293 5631047823 -322805425
1294 5997152474 5867317416
1295 -6997478171 3726529824
1296 1357705460 5919869851
1297 -9153592028 116531127
1298 1916253280 7193436797
1299 8932264325 11936360414
1300 5237129942 9771567131
1301 15330573366 24167243759
1302 1464198903 7960050805
1303 -1247714425 24380857068
1304 4964821491 7135694528
1305 9139322452 1461661797
1306 -5697746042 -1490035969
1307 3565824272 24380857068
1308 -1485871431 2592491102
1309 6263793129 -701582320
1310 929144392 13763855034
1311 8527883533 3885873476
1312 9258615758 530788437
1313 10387184611 7519357681
1314 -7703939516 -19618942243
1315 9568248792 7052257568
1316 5527108101 9550431351
1317 339798533 7643085993
1318 6438953138 6784712083
1319 -642296272 2543003604
1320 12416405424 8107966311
1321 9576200793 -2007182986
1322 6219260236 1500176092
1323 7193192778 9076256684
1324 6749601210 5215725983
1325 2290336127 -5656264964
1326 -6982890063 -1946910556
1327 11360240300 9341747074
1328 -311652162 1809324475
1329 6247668096 1470495327
1330 8693280284 -1082808184
1331 7703565343 10250428722
1332 10322948687 4845786106
1333 1059247254 20142308515
1334 -51686646 518197150
1335 496467656 4780642413
1336 -9430113692 -3961250313
1337 11151369993 6587171340
1338 8278415994 7345214085
1339 8324222420 10652561302
1340 5220174767 9443674193
1341 1265379779 8440000044
1342 699469162 7267299164
1343 -15493609584 -16331534366
1344 -1403059323 1866775251
1345 -104696239 3242141773
1346 8205745637 10555041610
1347 8507655631 10803547426
1348 3710330934 3694001121
1349 -3055036836 1286153566
1350 2404991559 3780576557
1351 1490228038 6441107793
1352 -2671145152 6634697528
1353 7783937895 11347988411
1354 12908616281 10691771316
1355 3800593221 4444295668
1356 10388916973 7642463891
1357 -6997478171 7940568271
1358 8138478219 7107470398
1359 98548175 4146235993
1360 763042273 1111774372
1361 9086723380 -12941937483
1362 893843014 -8661988093
1363 9332850297 8028320148
1364 6048883823 -2328064029
1365 2851569034 5018767533
1366 10118104550 -2573368485
1367 -6997478171 24380857068
1368 -6997478171 9614690499
1369 -6628112942 -20780748933
1370 2474068203 5413183504
1371 8683835933 7698266956
1372 4700110953 5027040383
1373 -2171246705 -2478945318
1374 839129059 7661093023
1375 4714717057 5033367591
1376 10504946269 -2977543891
1377 8363433764 11134754654
1378 2597615041 6338372512
1379 -9439179920 164759465
1380 -802897506 3139917047
1381 13457755888 5431488022
1382 2507213813 24380857068
1383 -18267167699 8638467799
1384 7315080791 6721125777
1385 -6997478171 24380857068
1386 3261955498 4262740438
1387 -6997478171 -8680506632
1388 3959934978 7060262829
1389 7885368072 12821427870
1390 15022173700 5475060101
1391 13364658537 -5965394768
1392 2407523144 2819545751
1393 1923899985 744024727
1394 616187478 8896727751
1395 -6997478171 5670890925
1396 555580290 4694339858
1397 -10279839792 -4480876900
1398 112350091 3805894181
1399 13678887226 6555250910
1400 7193192778 9835260042
1401 9014966688 11221121374
1402 7110781656 10595992905
1403 -2037735688 10127153285
1404 -1720758086 1731323552
1405 7190982471 24380857068
1406 -304265962 8316009871
1407 585452847 4665910216
1408 5033940299 -12941937483
1409 -4582605981 -3421725807
1410 6656043694 5809093569
1411 -674493021 -3894259493
1412 225309953 7762704602
1413 4006167386 -374239712
1414 4521378238 24380857068
1415 6571401896 9786321451
1416 6215098445 -12285337251
1417 427473660 555087057
1418 7958870231 10698478306
1419 16864569726 23350554846
1420 7574979664 10527972891
1421 -2673168436 1600474126
1422 15022173700 7077757196
1423 4547948552 -2651667982
1424 1113217919 2927467752
1425 652442957 -7462882611
1426 10091998638 8520127778
1427 2300807337 5694614536
1428 926155708 7030455198
1429 10514828097 24250161073
1430 -6997478171 7078866101
1431 7681560184 10776368845
1432 -700292398 3224372568
1433 11858398426 26776651152
1434 8416912140 -756163866
1435 6669644659 5514510420
1436 14404940851 -7052290278
1437 8065716149 -429016217
1438 2585147010 -5013646251
1439 6003435289 24380857068
1440 -6387406976 14671725589
1441 7150885454 17924502095
1442 -579296210 7241695193
1443 2607205081 9540356409
1444 8753564187 7363381942
1445 6135618459 -11067713769
1446 5395432154 797662395
1447 2879206362 5408010845
1448 6692003669 21623862624
1449 -2901075958 590370189
1450 -1532133203 2018843858
1451 4659852856 -17952841951
1452 1645285638 543249836
1453 15022173700 32725909385
1454 0 24380857068
1455 8614046403 10891118974
1456 1149889218 8182279457
1457 2323343096 4913734928
1458 7582376654 10730632817
1459 2813258537 5058794655
1460 5648006995 5641126564
1461 474894319 6305684961
1462 3937355327 4417988966
1463 6190907307 5992839794
1464 10743935732 8942479536
1465 6910668910 777786628
1466 11099105815 -3598326667
1467 -1687854341 9761594379
1468 -6997478171 7587402071
1469 -1844924577 1940987755
1470 8271548704 10609204921
1471 -3896313961 12069011137
1472 4085738238 3729297408
1473 14490496691 -14903634726
1474 -5904384496 -1059179408
1475 6756170580 8183890427
1476 9202312646 -2075208673
1477 8188528154 -557331210
1478 -7275627351 -2187866205
1479 1585662189 -8701511608
1480 -1151635349 -1817121777
1481 9825872047 4246134023
1482 982096780 -7668604578
1483 8599614420 13190036853
1484 4488841921 661203912
1485 13004171030 4643155421
1486 8479617153 6932460546
1487 -5991689183 -1131040966
1488 7362617172 305587370
1489 8905793343 -1306735773
1490 3781534894 4524823777
1491 11483931810 7351817649
1492 5668145281 1796127742
1493 -2125281203 2019508117
1494 -6997478171 -7603536100
1495 -6997478171 -7603536100
1496 13513534697 328901450
1497 13667779433 4712923383
1498 7103601238 576209346
1499 2108052073 8021704179
1500 -5066292931 3539511690
1501 405928187 3604462280
1502 1936653763 19996177355
1503 3403708005 104280489
1504 -14581380332 -34515761817
1505 -4589407937 -190829757
1506 11890570785 -12941937483
1507 7899208413 10302727065
1508 14491495757 -12941937483
1509 10449887468 -2920018004
1510 -6618758302 -1647189241
1511 1651571611 8003923792
1512 14868709388 11268717749
1513 1677020954 2954314998
1514 14347748557 -13542458471
1515 10000000000 14445765260
1516 16437257456 22796241029
1517 3045931509 15561898605
1518 -8301631760 -3032383007
1519 7783076741 -544479729
1520 11338783776 24690548089
1521 1798927488 6672272509
1522 7332006187 24380857068
1523 9273708311 -2157103282
1524 4704867417 9642795741
1525 15022173700 -1803829757
1526 -8897042990 -11864408044
1527 4872130038 -13777034101
1528 -653627630 8681025812
1529 1487393151 2244718712
1530 87434949 4848209505
1531 1450112761 7380447693
1532 5781033153 245617649
1533 1931242869 3069863196
1534 5944168895 5418552098
1535 291329762 -12941937483
1536 10114647207 6448165911
1537 312792600 1014540467
1538 6184567310 5988732482
1539 8480010491 8197929570
1540 10456740120 9098500526
1541 7958044048 7137663914
1542 7976348861 13489524172
1543 -6997478171 3070672212
1544 8945954539 -1348696520
1545 -6997478171 2816947726
1546 -695097896 8724354287
1547 8938239519 -1340635805
1548 1475386351 -12941937483
1549 7415287424 250557058
1550 3672428575 6084566952
1551 -6733197658 -1741385678
1552 -6997478171 3871288587
1553 9020919911 -1427020958
1554 3786120273 4042340719
1555 8866173135 21149980670
1556 6851807710 8154742636
1557 6930730945 24380857068
1558 9462306273 -1888185055
1559 -6997478171 960168805
1560 7489782860 8060477965
1561 3444983165 5947128364
1562 -16808945374 9221291538
1563 3764451865 4471613995
1564 9626208827 -1063925541
1565 15022173700 1830306028
1566 -4103539611 12285522199
1567 -961404609 9587298064
1568 4687769902 -2077017589
1569 9148380910 5521324939
1570 452614232 -3312860262
1571 10868466577 8520411135
1572 -447602469 3050255215
1573 -4549334606 5955614039
1574 4162010692 4787912194
1575 8846472194 4925665641
1576 -8928885176 6253886608
1577 132605896 3467138360
1578 6321556177 16365006365
1579 7580658046 8105650465
1580 5494241000 8687279308
1581 2307377796 5587343011
1582 -6997478171 10000000000
1583 1956604262 8206134264
1584 1507241475 6423332013
1585 1028510020 7939606579
1586 1734381697 2650533993
1587 1863198282 5659753018
1588 -5826532716 14085719553
1589 4141632378 7507709206
1590 1295082721 6644997223
1591 5405796480 7464378373
1592 3707813225 4384188957
1593 6928021317 759656691
1594 -732778408 -2593242031
1595 6100014902 5667170662
1596 8022575983 11441532330
1597 2671572361 824481500
1598 15022173700 3701322038
1599 -3787674452 588066645
1600 -827287843 3119841061
1601 -1018978969 -28451530966
1602 6818986202 10745297885
1603 8893096200 -1720521034
1604 7939384705 6128264428
1605 8065716149 9076256684
1606 8237988861 19968724057
1607 15022173700 -19359941014
1608 7175932710 8874279414
1609 -8862301112 17257515320
1610 7059680146 17752996890
1611 836380646 -12941937483
1612 6679406610 2513514985
1613 -1247245055 1706817449
1614 13822968032 -7375345104
1615 3250332190 895126480
1616 4332484113 3207265920
1617 -8206851883 16572696580
1618 15022173700 7423906047
1619 8809894645 -1206540026
1620 1456577943 7359432065
1621 -1764203526 843076157
1622 921087592 7035750407
1623 4684023142 5616078488
1624 2606918055 6882361408
1625 -2655130328 1553440975
1626 590571179 -8275758912
1627 1439847259 4719168480
1628 910352709 8244106154
1629 8481439666 -863367564
1630 -553651467 2187216775
1631 2597144210 9521735815
1632 7910557120 10997557469
1633 3864616684 6908049606
1634 409652419 8621675103
1635 2440052632 -117391756
1636 9708690998 -951878433
1637 9494972420 -2410904933
1638 7394692666 8719374597
1639 479202053 -12941937483
1640 10082143673 8195008094
1641 6693064473 17063601746
1642 -13791515198 11147397691
1643 6444586955 9047618191
1644 8435635896 -815511409
1645 14663194107 10590707581
1646 7655622387 -546885
1647 4607962997 -1108679623
1648 3698812467 1557140173
1649 10394568264 8716144870
1650 6595458050 6481716695
1651 7392340705 6771177939
1652 6827581177 5666899104
1653 3776785170 9127178923
1654 1400826917 7948194938
1655 2266711180 7824719343
1656 8145961557 -512857280
1657 41431292 3834894427
1658 8009749032 -1024201932
1659 7243516418 6674763423
1660 7199583173 18016074752
1661 6870012787 6432792354
1662 3663107405 8090237006
1663 30837192011 -10452246830
1664 158151807 2705825546
1665 1340361518 6597689564
1666 9264025362 366252674
1667 2586354043 3657661410
1668 6865041144 6096231814
1669 -558464658 5490840971
1670 1318428581 7552970379
1671 6549702284 1056911835
1672 1815694975 4397363976
1673 3646942051 -2384640129
1674 3969803593 4438132494
1675 9647966303 -619271186
1676 2101660794 880438645
1677 8492216799 12335515326
1678 -9751354222 16654123765
1679 3208553480 -4165474991
1680 5024843576 2748112433
1681 698918232 7267874781
1682 9520797751 7134568947
1683 8938239519 9455758363
1684 12226159089 9902725006
1685 15022173700 -7697180231
1686 -447929586 24380857068
1687 14771844853 4984776117
1688 7734008279 11580005999
1689 7800880330 10221792015
1690 4007867778 -12941937483
1691 5762882281 9299901598
1692 8237900951 11088677033
1693 1996898462 3275787754
1694 3655606077 9080219445
1695 1030296397 2422864145
1696 -3784027002 -1619757396
1697 -4078413711 -4332089583
1698 294163434 4706277013
1699 -6997478171 11075342395
1700 5214756305 2307177107
1701 7541311239 6933774663
1702 -832661505 -2677030132
1703 11322393380 -3831619350
1704 625536097 7344545038
1705 12783756687 -5358463741
1706 11090177513 -2156899461
1707 9136354310 4119322809
1708 -8663066860 -11822065639
1709 5832706161 -12941937483
1710 85186588 7909106645
1711 445759762 7550903193
1712 9815953406 1685638586
1713 -2453035341 11724805603
1714 7380160555 13908095880
1715 9257373796 7453736739
1716 5759564086 5149480244
1717 7593299524 10530934234
1718 4663922397 5003595942
1719 7376766650 -732614111
1720 1320279687 6618671226
1721 7525864506 10440323824
1722 12972300864 -5555456247
1723 -7461953725 -2341233727
1724 1967087216 1588688568
1725 7451678768 1652405345
1726 15022173700 2364815415
1727 11219421697 5225481163
1728 9000668937 11209352720
1729 8535982731 7512076448
1730 2776015151 5097706851
1731 289642495 4427172483
1732 5427595574 -12941937483
1733 11945791674 2663207946
1734 6066156676 6373158152
1735 1286572703 8172550702
1736 15022173700 4984776117
1737 8020520497 10489256879
1738 7554716188 9751271575
1739 5005409759 2768417045
1740 5141865550 24380857068
1741 8643779059 6290143271
1742 1253051192 2447291897
1743 -5544513263 -3363347517
1744 7089958834 5452776568
1745 4983377531 3537028795
1746 13915194798 2621631353
1747 10225240919 14737950069
1748 1448569612 7319730903
1749 7193192778 482603369
1750 9886230381 4588795466
1751 9004466706 8632715478
1752 -6997478171 6932472241
1753 248808107 136398708
1754 7263481224 4952845443
1755 6098914744 -7134677942
1756 723325228 9899491292
1757 -6997478171 2330211839
1758 709787324 -12941937483
1759 8967779719 -16399210349
1760 3578778974 -4283307884
1761 -3066375110 -12941937483
1762 129468742 3907359131
1763 13486469279 -1242799433
1764 7967667433 7143898340
1765 2658917146 9636064762
1766 1559342708 7600979533
1767 395321847 9339964530
1768 4884727367 7821470777
1769 4254274084 -3487278503
1770 -6997478171 4766096480
1771 8507871300 11919837471
1772 7227410092 6540689526
1773 5047779453 1907800964
1774 6643507869 1056918679
1775 9714516093 4317029849
1776 2912618955 6040707472
1777 7785545041 13240893672
1778 -6754658812 -1759050617
1779 234374605 3993708433
1780 -3843737491 5453858157
1781 5077663300 -2085711919
1782 1048286693 -6923571584
1783 9994425593 -12941937483
1784 -863962073 3089654053
1785 8405861294 10934057581
1786 4708221191 9288497623
1787 1158711909 7867885169
1788 6814793765 -12941937483
1789 6582088486 1218398814
1790 1094270555 6854807424
1791 -1530853523 24380857068
1792 5157814878 2479123987
1793 430989342 4882311236
1794 3921229822 -12941937483
1795 11393556111 -12941937483
1796 7066163209 -1001253477
1797 5617446880 1009266751
1798 783939306 6712283152
1799 9213074635 -1526050529
1800 10930501714 15652821537
1801 4667165327 10040489332
1802 11070121587 6787403317
1803 441924033 6911244945
1804 -603369762 19491588002
1805 294321686 1641872632
1806 7113951304 651381062
1807 4271700046 8465482331
1808 8244944627 7323529951
1809 11723080623 8605952500
1810 -6997478171 6760851173
1811 6183987199 7434896812
1812 9748220657 7378335206
1813 568017456 4268333951
1814 10251270354 10064533638
1815 2154354853 8280186680
1816 2652237808 5155526781
1817 435696637 8556292126
1818 -6997478171 -8680506632
1819 10321851850 8669036175
1820 3441001276 -4035484260
1821 -6997478171 1854946777
1822 9113907609 -1779114261
1823 9555314651 12825523026
1824 3360766734 4996159515
1825 12542600545 -292298756
1826 -2567187725 1182771130
1827 12716023857 5467935261
1828 5278887674 2482685073
1829 6658196933 2441565408
1830 978698449 8021537729
1831 4898787317 9472631211
1832 4561 7935826284
1833 -5782468594 -3247944862
1834 1624456631 4148712839
1835 9663151411 3736731132
1836 16168062482 23587156160
1837 418607135 8575894689
1838 1560354565 7928423652
1839 2008808315 5899290858
1840 4380340457 6859371440
1841 6938947370 6586644452
1842 1557659935 7597865068
1843 8720295 3807969605
1844 8624610227 -1012953344
1845 -3639143534 -5360395160
1846 5295548457 2652103775
1847 9412743988 -16889580322
1848 10859137337 8291723311
1849 2205779332 -299029352
1850 10889872595 9589680424
1851 7322016858 105240808
1852 3429593763 4203946906
1853 7919001018 6875450316
1854 5244925264 -97737683
1855 7734703992 6992975007
1856 15099180311 27742515707
1857 5951169715 3993417671
1858 1711179022 8974591903
1859 -623087412 -2990486668
1860 1339397752 7193906836
1861 588331637 -12100821112
1862 9983630387 3077736860
1863 8434036548 10742950657
1864 -6997478171 15309132987
1865 -2407157145 1535994312
1866 9880768402 24097745806
1867 7871072069 10416396455
1868 5296204735 2147306604
1869 1550794803 5415490699
1870 8289886917 -663231679
1871 7877661585 834868969
1872 3019735834 -18461563125
1873 -9105745022 -3979450057
1874 5374308703 3844946783
1875 6785692207 908363315
1876 9578927049 -1636981199
1877 -6409964771 -1737796497
1878 9056689344 7849411684
1879 4148318653 8361640109
1880 655884287 8295475850
1881 6969830156 715974472
1882 8349539141 8857505195
1883 8000781193 8488301464
1884 1091864268 3499104189
1885 6722768729 974106282
1886 282317229 8732226429
1887 5318960873 14479695985
1888 10034012971 4428559057
1889 7264807856 8101569412
1890 575916732 7396387758
1891 -615268140 -6024920928
1892 4791164773 9133599566
1893 363510034 4100001387
1894 4379806646 8023071149
1895 6887327881 802173526
1896 7292790135 3078977416
1897 -6786194265 -1785007834
1898 12072764814 -16621184394
1899 10155483917 -2880698826
1900 14184484152 -6488266108
1901 -942758432 3017399759
1902 7764836994 4345387541
1903 554706946 3937206673
1904 6921885127 8251590249
1905 8690236146 12514718662
1906 7913770886 10482041573
1907 -8555922063 -11879956914
1908 1403991539 7248262533
1909 2614000694 1857656552
1910 7075523021 17782788308
1911 1375468151 7755796657
1912 4842762367 7097766557
1913 11479314912 -23641742623
1914 -6785524288 -2090594313
1915 3433226135 156307893
1916 3254576040 4597702502
1917 -3183754874 7867763915
1918 -6997478171 7023756724
1919 -565291536 1041331352
1920 10388282264 -2855652380
1921 9214941635 9179367774
1922 7919241259 10319216346
1923 8302053718 10634313972
1924 8083930233 13951163259
1925 3637435300 6909471746
1926 16168062482 23587156160
1927 -574184897 8598023392
1928 6808465765 884569314
1929 7852928802 7537916594
1930 10341321889 -1045971566
1931 3218940966 1463866645
1932 -1102160897 9574179704
1933 9246814784 21865750681
1934 8180761823 10979297580
1935 3993108710 -2053715443
1936 4243435139 7293615286
1937 531762903 6645937145
1938 4991059431 7554778838
1939 6667080072 5379954064
1940 -560966245 3339053632
1941 -2902682578 24380857068
1942 8227564182 9276050098
1943 14682626388 -13244276875
1944 8686903483 -12941937483
1945 -5920910931 -1072782519
1946 -6997478171 15309132987
1947 9069902364 7781962998
1948 11340007841 9214077001
1949 15022173700 6596125952
1950 2925126241 8510436613
1951 -2149625633 1295710571
1952 -3158614251 -457809978
1953 -3990957251 -1638976019
1954 -5329151626 6004432923
1955 1245844933 1543796244
1956 2647154526 5232341491
1957 -6729367381 1919834417
1958 8185421640 8572564027
1959 11862160387 9895179408
1960 15022173700 -2531189845
1961 11100165077 9173259609
1962 -684052602 9349375168
1963 1285266811 6655252967
1964 4096403716 3718154028
1965 -251031444 3594164765
1966 2536469617 2362675686
1967 7506938974 7273205367
1968 838096762 -12941937483
1969 14159715270 19841790167
1970 -10026357625 588257051
1971 -1612480725 10294387170
1972 2820556893 9935226557
1973 5904168827 5825180928
1974 -10347584779 -4716432008
1975 7489486786 6868761517
1976 9104488836 2530429488
1977 -2766868292 10888957021
1978 935521956 7987967957
1979 4367462122 -334903833
1980 15022173700 3037059369
1981 9521377577 4087874637
1982 -744447515 -2701426012
1983 6705344789 3696203706
1984 397780302 7089667303
1985 6073364264 6023439953
1986 1199300374 3321708344
1987 1536466765 960386793
1988 -1580456500 2449365756
1989 9972856603 3467834277
1990 -265962310 -8876505729
1991 1663384935 7793540210
1992 1740878153 -12941937483
1993 -858966171 -2723452177
1994 8547983919 2310982544
1995 3818570096 7186063979
1996 3554238560 4232358913
1997 -4817103 -4711576967
1998 13793527068 9318778575
1999 4040403747 9852283440
2000 -6621719996 -1649627048
2001 1000537036 -12941937483
2002 7585847689 24380857068
2003 -4170279138 -6875522569
2004 236313663 2639413920
2005 6445921948 6417449342
2006 -186510357 -23943608157
2007 -6377663506 -1555304475
2008 8929670251 7767123473
2009 1240186257 -9225196339
2010 4035815028 -2155826053
2011 20255220589 -11398104654
2012 5010982937 2762594143
2013 2622743860 24380857068
2014 15022173700 -7697180231
2015 8728760005 7897061787
2016 10741744989 -17470809845
2017 446931264 7531152835
2018 8732767925 7647369761
2019 15022173700 3550386596
2020 -40845942 1536712975
2021 -4484631010 597301890
2022 13050053548 18402325709
2023 3065503480 3968074192
2024 8927850578 1014518309
2025 9072283216 12478427796
2026 8045445008 10598399435
2027 1283994717 7846761017
2028 8249505865 -621041223
2029 8027580527 -727728721
2030 4134625939 6940657186
2031 -6997478171 8097227963
2032 6647022510 1308567789
2033 6851089929 5050463455
2034 9650867995 -1262887079
2035 -8060781909 24380857068
2036 4934402902 3724461540
2037 7605269748 10060782548
2038 15022173700 6951371952
2039 2998138398 5748193617
2040 -6997478171 24380857068
2041 -5741507311 -925113201
2042 -3281358682 30179688766
2043 -6039875732 -1170703904
2044 1762249010 4102461452
2045 1165744831 7402814683
2046 1351855148 6585680926
2047 7867815728 10546746919
2048 11225381791 -1066559577
2049 -3801904106 -33444971
2050 7800533398 2061926373
2051 7025845874 6533747460
2052 4678040245 -11336719598
2053 10130786236 4875436632
2054 5403659166 6196344520
2055 9495960173 2537305217
2056 15022173700 -568365881
2057 259338655 7727151135
2058 8396062540 10711693785
2059 15683537267 23922762991
2060 -677956735 -2827445184
2061 -4655133656 -962464272
2062 4551843061 4930986322
2063 6364847249 6105525268
2064 -2768936209 300688642
2065 8372857168 11037415919
2066 9750051941 -1223531958
2067 1507330907 4200530692
2068 1771706864 1333390649
2069 -6556752044 -392039361
2070 13839347417 30501687247
2071 4897959858 2880681585
2072 9956740657 -12941937483
2073 1769700150 5248205891
2074 17996755631 -25305610605
2075 1581448531 3879428156
2076 9684947269 8256423099
2077 2403477128 5486937639
2078 8079425335 10493830632
2079 10212325442 -2671811246
2080 8719188145 -1686869636
2081 -677261658 9296382211
2082 14274734851 11190328616
2083 4140787664 4664687670
2084 -13632528005 16684937858
2085 -6997478171 8918488914
2086 8736878838 -1541331447
2087 -5049666788 -1189160630
2088 1605806536 3383186776
2089 5436471670 -2891883831
2090 2595299906 6745410731
2091 10154419299 23572437523
2092 12590640175 28153580572
2093 -5768567666 -947386911
2094 15576418256 21679551673
2095 11124739547 25397056918
2096 11277467869 9288123676
2097 9054409973 -1462011649
2098 -6351884672 -1208443902
2099 -6997478171 4412109486
2100 -924539170 2667463605
2101 6918201309 6707375159
2102 1748744273 6171007906
2103 561118507 4230970961
2104 1410554371 7946942361
2105 13248477378 3951950036
2106 -1578666116 24380857068
2107 9158207009 -12941937483
2108 3394266054 26429533
2109 8327898993 8088562416
2110 8310949601 10641636282
2111 2945470074 242235420
2112 16007032750 3769922910
2113 7367454394 652729370
2114 -1627604146 9866091519
2115 -1211289055 8117226965
2116 2595555515 16269483149
2117 13496985611 -6103651182
2118 1265483410 4168550041
2119 5555639936 14816066831
2120 8399627664 -333243840
2121 -3629866039 813004605
2122 -1769415806 11000119561
2123 -13076313666 15622808773
2124 -6239121848 -5793076318
2125 10336076451 -512894723
2126 5970621851 15705098898
2127 11668314524 24893286626
2128 10621200994 -3099007783
2129 9463292260 -2374566112
2130 1718750807 2842797618
2131 -8748158815 17138258510
2132 2153070222 4258378027
2133 2776560478 4720410367
2134 2710201558 7660107710
2135 10457204578 12408245054
2136 5438477161 998270772
2137 6092602656 6250826696
2138 6258115684 24380857068
2139 2548001550 3632815082
2140 -5679449455 -6202045772
2141 3358901843 785166383
2142 15022173700 -3045341570
2143 -8330854934 -11187828424
2144 8846762387 -1245059746
2145 3008304124 9657075157
2146 4622778799 1206697195
2147 -5848956388 -6520791711
2148 10342808373 8682612676
2149 -7602892151 4102050388
2150 10264829262 24338801073
2151 1252957994 7459563419
2152 8493287097 731521090
2153 5130583022 -2505759419
2154 15022173700 32725909385
2155 6003871243 5871670112
2156 7169761183 17959996583
2157 9531911725 11953063767
2158 3278318967 9112688242
2159 -501938159 933771528
2160 7047716595 -1400543212
2161 8793451582 -12941937483
2162 11153376437 9207732124
2163 98424106 3123915033
2164 7748232045 7001739038
2165 -8442409714 -11941288634
2166 1733179320 2383591370
2167 -1234836664 1891397108
2168 15022173700 4808715994
2169 2836144299 5034883423
2170 7801505928 7036252059
2171 622299215 3100147861
2172 -6975723913 15286403959
2173 -6997478171 -8680506632
2174 -3795301009 -1584829185
2175 11176817641 15972345060
2176 -7814856946 -12463550926
2177 7456918873 10473871873
2178 9829791988 22961998558
2179 7931161518 4106647793
2180 2928038794 7511091608
2181 -3275217298 -5855753387
2182 781284386 7860998380
2183 10550461888 8131746131
2184 5768735341 1966374902
2185 4012851722 5246889197
2186 2515843778 7194886177
2187 2137991394 24380857068
2188 3972342194 24380857068
2189 308933439 3595185945
2190 2545663060 5731102214
2191 8082898087 11042716259
2192 1768239035 5256251041
2193 -6376440312 -540407945
2194 5505803524 2245601527
2195 6191954694 1203032124
2196 9412786851 8080106347
2197 11139544099 9265261255
2198 3165151232 4691134276
2199 -2519846874 10630867013
2200 -6202582841 1678384696
2201 3773389248 -5581042134
2202 24069696 8817653441
2203 5597426838 -6680099276
2204 6245951595 -1985098315
2205 2735816354 5139706885
2206 4615289460 14068827562
2207 1196975356 3639691682
2208 -339000454 2104773523
2209 -2683464326 -1806004002
2210 -1965565495 1776739479
2211 6755248990 -7936260864
2212 249459991 -8594691692
2213 -10726427465 2845282156
2214 8675665727 55375797
2215 -4694858388 -118025968
2216 7182501344 493773867
2217 -10183440702 -4562202422
2218 9081754514 7662824701
2219 1188972472 1156770938
2220 9202213918 6447912862
2221 11428904810 7174211010
2222 6598457832 1103987328
2223 1838154420 8692389270
2224 2798048118 5074686627
2225 592593138 -6833191413
2226 -2786050470 6979811742
2227 10674598633 8897560101
2228 414798341 7564725577
2229 -9751354222 16654123765
2230 -652701143 963225988
2231 981081400 1716259382
2232 -4046631723 12226064371
2233 937821184 8112240830
2234 -808174827 -2449171532
2235 6443534719 9273528957
2236 10985519466 8680914817
2237 810292822 6894282624
2238 1377506824 -3280271250
2239 -1931802623 756721847
2240 8375767185 1512356330
2241 158990856 -16933476685
2242 9620145358 -2430627128
2243 6807670281 5038451333
2244 1023301177 7445987632
2245 9591135029 -2022786398
2246 507545727 7443487178
2247 -7306135157 -2714150112
2248 -1974683977 2175405243
2249 10554824171 -1347626678
2250 2804467157 9881759030
2251 12205586805 -25736098152
2252 3286239044 24380857068
2253 7717018805 12571397778
2254 -1540155454 2114010339
2255 4845583984 5121283817
2256 -7154218049 -8638798959
2257 558084813 2912089072
2258 765673623 -19070462513
2259 9117333881 -1149764233
2260 9592102670 -1844705907
2261 -10409959695 3000783512
2262 -691758530 -2606357070
2263 544547289 2086196047
2264 5555976983 4811848753
2265 10531445536 -3005230542
2266 8730625916 5878633531
2267 9784575636 -13615111273
2268 5589584662 2158066306
2269 5911563419 6213560873
2270 802362887 9754127547
2271 -1602116881 -423953348
2272 -9894880318 18336362559
2273 -1450718516 2240367849
2274 1281124188 9986800674
2275 5431630467 8352160791
2276 10424958763 -12941937483
2277 15022173700 32725909385
2278 -3909726615 24380857068
2279 1069316501 -6686860270
2280 -2053140395 2166820528
2281 -6997478171 23461590145
2282 3867107504 2085293733
2283 9572394506 9934070366
2284 -2034588255 -5867867395
2285 -7846245741 -8704566015
2286 3351807200 4984777350
2287 2503013739 16314921626
2288 -340877472 24380857068
2289 9827792940 5825165682
2290 -432011764 8449479734
2291 0 24380857068
2292 192983670 1289415698
2293 5029702412 8447075618
2294 6373291945 3217814479
2295 4221831103 6823265862
2296 8554877105 8055968617
2297 8760984671 -495602410
2298 -9518631934 20915389831
2299 8657500668 11096001849
2300 10032167799 8481366891
2301 9011903050 -1417600066
2302 -445063367 2947891616
2303 7805698814 6570650897
2304 9245069718 -1661214518
2305 1958403849 -12800847947
2306 15022173700 -4709834332
2307 -2266087883 -8917747320
2308 9642512804 8778651035
2309 -5735402910 24380857068
2310 3443532280 10953083621
2311 -768123889 8800652445
2312 -344524443 2377392570
2313 1226732030 170975616
2314 14149143353 2283245397
2315 -6620061991 -1965512393
2316 7749153186 10179214769
2317 4845153526 10211962601
2318 804809772 206936273
2319 1962803284 7037612526
2320 13228763314 3809835719
2321 6721860673 701155364
2322 1234307943 9196180491
2323 -684011963 760751102
2324 2927371383 1905465251
2325 11863373966 -4396840311
2326 4189402058 -4922891613
2327 2475793977 16352389827
2328 5927865656 3872156036
2329 4071193346 3744494030
2330 7678451954 2706061126
2331 1392969963 7637204061
2332 6863806784 826748563
2333 8452736471 -833378231
2334 -6820534955 -2121318906
2335 6592776800 1109922916
2336 7303622895 5461917247
2337 15022173700 32725909385
2338 5764549833 -2154307770
2339 -501625027 789768237
2340 3949649704 3871483827
2341 -7259889502 -2174912189
2342 13466657884 -12941937483
2343 7967642800 -326548377
2344 2466464607 16469689130
2345 -6997478171 15309132987
2346 15022173700 -7697180231
2347 7095031367 17819472389
2348 -752298049 -2748079175
2349 9857198547 787818590
2350 -1968150424 1150956712
2351 6762159306 17193529749
2352 -2181745986 624071116
2353 -3507167480 913999293
2354 -1500560938 1849223854
2355 4684783810 3103409671
2356 7040599822 -591569197
2357 -1526567726 9516747134
2358 1042002940 13584382763
2359 4484626554 3312535618
2360 592236359 -6781233691
2361 8043864852 7193262173
2362 8128688493 4842799997
2363 413105369 7566494409
2364 4169229916 4683113735
2365 2031388534 4279035935
2366 2397710443 521197069
2367 920163149 1141791120
2368 -6997478171 -8680506632
2369 -920783718 -5483369033
2370 13745740125 -14078498241
2371 993345206 -7541992415
2372 517463807 3767900341
2373 2214265008 5684628017
2374 365535444 7616195857
2375 -1215629836 2481619102
2376 383760471 8615865659
2377 5143410020 7462118731
2378 625507879 4204546522
2379 13053262363 500828676
2380 8944902737 7749903015
2381 1867000927 2398995167
2382 15022173700 7539643554
2383 -6997478171 15309132987
2384 2891101745 3920356233
2385 12211802622 5685925942
2386 10803613997 -3289594387
2387 -11906775828 6650725179
2388 7744462004 -93367247
2389 415624261 -20910505240
2390 -1145490318 9194927990
2391 -6221043154 -1319825029
2392 -6651429292 -1943257747
2393 -6997478171 -8680506632
2394 3489971295 9334733917
2395 53118370 -5494377255
2396 8143811181 10797654950
2397 6974151859 6572026836
2398 9517674306 -1946034031
2399 1066943654 2359379069
2400 7851621903 10915930520
2401 8212290787 -807934016
2402 -11998143864 1960704198
2403 3684854653 -12941937483
2404 -884619345 2517487247
2405 9135415511 -1371482772
2406 6911882563 -2097681401
2407 10186733570 -17825088435
2408 -206635034 -4010778877
2409 -2618577568 -8271334486
2410 8658803799 -970833472
2411 7693118021 6813538840
2412 3940985308 -1734010265
2413 10000000000 -12941937483
2414 -5796015756 -6421240552
2415 8736168130 11238994682
2416 1477555057 7305080910
2417 -2727087491 1476566593
2418 15379196842 7941818892
2419 -11191829606 3602875296
2420 527193278 8008049632
2421 5618580831 8815455248
2422 5308899331 -5848070411
2423 5081345406 -2129475317
2424 6253495123 28683372796
2425 5258454950 9026994488
2426 2754358880 9787533918
2427 7475030289 276475772
2428 2163983241 1971166003
2429 -6997478171 15309132987
2430 5567829862 9706921032
2431 2670561140 5207886068
2432 4258102049 11373353824
2433 2090983830 6581434118
EOF