NAME : 2453
COMMENT : tspgen
TYPE : TSP
DIMENSION : 2453
EDGE_WEIGHT_TYPE : EUC_2D
NODE_COORD_SECTION
1 10061457630 10093062362
2 10046227761 10055573224
3 10074468671 9994790159
4 10087294835 10056965704
5 10087781678 10093718745
6 10090146050 10094401782
7 10068906135 10040368207
8 10053018547 10091150797
9 10073701471 10126248620
10 10029236949 10100589343
11 10062935154 10041215572
12 10031832240 10026138690
13 10081023478 10036521631
14 10054638392 10046030435
15 10069865401 10018435345
16 10091636917 10056201232
17 10027422330 10098173275
18 10001523268 10063254181
19 9976287389 9966502449
20 10088915947 10047116223
21 10049706332 10047476548
22 10050973442 10074772240
23 10098720309 9913268258
24 10036244343 10023208927
25 10105835838 10082781809
26 10071314744 10024179180
27 10071983558 10023693561
28 10001443068 10017278790
29 10096033726 10003319268
30 10065885773 10046601435
31 10082701980 10066998996
32 10008154393 10071856675
33 10097549639 10026981919
34 10007501291 10004980270
35 9961068941 9843856186
36 10000000000 10037544019
37 10039956454 10128326088
38 10029578897 10005332781
39 10034340400 10091634080
40 10033487102 10132415077
41 9966637157 10070152456
42 10046561700 9883194392
43 10058458017 10095184817
44 10065865010 9843856186
45 10091397396 10078114086
46 10069973083 10060076567
47 10013021815 10029123632
48 10087658323 10082282438
49 9972990809 10070762766
50 9980007948 10041368757
51 9994440648 10011266549
52 10017155829 10016438201
53 10000000000 10024577941
54 9972990809 10053751180
55 10051076542 10069717054
56 10085162476 10040136230
57 9990382920 10001172926
58 9975248263 10079053718
59 10035020089 10136938777
60 9955040372 10058574914
61 10049122279 10045260023
62 10157000643 10035238242
63 9992534005 10006376487
64 10078216476 10044055393
65 10011742397 9843856186
66 10027891086 10099215352
67 9985200384 10047266695
68 10088868052 9964390391
69 10099822376 10096440443
70 9972990809 10049686867
71 10064628691 10046769159
72 10004800783 10003766155
73 9964363767 10031251108
74 10047263749 10057489846
75 9917451471 10224004342
76 10084768383 10058894621
77 10141203140 10078080252
78 10147085696 10059535574
79 10011586353 10049357341
80 10090146050 10025928834
81 10088074403 10046569649
82 10074508804 9843856186
83 9946745236 10064928117
84 10085917408 10028491598
85 10082586357 10019401608
86 10016109168 10123724252
87 10076654816 10041912090
88 10051512160 10041566980
89 10031636968 9843856186
90 10022243588 9843856186
91 10197225786 10146964628
92 10034657730 10034141622
93 10090146050 10017560585
94 10000000000 10007474495
95 10026932024 9949917960
96 10068337104 10099685693
97 10000623337 10068640014
98 10066682448 10092865777
99 10054192527 10087067734
100 10001265936 9843856186
101 10089604538 10095330974
102 9943785170 10135122272
103 9988476636 9995970355
104 10009187424 10000000000
105 10094436406 10038654256
106 10103114099 10080913814
107 10089191701 10010812457
108 10025444187 10077052186
109 9928660214 9984918155
110 10002757236 10000000000
111 10088915947 9843856186
112 10079474206 10044843247
113 10057842009 10090916616
114 10064809964 10056747697
115 10007095179 10000000000
116 10078184915 10057479479
117 10094482108 10025776329
118 10030123175 10114302803
119 9996683163 9843856186
120 10095387978 9843856186
121 9991012341 10045106608
122 10082029258 9987152863
123 10093753359 9855971786
124 10105758915 10071395270
125 10072049604 10089704484
126 9972990809 10053751180
127 10028014625 10097375380
128 9993083226 10007785102
129 10000097120 10011514226
130 10041702244 10033169174
131 10059414045 10075152375
132 10148704951 9881848897
133 10090146050 9843856186
134 10057596892 10046166792
135 10028113545 9843856186
136 10005645347 10028141891
137 10130749565 9872094198
138 10075571443 10050028047
139 10037879594 9981545205
140 9972990809 10053751180
141 10053249976 9843856186
142 10066179581 9843856186
143 10091928226 10048318315
144 10010135505 10079441640
145 10077446323 9892621013
146 9948473870 10117029445
147 10089470548 10045360605
148 10076382227 10042385308
149 10035494714 10050347720
150 10029450872 10044726018
151 10029006380 10092597468
152 9993299601 10039479788
153 10062672831 10045234518
154 10090682655 10065823723
155 10034338317 10088370776
156 10068076037 10026530769
157 10071897428 9995549926
158 9972990809 10036077629
159 10088915947 10052866887
160 10087602540 10055903596
161 10063811276 10102216635
162 10000000000 10000000000
163 10064103364 10041929798
164 9997630795 9895096876
165 10036277222 10100600909
166 10055358506 10076699728
167 10069258861 10054043638
168 10035535011 10096550256
169 10025323851 10092732695
170 10039190243 10017812230
171 10044411034 10065885659
172 10062179634 10055120751
173 10106553360 10018531682
174 10086039306 10064237247
175 9983914049 10150293741
176 10087644552 10047749460
177 10090146050 10106538249
178 10054832061 9943445405
179 10051478457 9843856186
180 9990646272 10003481227
181 10035833701 9986143244
182 10046504337 10017688528
183 10088915947 10051866191
184 10095896432 10103884345
185 10000813052 10009498003
186 10090146050 10076850638
187 10073390818 10107226390
188 10000000000 10006027971
189 10088617697 10042980709
190 10088771608 10036282018
191 9938524385 10204840936
192 10000000000 10000000000
193 10026978749 10103896724
194 9999520051 10011140087
195 10049904349 10066466776
196 10031288002 9843856186
197 9996803858 10006856172
198 10009354451 10138869591
199 9986600009 9843856186
200 10095121394 10045264923
201 10079711362 10020385935
202 9961456171 10024107554
203 10000000000 10066677648
204 10030516382 10094213774
205 10030749043 10104388476
206 10090146050 10087825490
207 10068656782 10014619959
208 10150802943 9800106989
209 10098891319 10058811103
210 10083085944 10015747159
211 9965351790 10070976752
212 10049081367 10050635485
213 10133511440 9832942583
214 10093635816 10028231834
215 9991690980 10004214340
216 10028764106 9843856186
217 10031230164 10000000000
218 10085005404 9875632365
219 10029466901 10000452301
220 10088915947 10054043638
221 10054364303 10049822874
222 10015659499 10000000000
223 10110569329 10103175359
224 10088050263 10041788971
225 10056159467 10051827133
226 9972990809 10064611463
227 10090146050 10092617775
228 10049954390 10080466861
229 10088049111 10054600060
230 9954997939 10111451526
231 10084026551 10050842828
232 10097397840 9920016475
233 10083689025 9960908729
234 10003855461 10004640535
235 10028686226 10099097868
236 10093637924 10031351305
237 10051733947 10088437690
238 10089495326 10046160246
239 9950584232 10061777650
240 9996289286 10025947610
241 10045179662 10050588207
242 10048334138 10014836561
243 10134625349 10114344197
244 9985544059 10031837393
245 10046333062 10084432473
246 10006604090 10035363311
247 9972990809 9843856186
248 10083854814 10045585382
249 10000000000 10000000000
250 10027800613 10096826493
251 10121674385 9907752938
252 10092627012 10073459872
253 10090146050 10022443887
254 10048971274 9843856186
255 10028548918 10113182808
256 10098938095 10069980115
257 10121242622 9887725178
258 10029734012 10046293963
259 10074488494 9843856186
260 10000493296 10024426580
261 10040484637 10029944593
262 10057881509 10056601152
263 10074549831 9973775066
264 10033766662 10103530600
265 10081316188 10026887840
266 9964549013 10032359129
267 9978698453 10031537254
268 9967205995 10061466673
269 10101633823 9921845955
270 10040916370 10044740903
271 10082046997 10005180548
272 10047802705 10048813446
273 10090068842 9843856186
274 10090146050 10098108985
275 10029850167 9843856186
276 9972990809 10084666831
277 10000000000 9843856186
278 10085726476 10058524392
279 10025963052 9843856186
280 10152503343 10069466988
281 10058666782 9934827066
282 10089205942 9843856186
283 10024484404 10071533324
284 10023971882 10125638486
285 10002369454 10064171360
286 10010171618 10092702557
287 10083433907 10008704057
288 10012979255 9947055164
289 10100000000 10038601776
290 10098563207 10035028211
291 10045824482 9843856186
292 9919161096 10214765165
293 9999332956 10017725451
294 10070705666 10055321808
295 10065825421 9843856186
296 9972990809 10087575924
297 9972990809 10048910356
298 10068591802 10038354025
299 9997499144 10019185716
300 10087651215 10041200185
301 10063963163 10050725439
302 10004813149 10014122711
303 10020314514 9843856186
304 9919847639 10015732144
305 9997401606 10072517404
306 10068341422 10016211556
307 10000000000 10016103639
308 10105452021 9829679645
309 10088915947 10047078382
310 9952717377 10042989855
311 10003472102 10013583569
312 10003869797 10058565010
313 10073539158 10033747108
314 10023151043 10145147457
315 10090146050 10109112657
316 10098433968 10001898880
317 9949275953 10144196657
318 9999455348 10024127996
319 10030447787 10103355652
320 10088649539 10044754498
321 9984765841 9987167031
322 10031619956 10096883964
323 10075199287 9998498323
324 10055715546 10055775799
325 10032690279 10104849685
326 10094571369 10065627415
327 10020658510 10143063776
328 10032739018 10110147791
329 9905749247 10278501375
330 10070208655 10054597021
331 10009434431 10129557315
332 10052606308 9843856186
333 10007922368 10010670670
334 10092741622 10037947044
335 10075302176 10041488383
336 10033065319 10003756580
337 9995831319 10016698783
338 10090146050 10011491459
339 9937183479 10057019743
340 10035817953 10125521597
341 10153242970 10084756405
342 10052689495 10046304334
343 10068982894 10027471638
344 10082723856 10029050967
345 10039928413 10119500291
346 9955649019 10076033066
347 9972990809 10019192285
348 10072943821 9989262057
349 10088523130 10097665400
350 10020463550 10123008103
351 9965624172 10080268457
352 10132088902 10096993637
353 10107655367 10109930741
354 10052264128 10093269900
355 9966585490 9843856186
356 9970678919 9986472845
357 10088915947 10051358290
358 10098251531 9843856186
359 10092475805 9858843024
360 10089980666 9864450722
361 10086152259 9987669537
362 10112957991 10107589560
363 10027551706 10105696656
364 10016622645 10033831281
365 10056060043 10066370748
366 10034581042 10004047389
367 10000000000 10000000000
368 10050721476 10064889957
369 10000103310 10066445463
370 10052504964 10094955229
371 10119713231 9878375298
372 10086728061 10054043638
373 10008266175 9983493593
374 10027739988 10027498161
375 10076300534 9843856186
376 10074673648 10186494297
377 10084312883 10126063197
378 10035386219 10046465751
379 10024656351 10031400381
380 10069222067 9911104606
381 10055991045 10078175077
382 9950414374 10133960619
383 10083219792 9843856186
384 10117754817 9843856186
385 10081198473 10049295617
386 10088915947 9843856186
387 9979639159 10060642238
388 10018646404 9944141253
389 9983499364 10051124461
390 10057181389 10047990471
391 10085005696 10091831980
392 10070656588 9843856186
393 10008554970 10032751329
394 10095772717 9919314600
395 10055878071 9941094552
396 10089162821 10054233001
397 10077015980 9893588187
398 10073915591 10007100451
399 10084148302 10046416697
400 10001839041 10012997045
401 9977979883 10035795449
402 10074472747 10085373619
403 10090146050 10017643561
404 10071144353 10010544214
405 9958325019 10030543645
406 10054817826 10040911939
407 10034515192 10049533485
408 10045145606 10137564630
409 10084405680 10095862059
410 10036856801 10084846873
411 9967851530 10086403810
412 10004981835 10003725165
413 10027359003 10032129936
414 9952553784 10145736828
415 10090146050 10015027506
416 9980630100 10067643998
417 9966280828 10106682929
418 10011924996 10030714520
419 9976378310 10048429267
420 10016127732 10005152845
421 10107706901 10108796071
422 10013548770 10142144535
423 10117603058 10071282645
424 9972990809 10053751180
425 10100000000 10024023023
426 9960237682 10071374388
427 10057502624 10086197922
428 10098916977 10089876057
429 10046264902 10075724608
430 10096331561 9919555960
431 10027369105 10100823497
432 9995734549 10029865969
433 10097611173 10086880226
434 10040099074 10098640446
435 10017348812 10052465263
436 10065375106 10013377876
437 9978796274 10039385060
438 9972990809 10032653412
439 10046493727 10007719828
440 9967862559 10086278828
441 9926572722 9973685713
442 10029352813 9924938364
443 10019576207 9964186486
444 10039514251 10091554452
445 10090591213 10059884074
446 9988462067 9843856186
447 10044249055 9967230167
448 9972362438 10074114417
449 10061633660 10068679164
450 10045093269 10004935729
451 10090146050 10093810943
452 10018099528 10041614670
453 9972990809 10039861751
454 10038767130 10105204275
455 9973343949 10010847260
456 10000000000 10007650036
457 10077131783 10049332504
458 10090146050 9938584280
459 10151456924 10156366046
460 10098457323 10116949986
461 10024630220 10029789828
462 10096162328 10030963157
463 10032858828 10109799546
464 10034625406 10112826827
465 10093582167 10043470437
466 10001698850 10078091024
467 9960113967 10080130885
468 10071378498 10018781622
469 10084960982 10035698993
470 10083437647 10044009546
471 10051429181 10020574196
472 10028586161 10098841227
473 10071087249 10012461878
474 10046485249 10029459966
475 10016425563 9955232964
476 10038371697 10038639351
477 9992257121 10008681612
478 10011079754 10033616649
479 10065354224 10072912396
480 10057809625 10048330508
481 10049256331 10029146849
482 10050766490 10090004007
483 10071898237 10054043638
484 10041614797 9843856186
485 10040513115 10034462012
486 10080909774 10093608013
487 10077778237 10010812457
488 10074868797 9976268224
489 10063062178 10035649607
490 10076098750 9895649614
491 10050393206 10047780394
492 10070842634 10025894547
493 10000000000 10011778672
494 9976831385 9990754397
495 10074807659 10023692804
496 10036785766 10153615622
497 10086414062 9872466480
498 10091500451 10060962298
499 10029408660 10001640633
500 10050441070 10080379252
501 9973072304 10084479630
502 10056778021 10043557870
503 10085289483 10005239772
504 10066121405 10005451787
505 10053196877 10122951541
506 10083501018 10076678923
507 9988667707 10026994232
508 10098439761 10010621708
509 10090146050 10108618124
510 10076768747 10043124380
511 10095571255 9919180157
512 10047756549 9898145700
513 10067979317 10010323881
514 9972990809 10127379417
515 10055132414 10042710610
516 10090146050 9979723470
517 10177504728 10088681899
518 10106525076 9827268008
519 10076628921 10091485149
520 9949480311 10040446068
521 10089275308 10053958199
522 10000000000 10005928224
523 10028856262 10093094201
524 10090146050 10116657240
525 9996120801 10015575721
526 10094471216 9843856186
527 10086744390 10048535275
528 10072215718 10038135768
529 10078989015 10018763436
530 10099889437 9948502310
531 10077880746 10019411678
532 10104431352 9831973545
533 10084245355 9877340538
534 10015841543 9886449000
535 9997590511 10010378842
536 10089003140 9866647660
537 9992214081 10031395121
538 10077367240 9892798747
539 10100385418 9921306781
540 10030447303 10103614589
541 10122462271 9791449980
542 10054302322 10098982565
543 10048864643 9843856186
544 10085199905 10093868444
545 10096886922 10049707666
546 10000000000 10027413739
547 10009411759 10093583752
548 10027064564 10005851429
549 10143195780 9809316152
550 10006631521 10141063074
551 10015407533 10051135978
552 10074836592 9984698075
553 10083895024 10056752202
554 10050474490 10154979301
555 10102528960 9922232556
556 10085927095 10030139585
557 10050610408 10017672162
558 9994047825 10080054855
559 10041202621 10097870449
560 10036480479 10119088172
561 10093004601 10049360128
562 10052594962 10100000000
563 10048685630 10053751180
564 10025614339 10028408524
565 10013467093 10061550382
566 10076533123 10036376951
567 10080749125 10033378496
568 10065201684 9920140209
569 10064494291 9843856186
570 10028678982 10132471838
571 10000000000 10048925207
572 10050785435 10052189867
573 10013249210 10094104518
574 10006446967 9980705983
575 10000000000 10070180338
576 10091883456 10046296788
577 10000000000 9843856186
578 10009301642 10046200506
579 10008623363 10009650868
580 10003514961 10079618439
581 10111206845 10058042458
582 10029824442 10102017107
583 10065184102 10005289543
584 10090210015 10042569958
585 10082441462 10068733327
586 10034866380 10098661756
587 10100419421 9922851640
588 10047701086 10017537848
589 9998765138 10026098647
590 10000000000 10039081966
591 10000574334 10044491618
592 10065423962 10044378837
593 10026637911 10110412427
594 10033604852 10088243091
595 10100000000 10039001232
596 10039478393 9977951987
597 10084515826 10051228925
598 10103179342 10056186318
599 10044751913 10075144608
600 10036212036 9843856186
601 10000000000 10026663059
602 10095780916 10111078097
603 10009350196 9997937398
604 10078971887 10034891178
605 10000000000 10000000000
606 10043718478 10047158336
607 10017521988 9959234782
608 10090146050 10031062960
609 10100000000 10067865773
610 10148819802 9797912385
611 10071341858 10032455157
612 10018221603 9843856186
613 10059849829 10011119639
614 10074849414 10054043638
615 10075426520 9843856186
616 9998333006 10021249470
617 10028511602 10102905398
618 10088004130 10090655816
619 10070545392 10054387050
620 10000000000 10039849001
621 10050714310 10062971268
622 10088588975 10051862944
623 10059894524 9932067779
624 10052774008 10028897178
625 10073513313 10034971425
626 10015958455 10133096027
627 10027634044 10004571552
628 9970521810 10008649435
629 10093662973 10094127503
630 10029855604 10071983551
631 10096194364 9843856186
632 10039002875 10080629994
633 10115698621 10133521479
634 10062919741 10058308954
635 10032995936 10107820162
636 10059501704 10080139121
637 10064356413 10043905562
638 10029792865 9999719712
639 10016097379 10131832782
640 9994497198 10025883727
641 9985088712 10085629802
642 10020944906 10130683735
643 10010288479 9981954955
644 9932529842 9958704934
645 10095256833 9942201305
646 10039284755 10060085428
647 10005270858 10007674839
648 10088097419 10036486686
649 9992561732 10006447602
650 9970659955 10074103108
651 10084916877 10054218842
652 10100000000 10026853285
653 10148883951 10121774205
654 10105935733 9843856186
655 10048658439 10051474563
656 10083879115 10004263651
657 10045809039 10082822815
658 10031373382 10091889397
659 10064310060 10094146920
660 10002482567 9914430193
661 10056141357 10128294711
662 9995021158 10012395733
663 10090830033 10065277563
664 10072680010 9996043640
665 10091710061 9956193171
666 10050575007 10044608715
667 10019569497 10059154992
668 10115661388 9914034638
669 9963028205 10149769859
670 10093621983 10054123880
671 10020541828 10143910700
672 9985889723 10035331351
673 10070549500 10008389468
674 9951820726 10053751180
675 10044978738 10057940772
676 10066376847 9843856186
677 9998844719 10017468737
678 10000000000 10066677648
679 10013089636 9843856186
680 10064253920 10117942879
681 10027873788 10008143431
682 10055696013 10087816371
683 10017522198 10044742594
684 10074693348 10094915650
685 9947864247 10132227294
686 10052586074 10089026551
687 10028204186 10108321390
688 10037626281 9912420123
689 10069529803 10097184673
690 10010245545 10097556710
691 10051476587 10085539941
692 10008278628 10124638327
693 10066233334 10100000000
694 10085110423 10011088309
695 9993512662 10081257607
696 10057371204 10021658778
697 10081177109 10017018224
698 10032061930 10107755702
699 10036486403 10147314037
700 9992665860 10006714664
701 10077665338 9843856186
702 9963803015 10148028513
703 10084229533 9960903008
704 10051794621 10041779915
705 10010448146 10024863975
706 10104162053 9922671826
707 10000000000 10066677648
708 10109952415 9819565240
709 10000225341 10066171204
710 10079340569 10043151723
711 10032060433 10107751863
712 10000000000 10040626198
713 10044129210 10182399800
714 10111105300 10031693531
715 10047851445 10053314218
716 10077381899 10043388366
717 9991722011 9962724164
718 10043954718 10067031935
719 10013282379 10124887165
720 10026918929 10107288285
721 10049098704 10044643638
722 10097418628 10021038781
723 10006012959 10026694238
724 10037194587 9843856186
725 10080040060 10054043638
726 10003349902 9998191989
727 9929393333 10083801702
728 10040633755 9892347980
729 10031501123 10054128268
730 10073536173 10024001204
731 10103517607 10053751180
732 10000000000 10000000000
733 10028097905 10086685916
734 9994918222 10012491406
735 10018714633 9976079784
736 10028344445 10098221286
737 9996208181 10015799828
738 10091847091 10001339728
739 10088369935 10065785082
740 9992670811 10024095023
741 10064641668 10103801571
742 10068011296 10035765586
743 10068914241 9993879901
744 10067124978 10048605079
745 10039413647 10078162807
746 10029066393 10098322731
747 10092565350 10007407415
748 9992821091 10033744897
749 9998682897 10020642115
750 10047564381 10081939074
751 10133913343 9948058780
752 9999450996 10023289161
753 10022696477 10015668481
754 10076955704 10102074068
755 10028424715 10099087933
756 9975557298 10011812363
757 9974432917 10093883781
758 10030445848 9843856186
759 9963404044 10072105320
760 10079518313 10005207277
761 10007623088 9843856186
762 10090146050 10036073758
763 10080081590 10054043638
764 10047623669 10081410073
765 9951686859 9969758800
766 10037686188 10078697887
767 10100000000 9843856186
768 10032498504 10096594480
769 10090589177 10097316682
770 9955678104 10070125337
771 10096944717 10054007607
772 10073090819 10080188972
773 10058635825 10008699894
774 10035511482 10111524397
775 9972990809 10015007844
776 10021828736 10042299936
777 10055902151 10044654887
778 10108375607 9843856186
779 9970558812 10122171281
780 10067952449 10023914937
781 10090222370 10037163097
782 10003002601 10049448007
783 10000000000 10047261390
784 10045632683 10101911290
785 10028627645 10106480876
786 10123935709 9874485061
787 10049882705 10050394925
788 10012278423 10032446567
789 10049148582 9843856186
790 10027910154 9843856186
791 10009415721 10076478023
792 10089679582 10049695239
793 10091029223 9862094141
794 10030982948 10044975186
795 10081406865 9959013174
796 10070513221 10024761157
797 10005402404 10034652648
798 10088022114 9868852464
799 10023396261 10069528843
800 9951408872 9843856186
801 10069917711 10006088096
802 10051680396 10123213204
803 10054688315 10066812325
804 9969818882 10053751180
805 10057460326 9843856186
806 10053041602 10079806058
807 10058541090 10032662376
808 10003141577 10140473634
809 10063345679 10071893241
810 10055915352 10093820109
811 9978721918 10010493614
812 10036138453 10000000000
813 10090146050 10105231336
814 10049772601 10039309615
815 9951973406 10122116139
816 9997024699 10017893990
817 10096290406 10060916021
818 10099788669 10033417037
819 10100000000 9841932783
820 10083318809 9879422901
821 10018561678 10000917975
822 10094244151 10073849721
823 10098919012 10033606978
824 9972990809 10053751180
825 10031098002 10104054190
826 9963706440 10097606220
827 9993017607 9990241186
828 10093708076 9843856186
829 10088958636 10041746085
830 9964410048 9843856186
831 10008514675 10120819384
832 10065405282 9919682635
833 10091925805 9952414883
834 9982937001 10046350498
835 10060443392 10070535502
836 10005812754 10047221304
837 10019293695 10029877593
838 10042002671 10126119015
839 10086328355 9843856186
840 9997826801 10009303751
841 10065740922 10022035377
842 9926482287 9958494387
843 10078231764 10084958091
844 10027252383 9915338173
845 10027680446 10103304931
846 9972990809 10089671072
847 10088354350 10023267899
848 10060119694 10046506207
849 10029119258 9883964711
850 10101493933 9932475018
851 9995974833 10015201348
852 10017480223 10014701561
853 10072257888 9997924429
854 10100000000 10035822211
855 10061609822 10094385481
856 10090146050 10009389879
857 10108524319 10078024921
858 10079374673 10026578060
859 10089613086 9865276838
860 10041964058 10100214923
861 10029335064 10037280666
862 9998656945 10025698883
863 9993703444 10037587688
864 10004598888 10066965194
865 10007550952 10014611410
866 10053676219 10001901199
867 10092092604 9949319288
868 10017732593 10037212248
869 10003709140 10092145026
870 10039462734 10125022731
871 10035349218 10007351570
872 10075204953 10023585338
873 10082027604 10072154698
874 10096161644 9850559289
875 10083797936 9843856186
876 10000000000 10000000000
877 10107216425 10000922574
878 10077193332 9989929768
879 10075202443 10027042710
880 10088915947 9866843622
881 10081355364 10017849238
882 10108237397 9932930925
883 10097069485 10071545838
884 10099191822 10002147272
885 10069299419 10098420684
886 10027824271 10096887170
887 10065643715 10072570065
888 9940001387 9843856186
889 10073969113 10051097170
890 10084492822 10092732197
891 10083915310 10004827472
892 10082087087 10097831276
893 10034617661 9988876233
894 10050711641 10009388672
895 10095532932 10010812457
896 9951028843 10028758164
897 10083310260 9843856186
898 10115953412 10027417586
899 10025387599 10039228516
900 10086125032 10063362583
901 10044055392 10056767835
902 9963877888 10070599654
903 9972167397 10129229994
904 10059764843 10022690184
905 10055350505 9843856186
906 10098873801 10005464691
907 10033179419 10112391456
908 10080218272 10025772506
909 9990743994 10044790446
910 9912357753 10191944891
911 10301410116 10201253990
912 10027852309 10096959081
913 10093062271 10045911851
914 9984041593 10037685942
915 9966638476 10044717190
916 10053262362 9843856186
917 10032649508 10108005859
918 10071053414 10077392280
919 10079007167 10049052013
920 10077996004 9997647095
921 10043947220 10058224695
922 10120321740 10023201673
923 10066188823 10027901055
924 10000000000 10009928776
925 10099433028 10081926074
926 10012195093 10144687439
927 9964272303 10060789444
928 10031373754 9843856186
929 10085739847 10057952073
930 10083314619 10042503154
931 10086785950 10070279591
932 10099491649 10011887418
933 9962406795 10118711095
934 10024405784 10136282712
935 9995437857 10013824141
936 10090146050 10010812457
937 10089528398 10031860823
938 10044728257 9966153186
939 10032918706 9992694545
940 10122469738 10064846251
941 10063994020 10017025237
942 9984263646 10006347028
943 10000000000 10019024979
944 10029748701 10101822849
945 10084826905 9843856186
946 10005781802 10014265931
947 9936945940 10021778461
948 10000000000 10084128377
949 10094843582 10066383493
950 9941768208 10053751180
951 10053341172 10030422193
952 10081684215 10027311447
953 10042895553 10135541229
954 10152060541 10157474722
955 10064603730 10027069398
956 10114990890 9927614743
957 9992819148 10007107807
958 9981511634 9971379013
959 10091845363 9950887931
960 10049805614 10099954599
961 9963022790 10119888037
962 10046129363 10003306296
963 10054499798 10061425044
964 10090793158 10066223949
965 10060836777 9843856186
966 9972990809 10051991091
967 9972105017 10072254792
968 10028438970 10098463718
969 10059657002 10018905671
970 10072644718 10036885956
971 10009821950 10077386154
972 10000000000 10022948338
973 9922743441 9958262265
974 9979596990 10041595836
975 10107283855 9952211276
976 9984245404 10058253405
977 10061430445 10010722651
978 10103572461 9919918400
979 10015861156 10077424712
980 10093397926 10065104144
981 10102676865 10080597432
982 10027115931 10006515652
983 10058169047 10085343344
984 10027987740 9843856186
985 9956032306 9913945070
986 9976090221 10081249326
987 10035706455 10114176478
988 10016595916 10052935851
989 10073403521 10022662541
990 10118695446 9843856186
991 10045648647 10068898582
992 10057528796 10028993414
993 10064130031 10000483739
994 9972990809 9843856186
995 9998538607 10009356264
996 9989874367 10045687483
997 9972990809 10049393651
998 10032649434 10100846405
999 10029759787 10019348699
1000 9975608364 10049810569
1001 10094646749 10096876729
1002 10081265547 10017131413
1003 10000000000 10021743187
1004 9996262585 10015939361
1005 10009329931 10043759264
1006 9974758351 10082936301
1007 10092159164 10005402772
1008 10080485189 10047623843
1009 10000946133 10088880297
1010 9969560020 10053751180
1011 10090146050 9843856186
1012 10093911027 10034805480
1013 10090659805 10035846003
1014 10000000000 10035409276
1015 10125774154 10079519483
1016 10051116036 10065154334
1017 10049368717 10057001777
1018 9936958854 9968132043
1019 10087551162 10045118418
1020 9981336633 10073355747
1021 10048355911 10092716391
1022 9968084853 10037724973
1023 10098740230 9844764051
1024 10003566263 9843856186
1025 9976519661 10043493066
1026 9972990809 10018711852
1027 10095451881 10030429563
1028 9972990809 9843856186
1029 10090146050 9864079028
1030 10070249136 10104523429
1031 10097517757 9843856186
1032 9984238821 10024638194
1033 10000000000 10030285559
1034 10022337274 9843856186
1035 10090146050 10082271087
1036 10039964378 10154503074
1037 10018521764 9843856186
1038 9907563855 10254705451
1039 10085961753 10058710026
1040 10051328525 10024578185
1041 10107547047 10084802873
1042 10090146050 10010812457
1043 10083781606 10043140317
1044 10002633094 10009900481
1045 10117169110 9903661875
1046 10100000000 10032961551
1047 10044198102 9900687456
1048 10015596514 10036998126
1049 10132530555 10083087767
1050 9950761891 10177337769
1051 10091996000 10034462357
1052 10023355633 10068269445
1053 10023539804 10008741051
1054 10090146050 9992827159
1055 10078365505 10043872334
1056 10028043987 10003650227
1057 10049282313 9955918178
1058 10059536999 10066306859
1059 10052194261 10091629669
1060 10103322931 10077161368
1061 10082712209 10050990099
1062 9947386133 10184924611
1063 10060045036 10064794690
1064 10060509940 10010017724
1065 10120396487 10090529666
1066 10000101384 10066449793
1067 10002466209 10086102243
1068 9982210776 10090045830
1069 10000000000 10009298646
1070 9998773976 10022380449
1071 10045332926 10066644246
1072 10062646848 10059038482
1073 9972741989 10047109284
1074 10100000000 10031297306
1075 10006917157 10151405855
1076 9996494404 10016533917
1077 10045009483 9843856186
1078 10044538364 10136529152
1079 10085530107 9874453124
1080 9955990616 10017238738
1081 10088513714 10040768790
1082 10051668671 10048725737
1083 9998750280 10069486329
1084 10073481622 10019365916
1085 10048314701 10047442426
1086 10058715520 10042883231
1087 10100000000 10027001340
1088 10016834042 10055373331
1089 10090146050 9864079028
1090 10076080632 10042709903
1091 9972990809 10075099047
1092 10018134564 10045936104
1093 10053856421 9877862392
1094 10066169512 9843856186
1095 10028677880 10104151814
1096 10026688949 10013698596
1097 10104020044 10083155935
1098 9978876202 10143470848
1099 10046475766 10082229092
1100 10073823762 9900762532
1101 10079229237 10047041658
1102 10087299964 10052489130
1103 10069616339 10027316673
1104 10089148601 9996171518
1105 9983765613 10103163599
1106 10000000000 10018892176
1107 9955075903 10083454193
1108 10113800843 9900347943
1109 10061841665 9843856186
1110 10076591583 9843856186
1111 10024787481 10009306012
1112 10000000000 10066677648
1113 9991632504 10042181418
1114 9979620049 9991902065
1115 10063868990 10017169066
1116 10008671482 9991437695
1117 9967851877 10038233275
1118 10047532317 10081850221
1119 9926083366 10232801488
1120 10006035532 10008527656
1121 10085744680 10087636603
1122 10129364975 10111603071
1123 9975886569 10012693451
1124 10099749633 10099954058
1125 9962994218 10072229049
1126 10001396657 10063538733
1127 9953771733 10053751180
1128 9971660013 10053751180
1129 10098886037 10003549496
1130 9956318778 10096982264
1131 10009489623 9989514957
1132 10000000000 10002616346
1133 10000000000 9843856186
1134 9972990809 10065584827
1135 10077180874 10019568906
1136 10037856488 10094137157
1137 9946069793 10077651150
1138 10084304197 10049190984
1139 10081489900 9883533280
1140 10090146050 10032318228
1141 10000279384 10099269821
1142 10096602305 10040235429
1143 10084942128 10010905541
1144 10084657825 10094942420
1145 9978688669 10049008883
1146 10172340901 9843856186
1147 10052721981 9843856186
1148 10066694184 10083311867
1149 9950083863 10016140626
1150 10032762631 10096061988
1151 10073662571 10012673948
1152 10020197225 10040695768
1153 9996812172 9843856186
1154 10059723409 10035594904
1155 10058193768 10094170870
1156 10055944709 10047914033
1157 9964020242 10115490317
1158 10074980910 10098423047
1159 10056705128 10095226477
1160 10039932747 10094619683
1161 10082960620 9843856186
1162 10094252217 9843856186
1163 10010646293 10042750651
1164 9920386826 10013470405
1165 10095695179 9843856186
1166 9975240965 10016626372
1167 9992211730 10030709940
1168 10087807470 10032068456
1169 10033184053 10075530137
1170 10083710081 10093524947
1171 10021234513 10052808999
1172 9966021468 10066358799
1173 10155621011 9954897160
1174 10072820411 10054043638
1175 10031093823 10105272751
1176 10071176416 10098348562
1177 10114270632 10088570266
1178 10037569267 10112990258
1179 10090146050 10077283326
1180 10074546143 10073476152
1181 10002397911 10019214380
1182 10073799873 9843856186
1183 9984883150 10049136881
1184 10037436214 10053236237
1185 10080802804 10057909184
1186 10075809544 10033441795
1187 9997282407 10013406376
1188 10046093208 9843856186
1189 10020765287 10130094579
1190 10075568276 10037281303
1191 10073607062 10003979740
1192 10030208424 10109353043
1193 10082184236 9994164047
1194 10178369742 10180023789
1195 10095065372 9843856186
1196 10057874742 10047677745
1197 9954005219 10142422078
1198 10053146288 10045395786
1199 10080723325 10079298890
1200 10090146050 10091254469
1201 10045960518 10002072757
1202 10081018918 9843856186
1203 10082713099 10048653532
1204 10063384016 10121591942
1205 10075233828 9976276787
1206 10017035408 9934312811
1207 10093650420 10193127128
1208 10030299112 10103234515
1209 9992822624 10007116724
1210 10051191156 10062091722
1211 10005291649 10004320072
1212 10004533724 10075565762
1213 10059513358 10023970008
1214 10067799323 10022282352
1215 10008384609 10139240843
1216 10037699112 10135652704
1217 10052948307 10018564032
1218 10134094937 9765306162
1219 10095791112 10047193735
1220 10071631101 10092977594
1221 10090146050 9843856186
1222 9993764878 10037570284
1223 10029215303 10069754782
1224 9942620037 10195636168
1225 9972990809 10053751180
1226 10028091458 10097572437
1227 9998999238 9986911878
1228 10016370054 10010694609
1229 10090873810 10026135162
1230 10047759377 10088510943
1231 10013481216 9951213408
1232 10074782279 10010462033
1233 10066350673 9917557917
1234 10090146050 9864079028
1235 10078760807 10018772675
1236 9977065308 10036742209
1237 10046581318 10040019776
1238 10087294043 9952633862
1239 10053063766 10092134359
1240 10066759233 9843856186
1241 10079511747 10041337654
1242 10013256932 10000401736
1243 10035686959 10107892508
1244 10050144884 10026648447
1245 10064313123 10053275100
1246 10090146050 9864079028
1247 10013747594 9989218846
1248 10002378081 10026221076
1249 9899089291 10027628709
1250 10085299361 10081996120
1251 10054838551 10080469623
1252 10099446507 9843856186
1253 9970216594 10133614322
1254 9999095585 10068710273
1255 10053942234 9945445246
1256 10076877131 10015812001
1257 9970625043 10100907385
1258 9983576343 9843856186
1259 10094661434 10100000000
1260 10004277300 10037614309
1261 10090146050 10100438891
1262 10027953254 10097217978
1263 10090146050 9843856186
1264 10076638571 10042520652
1265 9926314873 9965553732
1266 10000000000 10043629527
1267 10080877116 10010812457
1268 10095459675 10078261411
1269 10082326884 10028871681
1270 10033119389 10056673088
1271 10033249871 10088948950
1272 10006760090 10051484692
1273 10029300212 10095695305
1274 10028525922 10098686728
1275 10055947401 9940938737
1276 10083327037 9987154516
1277 9962979395 10073567937
1278 10058442886 10025496231
1279 10015952700 10038245418
1280 9986426371 10005573909
1281 9972990809 10076295529
1282 10086170443 10062513235
1283 10053780392 10059487101
1284 10103781220 9910444050
1285 10030663098 10104168048
1286 10044971051 10103771405
1287 10051859837 9843856186
1288 9999963110 10066760555
1289 10058964664 10036329268
1290 10026916278 10014080490
1291 9969236693 10070864240
1292 10025912395 10124328258
1293 10023575141 10049003455
1294 10035742177 10000000000
1295 9999929370 9966823604
1296 10091405901 10011597626
1297 10044001625 10074233393
1298 10031711538 10097802869
1299 10093452507 10036707966
1300 10009539158 9985605392
1301 10018569253 9843856186
1302 9992266251 10007406089
1303 10013798860 10137800299
1304 10070416623 10110598855
1305 10033390329 10111162712
1306 9974917035 10091252870
1307 10054570074 9843856186
1308 10068934576 9843856186
1309 10090146050 10013289716
1310 10000000000 10032222872
1311 10068137800 10028907042
1312 10062911821 10093682063
1313 10044291687 10141765415
1314 10095178702 9843856186
1315 10096025635 9850864962
1316 9972990809 9843856186
1317 10046207797 9897325558
1318 10056215896 10057205134
1319 10025248906 10023800664
1320 10110657855 9928118410
1321 10063716222 10039042361
1322 10080596975 9843856186
1323 10089196896 10014022148
1324 10076872884 9893909788
1325 10090146050 10091825610
1326 10063605564 10065759006
1327 10003497957 10009060170
1328 9950318957 10055334244
1329 10003729960 10005481363
1330 10068914642 10002137107
1331 9985643128 9843856186
1332 10085879393 10041568903
1333 9924543117 9843856186
1334 10078637391 10049770592
1335 10004266797 9843856186
1336 10009860726 9843856186
1337 10086036417 9943549102
1338 10096020737 9957123564
1339 10083190139 9879712081
1340 9972990809 10053751180
1341 9987595353 10094556455
1342 10074158775 10005907720
1343 10006157320 10062799384
1344 10070845411 10021841318
1345 10000000000 10036728056
1346 10037845660 10024357460
1347 10023603170 10041262868
1348 9968115461 10073154353
1349 9972990809 10034950043
1350 9972990809 10020541419
1351 10020112814 9930493986
1352 9988734978 10040861767
1353 9968623897 10106083839
1354 10014070128 9843856186
1355 10026594966 10015772661
1356 9960551338 10014308350
1357 10090146050 10006453476
1358 10057223063 10044024610
1359 10084224903 10049914797
1360 10027340245 10028602616
1361 10141378361 10084909988
1362 9962864222 10051056532
1363 10083009466 10009843320
1364 10030393130 9998370648
1365 10099144467 10026976395
1366 10085776572 10053393740
1367 10088965934 9843856186
1368 10008600199 10031000824
1369 9959942430 10073206754
1370 10079276143 10057675656
1371 9997238924 10028539915
1372 10088915947 10057986697
1373 10088915947 10050422450
1374 10035044588 9843856186
1375 10007008122 10016939313
1376 10055961271 9940907564
1377 9993114081 10034709464
1378 10080771460 10044851716
1379 10071741213 10015158493
1380 10056713264 10104221944
1381 10120364844 9877771543
1382 9953873698 10143733433
1383 9998613860 10021969791
1384 10024518262 10021405597
1385 10078826634 10052975202
1386 10017053065 10149754117
1387 10090146050 10001305111
1388 10093003180 10033787989
1389 10015142425 10018331330
1390 10088915947 10048570220
1391 10000000000 10031744746
1392 10061119455 9843856186
1393 10051183056 10039943203
1394 10002996276 10090147868
1395 9993811967 9843856186
1396 10110005655 10079496533
1397 9997825435 10016283093
1398 10106655282 9959160207
1399 10092985623 10014924062
1400 9962633235 9843856186
1401 10098857452 9931695286
1402 10087196832 9843856186
1403 10054509503 10001912302
1404 10195565390 10146099413
1405 10090146050 9843856186
1406 10031505223 10057728542
1407 9988970115 9843856186
1408 10059559240 10052384185
1409 10116686452 9879767086
1410 10017598016 10029235308
1411 10029089249 9843856186
1412 10091536419 10045621415
1413 10077207459 10025288174
1414 10096886922 10054833861
1415 10075998734 9843856186
1416 10095421883 10096334137
1417 10034803418 9843856186
1418 10042163228 10042165631
1419 9994614292 10011711902
1420 10000000000 10010813334
1421 10073549421 10060422686
1422 9972990809 10062938969
1423 9918614632 10051753963
1424 10086157319 10005541420
1425 10047585795 10065877009
1426 10142857957 9814902178
1427 10065079208 10093214436
1428 10013422186 9971113613
1429 10050426845 10036446719
1430 10110787592 10079029683
1431 10050506062 10034818551
1432 10082250564 10064673768
1433 9963878102 10033423923
1434 10029939549 10063868781
1435 10072404090 10098579742
1436 10006752929 10057644827
1437 10078235727 9843856186
1438 10109608905 9990205290
1439 10050790378 10026598584
1440 10185216816 10140706880
1441 10026781011 10034259798
1442 9947948969 10026225824
1443 10000000000 10027963196
1444 10000000000 9843856186
1445 10000000000 10000000000
1446 10082998173 9983804320
1447 10085205172 10063195083
1448 10092605580 10057154320
1449 10075753325 9843856186
1450 10000444538 10015111220
1451 10089463653 10049479961
1452 10051654169 9843856186
1453 9990396705 10047737492
1454 10054174784 10034208392
1455 9987035453 10095814800
1456 9926114399 9982741372
1457 10100113980 9841676619
1458 10100000000 10035667260
1459 9972990809 10044911634
1460 9991558231 9942622786
1461 9958248507 10071329061
1462 10017924624 10058580971
1463 10050705100 10062129753
1464 10049439481 10048954949
1465 10034932421 10112535486
1466 10072229088 10070808663
1467 10000000000 10000000000
1468 10096886922 10055707766
1469 9972990809 10070949099
1470 10087984554 10048406034
1471 9985395672 10006225852
1472 10089120914 10020764241
1473 10019885477 10132787957
1474 10115401990 9911629268
1475 9972990809 10127379417
1476 10052831136 9843856186
1477 10074266895 10013395874
1478 10076736479 10054043638
1479 9982193898 9996941396
1480 9953430477 10059227288
1481 10027981666 10027207897
1482 10008382544 10150171255
1483 10041344237 9973758598
1484 10049481900 9955469618
1485 10044494829 10143411895
1486 10005727607 10000000000
1487 10056720025 10047182319
1488 10067124978 10048605079
1489 10045009483 10058625704
1490 10056942098 10042539895
1491 10100000000 9843856186
1492 10063350154 10026883948
1493 10056823326 10091225928
1494 10105695888 10057267833
1495 10088915947 10058456224
1496 10111278478 9961193510
1497 10000194537 10013997436
1498 10031219861 10026656796
1499 10065885602 10048996671
1500 10076522123 10055951473
1501 10084898874 10028311519
1502 10025350729 10006258626
1503 10053039165 10053757481
1504 10015364821 10024858587
1505 10065013484 10093152127
1506 10057049963 10045781312
1507 10029660522 10080694868
1508 10071656269 10047043970
1509 10064154322 10068610155
1510 10093197318 9843856186
1511 10000000000 10004117641
1512 9969853224 10104860412
1513 9913367024 9984965535
1514 10067640136 10007152706
1515 10048892076 10046578670
1516 10002689704 10037644659
1517 10056270398 10047301359
1518 9972990809 10056749878
1519 9980955941 10158302652
1520 10008994838 9905050829
1521 10112896740 10027271753
1522 10069495964 10053123522
1523 10077505494 10051128041
1524 10088787145 10027015717
1525 9974639492 10039417224
1526 10242873531 10170751189
1527 10088915947 10053246045
1528 10083638705 10010812457
1529 10036898666 10089899340
1530 10107704314 9892397456
1531 10100000000 10041948578
1532 10067576512 10093947789
1533 10067386117 10090128779
1534 10015111934 10142981371
1535 10082601198 10057261325
1536 10048724375 10041409290
1537 10049898868 10053751180
1538 10175240487 10135508319
1539 10002128989 10022501422
1540 9970277170 10051832471
1541 10078553770 10041636726
1542 10065443143 9996675776
1543 10111253573 10053751180
1544 9987947948 9843856186
1545 10048562828 10058625704
1546 10059953222 10017630480
1547 10088915947 10053243679
1548 10031464592 10100487286
1549 10068178422 10092152533
1550 10059212712 10008609379
1551 10048668569 10076969650
1552 10113228937 10119216331
1553 10009368223 10008149241
1554 10076898859 10007298874
1555 9996451177 10014096171
1556 10040932654 10079308901
1557 10072568030 10002899593
1558 10099739196 9842518926
1559 10093184544 10061749261
1560 10101119644 9843856186
1561 10026869322 10140513572
1562 10033888123 9990515830
1563 9964092776 10094574787
1564 9951933256 10059037291
1565 10090146050 10012402256
1566 9972990809 10073122273
1567 10088915947 9843856186
1568 10047716336 10072810451
1569 10000000000 10067467122
1570 10088978511 10010812457
1571 10046324623 10094136860
1572 10080105020 10034677538
1573 10058095510 10031762496
1574 9976505533 10056806481
1575 10000486998 10092126537
1576 10033921369 10097093073
1577 10077144182 10005401284
1578 10099341786 10035959520
1579 10021852131 10038931961
1580 10063194963 9924650213
1581 10079894761 10054043638
1582 10000000000 10017930909
1583 10088537284 9977278471
1584 10047067204 10057182743
1585 9988172613 10134043158
1586 10000000000 10000000000
1587 10010266861 10012207747
1588 9972990809 10066194225
1589 9975359969 10034907169
1590 10075733242 10092282853
1591 10000942877 10053638886
1592 9968048460 10080888156
1593 10059282367 10080485658
1594 10090146050 10009888003
1595 10038759059 10096161794
1596 9901273911 9981484656
1597 10081827343 10041632374
1598 10121223304 10224740136
1599 10053179981 10048512353
1600 9948768605 10082095280
1601 9947538925 9967480541
1602 10090146050 10091212093
1603 10028393452 10100926642
1604 10093284679 10042753808
1605 10000000000 10006263842
1606 10097092094 10086765859
1607 10088915947 10059254310
1608 9987825632 10026869208
1609 10120712328 10149375199
1610 10039706433 9977439477
1611 10092948929 10012244582
1612 10008769416 10032990074
1613 9972990809 10053751180
1614 10055985142 10022815323
1615 10032510578 9993611792
1616 9972990809 10053751180
1617 10065368284 10048343406
1618 10090146050 10025852618
1619 10009530118 9985467390
1620 10066095417 9918131591
1621 10000000000 10014276898
1622 10090146050 10088606444
1623 10134960765 10243757759
1624 10108188891 9843856186
1625 10049522033 10044487542
1626 10026624932 10074792103
1627 10040350850 10085555360
1628 10062505241 10025728165
1629 10063674403 10048391801
1630 9992063049 10004683352
1631 9990429728 9843856186
1632 10058782189 10012131562
1633 10064760685 10096146896
1634 10062735780 10043548121
1635 10090960816 9862247884
1636 10050521241 10141966880
1637 10004153355 10015008005
1638 9972990809 10127379417
1639 9972990809 10043079725
1640 10095791644 10032901677
1641 9969388955 10085921309
1642 10035544555 10091348606
1643 10103371691 9907689874
1644 10083845201 9843856186
1645 9917687638 10225039941
1646 10090456363 10054043638
1647 10087256371 10045321336
1648 10040672453 9843856186
1649 10029302244 10099574708
1650 10048807380 10001956206
1651 10007795182 10034582059
1652 10021466637 10130140500
1653 10080183833 10080295613
1654 10055823410 10075152769
1655 9972990809 10076519326
1656 9895542621 10279092651
1657 9982170333 9998743249
1658 9990684928 10046207997
1659 10000000000 10032915663
1660 10049699975 10046981697
1661 9967514733 9843856186
1662 10069841909 9843856186
1663 10046593158 9843856186
1664 10099402021 9920882062
1665 10012178932 10078406833
1666 10027685969 10096704583
1667 10031944928 10052666504
1668 10077659350 10034789819
1669 10000000000 10071611215
1670 10064765994 10031157823
1671 10068381045 10014753364
1672 10053274505 10069128066
1673 10069049813 9992130216
1674 10118239707 9843856186
1675 10000000000 9843856186
1676 10052031246 10034259868
1677 10030086228 10103395487
1678 10000367327 10012063211
1679 10057715853 10107007473
1680 10033045699 10082341490
1681 10060748757 10098497858
1682 10044682620 10081131139
1683 9998561875 10028757026
1684 10000000000 10038865544
1685 10068212405 10090558249
1686 10078463145 10041552098
1687 9972990809 10062612110
1688 9975239281 9843856186
1689 10029330495 10100750257
1690 10069809309 10085591770
1691 10079180214 10048984792
1692 10081624212 10002479086
1693 10036552703 9912973796
1694 10028573505 10098643034
1695 10018253840 10097017678
1696 10133253778 9838152609
1697 10068381804 10014448008
1698 10077826349 10087051540
1699 9893406648 9983648039
1700 10016140666 10061598610
1701 9977237170 10072993893
1702 10019918606 10080174752
1703 10001417323 10033828535
1704 9978438332 9982439831
1705 10051690727 10067657133
1706 10041634385 10132306648
1707 9999530499 10023288065
1708 9972990809 10095936344
1709 10080858593 10017249496
1710 10057691193 9843856186
1711 10032396480 10039142852
1712 9972990809 10058595166
1713 10073658116 10036315617
1714 10033761151 10094072937
1715 10087169542 10058951664
1716 10078127076 10063452786
1717 10066298956 9843856186
1718 9991456397 10003612694
1719 10034766837 10095794345
1720 10065313209 10093436281
1721 10014062459 10018264578
1722 9994610726 10011702757
1723 10057653637 10022608033
1724 10001362684 10018476478
1725 9986455431 10031782797
1726 9988751736 9996675916
1727 10082732119 10046045784
1728 10087918337 10015381151
1729 10020911408 10030351609
1730 10017632854 10011482889
1731 10074447835 10034647099
1732 9993202058 10005427614
1733 10031119711 10105339146
1734 10045009483 10062433456
1735 10016594492 10061800222
1736 10106263025 10004213632
1737 10028124770 10092127583
1738 9987503416 9992777770
1739 10042949004 10041812060
1740 10080081924 9886697634
1741 10032239172 10108210283
1742 10091156061 10061492078
1743 10054912477 10009559362
1744 10049994936 10011558726
1745 10010169006 9843856186
1746 10053609590 10087901407
1747 10001420503 10007453374
1748 10081802113 9843856186
1749 10011946934 10132997705
1750 9994361120 10010437313
1751 10069041170 10069891711
1752 10089831243 9843856186
1753 10089667697 9979192864
1754 10088218258 9843856186
1755 9987469481 10000043790
1756 10080283420 10043487432
1757 10064243875 10095217710
1758 10001119602 10042573807
1759 10026656072 10038999051
1760 10083053535 10047711145
1761 9972821750 10049636325
1762 10000000000 10000000000
1763 10076980203 10030509935
1764 10059849641 10010017724
1765 10106989727 10026255668
1766 10000000000 10000000000
1767 9958985926 10014286093
1768 10090146050 10023337848
1769 10070889105 10053609503
1770 10020619173 10072274402
1771 10071939167 9985526695
1772 10073241625 10054043638
1773 9892852236 9988358763
1774 10004216367 10089683596
1775 9939391650 10080315459
1776 10017523065 9967549201
1777 10027908262 10097426063
1778 9953341474 10145952516
1779 9972990809 10015867832
1780 10080501457 9982842953
1781 10031742451 10095499984
1782 10078534684 10001249833
1783 10002959394 10002056419
1784 10082708850 10053884664
1785 10000859643 9843856186
1786 10017690687 10134186761
1787 10137737648 10111387578
1788 10002263505 10037233872
1789 10015492949 10072531640
1790 10086531198 9843856186
1791 10017917777 10019599091
1792 9984135094 10038060415
1793 10071560039 10010812457
1794 9979756738 9985545149
1795 10043984008 10115259141
1796 10008004016 10007640866
1797 10012306181 10033786136
1798 9967081358 10070919646
1799 9961182305 10068831443
1800 10142924973 10105132261
1801 10045544874 10029582856
1802 10002687108 10060638511
1803 10080895810 10028882698
1804 10096732315 9843856186
1805 10181904625 10172032950
1806 10108993334 10053751180
1807 10000000000 10000000000
1808 10070849079 10004418730
1809 10114365846 9809646280
1810 10083704895 9983817418
1811 10112768624 9913437716
1812 9988580550 10000654162
1813 10071643331 10021164362
1814 10111275643 9961030374
1815 10010508847 10043059554
1816 10050591134 10046741508
1817 9974256032 9843856186
1818 10105845617 10182618049
1819 10042808090 10085488273
1820 9999351341 10007607228
1821 10032828463 10046271470
1822 9972990809 10087638317
1823 9990408173 10002965863
1824 9894129324 10024413666
1825 10077700314 10027418175
1826 9934490812 10177084558
1827 9994837562 10012404806
1828 10045873016 10085642278
1829 10012707539 10092592873
1830 10087701384 10036127635
1831 10065034100 10026948038
1832 9967717934 10081995175
1833 10093751253 10060362652
1834 10038516591 10088432278
1835 10098455103 10049397275
1836 9962820543 10081728124
1837 10082203499 9967030070
1838 10021212971 10006652927
1839 9991310965 10034054309
1840 9944980354 10008509489
1841 10032194101 10003513319
1842 10090146050 9992815596
1843 10069208698 10018328878
1844 10093785451 10096277491
1845 10072758755 10031540751
1846 9964329588 9933620074
1847 10006654017 10080945003
1848 9972990809 10075256390
1849 10056901622 10029963451
1850 9986473318 10027471877
1851 10107709271 9920315290
1852 10025279199 10000000000
1853 10013682718 9945826171
1854 10000316640 10000000000
1855 9990917308 9843856186
1856 10087098173 9995450803
1857 10008186214 10032448422
1858 10074944412 10106433849
1859 10029839490 10102055701
1860 10179229745 10137587079
1861 10007226966 10141652902
1862 10090929167 10035079128
1863 10070000422 10031591455
1864 10092966564 10064131411
1865 9925692771 9843856186
1866 9981420330 9843856186
1867 10086800745 10018472076
1868 10000000000 10002227607
1869 10048683946 10048439807
1870 10040777669 10068868432
1871 10055936198 10001919248
1872 10135026612 9871120978
1873 10053979032 10089055256
1874 10019598376 10000000000
1875 9959471056 10089468007
1876 9985174027 9843856186
1877 9965084295 9843856186
1878 10005895705 10005484921
1879 9931986759 9843856186
1880 10050349369 10075889870
1881 10077932788 10074147492
1882 10060742325 10053751180
1883 10002749275 9990169974
1884 10054846592 10053751180
1885 10059841688 10022300585
1886 10103272995 10056178435
1887 10046444652 10090570510
1888 10072631621 10015780628
1889 10090146050 9988865384
1890 10059803673 10050390409
1891 10098231714 10049391169
1892 10066391163 10024297107
1893 10054362516 10097730999
1894 10082141989 10040896780
1895 10051265724 10080525846
1896 9980185882 10020973746
1897 10025635937 10036626585
1898 10024015906 10107810771
1899 9998633001 10021629328
1900 10057906256 10055334254
1901 9954175194 10032170487
1902 10079560382 10094536966
1903 10040413091 9975851300
1904 10075795167 10015606727
1905 10049723148 10094892429
1906 10095755510 10015683129
1907 9972990809 9843856186
1908 9961916995 10073152938
1909 10015929628 10132177365
1910 10077593841 10029692028
1911 9989000391 10028514379
1912 10113128738 9907642260
1913 10046483863 10082226935
1914 10021581638 10040928640
1915 10060526541 10064860016
1916 10064862895 10002642959
1917 9990632482 10001499558
1918 9980337877 10042285183
1919 10037945889 10026128947
1920 10096886922 10058714781
1921 10104128324 10102101007
1922 10011688813 10000000000
1923 10078975122 10032022289
1924 10034908911 10101796785
1925 9991852845 10004629483
1926 10027691089 10104203351
1927 10072043030 10017776789
1928 10109802871 9887400161
1929 10028514778 10098658146
1930 10048705554 10058879201
1931 10071900924 9996524654
1932 10027011659 10015601419
1933 10029581096 10098406909
1934 10082724592 10021561187
1935 10049347129 10017479131
1936 10027976582 9928402613
1937 10002604263 10060824700
1938 10065543653 10009459110
1939 10000000000 10047680102
1940 10110967380 10048000929
1941 10118356726 9872320767
1942 10075011313 10054043638
1943 10152088072 10164422192
1944 10059029242 10067478104
1945 10082054235 10080093133
1946 10048745489 10079102239
1947 10090146050 10100000000
1948 9995963052 9843856186
1949 10016025473 10091914006
1950 10000000000 10000000000
1951 10029047171 10041703304
1952 10051150027 10051652428
1953 10004141897 10041339536
1954 10082147126 9843856186
1955 10017270074 10014194560
1956 10030395857 9843856186
1957 10041456138 10066241208
1958 10000000000 10025951255
1959 10055195631 10001160179
1960 10026515747 10007084867
1961 9972990809 10072232682
1962 9993787306 10039634959
1963 10010335216 10038274235
1964 10098660111 10059230937
1965 9996496164 9987205757
1966 10021962149 10126321117
1967 10057194054 10044965095
1968 10023556507 9913199711
1969 9998233229 9843856186
1970 10069894976 10053025146
1971 10034783301 9843856186
1972 10074677134 10027341289
1973 10090146050 10086963157
1974 9987589825 9993695906
1975 10007013884 10086428438
1976 10053130197 10041287816
1977 10090473440 9843856186
1978 10083730879 10134682048
1979 10088915947 10061128518
1980 10090146050 10095247043
1981 10070276390 10050561635
1982 10056423049 10126703692
1983 10091642695 9942440410
1984 9960483407 10066675281
1985 10029619639 10101491838
1986 10060088396 10028259602
1987 10062640389 10088155011
1988 10093678993 9964594934
1989 10076122741 10023273428
1990 10074574528 10021812286
1991 10026195666 9849126251
1992 10004308225 9843856186
1993 10072302139 10023668777
1994 10083688729 10033557024
1995 10090276055 10032478502
1996 9991329390 10034592498
1997 10049263887 10076452849
1998 9996024145 10010137425
1999 9965035940 10132613093
2000 9933019620 9985186827
2001 10025057420 10113328183
2002 10093627154 10010746812
2003 10040261556 10087683541
2004 10048562828 10066241208
2005 10033453702 9867206908
2006 10078023809 10051006330
2007 10140183490 10117240485
2008 10093023618 10072066894
2009 10090146050 10015364535
2010 9978374635 9964832274
2011 10012018540 10173909355
2012 9982939920 9843856186
2013 10040212615 10064513778
2014 9974128129 10124823349
2015 9941654431 10013789075
2016 10093733847 9955763409
2017 10082263453 10041297675
2018 10078302186 10044188617
2019 10049048431 10062590196
2020 10090146050 9954718820
2021 10031493281 10136113345
2022 10059725061 10092344484
2023 10090146050 10114008822
2024 9962915933 10118041604
2025 10003197458 10192827764
2026 10092730097 10083610334
2027 9988168128 9995179108
2028 10035370290 10121528395
2029 10053704799 10018959412
2030 10017405852 9965763067
2031 10018529431 10037459410
2032 10091633440 10086717725
2033 10053302768 10044199508
2034 9990110163 10047780606
2035 10003171801 10000000000
2036 10030549987 10040047901
2037 10135432067 10163682944
2038 9993056533 9843856186
2039 9954021383 10170012228
2040 10047721571 9843856186
2041 10094094894 9855204203
2042 10094801354 10015840471
2043 10067393177 10023321783
2044 10017587132 10130737095
2045 9982948081 10062042394
2046 10020891435 10005092241
2047 10005201034 10137278504
2048 10069699135 10066463566
2049 10000000000 10040408460
2050 9987670429 9998409095
2051 10072188882 10022787367
2052 10005846271 10065040387
2053 10067373637 10101829668
2054 10068471370 10093263619
2055 9986563812 9991064439
2056 10088915947 10050464420
2057 10093221147 10057186475
2058 10114654483 9922733522
2059 10034182372 10083062281
2060 10033484095 10111403198
2061 10066550752 10002432951
2062 9965641329 10052877672
2063 10072530375 10072474693
2064 10044919674 10082473154
2065 10082359707 10097563931
2066 10125607808 10053751180
2067 9957880306 10075535153
2068 10008566328 10018072415
2069 10029210401 10054801794
2070 10068322641 9913126020
2071 10090146050 9843856186
2072 9991608013 10040068208
2073 10090146050 10140110353
2074 10000000000 10046645848
2075 10064907045 10097830263
2076 10113051457 10045107945
2077 10016363689 10043543027
2078 10035032528 9843856186
2079 10024994833 10007478092
2080 10093509902 9856518943
2081 10091564170 10010812457
2082 10089921428 10049150798
2083 10082413155 10047637558
2084 10025125696 10051489808
2085 10088915947 9843856186
2086 10065552862 9843856186
2087 9988570395 10042554987
2088 10074648515 10079121210
2089 9921169449 10218697976
2090 10098087325 9941813212
2091 10102887429 10076079044
2092 9976661684 10034799707
2093 10069806614 9843856186
2094 10046972014 10058250693
2095 9980739934 10122681028
2096 9985941077 10101544080
2097 9998420743 10021474496
2098 10090146050 9954670375
2099 10088585079 10065072479
2100 10004090474 9843856186
2101 10088915947 10064584683
2102 10039139240 10021906347
2103 10000281786 10133559169
2104 10077704610 10135204464
2105 10063556432 10020652338
2106 10080591678 10035592667
2107 10012089533 10056904636
2108 10041721827 10045985287
2109 10052951842 9843856186
2110 10087132417 10035634605
2111 10006043466 9991044719
2112 10109846504 10093655062
2113 10034062162 10093420903
2114 9988355091 10041630514
2115 10090146050 9980949553
2116 10054664102 10071106985
2117 10067851059 10052051885
2118 10047545422 10020402355
2119 10080282289 10029796873
2120 10003133796 10092041544
2121 9998718394 10022468840
2122 10075751812 9896429339
2123 9932365125 9957352613
2124 10083678652 10041921085
2125 10031188912 10106200150
2126 10115417438 10053751180
2127 10012042961 9843856186
2128 10024544549 10125909024
2129 10039000287 9979026505
2130 10120241305 10035127451
2131 10036953324 9843856186
2132 9902828778 10022718971
2133 10086207694 10057963581
2134 9995745286 9843856186
2135 10000000000 10057094397
2136 10073477406 10029906518
2137 9976578186 9993369311
2138 10051602375 10088484734
2139 10030245853 10100598243
2140 10096374599 10050104747
2141 10096895011 10005395927
2142 9973184799 10040473673
2143 10016469556 10134559727
2144 10111057118 9948455988
2145 9987943745 10093773461
2146 10000000000 10049495127
2147 10087214138 9843856186
2148 10016719011 10145680351
2149 10054579318 10053751180
2150 10049354648 10092282067
2151 10059199028 10052610207
2152 10013855643 9914880795
2153 10029074459 10100826571
2154 10088861529 10040768567
2155 10009629979 10053092721
2156 10095734408 10049413218
2157 10095037404 10031713531
2158 10068629930 10024752554
2159 10000000000 9843856186
2160 10000000000 10000000000
2161 10004369572 10004631175
2162 10090146050 10079683316
2163 10035625006 10077321209
2164 10016184835 10018634061
2165 10094230234 9843856186
2166 10062688564 10084125272
2167 10103081418 9918240133
2168 10091386734 10045692287
2169 10088915947 10067227103
2170 10035414349 10089022857
2171 9963717502 10122338576
2172 10069264319 10040339707
2173 10049245048 9843856186
2174 10075168682 10091834058
2175 9997975483 10024689706
2176 10066061112 10100000000
2177 10059059694 10051991577
2178 9937520924 10030019062
2179 10084704231 10014350918
2180 10000000000 10024196421
2181 10086492355 10013158883
2182 10028164371 10097257966
2183 9972990809 10090560685
2184 10064513393 10084896507
2185 10098445388 10003442694
2186 10033849266 10105615710
2187 10058686277 10093958689
2188 10009468103 9843856186
2189 10028510429 10055676329
2190 10061676811 10033688509
2191 9992978172 10007515664
2192 9984520882 10003142019
2193 9964295513 10048293967
2194 10095114733 9949282670
2195 10007137920 10015804804
2196 10093077761 10099469067
2197 9981863585 10041832250
2198 10067015787 10038903518
2199 10090146050 10107218468
2200 10031667823 9843856186
2201 10051649796 10123708276
2202 10000000000 10024852827
2203 9927469619 10060888373
2204 10082764457 10038721763
2205 9972990809 10053751180
2206 10090146050 10086928321
2207 10090146050 10033262390
2208 10049238273 10088262997
2209 10081530103 9883442927
2210 9976928355 10063769479
2211 10010725968 9986669065
2212 10006153783 10081139394
2213 10041456138 10070048960
2214 9962582147 10033256510
2215 10007868568 10134120921
2216 10117838648 10038462669
2217 10054186500 10049321646
2218 10079522519 9843856186
2219 10043276837 10106209464
2220 9980612252 10056046843
2221 9995343484 10013582098
2222 10079630825 10024150071
2223 10016972241 10038674398
2224 10094491304 10049954344
2225 10095431303 10050456271
2226 10027727860 10087818022
2227 10052476638 10042946942
2228 9991630671 9843856186
2229 10095311498 10050161856
2230 10079771567 10047912424
2231 10079859744 10034153629
2232 10122653782 10160646932
2233 10043845309 10000430510
2234 10000000000 10011514742
2235 10096224829 10010812457
2236 10090373116 10024167871
2237 10069072678 9843856186
2238 10090146050 9864079028
2239 10023905663 10138796102
2240 9971959569 10097228865
2241 10060684676 10051568882
2242 10015918995 10003328443
2243 10081129486 10051851421
2244 10090146050 10027696273
2245 9980638699 10110191178
2246 9968920675 10017530318
2247 10053470909 10075902701
2248 10063457987 10038018731
2249 10065564287 10037485905
2250 9961338334 10117010611
2251 10028722527 10144619203
2252 9993928929 10030287891
2253 10086020952 9991398669
2254 10109997373 9887475918
2255 10002070108 10097038869
2256 10053688882 10039423541
2257 10113588624 9927009118
2258 10058302858 10022706495
2259 9972990809 10025401166
2260 10029959604 10107829242
2261 9971131545 10126000519
2262 10090146050 10015838515
2263 10096886922 10049338039
2264 10145164064 10119835810
2265 10098443194 10010812457
2266 9972990809 10053751180
2267 10065382233 10087136652
2268 10024660380 10083770070
2269 10047948575 10051266440
2270 10050003083 10043620076
2271 10090146050 10098524683
2272 10017878728 10088871283
2273 10078707528 10018626050
2274 10075328451 9843856186
2275 10049823383 10081899107
2276 10070059392 9909222761
2277 10082238398 10100000000
2278 10066456507 10015008304
2279 10016690017 10041525150
2280 9989185863 10090981865
2281 10091909305 9860116204
2282 10040786168 10037788601
2283 10188614846 10142477557
2284 9967813283 10017687213
2285 9964179829 10100726912
2286 10056332142 10013365160
2287 10069419090 10092836036
2288 9991037416 10032562226
2289 10016525625 10019298379
2290 10140523321 10080579353
2291 10083358640 9843856186
2292 10181359967 9843856186
2293 10059828283 10090646474
2294 10094352583 10054043638
2295 10004402568 9843856186
2296 10011740410 10062076145
2297 10096631466 10036290179
2298 9965693860 10074105599
2299 10084466134 9987179550
2300 10012393062 10000000000
2301 10014922100 10051191719
2302 10023983759 10033807974
2303 10056895936 10171448698
2304 10090146050 10100157406
2305 9989842346 10031083139
2306 10095121276 10039738915
2307 9984907299 10025384215
2308 10021983008 10044836960
2309 10088915947 10061973366
2310 10112833331 10068371323
2311 10090146050 10102376009
2312 10111383926 10018435178
2313 10096886922 10051711453
2314 9991915529 10008303946
2315 10049393132 10009684725
2316 10137010866 10090972669
2317 10029498788 10017285500
2318 10056278140 10047316675
2319 10090146050 10098721175
2320 10000000000 10019102575
2321 10058319204 10069788331
2322 10000000000 10000000000
2323 10033407486 10046521019
2324 9979736782 9914452421
2325 10090431899 10100000000
2326 9920538320 10013739427
2327 10085018924 10044060128
2328 10087811387 10051518000
2329 10060195883 10100000000
2330 10080129881 10058628247
2331 10094462450 10007265334
2332 10059965251 10001041637
2333 10059899068 10048045243
2334 10040339152 10079243398
2335 10077533225 10055999713
2336 10090146050 10024935283
2337 10073796611 10009546964
2338 10088915947 10043046890
2339 10088915947 10054043638
2340 9974811638 10065920824
2341 10054267320 10063690647
2342 9992852933 9843856186
2343 9976803198 9966030912
2344 10000000000 10015606734
2345 9995573690 10016291373
2346 9909827076 10053751180
2347 10068580231 10053839663
2348 10068304003 10033762875
2349 9982702164 10090885612
2350 10085739538 9873982437
2351 10036969889 10025875848
2352 10139159699 10087989794
2353 10053250376 10086919512
2354 10049381787 9843856186
2355 10093947661 10051451601
2356 10061707579 10054702898
2357 10098985535 10017329158
2358 10090146050 10025266847
2359 9982623102 10105731333
2360 10012407255 9981841983
2361 9994014461 10028739713
2362 10082380437 10012001119
2363 10030081747 10104082553
2364 10090146050 10028237214
2365 10093642934 10021211129
2366 10061371273 9843856186
2367 9905374036 9979039628
2368 10088915947 10050680684
2369 9971081760 10047219882
2370 10112051388 10078842133
2371 9988291066 9986798653
2372 9972990809 10089338853
2373 10152618415 10088547963
2374 10045514365 10116754262
2375 10027697647 10096562410
2376 10050181755 10011390885
2377 10050993160 10039813961
2378 10130840640 9843856186
2379 9998644508 10026450278
2380 10211967812 9843856186
2381 10062712213 9925735168
2382 10104943759 9843856186
2383 10040409377 9843856186
2384 9973827506 10060403327
2385 10035287042 9843856186
2386 10029886375 10000000000
2387 10055695519 10038621424
2388 10061573297 9928294824
2389 10033585711 10121694748
2390 10032806720 9843856186
2391 10070664749 9992193881
2392 10000000000 10000000000
2393 10027128466 10019043800
2394 10029133634 10000000000
2395 10031381545 10106010685
2396 9992405996 10021597384
2397 9997177797 10018286650
2398 10068254766 10097076910
2399 10062345616 10023589243
2400 10004322798 10013301549
2401 9972990809 10081886060
2402 9969528112 9973351643
2403 10083639260 10032980260
2404 10065264031 10097399646
2405 10020063578 10053010121
2406 10136631932 10166221954
2407 9994311548 10010505477
2408 9997967159 10011504881
2409 10028412021 10101651405
2410 9979894170 10076317828
2411 10074535967 9986936513
2412 10066999880 9916098857
2413 10063473360 10024178775
2414 9999682891 9843856186
2415 9974760877 10107889766
2416 9972990809 10045598919
2417 9972990809 10057543825
2418 10078639221 10005114939
2419 10047324929 9843856186
2420 10028216952 10097894297
2421 10090146050 9864079028
2422 10091146473 10044874219
2423 10026867262 9910062863
2424 9994432730 10089207388
2425 10005048671 9968698729
2426 10047696844 10059430777
2427 10177614831 10096303762
2428 10000000000 10000000000
2429 10097086886 10012150304
2430 10092104753 10015193258
2431 10033205076 10068713514
2432 9972990809 10045185089
2433 10029696375 10101688647
2434 10009599259 10027925836
2435 10077640485 9892184644
2436 10110991538 9944682360
2437 10044327740 10090024234
2438 10087482871 9963138182
2439 10081119444 10057756409
2440 10026839733 10098699473
2441 10071615612 10053970988
2442 10044083542 10102453748
2443 10022741235 10021096006
2444 9982404674 10035023599
2445 10084265893 10021008549
2446 10029403107 10000595675
2447 10104143122 10011053945
2448 10090146050 10010072128
2449 10124174114 9878483758
2450 10066129782 10008879206
2451 9972990809 10041275891
2452 10039649292 10000000000
2453 10032595576 10097525770
EOF