NAME : 2463
COMMENT : tspgen
TYPE : TSP
DIMENSION : 2463
EDGE_WEIGHT_TYPE : EUC_2D
NODE_COORD_SECTION
1 -11012322810 26401057167
2 -7037670075 20313892368
3 554877084 14608861609
4 -7826302543 21141537678
5 9663218467 -5236298620
6 5601949735 6737764410
7 5056633969 6460200057
8 -1118015764 9398264457
9 5318796573 1390013017
10 -2056639378 6013155914
11 11911658593 -2243484653
12 8036301642 -7408059446
13 6357874766 29015045499
14 9030996625 16812001807
15 9078229575 2616681746
16 17363156486 35446153747
17 8496536863 5175701038
18 4911550116 2856946899
19 4905088559 29015045499
20 5059215527 6455016770
21 4958877942 6874249570
22 4428395152 29015045499
23 -2622857119 11344051635
24 11907095363 4133276051
25 -11485452170 27125652892
26 8883371359 3995594971
27 15583655784 953432852
28 1813571143 29015045499
29 8156863569 29015045499
30 15655935700 14444124584
31 -15517093732 -4264747845
32 -3123305697 13100854722
33 4803884082 2616667572
34 -7329823230 5464648975
35 32089255256 14927174507
36 9368483538 3694519951
37 3638340820 -773909867
38 -1370168700 8296119703
39 9594561038 -339245170
40 4390473570 -1959899783
41 -844808270 8382818437
42 12587306279 -2417944768
43 3890758763 3577047223
44 31179233048 24349815593
45 12384678157 -2491935697
46 -967702301 -2115615658
47 14098303097 10417949606
48 12179629172 -9117324722
49 6347354644 3847143767
50 5402383574 25879671998
51 12387688821 5815555122
52 4489422533 10141044038
53 15505370747 16598498164
54 8453897759 -11204971488
55 1236632884 15427218685
56 12282745183 4589667798
57 2763125926 935669437
58 14309791292 6748898748
59 8049037509 3383142642
60 3324542658 4444204927
61 4666983872 7360164527
62 5400245432 24020422176
63 13130889442 -5385135658
64 6753708805 -5582573338
65 7623962597 14281625938
66 12849065458 29015045499
67 14643443686 -1816994473
68 18818893347 17214219056
69 -1740712181 10082357954
70 -9001046885 6778320439
71 869014025 -3774014123
72 4098046678 -3778616943
73 8138658063 -7276632703
74 -3984986943 15552105400
75 20221155838 -628403493
76 11228793970 -3787652379
77 7949751590 -2639284088
78 4585610020 6559673516
79 280851366 11397165218
80 9673303276 -13259113215
81 4097818217 29015045499
82 5078410291 -3503938407
83 4906149742 2021979992
84 12810797931 -652304492
85 7922297794 -9141870966
86 19915017566 31723346965
87 2590267651 1273317860
88 1202109119 3165693672
89 4012465077 -588917051
90 23382489287 21972552521
91 7687034671 -5516506589
92 5419631533 1235584678
93 -5142401213 -2869337191
94 17636144670 19403103529
95 11202341731 -3487088082
96 6366307779 11396993240
97 9438508879 11482200914
98 3068069321 -919379818
99 -6860261283 -3492459554
100 13712516752 -2287011346
101 133955915 9330575789
102 11543057263 952345569
103 -3396622711 3942488133
104 -623319055 15120390342
105 12765214048 -1573528847
106 5326502162 6821572430
107 4708882484 3017487695
108 4653156590 6581177808
109 18818923691 498372037
110 -498099269 9849585044
111 3257060614 -29145635
112 21343685171 -6995788454
113 14574260494 -11206589548
114 23510586350 29369695327
115 -1831230423 10899909558
116 8460569298 -4204192611
117 5801548411 19316294167
118 -3558279075 13155610342
119 11148621626 -7538340780
120 12910079414 7428079418
121 2885687115 5116310440
122 5384380144 10224546413
123 11856541181 29015045499
124 19709937926 12285669770
125 -3640797376 15111595389
126 20239033534 21973798404
127 13222320711 10532461000
128 1156953700 29015045499
129 -7447294329 -1141332910
130 28031523868 -33394438174
131 7746612019 -4560002229
132 11083607147 11823100764
133 8690778556 -5924156114
134 9150379322 8746607331
135 15034452411 -518772462
136 -65391953 6316397458
137 -4275924723 4065513870
138 15354173442 -16021482540
139 4667674786 6512283718
140 -8607398782 22717925617
141 -4425818215 13353755344
142 10709694241 -8681292608
143 13094405030 621761937
144 10071541345 29015045499
145 -3582701103 13331133266
146 -1568060380 11937206953
147 13289821419 837438974
148 13897220299 659078580
149 4965199090 2669239817
150 -386970034 5237314177
151 5535766417 6609040707
152 5848293886 -2373377268
153 19048830054 29015045499
154 2978567748 4974064122
155 6414552077 9501229315
156 2963930131 966870264
157 1310881207 7528119402
158 3611210874 677718229
159 -820008669 -102174815
160 4775283135 5514570865
161 7424691494 5585701189
162 1559703009 5079482752
163 11107157658 14751649366
164 -9814760912 6273044397
165 15181239123 5058150003
166 4347676610 6421013938
167 5740370567 7197738182
168 6396795798 -6162069480
169 15981092323 -352547051
170 4417272773 2367844629
171 6996856856 -4580421533
172 12352202134 29015045499
173 2262591896 1913375169
174 4549318292 2568465933
175 10817418523 11330191575
176 9877517276 7361533855
177 -2321607897 29015045499
178 5262879440 6561560787
179 7597197314 12235084517
180 2955358758 560176201
181 -3440297909 14804531256
182 12891849913 -1474676994
183 -4680159844 -735162977
184 11504018729 17306044636
185 4525059047 2605618870
186 12427512 11597708854
187 8123309872 1487569584
188 -4843289873 21588031181
189 2826673576 -439134363
190 -4290691606 11465442401
191 8959547113 -6111584510
192 11564283139 25096081773
193 13047848045 -1454210327
194 18905121838 32192672678
195 18659865278 310648609
196 -1146547077 9326485582
197 8313670926 -5978670858
198 10118174900 9594195405
199 8498758890 13347630970
200 10760994064 12014857542
201 5173977852 3755797772
202 5871340576 5895560578
203 8113839524 -9516014253
204 8484784329 -10306107573
205 2728725977 1002863724
206 10218661973 -3274099372
207 3182655661 473595627
208 3538419526 5217279018
209 8810738422 -3957881985
210 1778966380 -4118450104
211 1100214597 7850754475
212 886575453 14043993725
213 4964409817 1932754920
214 7400249818 7213857099
215 3364325173 29015045499
216 20199676201 -10003358258
217 12768867177 4160986274
218 1231787562 13644980969
219 5229479337 6821210438
220 16401147994 -26432614543
221 -7054968033 5619336201
222 12937818370 11227030806
223 4583941405 3836554767
224 7373429369 6147487741
225 19832404500 -1198659019
226 11436490501 10255945661
227 3306457528 4471902233
228 8958789565 12886950009
229 1783727979 -2097548881
230 7563193973 6912892882
231 4580525255 7010683426
232 1888192860 2707764173
233 8945748195 -3722493419
234 1444728139 15744820565
235 -4225749977 5304324238
236 12111698630 5247325480
237 -4439314770 -1673970978
238 7878444817 7632656676
239 4327074092 7224628974
240 3045703393 -5108875748
241 3290460829 7340875
242 4563689389 6996701018
243 2716391541 5375585936
244 4879745960 5875423247
245 4372539468 29015045499
246 3615106781 546641614
247 -2046015096 -3588656469
248 11611697898 -6715767406
249 -4729516558 -2427843570
250 17709826037 -4953293533
251 -12057123697 29015045499
252 11636405565 -2751769037
253 15632449185 -1363252918
254 2323375604 29015045499
255 7089144923 -7514452470
256 9121156289 13510400287
257 31554780375 24103983115
258 -780240959 12857878828
259 4292412168 6787738171
260 -1726308447 12179563236
261 4856864724 6203633587
262 7662429053 12757007772
263 19181704774 5080700352
264 32227775067 14628886654
265 16891975762 -219668750
266 16375528820 2021733709
267 7948573017 6610165153
268 5109872333 6159502895
269 4488502024 6489826412
270 11759250719 11525352831
271 14548084662 1720448439
272 10770201524 -8789783834
273 4142133424 6811756871
274 9705003170 17861884465
275 -18335458080 29015045499
276 12546123194 3593236163
277 1399305009 19005362768
278 21817954642 19619543926
279 4857002623 -772434060
280 -1211051930 -9310640108
281 -22267860082 43638867571
282 3053595152 651447765
283 8680958474 8335492089
284 5145884917 3456190966
285 523930255 29015045499
286 5415881554 1241327756
287 1657087839 6997905327
288 7847961084 -2483392335
289 4688868640 5302390319
290 -2476786394 5217017429
291 9115874324 1706660422
292 7504901773 -1957998370
293 12441384874 -8643691558
294 5746189216 6161425409
295 5408034529 30793535977
296 -3213913828 1993324493
297 11675101498 12601526519
298 5643054602 29015045499
299 6319729859 -6011534639
300 -7039389491 20083169791
301 25883362375 4170020773
302 12916926991 857346724
303 12932666748 -83724817
304 8979193048 12200015356
305 4714709136 7451993808
306 213259406 3140100800
307 12028761638 10928096576
308 -21665297369 13665942914
309 16058807879 -15058271426
310 5123179352 5974637989
311 25584989258 14853104043
312 2642884160 1654324164
313 7426585874 13986245284
314 14769318352 3546597968
315 11788527696 21107337029
316 1468192640 19874980480
317 13362141594 10241712072
318 -12199578252 1077604327
319 -3339192740 12977342436
320 7629636293 7414752045
321 9662596277 6797609831
322 8285177778 -7357835581
323 4611230040 2157510244
324 12735939530 22583096074
325 12421346660 4790187127
326 8972413329 7769860665
327 4718842519 7047917850
328 -11195748244 7046558063
329 11935527504 11030938988
330 4408900936 -2279064358
331 -11697217155 27449970122
332 518994864 -4566833440
333 10636245346 4107353385
334 7301529397 -6845644444
335 5006668016 6212667457
336 -1135669467 11275001995
337 9737762718 13991293637
338 -19537230684 -4835131023
339 4854888109 132479417
340 421585490 -2996339031
341 12596582675 10453079902
342 15414990649 26756185094
343 13098208696 -10524125596
344 -3115042007 17226615544
345 -1397383409 29015045499
346 12081595354 -2041335996
347 4419654845 6437123045
348 -2282251089 9652582149
349 15506076195 2542910788
350 13042484508 2048660841
351 4607963033 6264950955
352 14052194222 10196381201
353 16120629578 10778859025
354 29910197446 19619546478
355 9667913967 7244145053
356 -47004704 9607716256
357 13419091518 -689646084
358 34992643541 8675032988
359 10819244195 16985666579
360 13272809072 1226549508
361 -1911781398 29015045499
362 5940661876 4092488148
363 5555375663 1027693086
364 5138663052 6685989552
365 9471297448 -3545309787
366 12350270624 11549048020
367 6767320399 11453373006
368 15917650350 32866153866
369 5495907849 -1288683031
370 15207796533 -1459106214
371 17452321513 -17192431995
372 18329000196 -24045061604
373 12014730134 8223606556
374 7762160563 -4123549405
375 6884121323 9726246801
376 17231565788 -5223913672
377 -3849312410 13380486594
378 14413771072 120666592
379 5384088868 9971263669
380 13695887565 -2328602949
381 4394718920 2805234254
382 21021788621 -5562677016
383 -4229737859 14652281846
384 15649995494 -2686305725
385 -13277465570 17624657137
386 -5372737799 -2736876870
387 1211087886 7680952475
388 5235836067 2811395501
389 -1078435376 9981674271
390 7509019585 7154284135
391 -1597978660 1531400969
392 11673994755 -8342947630
393 -542838846 29015045499
394 4493877440 29015045499
395 3444015822 4261232254
396 2192749864 -138868651
397 -2829720756 5173615985
398 12586173786 -9739946174
399 4875109980 6854605798
400 8463343295 15927782814
401 30616799271 -37353777133
402 14005030549 29015045499
403 4650047063 6950473940
404 8169084065 15469422781
405 5097806183 6219527438
406 8534041922 29015045499
407 16516295422 28471659213
408 16782253184 -3486350550
409 8326938919 11672645224
410 7907645316 12991595197
411 9701760853 5851498459
412 370267388 4374524602
413 198976978 5363398929
414 -4052514543 -460275035
415 13116786829 -1788524739
416 12774884154 3011283288
417 -1186881162 9624508281
418 10820919375 23001895475
419 2727922496 4135724388
420 18267881412 -18441458725
421 -3437764595 15855345629
422 2349528986 1981339871
423 3223686247 1249266787
424 15219929386 17822535690
425 -17177088450 13339248179
426 6462883294 -362151228
427 -5057553864 -3013384445
428 9884899989 -3981870584
429 12436632525 12477935898
430 13077985344 16974783632
431 18218769433 31123559190
432 4496513205 5851335274
433 6789717475 6745526403
434 12039697438 29015045499
435 2658327822 1606322996
436 5081718606 3078409621
437 -1070811314 8424595650
438 4227806616 6943872246
439 5606188484 7052440677
440 4663985876 -2020073297
441 5870349870 545311345
442 13227288305 20182180867
443 4827240650 2142828951
444 -1022742024 29015045499
445 27239262080 26928912165
446 2788743871 1531654314
447 1568219409 7134006973
448 4020378880 2989352390
449 10710548881 6772412276
450 21138736252 -4300200539
451 11029637381 3914586361
452 8519373709 -3511658091
453 5162440676 1629471449
454 12296659415 -9296556072
455 3808696096 3781706512
456 -4178732277 14495375976
457 -7007039009 19892985506
458 5191282859 6774869426
459 7227693345 12201451802
460 2186834254 6186600807
461 4689238899 6829077596
462 7580411004 6966325369
463 13270784381 1182548092
464 -518173342 2634350313
465 6179354142 29015045499
466 7045789528 13124878579
467 4688421522 6728382076
468 14451899051 -5209653628
469 8753055311 4452083721
470 9492717102 9046424178
471 12276558409 3429660676
472 14966386188 -12476468090
473 5261095400 29015045499
474 4530435582 148119458
475 4261229903 159468809
476 2787279389 5267021479
477 306199383 -9530413802
478 4979266940 1028057400
479 2950840770 5016527878
480 10480126825 17395895672
481 7386717106 12300180986
482 13312557079 29015045499
483 18396495056 -7024604588
484 -5367497062 5720617005
485 3039430260 1443987263
486 4755302346 6389020339
487 -25519904 29015045499
488 14574263383 -12784697458
489 10630622506 22511917596
490 5312751286 1399271350
491 8742342493 -3853133892
492 6036773702 8455165611
493 2381136472 -3176775
494 3936026430 8488364944
495 -12379389376 6933699120
496 2133194076 1173239681
497 7201529887 -7971492375
498 10487643878 29015045499
499 3837257718 3448654421
500 3863662768 -8676109751
501 3883740175 2983904341
502 11003909530 -4605590235
503 11581074552 -8200640709
504 17194122394 -16797001075
505 1216070988 -677316159
506 -1468980297 9255728611
507 13721755564 6001890161
508 3850620323 6913452254
509 13516618813 1231331178
510 9533388866 -12892255759
511 5279345761 29015045499
512 2825008214 5209239935
513 1899054808 2623481321
514 11601485387 6811323924
515 6964828824 6813009386
516 4157336999 4373738490
517 3069219735 7184931761
518 -13103771046 19268139182
519 17082481008 -2573667760
520 9816198196 -5456888664
521 17541027209 -3463313585
522 12707758282 -10113637574
523 5314716589 2919660078
524 4168864520 6820971372
525 -779767003 9030917897
526 14917416152 11819586250
527 4772912823 2853458131
528 4537278270 -10380016591
529 6175599957 7986437523
530 5593921312 10849238470
531 17046957326 9241002697
532 15232475910 -405469409
533 4873010691 -4339558572
534 -1601703466 -6543293102
535 12049654646 29015045499
536 9062541232 -5727901899
537 11361429690 5077795827
538 -22461985940 12794414539
539 4500101793 -976291497
540 31663610016 -38956963612
541 999745777 13288151831
542 3965446979 2845938108
543 9226256972 17116153827
544 4690427083 29015045499
545 12646943567 -1724265903
546 -2112729862 11084648872
547 33644215693 11578730636
548 13042360794 9963601024
549 -38202959228 16689219507
550 -7760415192 9410867894
551 2561829236 8382817115
552 4830278912 29015045499
553 9670186745 11494122219
554 7362108158 13415703875
555 11166795147 19847326702
556 7135987427 29015045499
557 4592411314 29015045499
558 12047349006 6972682031
559 5087445448 -3540990325
560 2818984654 29015045499
561 30325205062 5976287751
562 3586262711 8398681045
563 4181333410 -1389840985
564 12672671128 -9872416510
565 2808921305 848630134
566 4933161540 6110636292
567 4555993143 2558243425
568 8714880679 5985131248
569 13416815060 -11012069971
570 12499291024 -1336671814
571 -4500617088 29015045499
572 -383396140 10122898399
573 2538717185 5647693503
574 12079556619 12200238859
575 11992900888 9025260796
576 6999273000 6862684623
577 2709414375 458134242
578 11622088437 20848078876
579 7436972309 13324347941
580 11812057216 4887068034
581 -4397155877 16269955414
582 4891514222 6056787140
583 -2088826589 10413110538
584 12177726211 -2787417720
585 6272297409 9930831484
586 8351943797 -9981109329
587 5975152494 3161428707
588 2625707230 169567151
589 11428751350 -2964837180
590 11891998775 8875111130
591 -255083105 29015045499
592 11972220873 5152525762
593 7714475864 12634962258
594 5140955839 9550793732
595 19350037108 -18366403381
596 2363106921 29015045499
597 -31608635912 29015045499
598 9414669224 -10211379751
599 8533037761 16507039189
600 9155559150 8751143785
601 4650406980 6594539998
602 15855744367 -2518824294
603 4586338422 4749454703
604 5655346728 29015045499
605 13042197885 8032578150
606 8644796013 16210427046
607 15566518091 -15697530621
608 12957955474 711510123
609 14965297017 29015045499
610 15980412101 -537123157
611 11807442005 5631945913
612 7782177589 -4364419093
613 9843798195 17664573798
614 3476258974 167531605
615 16379216660 402179372
616 2552329155 76552098
617 15234087024 -3072038752
618 4573605495 18771759256
619 8088633487 -9480627505
620 -19263493959 -9948090862
621 5134581773 9928073093
622 12256719119 2098818428
623 8269983269 -3129717627
624 5697719311 31953318687
625 3789318498 -1899411644
626 8309793778 -4621305019
627 6916442638 -5181268758
628 5224126963 7272638450
629 10110675707 4514036781
630 4583212481 5743283500
631 17562460052 16113844244
632 6369688418 6139441846
633 8855040908 14927204297
634 156231673 29015045499
635 9420980028 8045581952
636 12992656387 29015045499
637 14974904566 3927268720
638 4038697940 18717817832
639 6572316170 -7083623402
640 2694630820 1214203853
641 -868553665 10508304179
642 3299368091 -111785896
643 11209525613 -4938051977
644 13501044583 7859510170
645 12617970520 11783497571
646 -21644957541 42684894815
647 4129802747 6448487023
648 425575388 11543964367
649 12917400667 2670738092
650 13181963894 23277856754
651 5362360636 6709573341
652 10904911910 15381488092
653 16255735549 -15359865368
654 19125084196 -17547044485
655 3152753591 9233124630
656 -5437422191 4817786045
657 -5950406112 4278725014
658 13821889081 2783300775
659 957832148 29015045499
660 4733203396 5852826132
661 5174358947 6612712861
662 4925763775 1991941178
663 3680939257 18546668130
664 3147357827 10665191027
665 14641773080 25220584168
666 13485435541 1989652275
667 3155708680 1824265634
668 -1198600310 8707758511
669 4545864154 29015045499
670 7446735404 13497630492
671 27394729436 -15948482896
672 -12905468633 29300402437
673 14050749828 -323496146
674 8995041036 -4240140703
675 6314558556 3361974567
676 8056492196 -9025749653
677 4975808549 3409163136
678 4339928933 -9944309588
679 4757759949 7200643403
680 6935795496 29015045499
681 10101987513 -6607923183
682 4895280938 -2542882640
683 17749273804 -4040476140
684 -1192710207 8662703829
685 1429894691 7345850727
686 4390251085 29015045499
687 13962470684 -3970886263
688 6937187357 12906298178
689 2169346820 19646701321
690 -11410653346 -9260590142
691 10426431260 -6432309118
692 17828154351 1969887920
693 -3647104550 635440838
694 6701667750 -11600889884
695 13422033589 4329875734
696 3922151430 4287315744
697 11947976992 29015045499
698 -903450593 10296152730
699 7961066083 -2656612189
700 4765499143 6186925575
701 11873521568 4535727601
702 4807159179 -579059318
703 16115715949 -10300222977
704 -1273688817 29015045499
705 10840761339 -4061296115
706 6396254620 -260109680
707 3728942987 3634949288
708 3810522515 6674723190
709 -576775299 -8144796087
710 4622558908 7402911470
711 20782207041 14833031989
712 -11685598899 27432176810
713 8440344613 -10153784870
714 4520134219 29015045499
715 13672678274 2030905887
716 17094095825 -850038235
717 5196418935 1577433881
718 20009894999 -7496110453
719 6065978733 9678394312
720 8847167803 2380869808
721 -1648449256 10378001134
722 11752962301 10283565122
723 7692301444 -6862089776
724 63380462 2725926693
725 7651912459 -8613720478
726 4378822763 2702773465
727 8350755160 12587231537
728 4721335608 -961345976
729 34684682350 9338195045
730 2589244170 1275317052
731 12079278177 5695233051
732 12942107126 744834157
733 10398098046 -4656940328
734 -1080787481 9170244709
735 4799173033 29015045499
736 5570530128 29015045499
737 -4155215558 14297541321
738 7897528753 12464105765
739 6907368415 6649510507
740 4704161498 6007706028
741 4846400452 -2658504901
742 4994759587 -3423436823
743 13075881641 -10489931801
744 22558585448 31818864222
745 2792762569 1037604081
746 4544002468 7290709041
747 14309132567 10278753012
748 -4132849470 29015045499
749 17321159882 29725375881
750 12051734878 10277758615
751 3370278450 6805426247
752 2755159202 951231039
753 17005336968 19121041049
754 9120038259 7280683556
755 595401752 5269089128
756 31814246951 15519375989
757 2728018912 1004244851
758 12913156614 2033270268
759 -5986304825 11821682349
760 6000896587 345379569
761 6501042678 8824520694
762 35326912097 5790718539
763 -9667009848 24340715735
764 4571579758 6549787930
765 550003780 16359295015
766 19797917262 29015045499
767 21123028728 -2118715282
768 -6503217567 29015045499
769 11352083464 -7849941773
770 6444136356 11020281196
771 4569195904 6298347052
772 -7273734363 20675423883
773 107220754 29015045499
774 11259001713 10865875911
775 7225698939 12868406688
776 -2869614882 17690175697
777 -3186785419 14416277888
778 551467912 14068894277
779 5298098250 -952711596
780 7710914649 14755744066
781 23348546374 29015045499
782 13752270717 8361785860
783 9267631356 -4657611689
784 9207500793 14554892650
785 8221595230 11626683046
786 4922844850 -2221099443
787 565329929 13746688174
788 4772989836 907204774
789 -3920598441 13494867349
790 -4332112126 -905537956
791 -460673367 -5007632948
792 5402113505 25644829618
793 5781401367 -4960004032
794 7146400241 12040839429
795 4234088289 3051239424
796 -3776484614 13673850219
797 -1500350071 1467458247
798 -18308185607 -15301396919
799 13755375063 959172538
800 13288523539 9599517844
801 -11479348164 8888010112
802 12052277159 11288067589
803 14825939558 29015045499
804 9758192174 5451087000
805 3708113655 29015045499
806 36411652324 2318537420
807 8157854872 -3339706888
808 12243455951 10895116273
809 9733271765 20016570419
810 -12346851974 -5094661177
811 2234511709 1968224905
812 7420856395 -6144835490
813 6698669153 -723256331
814 9577814337 19991919018
815 5926335334 3162613181
816 14369581431 -160516171
817 -4968564158 10901565340
818 7193203040 6287041903
819 7321891658 12607385154
820 -2432486130 11256545250
821 12103063920 22974317193
822 5069859090 6967462135
823 -17054885722 537379369
824 2987458627 497474718
825 -8776455520 22976835336
826 -225681062 21529622473
827 1525130068 3353877938
828 12954352895 -10303811010
829 4916186711 6301822029
830 2714739786 5378115593
831 7577473495 -8776680781
832 12516809301 -9633714743
833 11789935143 21109529372
834 5365978642 -5776727882
835 -85921292 6454209495
836 13433366705 -2092867570
837 6898902839 -7132744446
838 -988030068 8374836847
839 12546571710 10766616145
840 3504600472 -353140798
841 -3785784511 -15028462344
842 2232256927 6117036164
843 3267708811 2950485207
844 12246182733 4359874853
845 4063965256 -793860559
846 -3211088054 -1076121750
847 6567427969 6484478000
848 -4939484900 -1323730399
849 3479484696 -1076743090
850 16496216220 29015045499
851 -2927437542 -8036120309
852 4827741616 7549509412
853 7264746618 7096861688
854 4183437799 6829189294
855 22996365234 29706303370
856 16690611579 -5819309653
857 3297656614 1852741261
858 -2407513575 29015045499
859 4674952971 6115242356
860 11804569895 10574803948
861 -3571742733 13309728005
862 3655350246 3402876823
863 4171560604 3147000324
864 -1540609896 902076570
865 4919419661 6931480711
866 12658643306 -9850932956
867 5148041400 -3722846050
868 13373438693 16114514895
869 -974204565 -9754787142
870 9135180796 29015045499
871 5314380400 5387068381
872 -135486496 -7491211286
873 13986104688 -81201598
874 13123550358 11391577506
875 12350062025 -7316995730
876 3104948414 1150670806
877 -1530117724 11879097927
878 2677546090 2325869177
879 12361788303 6161661276
880 9292590319 8871154650
881 15152066782 -3806986345
882 4658956180 6642851360
883 -665552561 9990264247
884 10800062759 -3959311786
885 13171835533 3368167320
886 11146730220 -7535444099
887 294680971 -1727818646
888 11553489008 -3976660825
889 13438589161 -11045416919
890 10031863322 18694866846
891 -4312100754 29015045499
892 1123565674 -4994101699
893 -1629670914 29015045499
894 8569904594 14622625621
895 -5657421163 -1839725022
896 -7818490939 5628064272
897 13178615780 4744360303
898 4431061239 6784182077
899 2236728544 2954410659
900 7584587678 12811168907
901 3396425567 14858528133
902 5381285574 7533621238
903 12383431603 5177822496
904 6022883835 6124711393
905 12539773724 -1357842573
906 8693445054 -3778247660
907 13092977852 -192181770
908 8072267649 -11680450154
909 4201099582 6205526231
910 6999273000 6862684623
911 73012415 10497911452
912 7488833428 7291437957
913 -974121109 11027591330
914 5081291088 29015045499
915 4658740893 3239812958
916 -11825160717 18063693297
917 5506221928 1102971834
918 845387784 -3436638532
919 18685151421 -5959463825
920 7972765418 29015045499
921 12031881272 4803301412
922 4174676171 6945648694
923 -2334457403 15879532564
924 6843548743 -3586609005
925 6055375132 261945894
926 4774392784 -4572159590
927 338233658 5269478555
928 31788889400 15573980809
929 8639750618 -5925918711
930 -6227603789 19073279085
931 -12643294232 10125659384
932 16936962193 624040244
933 9482858788 17063995042
934 9549368364 -5946463022
935 7304479789 13187555722
936 11775017104 -8497662954
937 -823021271 10796182532
938 3958368670 2860969847
939 423904733 -10154131343
940 4135860264 2831703610
941 7861338819 -9003831359
942 4056457708 19045576470
943 -10025079048 -8047114613
944 5883931628 5885877054
945 25850835842 27837773012
946 9061601840 12766615317
947 6570957537 4305251140
948 4889903839 3105441876
949 5345251975 -23799881124
950 -4101252378 16750447201
951 12092574480 -3164083208
952 7946654585 15062761372
953 7647740816 -5618959275
954 -750900005 8149798138
955 2057649392 15157642338
956 -20667592775 16276479335
957 7399633214 -1796779991
958 11123827613 3850480600
959 7309412458 12086373203
960 13320525473 1396954457
961 6892334085 17674952044
962 6106860814 -5595732169
963 10694543290 29015045499
964 -2012343989 8572728376
965 8149939699 12889797507
966 13244650471 2911590454
967 2520444927 836610746
968 4693939026 2346979857
969 4968759932 5828792399
970 3798388230 29015045499
971 25378549719 -6883131766
972 6632656483 -3134477526
973 11810154685 20944816266
974 12583047810 11908703373
975 12214961168 -1898515622
976 -9308880875 10861116823
977 11750125695 -8462760465
978 11005879527 -3627556263
979 8759156349 8403977199
980 13256429981 -610632030
981 3976645692 29015045499
982 -2460730196 13304327213
983 -5595476614 8623573062
984 -2003703690 10333682502
985 9336119038 3083341100
986 10481956611 -3896100234
987 4740120887 -5249539925
988 -938423322 9469683343
989 4362221628 2855003728
990 11560670037 7274494264
991 3970856596 10153712735
992 15204608832 26428478750
993 3977183520 6687504029
994 422186697 11552374025
995 -19916458723 -2238507040
996 -4672891004 6019068417
997 10929088021 2448789229
998 2783752485 -185985375
999 12798142638 3373534894
1000 8148924170 -10271766433
1001 9875255075 18343337600
1002 27861818341 2947430538
1003 8757163972 -5061516154
1004 9593964064 10001127314
1005 -3110544387 12701297301
1006 8613746619 -3656189826
1007 15715727143 -1061573990
1008 -1937493397 10117507601
1009 9967834848 10650254795
1010 9787884314 4773211862
1011 825318931 23010411105
1012 8070701410 29015045499
1013 12339713913 4133753372
1014 -928204348 9736938686
1015 18807734166 -2187662754
1016 -2134500581 10590335811
1017 -1030437996 8441957870
1018 3015712101 899067699
1019 6690687662 6582589787
1020 13947071096 4182125735
1021 4897429182 29015045499
1022 5646925609 29015045499
1023 13642004762 12680339044
1024 -24169282570 12857023203
1025 -9291355165 7493194891
1026 7533349709 7464264284
1027 13553841626 971081273
1028 -29061898 6307160009
1029 5357709981 -12966854147
1030 4746575245 -1501575604
1031 25424503482 28116849264
1032 11584896436 10474102850
1033 8246647507 -3626575328
1034 3440018277 975686253
1035 -1547294671 9355322597
1036 11842952194 -2598524252
1037 4637686022 6777052786
1038 5363580760 -7861838447
1039 -2953179759 14058511753
1040 14036486710 -1889340910
1041 6631715785 29015045499
1042 15530249323 29015045499
1043 -1067344291 29015045499
1044 -4167073739 15917585538
1045 334361132 25216534120
1046 3769701745 196416255
1047 7098252093 -7532241735
1048 -7389398482 14515077168
1049 17588173035 -20966987601
1050 12198908051 32149145046
1051 8025783014 21441714102
1052 2730994399 5353221717
1053 5505581825 3692901633
1054 4802592009 7093455070
1055 8302880455 12903626654
1056 2222595782 1991500586
1057 8902579782 -3471749530
1058 4465452165 -1447856471
1059 -6341162254 19247193421
1060 9672254227 9080276164
1061 8191709400 6701291879
1062 13102347886 1271744158
1063 9582784769 2135037571
1064 17258277611 -16895254533
1065 11517960302 10598980336
1066 13758635079 -2425069135
1067 4960249832 5738682236
1068 4631725547 3932918746
1069 -4887839145 -2535467971
1070 12492111525 -2542951000
1071 12616443282 16435179453
1072 23288319902 29515190468
1073 11685087918 6777589626
1074 8379224133 -10662078507
1075 -2189836746 16561024004
1076 -1066078270 24992160561
1077 -8539809205 -666265959
1078 4166167620 3155259658
1079 10593188239 -3332626747
1080 4907269098 29015045499
1081 83294402 10437015449
1082 627736477 5106779451
1083 4799399523 -3654646268
1084 3906377894 3184887475
1085 14899153707 3864310478
1086 4305513436 19326408673
1087 11626043952 20854240280
1088 8179592900 -2991285137
1089 12976206644 -10337279940
1090 4767342254 6250167452
1091 -2878825423 29015045499
1092 -1493870441 9817344475
1093 -568068047 5462352736
1094 3746014209 -2032535731
1095 2898122673 9056181338
1096 34383199370 9987406957
1097 6236244181 6312428601
1098 15725074691 5286559657
1099 8365904060 -3276619936
1100 7034041848 6893134919
1101 16197263859 -526465727
1102 12649893076 29015045499
1103 12664889733 3143151898
1104 -18828304411 10998977997
1105 13464043726 6563970917
1106 32875909478 13233197320
1107 12138824861 8006440691
1108 2071266609 29015045499
1109 2502253901 1445237336
1110 8318248900 15701773008
1111 -3693465402 3639000873
1112 8315542163 14720518416
1113 8826630858 5799407033
1114 8950069294 -4171266659
1115 5499631759 6544105766
1116 -3707826588 14338191683
1117 6545746331 -489055638
1118 6863954604 12686767123
1119 16785313591 3290745322
1120 13584559680 10455437455
1121 11952679978 -2307847111
1122 16857855700 887327597
1123 4363640473 2087387125
1124 6281255665 11111440010
1125 9773706436 -3417416931
1126 8877616524 5389465167
1127 7977901198 12815669233
1128 3164830917 4688802822
1129 -1645371638 9546898807
1130 -959996643 11005959767
1131 -2200940491 29015045499
1132 17365081802 -5018911640
1133 6434890575 6808486162
1134 17262333916 -16901466749
1135 11160371986 -4797281798
1136 5507113832 6872136798
1137 11435519011 8444085952
1138 9070883993 -4866413164
1139 19691829978 4749854477
1140 5368521804 -3565287093
1141 4887890808 6248945832
1142 6921688504 -9893380693
1143 6992734368 9897083218
1144 705539639 8455197598
1145 3125450827 1719832321
1146 -353544851 11779476775
1147 32900206582 13180876061
1148 11534711764 -2702204537
1149 -3620568578 29015045499
1150 13163434904 -928801658
1151 3661768743 3939723545
1152 5381049143 7328029423
1153 8029450400 -8489300266
1154 5180181978 1602300716
1155 6652891189 9810171962
1156 8760530901 8405181021
1157 12570108317 -3476715076
1158 7611991746 9837652648
1159 3938614006 5023474121
1160 7019296919 6880221421
1161 11547509542 -3076070719
1162 -5415616013 17829723046
1163 15289005112 18353591922
1164 11962848895 21015078345
1165 2720158044 29015045499
1166 10278705896 18755526445
1167 12680870995 -2575377620
1168 5843846405 -2238031837
1169 5032769986 2225498842
1170 17073139607 18169185473
1171 5779255174 5794202205
1172 14796879233 -3652596217
1173 3063497345 29015045499
1174 8887717143 6810175777
1175 10682218842 4381454466
1176 24289056300 11952853881
1177 13250771895 -891800197
1178 8833518643 17517793263
1179 8484298970 -3472086986
1180 3843127494 3087750943
1181 -8026525164 -6296796181
1182 11810192105 6384323155
1183 11652326737 9188581640
1184 15287090979 29015045499
1185 14925725926 -13322960939
1186 13567733650 23878760381
1187 9646783268 35653967911
1188 -7781942934 21453743280
1189 8196805309 29015045499
1190 4034784355 3966610617
1191 6672696919 -683479957
1192 2684855791 1613726956
1193 2277865248 1054664300
1194 12628836741 23518211377
1195 13456289312 -78973768
1196 4816718019 29015045499
1197 7206183076 5805359057
1198 4974342132 3156767658
1199 18836805291 3601935444
1200 -6499134467 -6509800028
1201 -1339785336 -12192426303
1202 6869198209 10101920866
1203 19416214850 -2391115602
1204 33018525003 -37936053660
1205 -5531858555 -2178010262
1206 5993687477 5982000400
1207 11179712856 2057063287
1208 36030468119 6440186837
1209 -2207152357 9265708043
1210 10615535727 15079870891
1211 7107988750 -1077513738
1212 2501354204 1446994737
1213 -2144544549 10521945832
1214 16250464852 3245233319
1215 5795499116 6704192952
1216 5000931464 -2809655036
1217 10182622871 -5217370075
1218 -10939892515 -8848301354
1219 12357837831 -3149598441
1220 -5384533144 -2105392078
1221 5102092000 2601163098
1222 7002050152 6247516573
1223 28151666307 4571534926
1224 13999682368 2940777378
1225 1766453400 1205483331
1226 -1035852097 3772120740
1227 9056651379 38831210257
1228 19616599021 -19031190944
1229 -150917827 11035142050
1230 5244868049 3790993412
1231 6501428199 29015045499
1232 2624978355 5776039218
1233 -3194421921 16993659112
1234 9857593639 6725535354
1235 1907679143 -2077063973
1236 21360293601 29015045499
1237 14726079252 35120014892
1238 11684749863 6857528796
1239 5745005748 9224991460
1240 7808236494 24183338066
1241 14448043729 17223089745
1242 16656616017 19404030107
1243 4364660271 7003417765
1244 5487181219 29015045499
1245 8674399341 3934555969
1246 4335941422 -1849933551
1247 17953173473 942392858
1248 7589774852 7379841696
1249 3695515719 17572641464
1250 -44615145231 4229332613
1251 8141271751 -9469517191
1252 -9226542541 15268804413
1253 20018575470 -11007222823
1254 5383531790 9486848513
1255 6394090261 3626228855
1256 -1174569492 8627269114
1257 11447911694 24888377143
1258 6478954113 10821574264
1259 10992552121 -7299320956
1260 11043075133 6622081372
1261 13693223466 -1188544911
1262 -4909719847 -2989506366
1263 11473910600 -8036519546
1264 -14463346973 -20438083118
1265 -4948342794 -2743738309
1266 11995005988 11237909929
1267 -7404700571 6631124977
1268 12957903171 22928843129
1269 14480012914 17386303789
1270 6999273000 6862684623
1271 6911441187 11473635451
1272 -1996464862 9361172873
1273 -13999529139 9265748303
1274 11837166590 -10873745810
1275 6066817438 -4774441841
1276 4120772493 3019306530
1277 13498798905 29015045499
1278 2532023561 2328950411
1279 5508484649 3519145473
1280 -903352531 -22058528803
1281 8202634556 7065016646
1282 784147168 5763320196
1283 4249809176 29015045499
1284 5314718051 -2979474462
1285 20040572640 -4976391403
1286 11104370931 29015045499
1287 5351424538 2959317272
1288 -983410594 11041818139
1289 5890752862 4548999098
1290 4954873226 5566084256
1291 12102844662 -2709539943
1292 4910253574 6035753595
1293 19054716820 32425692934
1294 10268203425 7048147271
1295 9047324949 -9280476563
1296 -11288638778 -2884907514
1297 23566262151 -2619861455
1298 19536392590 -2628989464
1299 4397773460 -1417140185
1300 4320393881 7388184280
1301 -193777321 21614227915
1302 -25645931626 15960999898
1303 7568366231 -3966425377
1304 4604678900 29015045499
1305 1105415196 12681806428
1306 10832329599 -6413620561
1307 -8240186779 23949157214
1308 -1356833855 8983290686
1309 -1978106581 12565191073
1310 152246257 10542631930
1311 12751015304 3420574242
1312 2724245145 5363558173
1313 12647943941 11809748068
1314 7524276901 14465023247
1315 10954983430 29015045499
1316 9645094736 18806006545
1317 14610664635 8991810418
1318 4152649041 -1535193185
1319 -4769951822 16840890915
1320 13226433038 29015045499
1321 4592139450 5882898020
1322 8750034301 539843221
1323 20189095800 31543935939
1324 21753989412 -23780419212
1325 4774716127 7260591879
1326 -10988009954 3811445799
1327 12575062389 11991982900
1328 17530056335 -7457221073
1329 5384382296 10226417897
1330 5470159793 1158200850
1331 -6027799355 -4546327179
1332 11810507590 -2841670174
1333 4582975468 6458003849
1334 -1928918605 10100758243
1335 -29929953774 29015045499
1336 8131304591 29015045499
1337 4791985942 1553469483
1338 4982835400 1904536213
1339 5370575883 -1779135372
1340 7894641857 12658136617
1341 -1375831500 9020399266
1342 11556986285 -3026945740
1343 17083969376 -447678501
1344 19025873406 -4863527248
1345 14881773356 11253389076
1346 17577776870 -5511023050
1347 11338791172 29015045499
1348 -1434288863 9134585505
1349 2953011643 246003181
1350 11419185900 6120598262
1351 7274005008 12420354389
1352 9679796434 -3373051064
1353 6855627215 -18773022516
1354 10395219678 11974291658
1355 2874185888 5133924524
1356 9152440893 -4481197955
1357 -2098136146 5561554578
1358 11470717327 12114640015
1359 20558965775 17049989004
1360 4451564386 6973197077
1361 8179876032 15486233151
1362 -9417572036 -11363135091
1363 5797036251 6593297315
1364 3495084599 2441288040
1365 4143159839 6732335233
1366 804838694 -5429076926
1367 11908643037 -8702310537
1368 4623806120 6068440560
1369 2762987935 -132688516
1370 5014924979 1855391151
1371 4267113078 6978270717
1372 10126940066 8326669865
1373 23356886280 29470307064
1374 3015248438 9431787040
1375 7670312421 8170185276
1376 10953887778 -7240106670
1377 8444789633 29015045499
1378 7710904440 11735870879
1379 12903959082 6579312876
1380 2611519409 1231806265
1381 -5816967340 18444391002
1382 -5527893505 -624596179
1383 5885897715 -5164119382
1384 17314011863 3194782630
1385 13259662882 -2989782969
1386 10449427465 10874607262
1387 8614316071 -3531565474
1388 5029384345 -5754167206
1389 4046336105 15213624728
1390 10139038358 15995346134
1391 11335663646 10935287196
1392 -1328780125 14864147276
1393 4173100780 20263882142
1394 13492404293 -1848627800
1395 12831491354 36360208080
1396 1638484310 -2328404482
1397 6355565136 29015045499
1398 2578011011 7711968735
1399 9472550429 29015045499
1400 3098498261 4790391019
1401 7730492076 14786239321
1402 8341273374 10606887880
1403 4629502127 6085743911
1404 18853927291 32417934391
1405 6587809284 -5377970745
1406 5034254817 1825787581
1407 -3437698438 3053295378
1408 2448355520 -99370248
1409 4698044908 6717477744
1410 -6317916944 10342649228
1411 18851172988 4021124681
1412 11551907902 5431639737
1413 7993187396 -9110636091
1414 3832206076 -1650485823
1415 988973210 15122300442
1416 -2153354925 12833583212
1417 15840365514 -9613517430
1418 -3859320638 15591473332
1419 965850945 12762555259
1420 11788526021 -2841360707
1421 2772758559 7697346925
1422 23668690186 -12253233424
1423 33019801997 -41033966218
1424 5728327220 8403165739
1425 12958270598 696273857
1426 7048454428 -3903666212
1427 -2052281248 12678789279
1428 13096646062 599553827
1429 -705034243 -9879664345
1430 -4706747432 7870579726
1431 8492865377 4858424923
1432 8896910751 -11045607011
1433 15064072028 -2981867975
1434 5454474055 2910574894
1435 2331195131 2474445194
1436 4641733901 7148252923
1437 14483041302 -12644991204
1438 13946329771 -2038735084
1439 4580927630 6262470822
1440 13933286277 1495963895
1441 4907440536 6912985827
1442 19180768073 38690303019
1443 5485183093 6933653366
1444 9273187931 17790355105
1445 -4072009308 -782549397
1446 6101996751 -8527762260
1447 7938279807 -9173089034
1448 12315223399 9321386858
1449 8592883026 4944536630
1450 11043360918 -4067594613
1451 4377724937 6295516625
1452 17261959919 2470762116
1453 3594049499 -1082881072
1454 24140998567 -5033032178
1455 16199476939 -20249114682
1456 13106751185 -431415282
1457 2700862007 6486263709
1458 7268793854 -5686464958
1459 5883802868 524708132
1460 11382924589 29015045499
1461 7666645559 11861940863
1462 -1789090960 -640719141
1463 6065127411 -2395305936
1464 3349624238 5349844593
1465 5342548445 29015045499
1466 9624759571 7759166408
1467 -4888151960 -1729515670
1468 2793398527 876537201
1469 10008247644 9497921942
1470 4895262082 6172958300
1471 18302633541 3653520503
1472 -10908563575 8968258712
1473 5210580340 2642092630
1474 4496354373 5811432547
1475 18987883131 4260278039
1476 7461326366 -10798268703
1477 12174339371 11394968754
1478 9152354033 29015045499
1479 6997184314 11983355873
1480 4732865284 19788468418
1481 11612479027 7011266126
1482 14796329761 29015045499
1483 13575825377 -2597791935
1484 9637537920 -10851631962
1485 4956913988 1944234752
1486 4183223161 6033061646
1487 5851917683 29015045499
1488 33724361442 11406145189
1489 4330570208 4071562254
1490 14541400251 -12734367701
1491 17176336914 641929495
1492 13597176224 -1565387801
1493 5542227252 19273503751
1494 1083319852 7876628709
1495 11941316175 11758548854
1496 9031480917 -4168942268
1497 -10715876465 -8652109785
1498 6750055552 6644421860
1499 10294618625 -6101735006
1500 -5326440120 4569603072
1501 4929094814 6512017215
1502 13453643095 9873395631
1503 -4591071481 29015045499
1504 8226997757 11089305507
1505 -5823665849 681687364
1506 13747872411 6726009474
1507 9267459459 17180333881
1508 11889401469 8868791999
1509 13480615110 1086577123
1510 -5154060510 -2222295203
1511 -1600870274 10819667517
1512 1655783673 20838050199
1513 12573331081 2912669768
1514 12716221852 6564890187
1515 -683713800 29015045499
1516 -3867597869 14107354648
1517 16460669694 11090559856
1518 17874691686 -332710695
1519 5070064917 29015045499
1520 14472156030 -2996254314
1521 7583140412 7374031303
1522 7809468187 -2424440617
1523 12513824424 29015045499
1524 6923035560 12128710665
1525 22678078068 35193155449
1526 24976250383 28410274784
1527 4735604278 2283169690
1528 2329018686 1783622045
1529 9243871743 9405269410
1530 15009432118 29015045499
1531 2334399808 7911769457
1532 12142886784 5559752745
1533 5690232612 -2192403235
1534 8079547085 13642005742
1535 8154057384 13010200459
1536 11709519465 29015045499
1537 -16040611832 12962539001
1538 5251832244 -3925583320
1539 2931180861 -4502245056
1540 5451393820 3409163136
1541 3449402842 2936497729
1542 15858774206 -15366419990
1543 3610494701 -577844000
1544 11704019983 -2685832292
1545 13106743792 1028515822
1546 14133150565 7949969157
1547 5355281223 -15078813413
1548 4688040027 3360865139
1549 10646265041 -8879152593
1550 5352859970 -17184246567
1551 1664441572 29015045499
1552 -4133001244 13546543394
1553 1235108779 -324691313
1554 11864896388 8972672694
1555 4425954836 -9309375592
1556 4003867872 975731795
1557 -2105150491 10433144463
1558 8673711719 12731481058
1559 8869523295 -4047910783
1560 -2598541143 7143507225
1561 5657625004 871098628
1562 7878572584 12445789492
1563 7565236978 7358351611
1564 16904046497 -16352750996
1565 33481668132 11928759726
1566 14207733394 -15545154252
1567 7023149822 4948238095
1568 32524025554 13990942367
1569 14001678153 -1113900272
1570 -11042250317 -17131124433
1571 9911255875 18918492186
1572 10896072005 -3420661647
1573 -25183601232 15816675748
1574 6106684587 29015045499
1575 11196567691 4032521596
1576 6869519883 6250496528
1577 -2197311577 9302924725
1578 3575208098 2022495545
1579 29772170456 19916773095
1580 12228707249 3832643992
1581 1043521368 -4569293011
1582 5464347184 1167102837
1583 11492100954 8835433769
1584 917334928 13163987354
1585 4997658525 6131010530
1586 16505443900 9768524930
1587 2085310896 -294216755
1588 9598097225 -3771865906
1589 -7641937340 11434695164
1590 6234237030 -4918757440
1591 11129142199 2749899368
1592 -1873059433 11923494203
1593 15690003765 1829030399
1594 12019126248 11015200276
1595 12703980392 29015045499
1596 5229378622 29015045499
1597 6222151625 4204702462
1598 3804669954 3275129447
1599 8985212694 -4225088636
1600 5162604049 5254143797
1601 32463012806 14122326906
1602 9423346331 8985669780
1603 7936522229 13166480625
1604 13821077213 20678381
1605 13072856502 1044112419
1606 2985289760 29015045499
1607 3871682450 6542103209
1608 4813299107 6901135589
1609 4663154933 7090126088
1610 10365483649 29015045499
1611 13259178180 1979688024
1612 10426760351 -4166668357
1613 6440671631 -328134155
1614 30847038992 -37706388348
1615 21941754245 29015045499
1616 7921642244 6769290296
1617 14916794131 371524547
1618 5290550625 -4001212910
1619 13217498967 -316568685
1620 10060961010 4321012580
1621 7290781303 13262639659
1622 6391390760 3464839531
1623 579420394 12699041949
1624 5138709283 5233216941
1625 10271861608 -3789878443
1626 25852028581 27836992248
1627 4821625100 29015045499
1628 3543232877 166513272
1629 18863804835 3587899177
1630 11239634670 10791951585
1631 1057449850 7916248514
1632 12402801323 2553625583
1633 7248671638 -1565582941
1634 16994334616 -5654442071
1635 1621739644 17036890225
1636 8732670561 809248927
1637 6999273000 6862684623
1638 3303581786 12127351571
1639 -970740479 11022413908
1640 -7022090190 4491870846
1641 11917531458 -8715923119
1642 10437212761 -13904529140
1643 8491478833 -4996984257
1644 2133708074 1178050384
1645 7270507313 6746690546
1646 5167724636 6684964127
1647 16416281078 18857647681
1648 7423322124 7234063651
1649 36008734936 -45611505082
1650 6568796565 6507533455
1651 4208960415 -1888515499
1652 3152336344 333663181
1653 23925948229 18281842320
1654 16437827832 33999507932
1655 -58569877 10812798511
1656 8596258844 3103755224
1657 4271741266 2652619208
1658 9591739730 11724612420
1659 12330150147 21951008390
1660 5386165873 11777351081
1661 11763194220 3743513719
1662 8088660311 10749250618
1663 3089855410 297460503
1664 24824759832 -440514386
1665 -906299503 10923722812
1666 13037115509 8617189983
1667 12120459350 -3260082947
1668 1441037482 -2035074753
1669 -33013961 1599926846
1670 -11795630062 27600689096
1671 12269818002 10469330672
1672 10601269419 29015045499
1673 1224081058 -6132384709
1674 9638789356 9174353158
1675 10914182583 14435158714
1676 5816514812 7282702431
1677 4395017068 6595842633
1678 12299549342 11064607554
1679 3156157716 742345161
1680 10352629277 13944839552
1681 3243214192 29015045499
1682 1072377986 12587905615
1683 5706249729 2875937359
1684 32886365002 13210682448
1685 3748378054 9510704219
1686 -438739621 12234938296
1687 -3991187994 21374134768
1688 8819945968 -4605354684
1689 8468174438 -3369019401
1690 5352875540 -17170707432
1691 5559650207 6333692324
1692 9881913843 -5598382866
1693 3005332394 1150553989
1694 4770838565 3051171035
1695 5479859524 6532424624
1696 11735927286 21025402723
1697 12172667550 4139531352
1698 7227586094 13276377041
1699 2695044055 6156837663
1700 636767023 12077465426
1701 7737903494 5204627668
1702 17099083820 1205229418
1703 -3687808736 29015045499
1704 4796351746 6839572084
1705 -42055010203 73942808998
1706 11222849731 -7652020827
1707 -23695362186 15352097090
1708 -2070140496 10397329193
1709 -4478260667 16394167076
1710 8776270337 4645591913
1711 5301487915 29015045499
1712 -9140789354 17639688383
1713 2000879154 2713514851
1714 -7292165731 20703651449
1715 30371371557 4267851698
1716 4797289951 6354232172
1717 8508365021 5904410895
1718 12064597610 10860591992
1719 24013784975 5137648448
1720 -15181341998 1876685319
1721 -9301922383 6765335142
1722 5568146490 29015045499
1723 -12223312922 -10952579414
1724 4133015962 29015045499
1725 -7173812471 3257165212
1726 7982118627 -2688854077
1727 8640739247 12490142640
1728 12085443912 7570600187
1729 6685394463 6519596650
1730 -8981222610 19059206310
1731 5105132445 6549439072
1732 15968625414 12358802507
1733 7785821459 11759914054
1734 25473636725 28084686748
1735 4709615186 -674927536
1736 12541983402 29015045499
1737 10361575212 19850472278
1738 -7350432445 20792886689
1739 10330596857 16171500197
1740 13750054962 -363729990
1741 1995827528 1921433537
1742 16609439867 -903638351
1743 451576481 12849265155
1744 4631191810 1837135547
1745 14950696812 -4038468669
1746 5539415263 1739699054
1747 29073772277 -4900706908
1748 -1763576914 10162748069
1749 35177769727 8276383203
1750 18805353521 32449730677
1751 4566839084 6558807581
1752 4863944645 29015045499
1753 8870292488 -5068316551
1754 6490156222 11414405526
1755 14046069628 -737429427
1756 8451747471 4678045486
1757 11913701060 10145511231
1758 -5050485981 -3248169520
1759 3760197737 29015045499
1760 12472379359 -2007561663
1761 8472382854 -10513345789
1762 3360606050 2786496437
1763 -4558958105 12399663210
1764 24977723 -7089618948
1765 9678987587 5524231837
1766 11210793202 -7633556301
1767 1631787675 4248540889
1768 20616365700 13400458679
1769 10547466833 -9064315432
1770 2335873089 2183782598
1771 32909504206 13160854603
1772 1052949690 14964423810
1773 8992539488 4925842802
1774 8943953288 -3735418168
1775 5121361651 1668347912
1776 4624784291 6348201818
1777 9468100765 -12485282746
1778 -1089717971 8498627984
1779 9055260344 -4332366332
1780 10063655708 18704254761
1781 14925328988 -2224760383
1782 4647426512 7211795351
1783 -15561006307 12812822132
1784 5251982112 9174632982
1785 18638264341 3524236298
1786 22688356262 5581834900
1787 5416230074 25307920551
1788 12398174405 -4159448620
1789 5365848584 2857761790
1790 9060798744 18252873987
1791 4214282752 -2503125403
1792 9638710997 -3451268933
1793 3018030500 -76482099
1794 9354439113 6710561318
1795 17657908115 30249919942
1796 7449419312 4537379933
1797 -7167796939 -5544728472
1798 3078228414 47336984
1799 8518915488 13604358023
1800 5384971620 6389087838
1801 4768108459 2072278441
1802 7805268724 14902716982
1803 5454608969 6221541722
1804 11182628298 -7908864181
1805 9665438011 -5266850994
1806 12611228485 2991175539
1807 2646860673 1482751684
1808 11262700562 -7713052214
1809 12204219819 -2614949278
1810 40479050743 4450002887
1811 5044912562 -11498277180
1812 13784906583 1292657095
1813 4498136474 3531320095
1814 -1458452235 9199588394
1815 -13134829363 9883329090
1816 12872583006 -3692902258
1817 -8946236034 23236853516
1818 6301031107 7057668585
1819 8274338842 15234781833
1820 6691969997 7916274523
1821 -659071438 11164883876
1822 11208152245 24460444439
1823 15249699839 -3665133904
1824 -1021518900 8463226447
1825 1944083436 -2200419067
1826 13592163555 29015045499
1827 6621162557 10701598551
1828 9792267661 6838047115
1829 11969666551 9300130822
1830 10357875113 7568306495
1831 5273444619 9694260532
1832 18499399590 37474168018
1833 -3642330345 13447608567
1834 4433816013 2745357213
1835 171034293 11378656777
1836 -5013060179 22313071519
1837 3597376548 -693893323
1838 8667705051 -5724624616
1839 -1579134069 9417515295
1840 571889182 11392646502
1841 8599740477 11798223261
1842 6156859205 6124904970
1843 5114280723 1696034656
1844 5394945662 19411934835
1845 3899646776 449421192
1846 3507199453 4164466776
1847 7700975472 6517735892
1848 -31533071886 10322500840
1849 -5081232293 -2224698146
1850 13936342595 -11807724316
1851 1505964111 -3157753691
1852 11796857690 12434375202
1853 -2072851045 10381905105
1854 35725152990 7097650877
1855 -5508498662 3882021943
1856 13575692128 137326450
1857 -4569872076 29015045499
1858 7108128279 -1350341348
1859 11837967046 8967037634
1860 -2795753177 11793968054
1861 5119204102 7432765081
1862 2876933739 -1574246831
1863 13022263624 12432331745
1864 -4331956809 -775997236
1865 -1942880302 -6726206108
1866 15237863452 29015045499
1867 3362443561 6942611704
1868 11635735063 10923263160
1869 -11980914792 2194349746
1870 4024881480 14149506243
1871 4495082434 812740306
1872 -10013316673 -9135831635
1873 10870186797 -7111918951
1874 5359018310 -11829178339
1875 -1079851206 8452905124
1876 3858038511 17316726815
1877 7452021196 12744557774
1878 5368169121 -3871967142
1879 7826170053 -2450019458
1880 3491137204 -2680104257
1881 11559860736 29015045499
1882 3918933276 3804866811
1883 5260775709 -4250291666
1884 7742638611 -2322091388
1885 12532781457 -2691853763
1886 11790516578 10681810265
1887 15796287310 880639857
1888 6835422718 -4150084752
1889 13884196163 -88581207
1890 5205171908 2831761734
1891 18242256273 29015045499
1892 -1091227561 11206939393
1893 12267311896 -9251610463
1894 38687622390 28816165539
1895 13111908860 -3914743143
1896 3056167525 1340423209
1897 -17064431229 13282141315
1898 11763698290 3567209288
1899 3843163844 3452741527
1900 -484943555 13046952922
1901 17360127036 -1286103262
1902 4526822157 29015045499
1903 21089938204 29015045499
1904 5245422376 7605455387
1905 3480504451 -465604111
1906 4736869147 4881288378
1907 29603197261 -15560303317
1908 1600504251 -4502657644
1909 13818670732 1262052764
1910 10419655919 -6421932710
1911 15739896400 460210689
1912 4630124620 -2711186153
1913 8669610573 -3741745248
1914 11524416990 -3483954741
1915 3854798422 -1140574299
1916 1400717999 7390534714
1917 4351754683 2871033812
1918 3627549417 6512658035
1919 -1115518253 8511922840
1920 5481832408 1140324286
1921 13458820772 5442857240
1922 4580593364 2520568286
1923 4366839712 6410773925
1924 4372455658 6540895904
1925 5133267754 29015045499
1926 -6696366281 -7467781265
1927 -13093589342 -2289077130
1928 17124660419 10822464157
1929 -13034781356 10498269008
1930 -9922391051 -6003169353
1931 6368047592 -6105914885
1932 12165218155 -3303079424
1933 4572700730 2532655823
1934 5032238503 6824598975
1935 6770158519 11540706351
1936 15360035090 -1588709848
1937 -566606199 11360787832
1938 -5525968905 -3173078413
1939 10877672678 -4378115100
1940 16669410608 -1841937864
1941 6177948022 29015045499
1942 -2765594612 -3185928469
1943 -19821985846 14653529966
1944 11635859417 -8284543512
1945 -1202030443 9145654668
1946 4385064981 -3469619775
1947 -1601959578 9462100937
1948 3214866004 4685209388
1949 11557781830 11270194565
1950 5257773872 5337492810
1951 3896071579 -395348734
1952 9191016457 5260170623
1953 -10005102634 8697042291
1954 21938515777 -937191367
1955 1934921847 29015045499
1956 12326037515 -9341548515
1957 -3130059340 12308842870
1958 -1579802843 11212486218
1959 34399715461 9951841290
1960 5390670160 -10167155164
1961 31229663754 16778214462
1962 10752339477 19702570271
1963 5149787688 1648849451
1964 16713787297 -5591989814
1965 4863384293 6300003497
1966 16198762217 7380104094
1967 -1397700161 8451149524
1968 8310756243 8011271765
1969 5212077804 1553452387
1970 4167177870 3510147738
1971 12186302681 -9127545174
1972 9626646980 -4526193728
1973 11939890080 25766480769
1974 12558905617 -2777757812
1975 16375093442 18838670409
1976 5653582321 -4633922641
1977 6406074090 6343165488
1978 11610727147 4013595282
1979 10793340207 29015045499
1980 6287577654 -93671341
1981 4111312257 3239270427
1982 13689333 4042255619
1983 13447100150 29015045499
1984 3378369876 29015045499
1985 11577112451 7330204426
1986 7914547537 4451930119
1987 4548050847 6311063533
1988 4037526270 6081438452
1989 8655654642 4742636302
1990 4826577828 6568086707
1991 15261403846 -3555330451
1992 11051446088 29015045499
1993 8772698497 13246271464
1994 -2863537827 9966265415
1995 13770752441 -614917094
1996 5804975051 3542368001
1997 10833194939 685841131
1998 9063321934 -4344712626
1999 5339688179 6853519967
2000 3783641475 2035266237
2001 5473865896 3103754577
2002 8187040362 32170083810
2003 7448081106 7021150704
2004 8525664420 11700584736
2005 -4372730244 15179917918
2006 8491941272 10994005103
2007 7788321809 6701601825
2008 3863074806 -1212888424
2009 5384039246 9928113772
2010 13162997935 23248313968
2011 4767319505 2234597946
2012 -3575614851 8698333543
2013 -8764618064 17245122203
2014 4013687370 18773504766
2015 9007595638 29015045499
2016 8472649334 15031104598
2017 11645199922 -8130986378
2018 31255894095 1497920765
2019 11781991369 25484656537
2020 10303189069 1062804443
2021 5232783078 1521742342
2022 4407817134 6014198914
2023 7146057684 6617861950
2024 5287320228 1438218914
2025 16208673615 -15954016518
2026 22792288709 8045367695
2027 23876383735 -4667289148
2028 4211402779 6039792619
2029 2778878234 1091513030
2030 5032000297 3100167630
2031 4344122299 9842745988
2032 -18966563366 11929538590
2033 5006545929 5995700565
2034 6306675854 -5395386358
2035 12425574240 4761615497
2036 2448533077 2209133117
2037 20640703632 29015045499
2038 12159368439 36800178303
2039 5557909904 2388765760
2040 7009754855 9947614824
2041 -1399875643 8797490249
2042 3057902673 238083305
2043 11699402000 10210078407
2044 4620702421 29015045499
2045 16326749318 -15468622671
2046 9696816544 -6263404253
2047 11693047227 -8372126414
2048 12259366964 -2781488904
2049 -11351470241 -3954295205
2050 20781828859 -22291559206
2051 -1138803382 8557406270
2052 3265192832 889061802
2053 7700252725 6172803920
2054 27894645489 29015045499
2055 6341393638 8075353537
2056 16827505632 29015045499
2057 5347956060 3483272802
2058 3669582146 3915778329
2059 15961703628 -14909556654
2060 11171125725 -2857627425
2061 4072073636 9939621879
2062 -29859097186 17276209849
2063 3024115939 840881908
2064 10369668956 -6345377875
2065 4760557071 3911545564
2066 9421345375 5014164072
2067 8649240854 11609729372
2068 13329507784 17094800319
2069 -441326666 -7518357406
2070 9664187983 -6986699170
2071 15996050448 -8520181104
2072 3243600762 707473890
2073 4544139490 6826766437
2074 22027333827 -25043402129
2075 168500931 4888675361
2076 10822703362 -7039198260
2077 12826168984 -2286661213
2078 4454490892 6778566928
2079 9526617697 6397189394
2080 2881359713 1291253944
2081 -117672030 14671598166
2082 28884278191 7680025507
2083 5060799420 3844324012
2084 4886408248 -3211791421
2085 11753891472 -3896738033
2086 6852924538 31347735768
2087 7672756350 12392776072
2088 11578728761 4414463375
2089 5896086099 19661621279
2090 -1030266319 8345532125
2091 6892810692 12240560030
2092 2155310041 -603580943
2093 -1255184930 29015045499
2094 13062158551 11917150385
2095 -11293238884 19571760327
2096 12521860937 11620956293
2097 12020446284 -5947428053
2098 899167554 4576586288
2099 18078139100 -6589105372
2100 -9684260310 -9734806142
2101 1763916955 6834296962
2102 8207813522 6991927153
2103 30223510533 -36751457002
2104 9035757060 -3853408306
2105 4351477402 -6795334325
2106 5258240650 2148579202
2107 5544775132 7243070700
2108 6072629848 10573872327
2109 14374087516 15406461038
2110 -29493705 6390563728
2111 3012547461 448468068
2112 5510080072 -6644419052
2113 4680291352 6913042478
2114 7559524637 13044501625
2115 639678969 12338647157
2116 11756061992 -2989071967
2117 33525324166 11834751045
2118 18851863194 4034272211
2119 6281399958 -84210223
2120 4288080051 -6388182013
2121 20542811370 1604607694
2122 3035506811 4886862174
2123 1749226755 2916144234
2124 16522653445 -11315097844
2125 3898462045 3531434306
2126 -5326697580 -3932307528
2127 5902189602 496548922
2128 13039063864 -10433545522
2129 4761324338 -1039714605
2130 24958333241 -2274067216
2131 36762369917 -46765694048
2132 12957980970 29015045499
2133 266526509 -2718197500
2134 4276237852 6900557269
2135 11692061058 -8370616100
2136 19164254479 20086390117
2137 13633194885 9722756857
2138 5154415384 1641762153
2139 2610697962 789614220
2140 11695553606 9310375880
2141 5096724952 29015045499
2142 2831072550 965616505
2143 12323950595 -1616623293
2144 5386628069 -263547523
2145 4919328352 6147354670
2146 12672176389 -3319675873
2147 6641219107 9205346050
2148 11148450281 20110304903
2149 5014007565 7330136170
2150 -15021636832 29015045499
2151 10276818611 -6039928627
2152 10269996546 20309168856
2153 -178343993 9901960471
2154 12560771774 -1656626976
2155 -16160155286 2035116279
2156 9895742905 4332380765
2157 -16854927762 29015045499
2158 -22857549823 12892289311
2159 3421637398 -5339025357
2160 -4695127502 1128525206
2161 -3781894815 29015045499
2162 2293257696 15862504210
2163 19812608920 -1194435453
2164 8614587496 14146578897
2165 11208785486 -4141718876
2166 8753000542 -3869456652
2167 18337176613 32756198280
2168 -606695009 8577708950
2169 13201923719 8310873682
2170 4573801991 29015045499
2171 5695667032 3067012260
2172 -3011938105 9487031873
2173 -2123381435 29015045499
2174 8963023143 -8917678721
2175 -1950041816 -11993532975
2176 13000255612 2373562494
2177 4390059606 29015045499
2178 -13028540786 19212207219
2179 2964108760 810423445
2180 3991123428 4228169896
2181 15453454826 777025056
2182 23760494390 21542036012
2183 8053059428 -9397290959
2184 5396780625 -3286586458
2185 -3235997809 2976863520
2186 17512002860 -6490249014
2187 7818157757 29015045499
2188 4990793864 2204251274
2189 9513555142 9064673977
2190 818648262 7034128439
2191 3019294949 9466600948
2192 10218590413 7189835120
2193 3646419127 3951252401
2194 10786270581 3999917395
2195 -53409789 12255998887
2196 5373705359 3826956336
2197 14402837495 -14724282773
2198 8262074380 7968636556
2199 6217733874 29015045499
2200 21143615808 30919109183
2201 7436474349 7200965943
2202 8106503633 14076559953
2203 14122109720 1794176942
2204 -11285979115 18750176715
2205 -5541814429 4006557541
2206 -1922200660 12479571379
2207 8127904432 -3669621888
2208 5255064986 7309562396
2209 14088752589 -12041139614
2210 13854655025 29184033422
2211 12523638327 9538728450
2212 -4141426014 18325365682
2213 4775975040 3161718433
2214 4777799849 7081608415
2215 13925921395 12928991092
2216 -15862577467 12906962603
2217 4813783200 1100732740
2218 8904912490 18001641219
2219 5323242287 6938690153
2220 9566018041 9110620588
2221 5521371673 -3710715993
2222 14791936420 15409726409
2223 9278591754 -3403005198
2224 -6881720550 -6647018520
2225 6113048613 10043763297
2226 2584200230 1285169507
2227 4125877044 3536929409
2228 7731397018 19183394090
2229 4557613497 6991806802
2230 16212654673 -6353041453
2231 11861460682 -6609686780
2232 -1918828272 10628930711
2233 7410846860 6865507520
2234 11835863645 29015045499
2235 -2375128213 16819576186
2236 10276003017 -4550327843
2237 3791797933 -426379608
2238 6659167289 29015045499
2239 4926089494 -24110689
2240 -1560595301 9598985990
2241 5059812631 2944470117
2242 2775396545 -5351098370
2243 -8635984385 17389843247
2244 12066412867 29015045499
2245 26490145182 27419282485
2246 -4396655079 16182238613
2247 9553003956 -7907884456
2248 8489494645 8167809510
2249 -16917124362 -23606718844
2250 3688929471 3886147978
2251 5824501685 29015045499
2252 12550699388 29015045499
2253 10863610833 -5136955221
2254 -7539363046 12333885627
2255 9981661084 18850617594
2256 11895152156 10365254213
2257 2917936773 1836702815
2258 16039602206 -1535985767
2259 3536598822 1129233590
2260 8136989008 6053572570
2261 14257033138 4139094738
2262 4881689232 -3536099509
2263 9173641635 6555305001
2264 4946499388 1960184670
2265 12959001014 1303317632
2266 4169501237 5853813330
2267 21954613088 13492289493
2268 7154292182 24115103019
2269 19671547016 33386513465
2270 15574320404 -4225750713
2271 -5391372840 -1009611943
2272 2906883301 654864533
2273 1687921257 6950684071
2274 13586037923 3611869458
2275 -1325670967 8922419432
2276 7535041554 7331906686
2277 22643267332 15514345187
2278 8591814263 6165979954
2279 -1225583221 8726915517
2280 -1209092229 29015045499
2281 4646381979 4802040397
2282 11286923068 -3530628959
2283 22622653596 -25110774942
2284 4793223835 29015045499
2285 8381293037 -4442977633
2286 16536023626 1426382406
2287 -12957104275 18840590866
2288 12054555472 4286126972
2289 17273115313 33452730532
2290 2277550791 12187487515
2291 8300057562 13035852728
2292 -12025488747 10073792384
2293 5071325020 1769014713
2294 12538875850 -1211134211
2295 -3481982922 13439635047
2296 11830800596 37015258111
2297 3210203897 4619314284
2298 9014324003 -4269672490
2299 4071757166 3301089492
2300 17127295201 432774021
2301 2755735459 -1027078368
2302 11112684832 7087841886
2303 -8497817211 1383813549
2304 9592040526 3469828853
2305 -5382712761 -3931408795
2306 3694314564 3647836808
2307 1005806918 -602668181
2308 4511724082 4684108026
2309 2819222058 1233727348
2310 7385746381 29015045499
2311 -4254423777 14262271891
2312 2815632590 -95099568
2313 16140401353 -14365171248
2314 6550703321 11432470350
2315 3117734839 1044754930
2316 13563358147 -10255427379
2317 7055574949 11144693817
2318 8296415145 -4325227128
2319 2621718500 2847468107
2320 12814424187 5648348578
2321 9516716624 17422459503
2322 8120369059 14958700861
2323 -1176954606 8599572215
2324 19572827652 -3668480852
2325 -7764356877 7415525056
2326 -758449640 8067265949
2327 10766336024 21917217644
2328 4130453112 12739152160
2329 9652608985 -5247203392
2330 -7295501933 -6631360017
2331 3492045200 -951591963
2332 3370064408 4374488549
2333 -7784675881 -7190026013
2334 6529696757 5620973117
2335 -13529885105 1765198606
2336 -6342986246 -2560805950
2337 6589231116 -5056084086
2338 2057667299 2313659547
2339 133996215 4924066545
2340 2784745806 7271364680
2341 2766728577 1846003068
2342 4081973222 6526241320
2343 8781746731 1257694183
2344 16927524111 -16388706868
2345 2935466747 76194161
2346 3871892482 6523337064
2347 1884824935 -2385481764
2348 7024248963 29015045499
2349 4536787407 6709943498
2350 2949228062 859333250
2351 4707219889 6500215939
2352 6968208106 -5030692555
2353 10614145087 -3941207139
2354 -1169125342 29015045499
2355 14658664422 18786661396
2356 13193524774 1395092703
2357 6030975323 6601385918
2358 8136767574 -7960617088
2359 15537789166 -3844432423
2360 8119508057 15392199508
2361 4595682502 5760563091
2362 4925698151 3120860928
2363 9092620329 3494659834
2364 3976146886 6505253936
2365 10180623335 15732206648
2366 8694717524 7157282101
2367 11859841984 -2580551381
2368 12508381658 5397636540
2369 9188364690 12483285899
2370 11613800942 25184463220
2371 13701320694 8991008993
2372 3714544294 -8249032086
2373 4128585462 6768125299
2374 15026437846 4544594258
2375 5785075730 6140495025
2376 7608396213 14596053735
2377 -18062680968 11705890053
2378 4163880041 5952991035
2379 5534211850 3552097803
2380 11761899206 -2432249435
2381 12195619803 -12041758665
2382 5356824517 -13736820694
2383 2809587819 934983239
2384 12430007354 15502406242
2385 4516896518 3673097642
2386 -11785380880 27584992516
2387 -13508350557 12172051378
2388 -3840261952 16556014468
2389 11981365161 -2176828034
2390 -1252910651 8376222471
2391 4379392656 6543173775
2392 4128912981 -1732156831
2393 11665423239 11213085808
2394 3370704877 961474423
2395 5348076612 -1872742086
2396 7707740871 -5825397975
2397 18053842353 3786889116
2398 7557110436 13489593794
2399 8472325697 -3706518714
2400 8623610088 8131017417
2401 10402955358 -7674810121
2402 3239703288 101647458
2403 2983319574 9129893486
2404 5321339942 -44592912484
2405 5069162903 3882230430
2406 -18083010737 2215160578
2407 5108964881 29015045499
2408 14259747298 875600529
2409 4520567024 -884157198
2410 12137708856 5168307029
2411 8416717417 16908089655
2412 8697027933 -11593267054
2413 1839659283 18134111491
2414 9297485476 -6734309424
2415 -1225804026 8727346821
2416 9984017081 -5754753568
2417 9768925125 -5425341096
2418 1104284454 2536081390
2419 4328575638 2386890891
2420 8876319914 -4058319778
2421 7214400516 7051091681
2422 6664837315 11184588113
2423 13185210023 12280281653
2424 -5085215485 -1124278629
2425 15591676411 -2789717844
2426 -6729055815 13645448828
2427 3332063691 -175651034
2428 12482690535 -3169772083
2429 10000000000 18321393439
2430 484514495 -1232367003
2431 -1109609436 8368462043
2432 -4232683987 29015045499
2433 12250120606 -3525730014
2434 5387565904 12994767087
2435 13357069808 29864946599
2436 4158618337 3097123032
2437 12928702197 -2157808247
2438 2341630088 43119644
2439 -2558571906 5543697753
2440 14097720 12045624772
2441 3999214983 -2125209497
2442 3936323740 9736444313
2443 10574558708 17496134183
2444 2839513704 829490805
2445 6432753725 6366531311
2446 4612289460 4772182426
2447 12549682062 -9684059246
2448 -4349041069 -547297507
2449 17523404960 1792626439
2450 -6563568715 -7259267314
2451 15157847164 11485995736
2452 5089717730 6191116217
2453 5469383825 6001331933
2454 5378949907 5502610958
2455 5457700877 3072150494
2456 7251569215 29015045499
2457 7213817840 8573922301
2458 5111771065 29015045499
2459 -15218997539 4403439572
2460 14427890391 -12993017656
2461 13307054296 29015045499
2462 4215860269 6256759317
2463 5859737060 4071825473
EOF