NAME : 2533
COMMENT : tspgen
TYPE : TSP
DIMENSION : 2533
EDGE_WEIGHT_TYPE : EUC_2D
NODE_COORD_SECTION
1 15272457255 15044988179
2 -271702317 795909554
3 -3331926595 6715915032
4 2265109663 11518650714
5 -116450862 2391940068
6 -3331926595 6953432700
7 4354530405 -7007017252
8 4597342351 4147911751
9 15843961037 4424350607
10 -3331926595 6139094918
11 6989073650 8984241636
12 15338534801 4240919320
13 2447208655 8240863757
14 670831688 -412628884
15 -3331926595 -2090980351
16 -4697267590 10526601424
17 6791432902 8800876227
18 10119753610 2703280499
19 5625638860 612145690
20 3771577821 5999141414
21 1585541526 10523319712
22 6671665475 6783440065
23 3741278499 5029297396
24 5652492600 7017715753
25 -404781633 4555372027
26 10000467564 15502602291
27 9156048309 -6397878909
28 10639694454 -1485756771
29 10334218492 1173246343
30 6522212148 8240863757
31 7792282132 9729435397
32 3117284535 6683998942
33 2660001339 4967852680
34 7763421427 6644672580
35 -2669341755 -1948129222
36 -52024306 2865149087
37 7254236600 -2596668911
38 760062334 796865893
39 10639694454 8240863757
40 -5155374197 8240863757
41 8701682197 8240863757
42 6986631920 7847817451
43 -3331926595 6230111589
44 8413012679 1260231304
45 500952604 -1650765480
46 3464435845 11919467033
47 10639694454 6442904580
48 -4092815341 9044777881
49 2447208655 11849817395
50 174498831 2661874838
51 11377414768 288112198
52 9912266111 1350761972
53 2389201899 9161503366
54 6406940437 15044988179
55 -1172407625 1412253712
56 -146641814 2257500836
57 8053257495 13264778348
58 -3331926595 11554625402
59 -1216814241 4961159408
60 8945176644 9081006839
61 3122426150 5396877138
62 9053953142 1973283160
63 1296737113 3703055285
64 7577329582 6710510866
65 5688907708 8841165143
66 8595318888 2673352978
67 4073637052 7389116581
68 4491703656 8773861220
69 7470802569 6262131683
70 1414454955 13324070434
71 18216326306 44458668090
72 10639694454 823169389
73 562142053 2875635866
74 6485786329 239113858
75 2442051764 11358753035
76 3232784169 6195287435
77 517319634 -2015225277
78 -3331926595 3593796816
79 7021745637 3597729353
80 6251629424 8300062063
81 4173900118 8775377846
82 -4323391407 4346567332
83 14760880257 16194700595
84 6643895315 3196074594
85 5898064102 7972034312
86 10212517533 15044988179
87 7742916618 6479137265
88 10321602840 22127403584
89 9313422844 4262233616
90 9202657102 4103748078
91 -415076241 2253650301
92 1296737113 14195173816
93 7005971757 3295824039
94 1801425445 11117674214
95 2278141269 8617430185
96 800222725 16889270585
97 -1577539219 1036384254
98 -1471286010 19509841303
99 -2382705432 7341163205
100 11914498329 13987350115
101 800222725 1075773948
102 3513969616 5991347958
103 2263434101 -3175773496
104 -3331926595 3625817438
105 8788273800 7716386714
106 9887891272 11673681370
107 3757557693 7419926303
108 -1922664434 428793134
109 5193255241 15522125696
110 3351750358 9029375800
111 6048931977 10430603847
112 -3331926595 8240863757
113 8429404888 2426258398
114 8807689805 7543625254
115 4813184794 15044988179
116 7257071549 3850354668
117 15341724972 16733591639
118 10334218492 1446168241
119 15341724972 7188229639
120 -560382139 1945272112
121 548098011 2218172077
122 11379919090 5956902661
123 3235771455 7016829415
124 -1674594366 5247336125
125 1981912852 10467518957
126 4106534256 6309904375
127 6926213511 6850346325
128 9207764834 8753557679
129 -479538595 562832835
130 6259299517 8319416282
131 6931720139 2026427672
132 4899226258 2174362236
133 3264320323 7318066018
134 8290282392 3475401454
135 2694744307 8281884106
136 2420025427 4745209921
137 -3331926595 6783595431
138 8760989156 4335289720
139 -2717422991 9953077643
140 3250768654 7366650525
141 2370159355 15044988179
142 7792282132 6118144089
143 3280726384 6160515684
144 -3331926595 2751421543
145 8437413955 3072422263
146 6988126460 3683973089
147 7952549501 -3062846726
148 -3143179787 5542039934
149 13487736614 1421301925
150 9555511879 8889194112
151 8551148479 9521951541
152 3063539049 8224949150
153 4802942115 7720881226
154 9648973764 562759814
155 7746280554 2882335432
156 -3331926595 7382391653
157 18397287259 19568454571
158 1296737113 11811849614
159 -665954681 2059353162
160 6908440698 8909432700
161 10869901133 656204027
162 3255007223 6270157932
163 5304360630 7561610825
164 7417141915 12417636627
165 4494313666 6669674974
166 3158378971 7736641604
167 5520081722 9591083016
168 9050692189 9495853998
169 10637004286 16115219103
170 -567477497 2438684212
171 1296737113 14406002956
172 1296737113 -2220228941
173 1232288837 1021129624
174 15341724972 38071463186
175 7792282132 4335289720
176 800222725 12793543135
177 -1102145702 4075458353
178 2447208655 9420562321
179 7753648412 9693592141
180 9989218099 -7429420989
181 -523922655 2013899442
182 7540563181 -2066086535
183 800222725 15044988179
184 15335332479 2982548299
185 2335972252 8826962152
186 -1029276099 2200273418
187 -1252020801 4920050122
188 1458431116 11050874715
189 3048706226 7262553119
190 2217620152 11404243787
191 -4111759676 627627378
192 3356285472 9031115931
193 9102747621 1937893275
194 -3331926595 3766096862
195 8484788975 2386089171
196 -3602095459 5083603967
197 1440345335 3836290869
198 3906261838 6124097377
199 1296737113 -5923755723
200 7672165955 4005727817
201 5287723069 7992745652
202 -1178435996 1406660761
203 5791727001 5396306400
204 933364497 -1059579944
205 5483505152 6195217829
206 10639694454 12371182770
207 15062625249 -2384714251
208 8592615852 1058088601
209 1912278267 11473531161
210 1305025604 16026915541
211 -1531310053 2606309342
212 -123328354 15306821403
213 12223302105 13840408467
214 2952962361 7129821387
215 -3331926595 10956571129
216 15341724972 8754827360
217 2447208655 -7692531000
218 8564971671 3071325354
219 6339221596 5226716904
220 -58828942 2255725130
221 -1772474234 4032872992
222 6564895803 3940331045
223 7726125494 7179684066
224 10639694454 823169389
225 540525583 1894539199
226 3607561467 7904671337
227 -1677615590 5843273833
228 7665561801 8240863757
229 4396912122 5350963345
230 8605496215 3321046834
231 1191965472 3605851165
232 8760989156 4632432115
233 -2260990741 10179837835
234 7385009866 6805261036
235 3315743709 7098311629
236 8026500786 7425882293
237 6933213049 3855573861
238 -2023079451 8179879712
239 800222725 16218102149
240 24303242 2522527685
241 9316725737 8240863757
242 5804758684 5842183626
243 4153827034 4342397231
244 800222725 -2587140985
245 -4254017356 14691180401
246 7969966145 3779691448
247 7944019604 481832770
248 6603819471 6347755567
249 7110841477 7265558992
250 11647618806 4262793998
251 4955176145 2317902598
252 -114543195 2250357363
253 4858129571 6227975833
254 4706637619 5481007086
255 10557401174 4729795372
256 6539533276 3182141499
257 17124883891 -1497194448
258 4376044496 5141034402
259 5248857291 15044988179
260 15606814739 4544641608
261 5082874372 2841792911
262 4871713573 4085307884
263 10579603935 4684194870
264 9238566124 6200635858
265 10628242150 3176572452
266 11358081972 -303539227
267 6278861567 8240863757
268 1662113043 11167384273
269 5660678213 7751794502
270 6676580228 6158283664
271 800222725 2114898981
272 7733501000 -2571046219
273 7161597216 10566201586
274 -2487928727 7107625167
275 -1703227761 4737792247
276 -3331926595 6407642923
277 5166442664 4015542495
278 9025515907 3519343360
279 1296737113 143796308
280 15243269442 4310760378
281 14190824202 15665818960
282 -3331926595 9420562321
283 -1389486503 1080764004
284 1313976710 -41449445
285 8932394487 18715041755
286 800222725 2279496229
287 4475493774 13407351110
288 9461926046 5123248245
289 7399729904 8240863757
290 841129342 2313638401
291 3614064980 12490837342
292 7093073835 13766938726
293 7052862688 3357887604
294 5608873001 785381862
295 10468350958 27243096124
296 2596713108 15044988179
297 1966116403 11714809676
298 10552605319 12290383972
299 10749549749 5256592027
300 -3331926595 3164058800
301 -3331926595 2893926260
302 7192653130 6146849773
303 1978504709 11421758933
304 5335051931 17063285197
305 15341724972 1631960757
306 6486197141 8283835579
307 15503873030 9445749416
308 10200480965 5080971025
309 7131494027 9116375172
310 7652764788 8581401445
311 1637686245 11358756734
312 1165659702 11877383103
313 2884765635 8477046196
314 15591088599 4563033205
315 5154295526 6087321616
316 16951287295 11791022105
317 -3331926595 2011057851
318 8372895880 1435521071
319 -3331926595 -591285965
320 7186543693 3328044271
321 12757093075 -7524278461
322 4675959816 6944774440
323 4886114316 15044988179
324 -1573428088 6188588796
325 -3331926595 4373160256
326 -3837334491 11328003471
327 4094092341 9569324091
328 9560252541 7194052799
329 8152927821 3457063615
330 5080356048 5920091289
331 571992016 -6201454073
332 15567211797 14038813334
333 6339221596 4632432115
334 18336940286 2147299470
335 764729497 1545941911
336 11169211017 8204351369
337 6198367689 6466507243
338 -227923351 4704254515
339 339364494 2337750556
340 -494009432 2236637499
341 8219508656 7299951354
342 15360059980 5873113511
343 6926740565 3852696839
344 7405457088 8595576708
345 6209721232 9235828735
346 7044275544 3309050433
347 8965827508 4471068044
348 8376476746 4220496926
349 -4039879338 6527346917
350 8024537023 9817324052
351 448989425 2527648580
352 2447208655 10090170427
353 -1007949898 4353862959
354 7059302537 3311056646
355 -3988574829 -1200505337
356 495538631 706805166
357 6814101706 3752181139
358 -197841826 2100870763
359 -558396688 2979435370
360 800222725 15094642841
361 10280919 2350650373
362 2809457335 12007617275
363 -3331926595 10956571129
364 8747105130 6897717784
365 7016427905 3305332570
366 -5327499298 13676733464
367 2520997113 15044988179
368 -1979495368 7070436532
369 7792282132 4632432115
370 -2090028663 7354220034
371 3264320323 8108038112
372 -2282667064 382186892
373 -2183356064 -868295941
374 1296737113 15439979434
375 1630041027 -273676255
376 299524693 2579404984
377 3624920915 5087931620
378 1872178504 11218289718
379 -1009717581 1712362895
380 9670014267 251957855
381 1707214955 4083884837
382 11631907469 7008146683
383 4485650475 13949867108
384 8940727123 2956113555
385 3387392449 5642705260
386 7072392670 3462804172
387 8382011940 11235111676
388 1218640497 13477914020
389 -5514212241 14207641501
390 1881372376 11041981610
391 1296737113 3703055285
392 -1911474589 3682041728
393 12849484340 -1119013211
394 7088697601 3402288473
395 15341724972 -1918493814
396 -1324009863 1271601509
397 757121033 2410147204
398 8667375922 2522610388
399 4799685180 12044956169
400 5495522619 7598567886
401 800222725 1012809416
402 7214660364 6801999502
403 -4021392485 14780438956
404 -462438142 1808469542
405 15341724972 8346039245
406 5582276454 5427229388
407 14034038162 9815044325
408 4114989527 8818130278
409 3274054300 6492573185
410 290585327 2473179465
411 9036886337 24062461043
412 15341724972 15044988179
413 -3331926595 5614088421
414 2183165601 4525458177
415 4640821324 7441030661
416 6858049060 19221205327
417 15083070249 -2399542695
418 2527346114 4844778972
419 1296737113 -3030796702
420 1296737113 3703055285
421 6561282623 7145950334
422 7558419635 3377692427
423 3291094051 5553362373
424 3646652516 6610064952
425 6993098005 3798652820
426 9072383700 2797519157
427 1055624119 11957300655
428 10639694454 7858895254
429 1296737113 15044988179
430 -3331926595 7711865910
431 5591897088 2285716866
432 7614580057 8690113847
433 9933614314 7539751229
434 2753225438 9946418381
435 3613596519 5348089197
436 -444730121 4704873433
437 6664113703 3198773897
438 8213657837 -1901530662
439 7307928620 4929574509
440 -1214856558 5991863951
441 1390164842 12705144112
442 800222725 2091830477
443 3883354771 7829913826
444 5854868084 6118144089
445 2512488218 9922235698
446 6668169462 8240863757
447 -3331926595 2650908207
448 14220576431 4338086021
449 -1477675609 1129034843
450 -1999992594 8983937881
451 10794501170 3750210811
452 329314540 2961020913
453 3844102059 6066427320
454 7481789337 9073672601
455 5284474920 1340118309
456 36242650 3251576799
457 3218087558 8118100737
458 800222725 -2446721220
459 17641684962 2396818224
460 1296737113 14908455850
461 7081477083 3314017110
462 -3331926595 6898220681
463 -3331926595 11297016206
464 -3331926595 3411730739
465 2270438143 9027788037
466 2733140295 8792014077
467 8228569240 9408388072
468 9834291874 6520832041
469 4252306700 7472340662
470 3177677838 8962583881
471 15368262490 4360841375
472 5157741027 4955017090
473 -1980949379 5697912845
474 15092704021 4094739746
475 8631072081 2866275894
476 -3331926595 11509320242
477 4394683796 11149474263
478 6802266347 19097259231
479 13552022146 1677165503
480 7307928620 5821001694
481 1560177716 10796760704
482 1226442025 15044988179
483 5164257400 8240863757
484 -3331926595 7216210155
485 4491217502 10065646406
486 -6056220327 5958456671
487 -536983514 3161798956
488 1606044869 10969136326
489 1386660287 12735932486
490 5683712033 16611893515
491 17831259760 33623685405
492 9035757684 8295273268
493 -3331926595 -591285965
494 3645871980 8240115153
495 4742693700 5453879038
496 -3331926595 10755791709
497 8426354476 15717755962
498 2447208655 4770429739
499 -2594464165 92910496
500 7380434761 3187060289
501 -751414460 2288766215
502 7666140161 603644198
503 4699236862 9713565623
504 6687455676 15044988179
505 10321840065 13883139258
506 1296737113 793062397
507 3227255637 10403595326
508 5174436480 15044988179
509 5285670641 2490432571
510 800222725 3242403496
511 3290982042 7095956729
512 9896745956 7422743905
513 7159050931 3324373786
514 14062988696 -1659693243
515 6215817853 7355657860
516 3242336688 7520687216
517 13608710290 5242114518
518 -3331926595 3445530578
519 -3331926595 1253603622
520 5140775186 3701228921
521 5441891896 1294974135
522 2447208655 4770429739
523 4500396186 6675318162
524 6183350690 6509076251
525 5955930948 2306454754
526 2646462286 8795347960
527 7149076980 6137082781
528 -3331926595 866855576
529 16185098666 -6370419092
530 5192413448 7317351902
531 5607688380 170242052
532 781210057 3224764088
533 4230573206 5471606401
534 6469974185 6307442598
535 800222725 823169389
536 848668231 15830640325
537 -5703955938 14134836525
538 1296737113 198897726
539 15463964586 4407929495
540 8710330021 2222507722
541 -2148734142 7203595484
542 1296737113 623858086
543 -1812838700 1336452647
544 5596197308 7957820793
545 6970929011 8967407561
546 1238474682 3649001074
547 7274589339 5841876871
548 11885975516 -80739085
549 1296737113 22542119237
550 2849937655 8836829421
551 15075970881 4321818309
552 -3063871950 3631846569
553 802419515 625625551
554 8760989156 10628173952
555 1050063287 12526107988
556 7334294772 11222064873
557 -3331926595 3614403984
558 2560806154 15044988179
559 4433086945 -9635621250
560 15341724972 38071463186
561 2447208655 15044988179
562 8249358533 8164029191
563 800222725 14249019295
564 15763408156 9380541410
565 15341724972 8240863757
566 2372322791 8844081200
567 -3331926595 10956571129
568 8096032017 3449467609
569 6736430867 18950976441
570 6598013983 -2159469524
571 -1005790137 2314482494
572 2875923879 8303168223
573 7750978457 15044988179
574 9548414727 3621911642
575 839498586 785519048
576 1296737113 14876745838
577 6503750535 18433973633
578 6258029432 569120882
579 7769375252 75819306
580 9058220407 6801878854
581 2608702259 8744266993
582 3594110410 5375455908
583 -934669944 2184280744
584 7916298371 9357264970
585 -869125580 2028306750
586 2250034421 10259559572
587 -4035404138 14775062661
588 -3331926595 3357884541
589 4605868352 8240863757
590 1247906215 12407766290
591 2354025649 4683977222
592 981414570 1869026184
593 7079319595 3313729070
594 800222725 22876599108
595 -3331926595 -2992915733
596 15341724972 -5476792713
597 5537845478 6831048055
598 7184243087 5783109536
599 1296737113 -2156576962
600 8404293009 -195812805
601 6021651269 9021978180
602 5676767987 7766722133
603 4030532342 9289825591
604 -1672650766 7400759453
605 -1295597042 2194427444
606 10334218492 1139676784
607 6498317678 10236718980
608 14400011363 1919057083
609 16502559744 -5276528413
610 -3300721953 8625563492
611 -3331926595 -591285965
612 8907445006 8240863757
613 7943262319 8240863757
614 -2364674114 8337169638
615 7254793793 3278185749
616 7052855001 3577872060
617 6995541824 3344327949
618 9997369409 1289037860
619 7140632398 3360985252
620 15341724972 8240863757
621 -3331926595 -591285965
622 -1134928004 2758690858
623 -341000457 2183609404
624 10826191548 759010815
625 15341724972 9137735891
626 2589375263 8736851192
627 -336063676 5010724795
628 6308116117 8352468795
629 -2514023254 4930270885
630 -494422236 2776672913
631 11736946150 -5643994394
632 101191426 3197675634
633 2736898306 9724512842
634 4557451820 4833030178
635 9410556953 3201733343
636 -1635374468 3968527323
637 21551542 2840675206
638 5554934273 44299729
639 4133694166 7421656253
640 1867970448 12521909498
641 8501396884 7754964665
642 3340320158 7048743331
643 8677437743 7785176607
644 7996586910 8240863757
645 6670928707 3199683750
646 13885669238 -9704799044
647 10776733174 6829386277
648 15341724972 7773462003
649 191407937 3901133230
650 -3130083965 10521353044
651 9586065004 9690719016
652 10498875876 925302937
653 1373022740 10964667437
654 -2408839964 1912507078
655 1296737113 11602304545
656 5993215169 7015767144
657 -1079976175 3168595179
658 10953556397 -8665017585
659 -3331926595 -591285965
660 15341724972 1757744230
661 3866466956 6617694825
662 -1136440295 1445623167
663 -3331926595 3479725906
664 4593705136 15044988179
665 10639694454 -2992915733
666 -2502252241 178462071
667 9075600358 6410522751
668 2449902321 11034812223
669 15341724972 -2160894740
670 6823575108 6118144089
671 -4532724473 14620685575
672 10639694454 823169389
673 6823575108 4929574509
674 17454956829 -4119835531
675 -5222658113 12490616022
676 40929846721 16765552195
677 234984535 2717991737
678 7711319322 2947074808
679 -1315516314 2995001956
680 6574263221 3952784382
681 6818108235 2604088823
682 -2215330570 4521661490
683 10344227581 1874209318
684 8103462783 8131109715
685 8084978636 16588336515
686 9354734148 8376363497
687 1296737113 15044988179
688 -1149131521 4920213547
689 -3193165407 7362604951
690 2447208655 9972461092
691 -3331926595 3652556600
692 -1609275984 1006939795
693 -2340186948 1270333703
694 1296737113 15044988179
695 271872126 2256628832
696 -3331926595 1700942234
697 -3331926595 2626574170
698 2225501277 9119373690
699 3025666049 7058948958
700 -3331926595 8240863757
701 117795344 4163913098
702 1670239650 11624915587
703 11465585687 20700010069
704 3864582235 4701225154
705 3424921652 7262905388
706 -1386756363 6026340031
707 5896949411 204887362
708 5300132887 7508204796
709 800222725 -10595899053
710 1851348037 -2506470043
711 1787532245 11200936743
712 800222725 -1619491344
713 1285735700 801717834
714 -636804369 1736602093
715 6284633375 -1777651370
716 -3331926595 2642835912
717 6921951603 8921967729
718 -951193463 2195007516
719 1354593652 11044136218
720 7106437751 3317349542
721 -1647522227 1738741341
722 2269618378 -2464033544
723 -3331926595 2290799356
724 -501007668 619734233
725 6671193006 8689321104
726 558947265 1699322056
727 -875071264 6331174839
728 4758296912 15044988179
729 15211795757 3202715652
730 5980129793 10228402823
731 4600788825 9738673247
732 10333595846 2769372745
733 -2474051994 9656685785
734 10639694454 558939510
735 -3331926595 6917288108
736 1067078183 -2992915733
737 3879522072 10552429212
738 6612270732 7082038373
739 9116813419 5018822175
740 -4261595212 5947977
741 15341724972 16733591639
742 2550516324 4866275628
743 4606676502 8295339166
744 6505470623 15044988179
745 7618436479 6911289186
746 -389031131 -5756633888
747 -221169443 1079603113
748 6921050663 3551171988
749 7058241628 3786484708
750 -1178593350 5856658743
751 8532531452 2351462288
752 800222725 258495833
753 9407623911 1716771194
754 3961084490 12415587734
755 2295937878 8823512108
756 9497182068 9413152860
757 -273255415 2743081146
758 7769485576 2904887719
759 6986631920 8981976269
760 -1600570541 7157273220
761 2661736979 15044988179
762 -1309061039 7832009350
763 15341724972 -121327902
764 518801186 390903204
765 6114800452 -754810531
766 692753624 3142696751
767 -4696483153 14521405530
768 3496173838 7390842497
769 9290304672 6972604885
770 2447208655 4770429739
771 7080082740 9948171301
772 6823575108 4632432115
773 -730490691 1881525698
774 15341724972 -2587140985
775 1296737113 15328199574
776 3598924845 9765696963
777 15352908047 6136845651
778 11331237207 -2234715513
779 1135937708 12516435298
780 8325357858 8240863757
781 6562366781 8588355259
782 76323553 2635950777
783 -3572726124 7310248601
784 -1083348242 1494880449
785 431350304 2900174258
786 2447208655 12052886559
787 15341724972 -2587140985
788 -1282307433 3295795622
789 6232538522 15044988179
790 800222725 -2021229042
791 1831650912 -979440665
792 1805261339 -1161248461
793 4159210286 5810772420
794 -944684035 6408585884
795 5506338532 14872742660
796 7021178614 3670180126
797 11654003733 -2555515369
798 -1681825122 7568594138
799 -282709498 3049182601
800 -2310869912 9294060723
801 4120431053 15044988179
802 8902535077 10759496193
803 663202167 2407134545
804 9269162279 2384741970
805 21044790002 14185678437
806 -4127226090 1968227746
807 5638668398 15044988179
808 10337476168 15044988179
809 1937795704 10997645982
810 -3331926595 3060107723
811 800222725 260242496
812 -553966340 4827747234
813 627567502 2166377541
814 8785232354 23503299836
815 15809501540 1297721447
816 10512729581 6892607782
817 11386646127 6589567813
818 6928144241 789157184
819 8188086371 948457953
820 14940916067 4303787504
821 7960150930 9885179246
822 -3564824597 11120034339
823 10650077603 815638651
824 8276635644 5523859299
825 4832861328 7875610148
826 7038580899 9030173040
827 9428718261 11247673838
828 494673356 2584307024
829 -1206964461 5121119617
830 3273178254 6365255721
831 -3331926595 8240863757
832 7995168140 8716382366
833 -1556238828 4758146834
834 20114568030 -3075969239
835 3025841308 10393370647
836 2023156125 21172707741
837 3049821248 7047319042
838 -3048038153 1902130642
839 2253609399 -3412051653
840 -2758228665 -59025503
841 273252286 2696971953
842 15170960450 4280426445
843 33285938589 -14276011871
844 15341724972 -1008240787
845 10639694454 15044988179
846 7146837138 9130610069
847 -3331926595 2970079970
848 9204986377 11040101822
849 10880604410 22847398248
850 7731603721 3049747683
851 5588749886 10084312713
852 8276635644 5226716904
853 15341724972 16733591639
854 1057153555 11919252999
855 -1616371349 1000356919
856 230560039 2584021639
857 6643849991 18745266864
858 2309532215 12411741302
859 8267602429 7460463614
860 -10191908318 7796603706
861 800222725 1767424992
862 -3331926595 4870682109
863 -3469052602 6126724793
864 -1847018755 2348001945
865 4703160254 5289483030
866 -3362802161 6927733412
867 -3243444820 772628667
868 9761322365 15044988179
869 10745807930 746206918
870 -3463723690 10980808287
871 3697958106 5857903937
872 7412460091 9377047416
873 6968833618 15044988179
874 10580953669 3721700659
875 5181065614 7306823707
876 13595223485 1849111644
877 9712442430 25563509255
878 -3331926595 9668392024
879 312599033 2272066308
880 10639694454 -2476957769
881 8140099545 8755391355
882 -1535095526 6051546187
883 9986224761 6649733156
884 8042833166 9961889451
885 7094630984 7855337202
886 6370955094 8410768993
887 11138427474 -1432296479
888 1530983156 11364229886
889 5091135520 10592829267
890 12959240681 14523191140
891 -858203231 2157171847
892 7920520984 3443768684
893 9418065647 14054445637
894 4272827711 8240863757
895 6948996248 2511416093
896 -3331926595 8424158211
897 -3331926595 -591285965
898 6905674000 3531396962
899 15341724972 15044988179
900 131625898 1178025302
901 -1193599532 2209728172
902 7011562061 9005105738
903 8259734858 8240863757
904 5659427981 7750634573
905 -6397246796 -4305641289
906 8215084533 3465361990
907 442729402 3386491835
908 9166269433 8122761622
909 7097261984 3392441146
910 270308758 2904839007
911 8794855959 6754829736
912 5944009092 7627930403
913 -355293295 3927433875
914 12711339000 4709676504
915 5870645972 6905111244
916 8943983791 9478096896
917 6714700777 -1611148116
918 -3331926595 10956571129
919 -3331926595 2941933521
920 15341724972 8240863757
921 3637572032 7354407552
922 -3331926595 4185092530
923 800222725 -2992915733
924 2571373240 8222753707
925 7719826076 -1425172861
926 12917106115 -849871015
927 6986631920 19506909318
928 4434855182 8240863757
929 2447208655 8240863757
930 3347035268 11460644769
931 6444664593 8240863757
932 12164250718 13785622286
933 6339221596 5821001694
934 5433522469 796395299
935 311884570 3140904609
936 314501435 2435037610
937 10592737874 3880285069
938 -3331926595 10956571129
939 7666866094 9613077999
940 -2910060929 9016249896
941 5155876161 6804713079
942 -1358168214 1239910372
943 6510518940 18449012655
944 5136151230 5568199977
945 -3331926595 3666766906
946 5203612976 9998032624
947 -3331926595 8240863757
948 14094117861 3834766826
949 2104131809 11230372557
950 4516712733 6690456185
951 -3331926595 7266623811
952 6339221596 4929574509
953 3604846927 5278697264
954 15435269487 -2654987383
955 14160350290 4068476673
956 5699184337 16646272118
957 3576179368 8734186098
958 15341724972 8240863757
959 7732261302 21163656497
960 178797494 2665863014
961 5323503561 15811530246
962 -922509333 2842170866
963 2311080583 8630069055
964 -1693072284 7743447279
965 5854868084 5226716904
966 491439731 3094686364
967 7718395401 2941942637
968 15341724972 10757985187
969 4006683373 5396513440
970 8120042094 18862250334
971 1296737113 15044988179
972 6357726254 18109515772
973 8276635644 4632432115
974 544364682 2941408792
975 -465286944 1551075898
976 1492057924 10729072315
977 9713905626 8240863757
978 -3331926595 -591285965
979 14029046696 16536851935
980 -2347472491 9242815154
981 1296737113 19981241869
982 6929443559 3580109239
983 5136906463 6416133596
984 15341724972 38071463186
985 10639694454 12371182770
986 800222725 1205708815
987 800222725 -2675605645
988 2814035081 9290991489
989 -3331926595 3301797455
990 -3331926595 -2118991082
991 -3331926595 10956571129
992 3487926714 11732980189
993 6339221596 6118144089
994 -3331926595 2778218009
995 6721611704 8240863757
996 7035054152 3263078165
997 15341724972 1846744522
998 800222725 -3419706362
999 3055466683 7219368070
1000 7301976196 6809231454
1001 8322959421 8240863757
1002 7847822935 3392010964
1003 8439369723 22734812231
1004 6879939184 3314205307
1005 -3331926595 2221765262
1006 8821832596 3546367291
1007 4827624926 12780931585
1008 694302220 2535395183
1009 4655061089 12171505284
1010 18020319230 -3491656425
1011 800222725 3242403496
1012 7141017218 3360706148
1013 226017903 3291483631
1014 -3788879377 10252347341
1015 -3113503140 3684795742
1016 4847381943 5520203349
1017 3350553587 6197304410
1018 800222725 38071463186
1019 -89021169 2810735066
1020 17288982690 -3999457042
1021 -3331926595 5037985149
1022 15341724972 8240863757
1023 10840014764 16491735813
1024 -319260105 5194583665
1025 3278635321 7369437114
1026 1443764327 11027382117
1027 2285422039 11774462634
1028 1296737113 -5828236595
1029 1296737113 11776852688
1030 6092368016 6289136861
1031 -3331926595 -872276919
1032 7890141505 -1597433409
1033 -3331926595 3398045287
1034 8080084957 7939123522
1035 4414095933 7969860077
1036 7394723263 3355837765
1037 871216499 2204588802
1038 2384523011 9054593643
1039 10211055565 3672316559
1040 5690069481 7779062877
1041 21322348658 4692252276
1042 4509882293 7084534754
1043 4634241626 6799496117
1044 9060309813 2439301195
1045 451137808 2592757977
1046 8897844662 2667242740
1047 3013451904 6982321754
1048 5173779900 1456157151
1049 -3331926595 -2992915733
1050 7143686295 15044988179
1051 -3331926595 8240863757
1052 10733549842 12458259104
1053 8408022336 15044988179
1054 800222725 1084858714
1055 9855006795 3308085894
1056 -2187438158 7551220665
1057 7163205032 3403629731
1058 683877609 1701391952
1059 12476894750 -7650836918
1060 -854455028 4518207846
1061 1469253841 3863111350
1062 10639694454 -761345490
1063 473820938 2870746996
1064 1781739820 -255341512
1065 175973228 3019358360
1066 8780074830 3266634420
1067 1745914926 12073834811
1068 1296737113 15044988179
1069 7450127454 15044988179
1070 5966464188 9437936511
1071 800222725 1052543121
1072 6981376609 3919334848
1073 9516181254 6374882375
1074 205878244 2667197342
1075 10426511684 -10762714243
1076 6255966187 6827815573
1077 7232216288 3334141896
1078 2447208655 8240863757
1079 10639694454 27623811881
1080 -3331926595 -591285965
1081 -3331926595 2598166862
1082 7411856241 9376487182
1083 -1391077489 4219195160
1084 -500558011 3251099051
1085 -3331926595 7871086778
1086 8994864373 2016139335
1087 7028196440 7590273341
1088 2447208655 18010588056
1089 8877500942 15044988179
1090 2793154842 7275206864
1091 9395172680 11216551212
1092 -3331926595 10956571129
1093 2431183787 8950166991
1094 7972428585 15044988179
1095 -477894292 1033378590
1096 7053637355 3310300303
1097 -1948358605 6688829685
1098 14683671956 15473715625
1099 3225695389 10141810723
1100 800222725 3242403496
1101 4409167562 4185017571
1102 4844670387 8240863757
1103 800222725 -2587140985
1104 -3331926595 5202716805
1105 -3331926595 9894071985
1106 7279755184 15044988179
1107 3626741338 5552273689
1108 7793646378 8240863757
1109 7859020891 3231470970
1110 3337102421 9344827064
1111 8975939219 1261100240
1112 800222725 -3736646656
1113 3650713082 6646219967
1114 13062941888 -269428394
1115 -497849125 5051830492
1116 7075320461 3408354994
1117 800222725 -2992915733
1118 -1878223314 4940275707
1119 6926237705 3228664229
1120 15341724972 -4180122795
1121 6918344473 8096294131
1122 10639694454 221860967
1123 3018355440 9091965015
1124 7792282132 5523859299
1125 11442061861 14288324886
1126 9824570269 5472560168
1127 9605931998 -3367519773
1128 1859366614 -1011181813
1129 -3331926595 2783908440
1130 10639694454 -2992915733
1131 -553420168 4346045266
1132 10734380365 22049157970
1133 15341724972 12007460162
1134 15528502384 -2722607768
1135 598023559 2565415058
1136 5736656160 6528093923
1137 9967135947 959334098
1138 9207426731 15044988179
1139 2576988969 15044988179
1140 1296737113 12716021375
1141 4346431103 13640529378
1142 -1038066749 717248749
1143 1805474375 4175047105
1144 6894352807 3821045534
1145 -3331926595 -4241984477
1146 3449491900 5670262817
1147 6944655561 3854307217
1148 7307928620 4335289720
1149 9370415060 15698741512
1150 6624885669 2565247735
1151 7384677708 1524841219
1152 3725872483 4942448300
1153 8957396673 8240863757
1154 15341724972 8240863757
1155 -736463203 2219872062
1156 686662070 1568644441
1157 -4796718443 -1950277772
1158 7568491614 3379037110
1159 8912126901 651155568
1160 2447208655 16345530956
1161 4501863114 4365249521
1162 5788315731 8232013368
1163 3423282948 6751548069
1164 2681672896 9504209977
1165 3077373112 8865056603
1166 5301646615 2474596248
1167 4385815187 15044988179
1168 6846271158 8240863757
1169 12079262697 975596566
1170 6118822520 6532234633
1171 9690817256 8240863757
1172 7494522005 9453182103
1173 4365581356 3387950761
1174 12720296304 -6281679533
1175 2258375300 10801177072
1176 3001331029 9085432720
1177 7307928620 4632432115
1178 15341724972 19116298100
1179 4506822984 6681280760
1180 -3038507051 5148962400
1181 19316107468 -8960926773
1182 -2024053861 6297260426
1183 3923825204 4690944120
1184 -6679482257 13819491230
1185 417907068 3302671270
1186 -2445056078 4954692489
1187 -2059684445 2034083086
1188 15341724972 -2587140985
1189 7542611742 3069435820
1190 2447208655 15044988179
1191 2648117115 8476259879
1192 -227806207 5064602097
1193 3237249830 5503407251
1194 19461701035 20555987102
1195 8276635644 5821001694
1196 7765852889 8240863757
1197 1680653006 11433088681
1198 2820858765 9672090534
1199 14057689825 3689779186
1200 855386728 1979134086
1201 9116086676 15532937632
1202 8754821218 -5845349109
1203 7307928620 5226716904
1204 3264520635 8837866727
1205 4870972454 7019128180
1206 6720008008 2407847068
1207 5463913833 5475968348
1208 1296737113 -3077658989
1209 5854868084 4335289720
1210 13053274068 5144561347
1211 237147028 3425566217
1212 -3331926595 -591285965
1213 5383380370 1155429648
1214 7062358957 3417755774
1215 4452247408 5967363896
1216 6525119288 6386419622
1217 5046537104 7545826396
1218 15341724972 16733591639
1219 800222725 -2635287659
1220 4413890006 8315693933
1221 6732657775 18942592840
1222 3703649999 11499970365
1223 -2320638715 4301336631
1224 -1577296986 8417069464
1225 6534956201 7310762533
1226 3620782709 5859238041
1227 1307110590 15044988179
1228 -868598878 1271814534
1229 11299158246 12983014336
1230 -1310509774 6497761560
1231 2450935165 8534109668
1232 10639694454 9587129661
1233 967690895 1150111982
1234 2205190450 10676513817
1235 8199129188 16615544695
1236 4372524894 9611562116
1237 -3331926595 2520178290
1238 14070615533 3741224943
1239 15341724972 10988866707
1240 3381404007 8303762439
1241 3593902554 6037358827
1242 -1000206804 1572016687
1243 7090956518 3315282684
1244 3589576834 13594563602
1245 10053193563 3651240827
1246 10032566507 6903415271
1247 7043063162 3433078547
1248 1296737113 307077463
1249 5136811070 6420685435
1250 -1978151689 7500634599
1251 -3331926595 3226076074
1252 -3331926595 4966199384
1253 -3331926595 9314763527
1254 9869045106 -2428478768
1255 800222725 -2903002230
1256 3065007491 5343605755
1257 -1510404917 4973525511
1258 10639694454 15044988179
1259 3445040397 9437944878
1260 2128592465 9185628362
1261 3036715695 13067852976
1262 10111765738 3659060641
1263 4653017305 -7988763541
1264 15341724972 15044988179
1265 5249785357 1290892916
1266 7364515942 -4227554888
1267 9144402584 6595151552
1268 6433351233 8712496471
1269 17762715546 -4343048193
1270 -3388761315 8240863757
1271 8824451957 5919388118
1272 15341724972 38071463186
1273 898102465 12548076442
1274 -545409317 2924690817
1275 -3331926595 7148777305
1276 4161813111 6802581441
1277 7310826733 4023837654
1278 9904492246 4876457069
1279 11883155499 13524830215
1280 2447208655 9420562321
1281 5769786519 16803146254
1282 800222725 -3710441955
1283 3180534818 9154193516
1284 7118402495 3377108259
1285 2714713951 -3248131312
1286 -1482927742 8241766584
1287 2617379618 8329271661
1288 11342910245 7922257219
1289 9635350135 5805672210
1290 6637195099 163583053
1291 12807580828 -1285793855
1292 10334218492 26945061217
1293 5229544339 6315695116
1294 7370325013 8259470779
1295 16825609726 11995127255
1296 13655669483 2089693450
1297 7732632447 3105455002
1298 10094945533 11865780366
1299 -3331926595 -591285965
1300 10398829488 3484220673
1301 365605617 15044988179
1302 -1728906063 6370960495
1303 8418688010 9551082774
1304 1296737113 301104672
1305 -3331926595 -591285965
1306 6565768971 15948341508
1307 -1995282583 6058833018
1308 -3331926595 -2992915733
1309 1917007750 10221836290
1310 -3331926595 -591285965
1311 12294672317 13906623699
1312 -3331926595 10956571129
1313 2476375004 9121554428
1314 11670084334 10408985952
1315 -2358120209 -1256612188
1316 -3331926595 6556527178
1317 -3607719642 4612458802
1318 15364673452 4739736922
1319 -3331926595 9525995864
1320 1296737113 -2935523460
1321 2447208655 4770429739
1322 6821315003 -3182717825
1323 4269850256 8441901934
1324 7601385906 3026807823
1325 5854868084 4929574509
1326 -33440204 3954069428
1327 6461529980 6655980530
1328 416503712 -582933947
1329 6855234007 8240863757
1330 3401255898 10538569019
1331 1296737113 653134149
1332 5854868084 5523859299
1333 1439881959 3835860962
1334 4998743913 8240863757
1335 3203850646 9148529338
1336 3006680540 8925189286
1337 5786789494 6041030161
1338 -3331926595 12487324987
1339 7048211132 3428016974
1340 10366165793 9508527342
1341 6739438698 3701533617
1342 2447208655 9420562321
1343 8663767271 9266336404
1344 -3331926595 -591285965
1345 15341724972 -2587140985
1346 15341724972 12198124335
1347 9920505767 3633526037
1348 4078260602 6283672891
1349 15341724972 -2587140985
1350 -1095543961 7289813399
1351 10447284013 2855765326
1352 1650584270 11751018089
1353 5397163805 7507313403
1354 9842972052 15329963665
1355 -4232654856 -5421724320
1356 800222725 1839863861
1357 8981720707 5122231086
1358 6741917151 3650167285
1359 -1227505272 2924351329
1360 -3331926595 8240863757
1361 5662871634 16565587302
1362 6701834460 3679238644
1363 800222725 15044988179
1364 8009789683 9931232656
1365 7670372609 -799672791
1366 -1139562047 3050796649
1367 7674858190 9620492836
1368 4737681607 5890424721
1369 15341724972 8240863757
1370 6330268950 11750610565
1371 8679510660 6975358090
1372 2447208655 15044988179
1373 11933950778 15044988179
1374 8023223550 7379887989
1375 7103328580 3388041137
1376 8830117192 7338447469
1377 -3331926595 1496080974
1378 8738754363 3833711671
1379 1821272931 11734332239
1380 5963443473 8334312494
1381 6339221596 5523859299
1382 -3945953297 14809385099
1383 5949239025 -659899330
1384 -3331926595 9275710983
1385 -6218793539 13937292470
1386 2553514801 8489495468
1387 10131742729 11899919748
1388 -3331926595 6346280868
1389 1457440999 -1926008272
1390 -3398545114 11004888516
1391 8562312982 10443847904
1392 2447208655 -2014484140
1393 13248325109 33420044670
1394 1296737113 237357338
1395 9430108456 11248963622
1396 7593485803 8240863757
1397 6876704520 1203845820
1398 3339969051 7094542356
1399 7672858922 8240863757
1400 661188262 2605245452
1401 672520631 -693971112
1402 1547716322 11779055979
1403 2435096858 4759192762
1404 9775368846 1450051452
1405 8759311861 3847651139
1406 3010946502 8334313847
1407 800222725 15191021146
1408 -4293461582 14676045585
1409 -3331926595 2462332859
1410 1296737113 3703055285
1411 2559337236 11441032923
1412 -1377764878 8108234544
1413 16829116633 -1263326309
1414 800222725 1041189244
1415 7121657519 19806928720
1416 10639694454 27623811881
1417 7259948130 -1509189302
1418 1626137217 11009146387
1419 7158013405 3600188516
1420 2261358288 8844202171
1421 3464252946 6027406693
1422 1296737113 -226117926
1423 40929846721 16765552195
1424 4194172402 12258835336
1425 15341724972 8240863757
1426 7428339399 6309567181
1427 9417387975 1176408642
1428 9688415942 422207002
1429 8178289518 7896434490
1430 -3331926595 5978029202
1431 6671218812 7230449071
1432 -1977820070 19967675378
1433 2103916395 4451933040
1434 -391549624 4695565488
1435 408893098 2847264758
1436 -3331926595 10447069453
1437 7792282132 5226716904
1438 10836202122 887096584
1439 4691601201 6930383859
1440 1446625269 312978045
1441 7176072068 3335281404
1442 800222725 2175152278
1443 10246847355 -430800224
1444 5198255403 7344933454
1445 7067596329 3691820991
1446 15296708298 2566701478
1447 3948632378 9101529936
1448 -3331926595 10956571129
1449 5646086486 824276821
1450 7946720358 9528964215
1451 593854466 2828654815
1452 -3331926595 8240863757
1453 -3331926595 10416517380
1454 16973610954 2229516385
1455 -530689918 5175193100
1456 6330716188 8522675123
1457 7005230480 7547474580
1458 2412963635 8935021671
1459 8304549758 1916894733
1460 2152475229 4496984531
1461 -1625686634 6971687718
1462 4018526981 5619343955
1463 1842502136 -699232155
1464 15341724972 -2587140985
1465 10806489003 12525929962
1466 12427473413 6689940921
1467 -163969896 3717763709
1468 2394015188 8968400025
1469 8387556127 2691623277
1470 6651271584 6701504111
1471 3237436173 7610491353
1472 8801622014 2197150465
1473 1971172888 15044988179
1474 11601938265 -5848077158
1475 -5278652712 2148406332
1476 -3999097791 7172312746
1477 -870760764 5287206881
1478 18273297938 -2289508062
1479 2384764871 8477219940
1480 6235553093 8285146905
1481 5836420231 8240863757
1482 -1824470856 4605855851
1483 -3331926595 10929117120
1484 4944587791 8240863757
1485 12388062528 -4289741858
1486 2653993085 -3692054250
1487 -3331926595 6528093923
1488 13212588046 14841618856
1489 -116195260 4039561686
1490 -3049561595 -329315828
1491 612566886 2673325759
1492 4236867064 5336735652
1493 -601775064 1941670213
1494 8919363943 4837897019
1495 -2393125262 6981715247
1496 5948933640 8240863757
1497 3250622413 6452849499
1498 -3331926595 3347109846
1499 8868551759 10959290494
1500 6663813779 8240863757
1501 1494102452 15044988179
1502 7624094632 8134008828
1503 4181373529 4769369007
1504 7047364700 3801193719
1505 4134175630 5575769507
1506 7602378641 11873296590
1507 -7743468 2501376889
1508 757384557 1293434996
1509 11129301405 13553095284
1510 8760989156 5523859299
1511 10639694454 12371182770
1512 8338698912 6550237019
1513 1296737113 38071463186
1514 6685723571 3690923623
1515 7154096094 6988316497
1516 3145024394 8527497944
1517 -972369506 3245537219
1518 1296737113 15044988179
1519 12284221485 19370514411
1520 6847632514 7496019993
1521 11072593932 16688759905
1522 9926034649 6613578667
1523 641118285 2492397501
1524 7041770807 -1332573560
1525 7997954422 7494216129
1526 8848706167 8240863757
1527 5225412585 7658317317
1528 1532390788 15044988179
1529 15475272563 4904551728
1530 5802536123 3998733739
1531 10639694454 7379584130
1532 -1696896428 19088204842
1533 574906899 2101382194
1534 1629128165 11648195105
1535 17160207912 18420727883
1536 7802571493 2880891013
1537 551510707 1977641413
1538 -4380101194 14466417747
1539 4969485733 1618377843
1540 1999664599 11273670057
1541 -3331926595 2952620472
1542 4597865868 6765747733
1543 6464759563 1391929827
1544 3605753818 7209588996
1545 3852731897 12926571472
1546 358217918 3304685958
1547 12043502351 -194990874
1548 800222725 1096581333
1549 -149362153 3759035493
1550 3072241420 8845587270
1551 5807792841 5319932668
1552 6955246199 19437171986
1553 -850186583 4086239965
1554 16588206992 -3491195213
1555 9913550252 1349830605
1556 9907589266 15537805447
1557 12071555713 2498557027
1558 9071875117 24140204175
1559 7462932632 6968795624
1560 10334218492 26945061217
1561 15619999442 4394450098
1562 4575535754 5573559678
1563 5576004645 107558416
1564 5822644427 8060213657
1565 6625214680 -1897079939
1566 15341724972 -3879602449
1567 -3331926595 -1289764906
1568 4500730475 6675628305
1569 15341724972 10854554353
1570 1296737113 15044988179
1571 12765281895 -718486470
1572 -888167395 1297954776
1573 8347865468 6119162614
1574 6965419092 3702497923
1575 2907365620 9601653811
1576 7697975746 -1629597935
1577 1293809032 11805983405
1578 -629179889 1916244803
1579 3059131688 10087959541
1580 800222725 -603452884
1581 1296737113 3703055285
1582 7355923749 15044988179
1583 4790828319 15044988179
1584 3455726856 8750522733
1585 800222725 2296411642
1586 3415367958 7790637550
1587 -3331926595 3192390421
1588 -264984248 3065423048
1589 -3331926595 7388892599
1590 -3331926595 4467775051
1591 6962619016 15044988179
1592 9510600103 16097740998
1593 15341724972 16733591639
1594 6224690263 -1482682791
1595 1177078086 3592039076
1596 -140759991 2955914612
1597 7243673211 3286251336
1598 -4651000206 15263746355
1599 3244365096 9503786484
1600 -3331926595 10956571129
1601 3089442434 5366275794
1602 6924627939 8924450756
1603 954413809 3385457555
1604 800222725 15044988179
1605 -3331926595 6338089019
1606 11921715409 13560604991
1607 10639694454 15044988179
1608 10639694454 12371182770
1609 3095451104 9214826379
1610 4952011405 7094313791
1611 1969098762 9757554449
1612 14342536926 8240863757
1613 -4035251546 4152952492
1614 -1722881330 3447799345
1615 2821241233 7389888032
1616 2447208655 -6153812255
1617 9197927271 9021143352
1618 -3331926595 4397270565
1619 5291858713 2184114905
1620 4238986312 5624337469
1621 8917706625 3336658079
1622 2867506316 12355412397
1623 1296737113 -414389903
1624 -3331926595 5482191084
1625 -5772411366 8240863757
1626 7831481173 3125965849
1627 4876163897 9087228551
1628 6241710731 17851735707
1629 1296737113 3703055285
1630 9115928558 5793612406
1631 4565699888 8359994122
1632 3314636819 -4191019557
1633 15341724972 1773967334
1634 -3331926595 -591285965
1635 8577458000 6282761501
1636 -3331926595 8869511212
1637 -2768023721 7156478885
1638 645266396 3098639464
1639 -3331926595 7207829716
1640 7949101395 2301164673
1641 8718312199 15044988179
1642 3020219996 8543126271
1643 -1579162093 7968282807
1644 8081392644 2608075351
1645 5265711888 15683120351
1646 8790334849 1696251519
1647 -5150958081 8240863757
1648 6357355161 2141942770
1649 -3331926595 3549824606
1650 38536690 3020579590
1651 15090959977 4323819462
1652 -1050747539 2329685000
1653 3689452341 5922947753
1654 2447208655 10955266484
1655 5523101985 3534170857
1656 2615300153 15044988179
1657 2447208655 8331960967
1658 8571460323 11373841028
1659 7631028437 3207110273
1660 -1767219573 5726033662
1661 1031002976 1747754062
1662 421557894 1727357585
1663 1679667923 -1567804002
1664 800222725 18932232553
1665 5854868084 5821001694
1666 -1173812112 1859825790
1667 -1868389383 6729566619
1668 4727044214 8240863757
1669 2761994382 11027503923
1670 10476490300 5024534100
1671 -3331926595 5722162107
1672 3625904041 12832917271
1673 544204684 15044988179
1674 4257832383 15044988179
1675 6929626370 3381304423
1676 16993242846 11722884696
1677 15341724972 10580731310
1678 2889868365 10404127671
1679 5736656160 7318066018
1680 800222725 26945061217
1681 8684061197 10556802401
1682 8088762063 8177403709
1683 -1310881636 4966041502
1684 7249035937 15044988179
1685 2208275474 4548754396
1686 -531913707 5631663430
1687 10457954967 6878128551
1688 -3331926595 3616362189
1689 2760256878 8992932163
1690 1296737113 1089669244
1691 800222725 14488412965
1692 5462265322 7567712721
1693 4527019843 9480328681
1694 6737385981 6931418009
1695 9185015491 3594854862
1696 1296737113 3703055285
1697 1296737113 3703055285
1698 7570355814 3049313471
1699 7567027164 15044988179
1700 1296737113 15044988179
1701 4846684612 4843299695
1702 2447208655 8240863757
1703 3968854471 9204085083
1704 7069142556 7227373907
1705 -828677973 3908894534
1706 -3331926595 10084423087
1707 12889804238 21783588690
1708 7792282132 5821001694
1709 4058484672 9656648231
1710 800222725 15044988179
1711 2268808741 10349520169
1712 -4677959745 15044988179
1713 1518473003 13153574022
1714 9810655552 11602024287
1715 1296737113 908382881
1716 7119484140 9105232743
1717 6823575108 5523859299
1718 179114674 3157948857
1719 -4494116293 7926535395
1720 4623592280 8506758877
1721 6973332337 15044988179
1722 -3331926595 8240863757
1723 10639694454 15044988179
1724 2447208655 10501807719
1725 800222725 25562780286
1726 6878026520 4001759757
1727 2396322966 9821456058
1728 8367851150 6663263002
1729 3467673752 7182953933
1730 10293854303 6824848553
1731 15341724972 8039393132
1732 8093425422 10008827492
1733 12081446089 6722846930
1734 510814958 2973899281
1735 5358459926 1401160419
1736 19790858315 -5814028931
1737 4500488241 8108038112
1738 7229209898 8352183457
1739 15341724972 11303702357
1740 3217264971 8964436440
1741 3039812676 12504302631
1742 14095637734 3840816089
1743 9365864252 3370791222
1744 15341724972 6619445842
1745 5712547216 16675963695
1746 800222725 13061647055
1747 8733133929 15044988179
1748 2384179940 10599709186
1749 9698900824 1505512531
1750 15341724972 10896429605
1751 10885113259 8436382830
1752 -689584042 3748395203
1753 6675979078 18816655915
1754 -175533398 4297318177
1755 15393707242 4996260329
1756 4612021373 5346632512
1757 6893080474 3697936327
1758 1296737113 11175459355
1759 -1956992590 6284536819
1760 6967203165 3298760707
1761 1049256219 67476029
1762 14430661 2513368187
1763 7045834607 3615495289
1764 7347081588 9316391119
1765 3653924658 9097843896
1766 -656856408 2529813105
1767 3352806897 11087075671
1768 5143649239 5207509966
1769 2086217075 -2992915733
1770 641032388 -602249960
1771 800222725 22315871416
1772 7573511160 8711284480
1773 6975891693 3299920689
1774 116999304 2324686275
1775 1376059553 66995520
1776 -3812577933 6774097548
1777 800222725 15044988179
1778 10396209502 999765278
1779 7810843857 476441686
1780 8318714037 10217843799
1781 3432164651 8376440629
1782 2750587063 5051895512
1783 5871212743 6564088686
1784 -2841257093 7017437942
1785 10639694454 6920595582
1786 83909051 1522891577
1787 15341724972 38071463186
1788 -33147308 1850512173
1789 399400943 3444627268
1790 -3276888667 -540223356
1791 4864130030 6117972271
1792 9920788994 15271717578
1793 -6758438700 13441767629
1794 -1061907464 5389624628
1795 6940186102 3497464383
1796 -1491943013 3655360469
1797 -987808140 48569363
1798 7308913398 7390072569
1799 2729319671 8777477907
1800 2223119087 9227656637
1801 2331051736 10246050526
1802 65940982 3017031073
1803 2809087375 7345344608
1804 6533716920 6201968415
1805 1296737113 17248260610
1806 -1517515279 5875733290
1807 -2394738650 6244879162
1808 7102348115 3383160826
1809 2986324389 5270605834
1810 -2580773299 9280225280
1811 8276059601 10178270239
1812 4417998256 5292447215
1813 1835781452 11346706429
1814 -2582909834 7318396364
1815 -3020556126 -2728508096
1816 8376739000 8699517955
1817 1296737113 27623811881
1818 10033872527 12757129480
1819 -918442003 2883854058
1820 5844714973 7922538522
1821 25932747601 14819838738
1822 -3331926595 -591285965
1823 10639694454 15044988179
1824 12443920033 19111157898
1825 1296737113 15044988179
1826 8484376142 3393811786
1827 5148485915 2989716871
1828 3916561363 12685382630
1829 15341724972 971030849
1830 3998606804 4813050459
1831 1379859479 21411559895
1832 19554779052 -8928233062
1833 1933066164 9894631634
1834 5794521771 6168007241
1835 15294768442 4084235469
1836 4660535432 8240863757
1837 -1620907217 6187683318
1838 5595732335 9580642384
1839 -1119122381 4150361272
1840 9938167542 2692655509
1841 4515820008 5087054073
1842 6969056329 6466942194
1843 -2336264060 9417978472
1844 -2790466569 7740438797
1845 10334218492 1139676784
1846 800222725 15044988179
1847 1668977653 -6351762159
1848 6633442346 8654297127
1849 2447208655 15044988179
1850 7075433969 1977635822
1851 800222725 2143991922
1852 1296737113 11170721703
1853 6990409138 15044988179
1854 5292104273 8192056890
1855 2750389750 8798632722
1856 2569447064 9001830175
1857 3138089177 11086943205
1858 5207210727 8449634544
1859 3595813059 8807145049
1860 1213884905 747359822
1861 2632444974 12679686067
1862 -3996446478 14790010781
1863 3836852603 6905095000
1864 7073553019 3611762773
1865 6589270853 6795317127
1866 6787756206 8797465094
1867 -1131903673 3977874639
1868 8276635644 4929574509
1869 3390022990 8415952710
1870 8714530353 2219461285
1871 -7210873312 13769911490
1872 2844423557 9308340505
1873 6494875580 8240863757
1874 15341724972 8606086118
1875 -3569270736 1576214109
1876 8760989156 10628173952
1877 17162121464 11448619401
1878 378846033 2118015202
1879 -2026419301 2038524225
1880 6360015729 2281410521
1881 8343236320 3365456536
1882 9571517401 15044988179
1883 -1504381407 19630696562
1884 2618855991 9801953191
1885 697136267 14097021303
1886 5068953034 3401573346
1887 1899598748 9855399724
1888 7079576724 8046842810
1889 6808555067 3220179530
1890 -3331926595 3524045296
1891 7307928620 5523859299
1892 800222725 3242403496
1893 6986631920 3472679429
1894 6823575108 4335289720
1895 -2538124409 8732687255
1896 3085211580 7178116201
1897 9383651610 13009445274
1898 -3331926595 5721546309
1899 -3331926595 -591285965
1900 -3398545114 8236216416
1901 4281071227 11732596652
1902 6936862178 6466101440
1903 6926272749 3760454860
1904 18762595003 45672446869
1905 7465321200 20570530378
1906 800222725 15044988179
1907 7110682711 6683199452
1908 -3331926595 3126683379
1909 6772962658 3627650456
1910 8856475339 7223170548
1911 4510115508 7669690866
1912 15341724972 8240863757
1913 189623343 15777467448
1914 -2512826378 3230978498
1915 2197557604 11463622962
1916 9305845801 11133676299
1917 2489281374 8440211400
1918 77983520 2151035309
1919 -3803214931 2522139075
1920 812117599 1592302958
1921 800222725 -1246261101
1922 2447208655 19984398687
1923 15341724972 8240863757
1924 6013956910 2319218602
1925 388485015 3225932625
1926 -3331926595 7254951109
1927 8483952168 8757566835
1928 1667967514 10272671404
1929 4271707000 6631927584
1930 8125079892 -6420653216
1931 -554504183 4433078699
1932 15341724972 8240863757
1933 7879256019 8567121042
1934 2187891745 9016563107
1935 -4299982416 14893203794
1936 3335763827 5594805708
1937 2447208655 12382942751
1938 2767671099 8805263605
1939 867536039 1796157742
1940 -3331926595 48082161
1941 6674539753 749799602
1942 -2018066612 3052803990
1943 7331029437 8292632705
1944 4790638167 5422991116
1945 7722410538 2939030520
1946 5854868084 4632432115
1947 4520101373 3504114240
1948 6982066771 15044988179
1949 -1298210617 2424875055
1950 13241751518 4076936618
1951 1636756398 10534665864
1952 11838497277 30287485335
1953 9726895354 11524313981
1954 2634897014 7708750210
1955 6758597724 3017218827
1956 -1089149753 1226976248
1957 4753359796 8240863757
1958 15341724972 -1790120419
1959 6913897309 8947862850
1960 -3331926595 8715985388
1961 -3331926595 5987014098
1962 10639694454 27623811881
1963 1296737113 -893754043
1964 7002039604 3808155626
1965 7809295800 9745220190
1966 15876868169 1339202390
1967 6788834282 8798465302
1968 646136472 2647802540
1969 16808917179 18094810430
1970 5909778770 5814800433
1971 7905353181 2806345036
1972 1966774066 12544751342
1973 1364284108 232075996
1974 242155161 2892958403
1975 10108773368 11878609435
1976 15239690285 -6540197
1977 1276779411 394155550
1978 7048238891 3292096514
1979 6749163629 12949362882
1980 10616306627 9102289118
1981 8725316841 23370170885
1982 -1133673399 4422764703
1983 -3331926595 -591285965
1984 6823575108 5226716904
1985 800222725 -9383529287
1986 12512549514 -6168824767
1987 6973682320 3622412993
1988 -273074210 3489603169
1989 -4153929044 15044988179
1990 15341724972 8240863757
1991 5840196547 12549655763
1992 1540719875 3929415484
1993 -683819379 6056253129
1994 275138520 2934605514
1995 10190163505 -1419047587
1996 2814343875 7232593228
1997 -3331926595 8240863757
1998 84366026 1764155308
1999 -4114760804 6726760000
2000 15341724972 8240863757
2001 800222725 15044988179
2002 2097297294 9699998777
2003 2092376193 15044988179
2004 8549939445 6699591481
2005 2447208655 15044988179
2006 6734775054 8240863757
2007 5377669294 7489226956
2008 328895593 1957437418
2009 -3331926595 9615410449
2010 -476100241 2245503151
2011 -1966695754 6225782490
2012 7158826821 3913941117
2013 3274856810 9111676392
2014 1964476447 11384593761
2015 7187915804 3905618301
2016 5103973928 7235300255
2017 8275682924 13841903688
2018 -2762070126 9091552464
2019 3511369890 6822613126
2020 13421637590 -2326288878
2021 7390713592 3267917712
2022 7073522959 3713171571
2023 7888469343 3383384894
2024 8126482936 -370610510
2025 5350723974 1129131513
2026 3062077342 7997076194
2027 19524996875 -3395004101
2028 -3331926595 -591285965
2029 15341724972 15044988179
2030 -553819685 1986161836
2031 1967705678 15943888451
2032 2955565265 12144220415
2033 15062625249 4320036569
2034 8255350084 3470737735
2035 3756765475 11816141879
2036 427646901 2595035872
2037 15341724972 -2587140985
2038 2447208655 10500711521
2039 6193281742 585571597
2040 3382990264 5638621040
2041 15208016138 3231025854
2042 5937555367 3047942442
2043 -2788384189 1936796344
2044 40242111051 39835454688
2045 10593393135 3723361418
2046 9749365421 15241928212
2047 -2553627712 2094204844
2048 2582034418 8924547904
2049 -216693985 4024074165
2050 -3331926595 10956571129
2051 -1451884927 7867276048
2052 1296737113 -5136692703
2053 -3331926595 3075271015
2054 6942576535 8289457482
2055 7112745348 3381211300
2056 8555430636 15044988179
2057 5024247063 5699760019
2058 8852861032 4391072266
2059 800222725 -6809103951
2060 15341724972 -2587140985
2061 -2195391720 9507036173
2062 15167886302 16572309114
2063 800222725 -2992915733
2064 1173915353 12342391437
2065 -187531003 2262052196
2066 1252476896 -197400484
2067 8438060701 15044988179
2068 4526214439 8549451796
2069 7391306466 3179175208
2070 3114495379 -7546659633
2071 1900324203 -672943756
2072 15341724972 8240863757
2073 1297123992 530671338
2074 5522635584 6911590140
2075 -4351237558 -4819699577
2076 15341724972 11081967868
2077 1296737113 15044988179
2078 8837049405 3548398846
2079 4556266530 5991313559
2080 5035917416 7172159378
2081 8105478709 2763867259
2082 2754498484 11573334079
2083 8391625690 725510336
2084 9476397937 8171077463
2085 5679233198 8240863757
2086 5200730230 1929303264
2087 3835110411 10437784566
2088 -3331926595 8240863757
2089 15315939934 15044988179
2090 -3331926595 11824403966
2091 -945357578 5166902540
2092 -5099563186 14366743042
2093 800222725 15217128383
2094 800222725 2146612707
2095 4086354227 5218333442
2096 9529866846 1628110275
2097 9078275978 -1935225547
2098 -75236233 2987907986
2099 -3331926595 7505521383
2100 15341724972 8240863757
2101 8276635644 6118144089
2102 6601857489 4111612031
2103 632591782 1959013189
2104 -3331926595 10956571129
2105 15503873030 9445749416
2106 -3413915911 8175038935
2107 2376399116 4704734682
2108 -1740975360 -6598359627
2109 -2450240155 7753837178
2110 2778508628 10655623950
2111 10391766242 1002987906
2112 4084581105 9310564192
2113 9646470072 7536273784
2114 4638411381 7413078052
2115 -3331926595 1794094273
2116 2211590694 11035052027
2117 800222725 -57923649
2118 2486404162 10288469942
2119 8377581482 3487056520
2120 -3331926595 -591285965
2121 472218201 2207438072
2122 1479740131 10933020748
2123 16908382696 32120798692
2124 1296737113 -230177104
2125 -545636624 1519119480
2126 2447208655 9420562321
2127 -924854130 3501275127
2128 -867129342 3668932506
2129 -2658316363 1293123673
2130 8023859347 21811571196
2131 1296737113 15044988179
2132 9369182165 24800803963
2133 2585890134 8735513942
2134 4738729765 5511411081
2135 8760989156 4929574509
2136 6244425258 5541808021
2137 -238726340 2398990174
2138 11151218621 12845760201
2139 6723893853 4073116196
2140 -2745215615 10531038684
2141 5137941981 5497164836
2142 3482738792 9200203356
2143 10989928038 8495513743
2144 7033164564 3513551282
2145 431145470 2899984219
2146 -3331926595 12043144711
2147 1624353339 15044988179
2148 1296737113 11806778959
2149 15341724972 38071463186
2150 4442388825 9447855617
2151 8989688775 2743923491
2152 10784259294 5151901445
2153 3270119937 7943373997
2154 676492099 1717140035
2155 6774231685 3626730051
2156 -1211506131 1327218219
2157 6999825683 3524262400
2158 7858287820 2840480818
2159 -3331926595 9557979097
2160 6506778548 6838624995
2161 14383007918 4984581429
2162 -208540499 4622102944
2163 10763126056 12485699065
2164 7121573750 3319370308
2165 6004886812 15044988179
2166 1224784095 -991015980
2167 2447208655 8240863757
2168 5015810315 7153504588
2169 5625289926 1223914099
2170 3589166592 9098136242
2171 10671585592 5934388716
2172 63295943 1268596613
2173 15528502384 1124696460
2174 888981992 2030286894
2175 383715927 933670734
2176 15341724972 15044988179
2177 12987784150 -568564563
2178 -3398545114 8236216416
2179 1296737113 -2604072529
2180 851790196 2206230721
2181 7523650019 3729592717
2182 -1354826640 7713281948
2183 4345711782 9216556528
2184 15341724972 15044988179
2185 -3331926595 3873708419
2186 7039292021 3365491451
2187 6767079386 8240863757
2188 5914341979 442830324
2189 3643185747 7223951690
2190 728454351 3175818860
2191 3246540276 7895224010
2192 4608229590 6775362896
2193 -279127337 3392431346
2194 2879798550 5171774220
2195 8616228381 2753300820
2196 2447208655 15044988179
2197 15341724972 16733591639
2198 376909785 2031175837
2199 -3331926595 2088517395
2200 -570512233 4364660455
2201 6143779222 5293044840
2202 1296737113 3703055285
2203 3149479957 7368199365
2204 1443737848 -1768455235
2205 -3331926595 38071463186
2206 3797707180 12634480596
2207 -3331926595 7299139061
2208 800222725 1405183945
2209 18842300036 -9025829861
2210 1296737113 15044988179
2211 1296737113 20546773026
2212 3255696657 6981092780
2213 -1585770323 1982309227
2214 -8307683690 -5159048668
2215 8852979870 3196628341
2216 7487976237 4980110139
2217 -3144813 3244683718
2218 800222725 -1607942054
2219 7146670994 3322720974
2220 2983998527 7481566886
2221 -1699045015 4865417012
2222 15341724972 16733591639
2223 -282019461 3318187398
2224 252908837 2565576110
2225 -181794823 4742042844
2226 8938382525 4834681446
2227 4879871048 14825803381
2228 3293937922 11782200652
2229 5913518935 8347557366
2230 3730273895 9222115289
2231 -5251141487 14308582193
2232 3320697089 6131525547
2233 -3331926595 3654449231
2234 1671941714 10540318812
2235 249997263 2974143028
2236 6539530517 17790876404
2237 1319972542 921204478
2238 -4947207507 14103042595
2239 14095637734 -1683373087
2240 2538176657 8717206201
2241 18527059149 -2605917978
2242 7731751810 15044988179
2243 1320356441 12556956954
2244 -3331926595 4030745786
2245 15390182152 16778548819
2246 3971446328 8125936974
2247 7083099898 3402712689
2248 -593718318 6054553561
2249 7730963643 2932827084
2250 6569601944 8595067835
2251 3908036563 12704479687
2252 3845032927 6067290952
2253 5883270396 2323303933
2254 7784705021 15485521264
2255 15275808845 3110294640
2256 12198722482 -3619108707
2257 3375582241 5631748089
2258 1296737113 12834238466
2259 15062625249 15044988179
2260 3753099832 5184434646
2261 2447208655 -7862974662
2262 8735327339 3056746563
2263 9180955442 7601645586
2264 5484593429 3954515981
2265 5258954926 12007246875
2266 7851358096 9784244380
2267 -335978615 2521264380
2268 6958352817 3333739985
2269 5331159181 627193482
2270 -3421192596 13355852845
2271 5639803437 450033259
2272 4451437327 8240863757
2273 8105144152 4119871879
2274 -258934053 2079418322
2275 6754106419 8240863757
2276 8174270186 10083832943
2277 7343112004 7262807749
2278 -3331926595 8240863757
2279 315496714 2721957332
2280 4075267552 5584247202
2281 6132532525 7668170596
2282 800222725 2145449043
2283 6339221596 4335289720
2284 8366174197 8887783961
2285 3894532489 6113215224
2286 9586985267 9368341111
2287 15312346964 15044988179
2288 5303197059 7092914096
2289 -3331926595 11470915064
2290 4030557801 11817827652
2291 -3331926595 9330744934
2292 8220235111 7835555219
2293 6358871396 2399136792
2294 6674365372 3200142570
2295 4734063736 15044988179
2296 861593958 1968764823
2297 1296737113 38071463186
2298 7012623163 -3043962564
2299 7043838655 3308992105
2300 -55175291 2597986180
2301 5778618092 6623328566
2302 -3331926595 5800036695
2303 1867933932 9830244909
2304 1296737113 15044988179
2305 2685281970 9949548037
2306 -1640033954 5980451071
2307 1789977435 11265547161
2308 15341724972 38071463186
2309 2742155608 11319514806
2310 7196564867 6992843460
2311 -3331926595 3321859596
2312 -96554819 2755482707
2313 -1549371756 1981512748
2314 -5709634156 14132657783
2315 5042257362 9012454652
2316 9881094383 1331199351
2317 7261476778 3012914199
2318 3378324378 9956961311
2319 3157117004 7037446295
2320 -3331926595 8240863757
2321 5255868483 5663594363
2322 4579904964 6749084122
2323 4111770687 5722162107
2324 9225200304 3554683239
2325 15690863358 3069975342
2326 -3239744900 -505762436
2327 9335514222 -1805146834
2328 7072232010 9061393574
2329 -3331926595 1961058444
2330 -2199783767 6898518910
2331 7307928620 6118144089
2332 9355592637 8240863757
2333 3262410647 9737790156
2334 -3331926595 5829021027
2335 7605569000 9556208316
2336 -2881662220 4855093850
2337 5319504665 1485834615
2338 6620517199 15044988179
2339 -3331926595 7867918406
2340 -3331926595 10956571129
2341 -1490882517 1338091810
2342 4479674616 8655882055
2343 5008110248 9108134484
2344 2850792891 10397244933
2345 8387557623 8240863757
2346 1822204185 -667845028
2347 8401762112 1892035079
2348 -3331926595 4019829310
2349 800222725 20647928755
2350 6624200519 15044988179
2351 800222725 247290455
2352 8276635644 4335289720
2353 6839503082 8845474359
2354 7737670893 3309957308
2355 137550587 2616051441
2356 2511326067 8240863757
2357 1776408227 10027174147
2358 8645588656 3522837437
2359 1296737113 21544308163
2360 1977152447 10702361693
2361 15941617346 17290154555
2362 7318576399 9289944823
2363 7789599515 8240863757
2364 420567818 3451222179
2365 800222725 15044988179
2366 8098906916 21978322736
2367 -5364627701 14265037341
2368 -3331926595 6927619215
2369 1541435014 -395521541
2370 10533346649 1937701268
2371 15437486406 5126473380
2372 9424505478 6192022876
2373 8018136839 -20040052224
2374 9125068848 6798953390
2375 5258773451 8240863757
2376 7109903257 3591590880
2377 4393473945 13745055966
2378 296418709 2904714271
2379 3943454504 4785097631
2380 -455303159 4961577902
2381 1437352037 16014527600
2382 8760989156 5226716904
2383 11330580749 13012167231
2384 8559384202 23001477755
2385 15409201543 -2636080704
2386 11070111167 -9033734746
2387 -3331926595 10956571129
2388 6823575108 5821001694
2389 7741252889 3419852099
2390 7119982407 3375962372
2391 14335621306 4795977436
2392 2204702247 -1959535066
2393 3340812818 10383027999
2394 3226507173 7456553545
2395 6838687507 8240863757
2396 8500264488 22870117026
2397 -2222807135 870267844
2398 6629226451 7022316350
2399 4626930421 7124055731
2400 800222725 15044988179
2401 2523302322 10178936521
2402 8904847038 11103749750
2403 8365043478 7241575545
2404 9793805766 25744294080
2405 5909010245 6323515851
2406 4089844349 9154237503
2407 -1155725578 6335391953
2408 8366348102 16787585665
2409 3123402820 8807847707
2410 6255784446 6379764765
2411 -4277483696 6335039502
2412 7436522569 15044988179
2413 9248495028 1832184924
2414 4012783352 6222924979
2415 9477894001 6941002403
2416 9201382210 2386678813
2417 4687987877 6849360345
2418 144460498 2646029273
2419 13192261038 14739380735
2420 4857817747 15044988179
2421 8308710344 2513796293
2422 5462275354 9203718621
2423 8827750104 2137344743
2424 4939458869 9829095637
2425 2664908562 8903700265
2426 570631766 2211423506
2427 15341724972 8688165880
2428 1822349177 10162009200
2429 -1731098085 893916749
2430 -3331926595 10956571129
2431 10913226386 7344031347
2432 6623165336 10784187540
2433 9734096698 15135152148
2434 -3331926595 2617398213
2435 15341724972 19732309087
2436 7317489043 3232713849
2437 800222725 -2014618860
2438 9997939970 1288624041
2439 793869385 1946996814
2440 15341724972 38071463186
2441 2929805484 6892301410
2442 10281800061 4146765086
2443 8767616805 12104631671
2444 6706763996 18885058297
2445 2466645811 4788462974
2446 3350460744 7553070482
2447 6124566604 518503740
2448 967039729 601031722
2449 4016175556 6226072168
2450 2371136123 8991338262
2451 15341724972 1356618377
2452 3456179172 9172953627
2453 3050444695 12574663950
2454 7136893230 3321415571
2455 945837250 1473046669
2456 -1527579244 7732834555
2457 -3331926595 2678018879
2458 -847305186 3008970005
2459 -710184747 1484120958
2460 7736090939 3401412844
2461 7688282016 9028589447
2462 2345415037 11851870644
2463 10639694454 12371182770
2464 3532919570 5678263061
2465 4568108048 9880853211
2466 7173502041 9155349001
2467 10357448463 15044988179
2468 1870717124 -332948850
2469 1178012774 3592906253
2470 15341724972 38071463186
2471 800222725 653927563
2472 8904847038 11103749750
2473 7937384764 9864057452
2474 5288818697 6028838315
2475 8327664914 2500048835
2476 -3331926595 3666389399
2477 6881112722 8884078588
2478 9797257448 8773551005
2479 -21656877 1554225192
2480 1296737113 -496167860
2481 -3331926595 8240863757
2482 15276572115 4040672237
2483 1167696434 833478673
2484 15260507768 8477128567
2485 4172658949 6371252966
2486 8385152441 6231580311
2487 920132899 -3145459078
2488 7721353372 8240863757
2489 3247855138 7957310327
2490 15341724972 38071463186
2491 1296737113 15889526784
2492 5220708852 1605996612
2493 2530909874 8258576967
2494 -1406971868 19466260025
2495 5606857060 5483617886
2496 3028082197 8092471761
2497 5849675473 8240863757
2498 3596872696 20333792456
2499 5786181632 8240863757
2500 10639694454 -2992915733
2501 5712472329 6162635371
2502 17383448361 -3121771661
2503 6050919072 15044988179
2504 8691809865 6399041160
2505 800222725 1077714075
2506 -358866615 2167033695
2507 -3331926595 8240863757
2508 707104786 2407335980
2509 7924883416 6225531774
2510 7153606124 3301722543
2511 10716971538 7901540390
2512 -3331926595 -591285965
2513 -253443444 2265656359
2514 -1002043728 2588172090
2515 2501374717 10530631103
2516 8587032372 2988976177
2517 10292339633 22147186203
2518 4499032464 2831871903
2519 15341724972 8051028683
2520 -661976543 -1665961911
2521 -165770272 2351523918
2522 -3331926595 10956571129
2523 9728902516 11526176169
2524 6764066108 19012380414
2525 12973037356 8240863757
2526 6449228527 8483388836
2527 4665003083 8240863757
2528 800222725 15044988179
2529 5666818655 5355856934
2530 -3331926595 10956571129
2531 -1312395653 -420066013
2532 15341724972 -2587140985
2533 -587191700 5218613132
EOF