NAME : 2563
COMMENT : tspgen
TYPE : TSP
DIMENSION : 2563
EDGE_WEIGHT_TYPE : EUC_2D
NODE_COORD_SECTION
1 5955877419 19214283226
2 6899872214 14245157171
3 -3707973305 4361587576
4 13323883524 16477307662
5 8258690225 -167291936
6 8021574156 -10104894824
7 11698134082 1509874391
8 8665059461 22491274959
9 12949618866 1112909657
10 -726289036 6853256249
11 419185290 5858316670
12 4907771416 -14802024797
13 -2669035872 -4283399712
14 9868032660 23301191073
15 10011033524 -21706450
16 14788130333 7776287229
17 5839979756 9909369633
18 8644053042 12609646360
19 8030367150 12220814037
20 287475842 -4150151846
21 5632214986 9664396419
22 4382065516 10543423665
23 469317812 8861002044
24 4617965592 -2492592668
25 12903876828 -1032179750
26 -1798255955 4281767890
27 3549339844 8913259430
28 5490804394 -309051073
29 2095488366 -1454020005
30 -871539689 5436432479
31 -3312857710 10112275542
32 -441918677 5027164968
33 -1008402314 6399497304
34 8454762788 17399124240
35 9116277318 -2088735915
36 5912251309 11209107009
37 -877595381 9798441937
38 9837218157 -18969726261
39 1568350170 -2376819436
40 3979411811 -445677969
41 7250856481 11145650242
42 5772745801 439105165
43 -5932673911 2454649607
44 6744470578 11158898226
45 1136063393 -9509132991
46 -307156240 8522632741
47 -1578295892 6722471377
48 1179675030 8203876072
49 -5084570741 2337490014
50 -3773219472 -7404327545
51 -1735958451 -5362732008
52 -479631256 7377376846
53 6200018720 12825562177
54 8793643216 -11831657130
55 9342337446 31198000287
56 18650524850 8696660536
57 0 6106677683
58 17214274558 35167070188
59 11526800765 2228795493
60 6749168146 12539084848
61 3943506649 -1024013995
62 4414378518 16781022663
63 11195125861 2676207374
64 9575560685 1529846171
65 -1398088458 4490040946
66 -3707973305 20527804833
67 8506172836 17503405276
68 11703144232 3060122392
69 8671293980 29234830794
70 7319589060 -8534878015
71 6571400425 19140936303
72 5963332436 12345463603
73 1880342142 19088366578
74 9931212751 19015457438
75 7242771764 14940700578
76 2403866127 7878663915
77 1827879271 -2500184573
78 1553952006 6536341311
79 2882755805 11480373319
80 12759356470 3255994711
81 -2373416798 -4872133598
82 9353378031 2222878721
83 -3707973305 17182773721
84 5436339694 -4322917990
85 3903191111 -474288131
86 3799678245 8575637571
87 6695193634 178584184
88 18516730338 20287732763
89 801108180 -2337572911
90 -3707973305 5828205307
91 31610963347 10526018904
92 13126240512 -8595099478
93 9979520530 19116646669
94 7483180004 -14220651135
95 996500480 7014271068
96 3335450897 10280801850
97 7400719695 1121108953
98 5269603969 11795046456
99 2366126051 -3826540305
100 9111376802 -1038731173
101 -241831053 5906742212
102 13418357944 -1183180525
103 6173412485 12771593627
104 -2865142280 -5522726815
105 -1744060480 -3291170065
106 9066742926 12856390926
107 14755886824 9803779235
108 3841121571 15103932269
109 14616368044 6278681795
110 12875591654 1153276950
111 11682577800 1676366219
112 2126643612 -2640522475
113 5335854201 17830530447
114 3768503627 -1281747383
115 821216676 10058071749
116 1312330468 19140936303
117 5048420813 10489640962
118 5267688406 10255236248
119 8802877018 705784338
120 4266286698 -1758439434
121 -1639830875 5116744978
122 -3934801784 11790316775
123 4071746178 10807282426
124 5835606368 9807558900
125 1038683918 -1424924058
126 2711499453 7445416494
127 8120632959 -16048619382
128 6803453721 115008303
129 -5380993695 6258470101
130 -954635506 6289288330
131 6542185292 13155364522
132 -3707973305 5436962954
133 11980445911 3055496120
134 -703374144 6704820740
135 5098907926 10789171822
136 24677912171 15853349169
137 7194438842 187866712
138 7319102280 19606963
139 8730881566 17959208369
140 -228951257 7897026756
141 9934807922 16203806761
142 128958755 7161205691
143 1710952405 -1147138482
144 7930808173 11457850531
145 -3707973305 18084341502
146 6978628822 -12773793711
147 3844271939 15326824041
148 -3707973305 -7271981086
149 6356723940 11956371521
150 2933315454 13216093052
151 5304280616 10689112563
152 5338851956 124491379
153 11865986103 248685840
154 11265763443 23101006834
155 4623579247 -202653769
156 693773635 5728730577
157 6115012548 11643619202
158 3109124078 9249320502
159 30666972972 32569384001
160 -784720411 -3340334011
161 546440005 6107311356
162 1449341061 -2866485112
163 1406330731 6562695210
164 6429558792 22676528153
165 1775730178 -1890625859
166 6189346188 10155870092
167 -449916261 11030715349
168 7489867134 399106223
169 10853281159 16387726068
170 6311636485 18271065406
171 -985636562 -2779450210
172 6566291833 245068726
173 20180546575 1828833001
174 5327221461 10246528924
175 13776302276 8512352746
176 5322532032 9823246960
177 6217878961 -6070860781
178 9899627727 1689345248
179 2855889332 7484163282
180 2224432860 -1595747990
181 913141309 8195433304
182 5202189821 9864322654
183 -7817856 7853150872
184 17536084970 2011879672
185 10889507963 2397641663
186 11113253149 22791652303
187 871298834 5928650241
188 -837280155 5786542085
189 4737478845 10859410565
190 695649410 5736780045
191 3255221609 13389854134
192 3916455886 8875940961
193 4501535677 11640614768
194 4347870602 10750709806
195 6290330343 -6232901097
196 5889167006 0
197 -2968936791 -4133877563
198 4135520292 9219582413
199 8652398848 20993557016
200 -3192598633 4337477532
201 5498671824 19140936303
202 10000000000 20533510262
203 11053953655 -3069988474
204 -3408469274 15458839257
205 246783458 7177476924
206 -317220624 8380947358
207 5212676586 356416937
208 1244417737 9257706994
209 -545056098 -2871545824
210 -486461255 -3582916125
211 3426937403 -4415585649
212 4922799005 -3174364385
213 3465097210 8311892015
214 6796599101 10648337504
215 8008603011 16494125993
216 5564025040 -136020406
217 10295940976 -1496344908
218 4199713750 12753486363
219 2955772235 -1935499925
220 5443433097 10659496788
221 391412554 9535646158
222 5145496279 199629749
223 13162594494 1147433194
224 9745317245 -1385854529
225 498409327 10251617594
226 6324803259 13078677304
227 18961832914 6027673829
228 12207480245 25467427495
229 9598917562 1927653202
230 8270119777 28061176633
231 8934923951 1894552150
232 -3940788908 2902433988
233 11960270422 3240421174
234 7705931312 25474054601
235 6057394535 10770786237
236 5274802866 -322913228
237 -825789180 9682575366
238 7024062761 11156224628
239 1452907249 24801290706
240 4879791950 -2602791777
241 5516088708 17119806164
242 2137590682 10435422315
243 6109769014 -937966740
244 5168322619 -5723630247
245 10097424137 1173318743
246 -3707973305 16128691602
247 6608738065 571802247
248 6037700808 10101583292
249 133600470 -2685823816
250 1480005739 -14802024797
251 324991553 6141786110
252 10099296581 -6231290277
253 11528246454 2999785565
254 10816111922 2278300602
255 4434912758 10337086972
256 8732069886 13278651167
257 6428078425 394859204
258 261414883 -3943955509
259 3921761997 8477768296
260 777438259 6035447801
261 4907198396 10224419778
262 -792006838 9607019852
263 2818569550 10207149644
264 7194886118 -1074666724
265 5615939267 -226136491
266 473509051 6273497313
267 6311529371 12053888670
268 -5684893133 2298933504
269 2031672178 9344231015
270 2685843384 8409325332
271 -5684912189 2684447720
272 -164400331 7012043773
273 1336208099 6594540943
274 -3707973305 16562110728
275 11860220610 811275373
276 3467810272 9252257106
277 -582652114 6591336947
278 20661424142 21896670578
279 4368049313 -350131822
280 3744077879 10338042840
281 631898449 5708499120
282 8098302373 12399390451
283 11222728961 2901696533
284 5598139234 10457139771
285 9341027520 13026815123
286 4307120975 9778837364
287 388846677 7934351764
288 -644489540 9277091710
289 8418730220 -2508649318
290 10902587842 1387604885
291 7235884156 941319337
292 -3267308086 15143126802
293 512316791 6165509246
294 5185039894 10449053211
295 2680756342 7870597027
296 -3354952742 16858916974
297 937987737 8539026883
298 11504081093 2762740264
299 7582991669 618487791
300 6712292063 -68565597
301 8223162149 12159728615
302 11154722177 2333526911
303 6716001281 530136486
304 9110623885 1399304994
305 6573612477 12083315115
306 21704386862 6588081017
307 1310360738 10012884688
308 -1326458358 5590116613
309 6856354849 14156885791
310 6017227582 0
311 14969984441 9175100489
312 6961097355 11004024394
313 948381483 -3452966422
314 -6350723864 2362282527
315 3902577809 15283725407
316 -7358897791 5899768769
317 -153901653 -3072696079
318 7478504882 -1636330625
319 14798022154 25549146546
320 3481855689 8672308386
321 9520760001 19561411518
322 -3707973305 -7271981086
323 5801765440 10194549276
324 1834481645 -1696190547
325 12095609779 3312569398
326 23500592763 16073887701
327 -202080628 5841437980
328 11166110339 2296144099
329 -87103853 -12124865716
330 6303026214 -286209363
331 214182944 8397055418
332 566289741 -2287739036
333 623544331 7937067121
334 4849382144 11095558947
335 3351555660 14134767073
336 4896063883 10211841780
337 11406657457 6696393717
338 7571338687 11219373868
339 1672260475 -14802024797
340 -4108884644 8864844683
341 10000000000 20533510262
342 3837328133 14342733132
343 -3658560 9893491428
344 7362607815 11324692578
345 5975678635 10351212356
346 13060342191 3119354285
347 12028300161 16140051642
348 5131883969 13304732566
349 11307360666 23185383364
350 6352823198 11052964768
351 6148831456 557480776
352 -140941223 5255071256
353 4747473694 16204053856
354 8955204309 -2500875078
355 -1203506741 -2741330848
356 -2271578417 5329263912
357 7135483623 14723075449
358 1689179520 7029655340
359 10683505671 21919945049
360 3489939123 -858962419
361 -1085664514 4772004026
362 10550928579 2686793800
363 14256080751 7814329050
364 12084608835 15609876115
365 115000092 9822682568
366 3039231183 7932086123
367 13269878128 3448179006
368 6098806346 11937573306
369 6764413402 -459308579
370 9562570348 19101854919
371 3863842407 -1277154601
372 1690674885 6616418934
373 6617052217 -11736932013
374 9630285193 26873161779
375 9502588780 12884394328
376 11202619922 2297964083
377 6550227906 -6814172047
378 6150802937 10492781752
379 27864271008 16524754591
380 2924754862 8837239002
381 10542746960 2406366598
382 3182834566 -974797045
383 2427575117 10250496529
384 6670903927 11733907579
385 6447589127 -552823197
386 3364584254 10212391938
387 5559738705 10201284271
388 7635901516 465454198
389 1364128029 11098649438
390 4456095838 10192700497
391 6131639050 10079973318
392 6239239328 -833794270
393 4642389582 -449872095
394 9231106894 -2299140933
395 2621716309 7282938049
396 -541778087 -3428838683
397 7181036304 -761537068
398 13337971591 27304309864
399 7704562040 12300479441
400 8881829716 18265394221
401 11595899180 1817410084
402 7288386707 15033226721
403 11450023958 15001099412
404 376137417 -5292043926
405 2854299063 -658866505
406 6298769150 10862945024
407 1868501438 7122506372
408 8185164008 11663055628
409 6739909088 -6185320424
410 11815508377 6469283620
411 918305346 9754817572
412 8311253918 13752629502
413 6402894872 173244649
414 5191453973 9971575921
415 8598015941 1095028955
416 -3379013422 3312766506
417 5507318040 9615315160
418 9796926307 -14075538557
419 15171990566 23934805448
420 11828334908 14962188702
421 3444992272 -4365793274
422 2693095105 -1994283684
423 6458573158 -2284386125
424 7510289210 11285362370
425 6042640799 -14802024797
426 6788290086 323253079
427 6808661180 19140936303
428 6129399312 10071430028
429 8232496550 23250026681
430 -3707973305 3388701355
431 8220086594 -1370164666
432 3926273296 11198732295
433 -974011543 -3003314708
434 6654143786 19158860734
435 -3706142640 -7268267734
436 -4209989425 17251470066
437 3988702160 10249615470
438 17573880640 5458118247
439 -1718592083 4149300979
440 6837123774 -7455825748
441 10286632619 4852718015
442 4939855769 11844799554
443 2081234371 7176181571
444 12307141138 1864678194
445 12723584405 30869914556
446 6298327457 818389921
447 6643030306 19130054062
448 1411977362 -5320908570
449 1181107857 7165425509
450 5204351705 -3804067884
451 -3707973305 2921273261
452 1895455 -2543801129
453 4372388819 -428858441
454 13994444511 -23463450318
455 11943064628 24474856333
456 -508054151 -3370146984
457 15256813571 9633797398
458 10000000000 20533510262
459 8591481667 17676447192
460 281496128 7281185400
461 7599850401 11707280553
462 -2083202313 5562812595
463 1019077805 9186946922
464 2277768456 20328990896
465 12186331980 3309730996
466 9813878313 20155977798
467 38255141886 40239621292
468 14740363000 17563760519
469 10537510268 16816024806
470 -3707973305 5470695162
471 6264641429 111767959
472 14304479 7469362767
473 1846992072 9754361783
474 16590015459 10280625241
475 1324055179 -2629240101
476 1904641156 -1385411759
477 10020517166 -12024394914
478 -3707973305 18084341502
479 5913320974 700429965
480 4133620199 15380937082
481 6016362266 -739476033
482 6876471068 260061747
483 8865555027 18232382359
484 9857093285 1031858639
485 293327420 -2251508245
486 4556995738 11082202182
487 276658460 5487081367
488 8348916024 1719808015
489 6992401829 -734603912
490 7074873054 11966886910
491 -97842394 -3508570730
492 -955159829 -6242112963
493 7027967253 11670322201
494 20578016158 1510253397
495 -6077832930 -12079045547
496 6120909877 10473669238
497 -1000950123 4534854720
498 243446402 11345845921
499 3402878625 14024901441
500 21105817303 -29870169282
501 8394907196 -8856970759
502 8110993247 11635550648
503 7591259188 26075137773
504 5350106793 -347616516
505 13773132135 1248311087
506 9440473556 362555216
507 -1336018753 10823723534
508 3916477106 -635302906
509 1613456698 6822475537
510 6186222633 -1303258632
511 5973214505 -1721959159
512 772684592 -2039591753
513 15796879687 8524221017
514 9476557915 18763919761
515 16816855841 29077939232
516 5441755425 10673331073
517 4713381987 10788643035
518 1426735789 -2573001764
519 10000000000 -14529720721
520 3480501778 11231542260
521 3442345959 12609564033
522 10975881488 16036430521
523 -1166795377 8178471418
524 5749125835 -5022476291
525 4293436826 -1003426482
526 9704456425 -1940338924
527 -431214422 8248359289
528 6417656875 10239912237
529 -979250641 5288970162
530 -2755005793 -5338965219
531 775941115 13830213565
532 3474041358 -516714241
533 3167909670 19140936303
534 1104309552 -1987429263
535 11090098250 1494577462
536 4877303820 10142544280
537 12101717241 2687267521
538 7214199710 589838804
539 11530077087 2627963109
540 3302573251 8002936638
541 22922358426 24741009070
542 4413715475 -712949765
543 1408418464 7155632170
544 823288806 19140936303
545 8098235602 -14344940119
546 -3707973305 18084341502
547 3251803322 9374999180
548 420056851 6372034578
549 -459611125 6110150345
550 6231697420 472934769
551 -266244735 8266183207
552 2096767024 -2643642712
553 12123201901 24840249909
554 14861659696 30394985304
555 3577985949 8354330354
556 4803171878 17535812175
557 -3067511437 4447148706
558 10902972687 2390980389
559 10310790944 1731852915
560 9442389760 2217043607
561 11306045393 514517254
562 1212889823 6248925793
563 90025438 19140936303
564 11209522516 2958255588
565 9270956369 30989171561
566 8369661301 1151992576
567 26012610238 27864682905
568 2307852532 -2714229429
569 -553751839 7982052067
570 6381809355 -6437497445
571 401792604 6247952583
572 9856782973 23915292728
573 3396570281 -2371467889
574 5577547450 -8756034845
575 20265909 9832856336
576 499311115 6965537605
577 1201812409 -14802024797
578 2485716 8955410853
579 7446724530 -7257230427
580 8951647265 -18431646637
581 -2661245086 -4017817623
582 -48648999 -3072793063
583 -3167445122 -4324642244
584 -13634831 9838607057
585 5033938560 -3230952003
586 4377739394 -2743829200
587 6918465828 11053951314
588 -3399784355 4946716087
589 9323722734 1100183969
590 11153014867 1226726739
591 7056165409 253453562
592 10000000000 20533510262
593 844728053 7067567384
594 5412567633 11287632675
595 2698924249 13810641741
596 907905461 7216463854
597 7240480863 11034955772
598 6445104788 10276045848
599 6376447160 10807805953
600 8643776055 -100146825
601 14471447573 -24530286110
602 13677966723 29198040861
603 2801148298 8584285744
604 -2403391718 -4360581688
605 1156481265 -2104637492
606 3476823689 14039748514
607 1384035694 6766226230
608 8425328820 -896582435
609 4916679954 -14802024797
610 1198105409 6220534954
611 10522266501 -7736673374
612 1172977433 -2198255415
613 -1375488686 9762197320
614 1513692637 -1476113905
615 -5323946022 3957665210
616 15682592836 18405537628
617 5837254932 9978382431
618 8214115509 11727174864
619 6698125350 -1796167493
620 1865686194 6623402565
621 -1169739922 10451834498
622 7958656345 -9964176708
623 11555672155 2995769250
624 11413101010 23399868916
625 11765814906 5210055924
626 9069152408 15841840519
627 11931889859 24452189236
628 -5363171058 2280500626
629 9448334173 1216577733
630 5335498815 10776865259
631 11142123280 22850212978
632 963365211 7673779311
633 -190276495 19140936303
634 5488292992 12750040315
635 7468890606 913990165
636 12200924566 14886098234
637 5616020606 -1784631397
638 6084718504 10920669641
639 -527782589 7547473442
640 7704517414 12019578661
641 5567165588 263963139
642 5375425845 -4186681813
643 8439283935 12432121909
644 5529815303 -4531979804
645 -2695803638 -5195129258
646 15084879707 1881602313
647 12239289441 2785478220
648 -5793851901 3570967463
649 18447520084 862532591
650 11295443787 23161210961
651 823065339 -1887333619
652 9758221907 1942878604
653 2764640525 -1990844237
654 11626652808 2606990511
655 10508823216 1034327914
656 4070841848 12413209359
657 6249049115 141500820
658 5308136954 9795504887
659 -3707973305 7149959437
660 7085827037 -382624985
661 6697350346 -7143217072
662 11557081730 2503054900
663 9959306052 25335010972
664 6487108466 13407900008
665 -3707973305 -17057292221
666 8774195382 1730069698
667 -3362335170 4643224641
668 1717013649 9977216132
669 -526196730 -3256164174
670 4150642327 -1076529589
671 153274528 9815450439
672 7340067412 -1792625038
673 5650866207 10238051527
674 277345778 -3254232853
675 6322625686 -6305130881
676 -1707861174 -3207435535
677 700714152 -3596909022
678 2230907767 7663247450
679 7729092168 11514085098
680 10171720205 2057087354
681 8787914325 -11818844245
682 7391652171 -2226079062
683 9061985377 799810480
684 -584730883 5394526494
685 965782055 -1748588363
686 -1183402068 5329363863
687 -457612576 8859134154
688 5501396020 10076022054
689 7212728782 24967729114
690 8018845643 27326062232
691 11431660166 3019249769
692 9238263221 18988390140
693 6830922446 11411456530
694 1185447795 -14802024797
695 20491573633 3286577870
696 4788372326 10081746899
697 367013146 -5119965891
698 -5081203143 2720102980
699 -244215770 5448931109
700 -3707973305 4658769338
701 6910833694 10993691606
702 424473403 8134242687
703 6645074441 13728320938
704 7666243353 12069892157
705 8956636960 12956428989
706 5566323546 10553954953
707 -2935037859 -5663876932
708 11410430685 1543372645
709 10442575463 -2276820602
710 8653095905 14802859617
711 3176985335 -14802024797
712 5356799889 12669260680
713 -3121582563 -4565058642
714 -3707973305 3549937454
715 9132062741 -12588545483
716 5400424013 -3865624778
717 7805334489 1131329673
718 4147427070 -1957166992
719 9699289566 19923543992
720 17522688898 -20316867280
721 556647889 6967591085
722 6844911011 10878586692
723 -427711077 -2246666930
724 6367137490 -360941262
725 9433396128 496614232
726 9793702207 1246251778
727 4118506942 9034470518
728 1383901506 -1260910675
729 8477809526 17445872645
730 4697211948 -1057684828
731 8007185340 16491250364
732 5975639697 -4411722301
733 860359372 -2054537763
734 6710306910 13860639613
735 10000000000 20533510262
736 2703454837 14949579532
737 -1970213144 4284937880
738 4465815504 -2247086932
739 3699298168 10201128964
740 521530649 9144527689
741 8908281891 13430658607
742 -3416779779 15477426022
743 8240884317 -10595390480
744 13211126750 2872293518
745 -199735497 -2511278925
746 5694335683 11516460629
747 10769474908 2785345929
748 5387015550 12967925320
749 -893490976 6828031670
750 6131652877 -691914755
751 -4782919591 4216009883
752 5595779625 -217549683
753 1994593428 8776340462
754 20035429717 40889550356
755 8696177016 1709708551
756 10938117840 13840862728
757 11640447019 3048014431
758 5958308999 10510863333
759 13602769158 3180070828
760 11235997480 2397236705
761 11589540869 1615725138
762 -4140235292 2676546192
763 11354767427 -626009419
764 5355499256 -526073287
765 12040097284 1403648507
766 291212872 6314772616
767 6210323224 10694244225
768 -1236739215 4645877689
769 -625968361 -3534496967
770 18795996793 38375463067
771 6624222769 -2333791239
772 10233344040 1850547838
773 1314699735 -1853346147
774 593298761 -2791252119
775 802984271 -1591950212
776 664594148 -4670607165
777 178950049 7435437228
778 9928978082 -14370877457
779 9741674292 -2045818195
780 3932382118 15370919329
781 1938372231 10291656078
782 5124045115 10931562972
783 1778156488 19140936303
784 10000000000 33122023288
785 -97361657 6436364115
786 11050783348 15055347767
787 9601196607 -1456054209
788 9874969515 699172009
789 14703404948 9875969126
790 1932426076 -1981448028
791 1508529844 -2705700106
792 5739732722 10823560400
793 7303310341 -13704854589
794 14933133382 9988168282
795 -1911869525 7616601932
796 6460118699 306412470
797 7904226292 1389770589
798 8214776113 27899266116
799 4773078766 10877384907
800 5399239535 12389960602
801 410499269 -1697506909
802 4496737483 9435988655
803 -1013134028 10101579363
804 7360916161 1185289152
805 7018516466 134248849
806 -34545661 -2051505211
807 355512466 -3622505273
808 10437648980 2405310986
809 9031417076 18568819822
810 2847244903 9368078595
811 9936599001 -90908394
812 792484366 6045060851
813 7386647923 25476537812
814 306259127 8753023188
815 8149357554 653854067
816 10648466281 1427939660
817 12816575474 1344607778
818 11387634850 6729926572
819 5730723203 -4981318093
820 -379281777 10587999701
821 -1202715913 8128651735
822 9577461889 19676426613
823 582753788 -3923981705
824 6130560722 -10341862779
825 10946006227 1706582677
826 4847029656 9329373567
827 4171885456 9642395240
828 5011715269 251337196
829 6546032926 23017278759
830 6448456955 -5680588974
831 8325115238 -10783776192
832 2889326465 10104408947
833 17636016770 8935034423
834 -3707973305 -14802024797
835 5051759522 10208685960
836 7812645470 -1036510134
837 6340450181 10514990750
838 7507287781 -8954673462
839 9117243320 111479358
840 9599224166 668518247
841 6057047702 -4043748
842 928290426 7312586405
843 951350279 7690951115
844 2947819005 -3161589479
845 9857499855 -21029281113
846 9580282896 -4384079899
847 657956163 9844654136
848 11143868989 1339409968
849 9619134280 19760955616
850 5292382164 9453138925
851 -574514800 -2820977758
852 6365278063 -5536541297
853 2936672646 8440180779
854 -3808894533 6422045815
855 11104591884 2755038854
856 -607270324 6538389910
857 17782349048 -1278402843
858 -4766261968 3231659633
859 10487534324 2563102059
860 10433481728 -1882478915
861 11984339021 3174714099
862 5482501827 10395205129
863 6916668585 475388834
864 886221386 -5676289344
865 4371269260 10260889656
866 6981257734 11282893071
867 11085838251 2764154286
868 9904394233 -21163756031
869 14227130729 7993839522
870 8019442638 -10100127603
871 -1644524 9839851750
872 9326343854 14126828889
873 1085049397 -2148949266
874 7213500831 -8297607589
875 1421807261 -1863040060
876 0 6628112785
877 2350613887 7266336820
878 20985885200 1155452218
879 15773418126 38268557494
880 5331622447 12116703165
881 1809531192 9327679259
882 12026947075 3380380124
883 237427215 6019194866
884 3712757546 -3594388262
885 1879357818 -1145486589
886 5208523033 10814395089
887 10052938027 16952313840
888 -871672228 6996276270
889 538425618 -2435141891
890 2640505786 -1907365873
891 4563487630 17217248444
892 777128082 -1696988481
893 16282912770 -565279388
894 1010042151 6104391831
895 166694344 -2674373506
896 323990643 9805026587
897 -2448957891 5525244022
898 19338264049 5049227029
899 1301548651 -1672285360
900 3660212541 8243301181
901 6029123495 12089834837
902 669704410 -3174971884
903 -714678195 6724396888
904 5686995800 329082978
905 10011635878 1252968690
906 15896396564 -347839365
907 14429527422 17286063652
908 5690929024 11532091685
909 948492778 6200236423
910 5254632683 9776953679
911 10891157104 15522744114
912 13465702163 3263886234
913 14362394119 24787696491
914 4034002821 -3244273465
915 3191631365 10562344421
916 -2813596807 -4525610900
917 -3707973305 -7271981086
918 7388243457 130121404
919 11066703901 2546885919
920 3239974032 -1851058401
921 -118750752 6339675596
922 9188902618 -10400525359
923 6406643919 12277594524
924 5503562104 9722877793
925 159790839 5614337376
926 8656524510 1251702354
927 11105703199 2698870375
928 4183858993 11373543558
929 11118321541 2910427695
930 8493019457 17476724732
931 1085421393 9201908280
932 -1530216428 6460226711
933 1461230429 6745856570
934 5035678926 10988419249
935 6317865702 10537921735
936 3963808846 12800908204
937 -5982909430 1854354415
938 4841643593 9046964237
939 6556854182 10454752132
940 10394170108 2541503443
941 19444306687 250779720
942 6754726890 11155020711
943 2972235551 7914737581
944 6594680174 18567675863
945 7189156615 19821710743
946 6352704199 10758157536
947 -1041068747 -3725687223
948 -983610425 8710819062
949 392900577 7537071660
950 8726717238 29396974164
951 164161456 -3936380951
952 -1994461178 6149128045
953 11695665080 -18322141237
954 -1497066072 -3192174243
955 10277151418 2389306167
956 6881008492 10759715511
957 5977574083 537587165
958 6366812962 -4620703955
959 4341499471 -193283093
960 957482819 -2274034989
961 1880342142 -14802024797
962 8271368053 -3780817228
963 1858542186 -3214271182
964 -2138163693 6035941864
965 -818821792 5863709767
966 9944231663 20420388800
967 -3451871324 3114523220
968 6361645394 10280083021
969 -3707973305 4286352610
970 8531143208 -11244565714
971 7033945177 -12932419599
972 208609297 6393814627
973 28365779068 30243301978
974 344069581 9122337408
975 459627369 6598728952
976 1314352524 -2551260482
977 15043506906 3905353359
978 -3462141357 4033476244
979 4729454061 10823644773
980 7329061374 1089651212
981 1111252032 -2128059459
982 5673831586 17500200604
983 11174314405 2281911268
984 1880342142 19140936303
985 2643091342 8509641593
986 4114008504 10798783171
987 7426855752 21161767153
988 6271680510 10157023107
989 6202900565 11476611545
990 8918740967 12362791525
991 10000000000 -14529720721
992 12706807584 3225298774
993 11463171945 6402797354
994 16255551361 10567218911
995 10042193700 -12011878017
996 102942839 -2057010614
997 9355187648 -13087572966
998 5355161995 9993106975
999 2710980097 8539504956
1000 30766316117 18891686368
1001 8152767012 655329482
1002 7322839459 11822701477
1003 270591807 5502749158
1004 -3489633391 10127209941
1005 6073142380 0
1006 6802935980 864017135
1007 5492250283 12431045051
1008 8361666294 336118565
1009 -1417867579 8707924228
1010 12492888171 3058161583
1011 5040790607 10044297003
1012 10897432633 16295804702
1013 7537935483 700299085
1014 8423924597 393140639
1015 2749247261 -2066826724
1016 11878107657 25886245357
1017 8751834320 -2028513257
1018 6970703621 576751838
1019 -1568558450 8216933596
1020 -5523893925 1930474324
1021 6060857799 614811067
1022 9133510342 -12591783100
1023 4675436729 9996713164
1024 10000000000 -14529720721
1025 4784979555 10153954073
1026 4783941020 11282563925
1027 11634856094 2506381969
1028 10913926535 -1731716170
1029 4910658950 11493356642
1030 -3707973305 16128691602
1031 -3707973305 16128691602
1032 493559912 6083837988
1033 7120228228 851646054
1034 5169608944 -3726364356
1035 5512376650 9991486177
1036 3294627937 8251900566
1037 6178503769 0
1038 12569315070 21653508531
1039 15596614188 494150236
1040 -1275868294 4327611984
1041 4994771949 -2228786632
1042 5548733401 11513713776
1043 29762407790 21214717576
1044 14544651218 1462564330
1045 8576339756 742948543
1046 1019828484 6776756237
1047 21928235625 -41207680911
1048 13855792737 3914065204
1049 10570053306 -1779818083
1050 11691297783 1992090573
1051 3795167576 -522016214
1052 6698769800 133558393
1053 -2595140201 -4385741861
1054 8747446119 22678430082
1055 6768282754 13978238822
1056 1654767928 -1175007406
1057 -760980507 -3037201232
1058 -291480021 -2293326885
1059 6176884139 -10474700401
1060 9145238856 18799697900
1061 7109906847 -6826075745
1062 7313758850 11111709750
1063 5278882860 10957114186
1064 -5140825130 4176669585
1065 32737600055 66654853480
1066 9941166608 2294905472
1067 8232950086 27952434937
1068 6228292557 -5299312314
1069 5274244023 -1722593972
1070 4641584599 -1399525106
1071 8001045242 -3593404629
1072 7974261542 -203994914
1073 528888686 5630950252
1074 7071565895 820565916
1075 -1068885203 5678265406
1076 15479570195 9426644366
1077 9393716137 -1509997819
1078 12805438561 22066237352
1079 17649385335 3275749464
1080 3027981865 8135207829
1081 364783834 10530721605
1082 451562058 6790903195
1083 -1397655632 6559530492
1084 1167603470 6086621149
1085 542397100 8961708547
1086 -176834342 9797612618
1087 9544165025 2228681743
1088 0 6639073202
1089 353460694 6983393520
1090 6957416955 -12712966291
1091 8091986024 16663261546
1092 10519217224 5406845166
1093 8343140562 -10824090525
1094 4069842040 -337831964
1095 14181221869 24471018938
1096 10892049156 6682061064
1097 8278040734 1311602988
1098 2299493168 9849942551
1099 7915615153 747839002
1100 3782006190 14930987416
1101 -1034042023 7389545828
1102 1275022453 -1887925557
1103 6409924053 -6500377054
1104 7651691957 -9277638986
1105 6668072172 -287443570
1106 1594972273 6843756649
1107 11065150293 2687087502
1108 -136580156 -2048604426
1109 2798682205 -2473738315
1110 6977136233 -1718061850
1111 9717871465 -20628880955
1112 5979337834 617182058
1113 -1649866615 9453999707
1114 8866397681 -1583336316
1115 -4124869175 2789055238
1116 4285556871 11369790113
1117 4478621327 9254373865
1118 1463527006 9045745950
1119 5657813224 12462506682
1120 -1114381937 8097104006
1121 11152450922 2822851516
1122 7615033367 -14802024797
1123 9630261880 1421158853
1124 362329544 -8891328804
1125 2141651860 -14802024797
1126 6090995070 10398132304
1127 10959805731 22480396893
1128 4751802092 9147207952
1129 15017185134 2748132606
1130 4169889306 8795093136
1131 8636810697 1683005508
1132 8842086295 -9743221035
1133 7112938525 11213035088
1134 -3707973305 5858065273
1135 6536256191 718696938
1136 5660636380 10732573883
1137 1097620480 6148283197
1138 6568697832 838872790
1139 1129195840 6769002960
1140 -2712906000 -4081390011
1141 1452907249 24801290706
1142 -928489037 -2529685492
1143 3032666821 12738759546
1144 -742622361 9496569559
1145 945749033 11249354515
1146 -1868906722 5294205351
1147 -586418891 7621312487
1148 2756309449 12931844148
1149 3404200268 10136594150
1150 11001107520 2609770121
1151 -3707973305 5834157762
1152 1706605742 7794424699
1153 -4205200743 2811122189
1154 2952710946 7496341405
1155 9938790091 2460537420
1156 4056625051 -5862237007
1157 1235522075 8671156732
1158 9726242371 -1061377268
1159 3763378790 8408970955
1160 0 6526857355
1161 -390804089 -4542758298
1162 5867653531 -3227490204
1163 8261509021 1683820706
1164 4798494376 10715761549
1165 16060991551 38966186706
1166 5971126227 12361272666
1167 -3721665138 -4813302768
1168 5202764899 80947219
1169 6826177709 11683517773
1170 -3335052002 9072086728
1171 600273056 -2732034708
1172 5313735773 -1105092637
1173 735450942 -3333009292
1174 483655394 5975234105
1175 -3707973305 5291040819
1176 10042252353 560436588
1177 5523492674 10208200811
1178 12564263934 25734907803
1179 14136389385 24392654612
1180 -705184881 4610263794
1181 -1989362646 7592444375
1182 6408844676 13249148377
1183 -773271237 9174303311
1184 3196360062 14070250203
1185 1198837159 8287429419
1186 837520861 6827335473
1187 11442505912 2613240643
1188 11493293455 693686842
1189 1260877646 -2640183200
1190 10417262284 2402573408
1191 -707730325 9892188646
1192 7263826433 1162813300
1193 1137185077 -2054733177
1194 7697867134 -1347184962
1195 4624649229 9146645333
1196 3106764752 -1795496480
1197 5646321827 10976203133
1198 -8757361 9833137871
1199 28807895727 9905844921
1200 3130602429 12994347589
1201 3204196549 7809018874
1202 -2946588965 4681602500
1203 446385112 8130833287
1204 975447501 8126678711
1205 -2931621731 6000425127
1206 4950430812 -14802024797
1207 1861960262 -1694389145
1208 5476175228 9845573075
1209 5591400083 9592014399
1210 163109611 9362887391
1211 3762181298 8142406840
1212 8559983456 22252577177
1213 -178710107 6268147142
1214 16458247873 4947758292
1215 320357661 8464428225
1216 7793365686 13305453234
1217 5951422304 10584481205
1218 24439050586 -46823215652
1219 8604502353 539805605
1220 -375202180 8674820118
1221 13158493317 16150536657
1222 11118294718 6821511047
1223 5002896111 9169547933
1224 8731509160 811992084
1225 707815393 6240811508
1226 14846201922 24260866220
1227 3193336076 8368350019
1228 8282485489 17049673973
1229 4671501140 9139908313
1230 4856382596 19140936303
1231 26813748751 46551871238
1232 6449373325 10775848349
1233 1449211974 -2453964776
1234 10537286636 -369052416
1235 5600866040 10306170794
1236 21849257 8703632022
1237 6621367158 10577713542
1238 -406214712 5780515872
1239 7173748121 24853689339
1240 482775027 -3226280159
1241 18954763437 20531376592
1242 5665751514 11105542303
1243 5285696648 9997958055
1244 37197866 -3057707037
1245 11298996907 1226855385
1246 11114057590 15330981910
1247 -3707973305 7417898088
1248 23153268927 3333619295
1249 -199257447 5458455827
1250 10643377949 2452179049
1251 10603847511 -8027026580
1252 7647703457 -14802024797
1253 1569128905 7011762575
1254 3983467868 10433660891
1255 -3707973305 18084341502
1256 4019201529 12584738612
1257 4377043915 -931445665
1258 2272494849 19140936303
1259 -3707973305 -7271981086
1260 5448423145 10039751472
1261 -5236316572 3003442691
1262 -1367865802 6518230881
1263 9024237699 -18639807894
1264 15285696702 26401570592
1265 7327946816 1086779643
1266 197931963 5594574653
1267 1316396547 7680935145
1268 281293336 -2590593385
1269 8131977736 16744381429
1270 5594246797 20232783285
1271 7584020511 26053960681
1272 419185594 6970954257
1273 9759643781 1999146477
1274 8135413694 13445837436
1275 -3707973305 7533149489
1276 7690752004 26366208726
1277 4395209054 11084200391
1278 7658923781 -7363467788
1279 4340266292 -1452217703
1280 342319149 5499941589
1281 -2269541411 -4926980988
1282 5741642095 10435740863
1283 6702752484 1037805587
1284 4834650880 -1941746242
1285 7354829621 11342931198
1286 4790047922 -116521405
1287 9277717194 12590202633
1288 3641934480 -1203003592
1289 8219374378 -16331771539
1290 -329376131 -2980760012
1291 5384966342 10210482824
1292 90265228 -14802024797
1293 7365566622 267361832
1294 11572301518 1460076100
1295 8116387287 27611424940
1296 -3754005600 2790068820
1297 4179610380 10302743177
1298 1056574736 -2199605883
1299 9915481529 16094900409
1300 -2629800234 -4155250469
1301 7427843518 -8812205482
1302 345339328 5701261939
1303 -3214002925 8510940174
1304 -656283361 9303469047
1305 5513159857 11432325718
1306 159957988 8388151966
1307 6528761608 14348055745
1308 9993702469 -11820180026
1309 9543893603 1888174977
1310 6295047620 797083304
1311 7824202682 22191709424
1312 4989999812 10584953033
1313 4144142712 15720879435
1314 10912105868 18756812410
1315 -3434887994 10122584930
1316 -6022038538 1782426272
1317 -5260073531 2844067661
1318 11321094743 15087934546
1319 -1586134768 6995387658
1320 732467327 9770517577
1321 4578872441 9821607708
1322 17028934931 3414651978
1323 9861425566 20252423472
1324 7639285889 24010220151
1325 132050239 -3293707314
1326 -2574890262 -4864677305
1327 -208188678 6775928614
1328 4284622929 11315001
1329 -1035234975 4550597918
1330 1416203094 19140936303
1331 14438263465 3568399592
1332 1679471090 -1299551375
1333 320256070 6013645837
1334 5558032530 9993972594
1335 3549907967 -915103588
1336 3887215692 8667224124
1337 5888317563 10011781720
1338 6229471127 11898130630
1339 2702624192 -3429762303
1340 8513141147 17517539918
1341 4689549721 10192735426
1342 -196272214 8274636329
1343 7394708899 590306764
1344 1506900601 9315965340
1345 5208952672 -682748999
1346 5410276393 11223635112
1347 -2772207993 -4264980739
1348 4658461629 10826890162
1349 1129289087 8887355169
1350 -207880809 7695829761
1351 1820961097 -1605217677
1352 6458142323 11818479950
1353 4939596560 -410745142
1354 455712758 9187228593
1355 10187735957 2400554994
1356 5584695437 9943188408
1357 40806884166 15744812429
1358 -111349647 21014112330
1359 -752546354 4568190074
1360 590286721 7627905251
1361 22703337564 1900742863
1362 1234700403 -1470882343
1363 8704190800 -11631593343
1364 3566379939 10898381654
1365 11136539904 2485232279
1366 1378863445 -1953711089
1367 -3123918541 -4656860851
1368 -4394442137 3251472272
1369 5993690348 -1406227318
1370 -905742128 6425656533
1371 6878616036 19140936303
1372 -460160134 7144064902
1373 2333187655 -4310031058
1374 293979681 5477792306
1375 760641053 -1535570937
1376 5963378447 12345556933
1377 1219852808 -1573741536
1378 -1725601641 -3256210898
1379 3870703253 10233100102
1380 12728556962 4981527069
1381 -504825077 7326206178
1382 9443179738 -10854511882
1383 -3476231953 -6801912899
1384 1768475002 6631440992
1385 573884335 6333374762
1386 7114839708 465257769
1387 4331801425 -1915844291
1388 9068584255 -16925561179
1389 5284418256 10968342279
1390 11505712017 23587722694
1391 663953456 12015314430
1392 11402700920 -1045658084
1393 7523918764 233388599
1394 -37091235 -3059016871
1395 4654601265 19140936303
1396 -4696458125 2517923442
1397 6028471970 -5647244721
1398 -497989055 -2934470616
1399 9747114442 -20712738490
1400 1056860579 7381127842
1401 5405880739 9502523448
1402 -173061557 -2099598226
1403 6195440662 308701056
1404 39107763962 14009858451
1405 6723570909 12475235212
1406 11138977414 2283989771
1407 -209174512 5212895575
1408 11138157072 2144901985
1409 10244934868 4814756799
1410 11884252154 24355560087
1411 1635392734 6817994500
1412 -2267073864 7772426327
1413 11202341043 -13913278106
1414 5399081904 -669938884
1415 2702624192 -18237236085
1416 9797368051 1628885906
1417 5751858143 20369877241
1418 4539712082 16043892891
1419 -4450329354 2867707181
1420 -740350005 7774511154
1421 6349474085 11122230593
1422 3956865687 8496942512
1423 9112382165 1255884282
1424 15100776281 26078341475
1425 3856327958 9793905274
1426 5521087814 10487079386
1427 12449737817 3229375608
1428 7742611392 -7536312153
1429 16596178011 -1183883981
1430 1266395136 10736249602
1431 -1942072051 5595016399
1432 3591135293 8587635309
1433 -302220679 4920904086
1434 3949635618 10960758020
1435 -2990206615 4468287154
1436 9430604830 13295033926
1437 10074154097 17292126093
1438 10769796873 6251056425
1439 2787836796 7415130915
1440 6635768764 23279805208
1441 11181138101 1355654434
1442 14398579364 2261603293
1443 6911105619 19140936303
1444 10136132522 34743391
1445 6301318613 10543131365
1446 3557257242 10228363884
1447 5189104472 9839540332
1448 5370480888 13180327120
1449 11862335962 2476385259
1450 2474653018 10152710962
1451 7799242634 11686457413
1452 9471180334 19460843259
1453 6681375217 -1511364825
1454 4193145815 10309248503
1455 1044577585 -2227851282
1456 -735837392 4997469088
1457 38209045 -1990196017
1458 6643721126 19140936303
1459 12007561388 2637755706
1460 1337283637 6776299234
1461 2702624192 -3712182515
1462 7415420289 15290903847
1463 14654968505 7376575103
1464 24482130911 16530492939
1465 15764545759 27238568240
1466 76161463 -2695826040
1467 -98134594 -2685264104
1468 -1810493954 -5030396003
1469 557665730 7627557113
1470 2467892738 -1557486048
1471 2076656620 11116069570
1472 7777489916 -9558990985
1473 9999233412 27829493230
1474 428924764 11510394542
1475 6924854538 -3680601687
1476 8281049465 17046761116
1477 8558101793 17608738875
1478 4444713844 11895643062
1479 7611020409 21639130763
1480 -3707973305 19140936303
1481 4965344440 10087551434
1482 15980118629 9586145448
1483 -3198369995 -5353421219
1484 8153703487 -8478158103
1485 7696287007 26382401640
1486 2742966541 -1958235939
1487 1804930735 -2085287722
1488 6107686226 33271256
1489 6737006637 -5526954836
1490 13550441931 27735288396
1491 5262482676 9978511199
1492 -694859883 7833288221
1493 8399110188 23681897209
1494 -1523624043 -3909076577
1495 11856157428 24298572257
1496 -415832579 9867528481
1497 4831055591 12973403556
1498 -671685525 -2671546461
1499 6053397061 10861809492
1500 10656616508 -1065794246
1501 6020603021 -2046374494
1502 8042849141 -10152477153
1503 12899911798 1011475572
1504 970453496 -9807599937
1505 6162209715 19140936303
1506 17531175433 35809877432
1507 14576678679 -2980325868
1508 2679486028 -2551119165
1509 625265881 11388334226
1510 6221310722 231237292
1511 -1721330697 6263125795
1512 1880342142 19140936303
1513 2639669164 7541646025
1514 4452471731 10130332869
1515 6782908030 -1812690772
1516 5717958390 10460432224
1517 1401362026 -4173535993
1518 -3717054615 2941607378
1519 6502071961 -4556103521
1520 -3707973305 16128691602
1521 4843074231 10850274074
1522 6177707200 11337833208
1523 10978588872 2822494399
1524 8346031943 28283261275
1525 5821254856 -4543512094
1526 167187986 6267635005
1527 10560129586 2239075288
1528 9063433168 18633761820
1529 8728778933 1454313206
1530 4876717525 10004702241
1531 5545122512 -455394348
1532 5406901148 344538648
1533 12770259141 7430212245
1534 7090032561 11104381655
1535 -1585951883 -4532530577
1536 -1273224413 6073759158
1537 4182253759 19140936303
1538 10431791488 617847545
1539 1219241386 6213292583
1540 -3707973305 4638715416
1541 1243020065 6162520741
1542 7847954963 13758783927
1543 12231453709 3174666724
1544 1372722476 -1613811294
1545 8680510134 1273807371
1546 7378983364 11189332576
1547 16932581791 11185948506
1548 3472569869 -1791464041
1549 4331814784 0
1550 11363880626 6639922054
1551 10899046736 2762344245
1552 7960203444 -522550741
1553 10313735549 2047155202
1554 -1168472201 -3305395433
1555 737698506 5800484595
1556 14263381006 8437955051
1557 5833015733 590340854
1558 -4104606503 2828771878
1559 1880342142 19140936303
1560 4572279958 17242970817
1561 -335493829 6472654488
1562 9316736881 2062403649
1563 2714043431 10012592056
1564 9773244728 -14022573789
1565 10954263749 2054521949
1566 9020086372 -1210267998
1567 -3707973305 18084341502
1568 5058597419 115269826
1569 11521460096 2048228450
1570 4733268934 10617632995
1571 -645314458 -2322615448
1572 15364538069 9369972887
1573 5008122495 11638054390
1574 6122785934 299076575
1575 6402494458 -2592824800
1576 -2540759948 -14352606608
1577 -3126641342 4619909745
1578 -4189860934 3343478749
1579 5926052379 10041508522
1580 1300179647 6287401106
1581 187504911 5353638984
1582 -3867620580 4304405636
1583 3610308605 -296805096
1584 6850475407 -1116842795
1585 2962548249 8519868749
1586 12168215030 -91195291
1587 -5440170445 2384001360
1588 11193975711 2595616177
1589 3362597324 13251595287
1590 8769580264 -11777839407
1591 -3707973305 18084341502
1592 -932818722 4463455680
1593 1084438603 -2237340314
1594 -481303889 6320243553
1595 -1139165950 9803199525
1596 5514761905 20000246464
1597 22522273588 7929666772
1598 12464393577 -20041432245
1599 1200419799 -1625877805
1600 6587080793 13610685613
1601 -4207826357 3857289804
1602 -3707973305 3887876629
1603 2092916881 -1890768180
1604 7269436659 -428869813
1605 1848911715 9677515844
1606 4891372066 260127754
1607 13525007145 23323997401
1608 6618360116 -11740682562
1609 1895971171 6856778134
1610 6142310450 19991107383
1611 0 19140936303
1612 14068117149 2775524561
1613 5288495421 10723511261
1614 -66729327 6278697523
1615 3003704227 7519840980
1616 11158665100 2545293404
1617 10000000000 20533510262
1618 9664476008 1058028701
1619 19100731295 5602365432
1620 6678277597 373625128
1621 9375326076 12625392349
1622 720901214 -1653065721
1623 21947631581 1951584810
1624 9692002199 -13840871732
1625 -749911172 -2622037370
1626 9259527392 12613152884
1627 1040052626 -2135560853
1628 3992957080 -1643106795
1629 -230279283 7348245792
1630 1111416253 -4236220042
1631 479452163 6460631061
1632 -1190652393 -2855434563
1633 15340636852 9977921469
1634 6041095287 -14802024797
1635 -3647214667 4041150593
1636 11229165504 2206561221
1637 11342568051 14172342233
1638 12421055359 2923503754
1639 -515841363 7169092176
1640 3735464324 9590496262
1641 11228659445 2630355280
1642 19252818989 5584412439
1643 -237379583 6421627415
1644 5436177527 10715148786
1645 991903785 7034454715
1646 -3997460524 -7859181993
1647 7205888232 11079901921
1648 7376519780 877747543
1649 6557037952 13110519576
1650 4050847088 12345346775
1651 9603690362 5553353540
1652 -3707973305 5802410427
1653 9625359938 5781225703
1654 1503279918 -5106359213
1655 8374401156 14321066224
1656 7789276534 -9585352212
1657 15086090109 24912018804
1658 9202496443 1720715364
1659 12927894342 26472502045
1660 531837656 6957129993
1661 1223315854 6504664028
1662 -7159934015 2527528071
1663 7903140214 21516279855
1664 6117018363 12657202810
1665 756770611 5833238549
1666 11273439473 2592913881
1667 8851318474 685776057
1668 5308716061 10394970650
1669 209299633 9188510489
1670 1880342142 19140936303
1671 5868724324 11178690200
1672 12039150489 2934196458
1673 7181577490 11341577244
1674 7050406297 11103044113
1675 7766110899 88307486
1676 11865717149 -270204113
1677 -3448676793 -6746019534
1678 -155088747 -3435421948
1679 5540768364 17031811376
1680 2939058033 10014870520
1681 4220229335 16213030019
1682 -3707973305 16128691602
1683 5775738522 11199404829
1684 1561397897 10206838336
1685 -3158129144 4234537929
1686 20751911778 13969782089
1687 8178720526 13976817454
1688 6344503285 -301527975
1689 39595920979 15002298852
1690 -722498707 6821011913
1691 8418000591 -1313447477
1692 6650050428 -6029704848
1693 9956565151 20445406259
1694 7438170698 12195327611
1695 2344211837 10050098891
1696 945313201 8210374496
1697 12429298476 25461141523
1698 3388141956 8512825539
1699 4478990554 12057922093
1700 -3707973305 6723800965
1701 10819178874 17448531627
1702 14859752941 3653677963
1703 223273826 6128438619
1704 8991235453 844885851
1705 2330775445 -3882313066
1706 3988479896 11560547533
1707 17444262394 30174605920
1708 -552436756 7572811755
1709 9850487455 16901171049
1710 4348075113 12762895117
1711 11466536486 5475822199
1712 -3707973305 6784716506
1713 -112890510 -8175306326
1714 10470444233 2606303711
1715 5474223880 0
1716 -1320309713 9943940701
1717 6233156665 668775220
1718 3025508582 10957923303
1719 3105971747 -729505452
1720 15764437196 699080524
1721 -3252814259 -6348728564
1722 10982300794 2782455331
1723 945343110 -2923932948
1724 10000000000 -14529720721
1725 5730582241 -479142124
1726 6661237644 10442893046
1727 -4978899427 2713416794
1728 4417297018 10504133950
1729 20042142667 6092622693
1730 -3390878106 4050112262
1731 12113200821 840608737
1732 10007210966 -1800447119
1733 56463958 -2394780279
1734 6111957777 14905580811
1735 6400921520 12560607284
1736 807090630 -2606912486
1737 -3020618121 4379781922
1738 2323175867 8814666741
1739 11877074714 2861055927
1740 4981709812 -3306120683
1741 4679744030 -536358689
1742 6439580827 -14802024797
1743 134833338 -2722340185
1744 11505667792 3058340494
1745 10864800462 2319655868
1746 6185294143 342296749
1747 -86220126 -3049772409
1748 11242876502 14439147013
1749 -3707973305 6378164220
1750 1506098797 -3065098462
1751 -129155501 8042579431
1752 3955283447 -339393287
1753 11083838316 2943078237
1754 -3471377422 10125667637
1755 5794358215 489664540
1756 5973906756 -1055266648
1757 1944921840 7889441725
1758 11635368433 3087052645
1759 5413391426 9958065667
1760 6455054245 10424203812
1761 16585844129 11220347056
1762 -3520433098 15709250679
1763 5230054826 9781378417
1764 890976154 7019375295
1765 8173933661 12471636996
1766 11531554298 -1648270697
1767 -87218896 5134916732
1768 10032551520 20599538331
1769 4830394579 9640626452
1770 289143202 -3748860077
1771 -2432791970 9691924536
1772 14939158369 10012268288
1773 10502480895 -14456465949
1774 6500597992 -177142761
1775 6220543859 10189801167
1776 20457566890 421305456
1777 3363056332 8060880186
1778 5492052665 10534215604
1779 5855645933 -939083394
1780 5353039740 10698825647
1781 -3486676833 10074429103
1782 1821567044 -3504300018
1783 -3471789573 -4638352897
1784 11819297845 2958034371
1785 1751211507 11996441222
1786 5859166765 -9563609996
1787 7985563937 -10024356579
1788 5436766090 13316391354
1789 2165275280 -4272703524
1790 3046884078 15231753592
1791 -364489893 6582738713
1792 8734179112 -11698663362
1793 5421320309 9746107104
1794 -1602409464 5735129090
1795 10000000000 -14529720721
1796 735430173 8530489785
1797 -2565881854 8098549474
1798 13200118339 27556648800
1799 2984949549 -968825730
1800 3919916324 14383648561
1801 7428618291 12173477736
1802 9033341516 -10081208464
1803 5038557101 153310475
1804 981039379 5922238449
1805 705492456 10203664113
1806 -3707973305 3940151370
1807 4835280041 9603370289
1808 9416867202 -3162448874
1809 13938727568 4062065045
1810 879194308 -3351240114
1811 6874114957 -1858455445
1812 13560977926 7185117363
1813 4868937971 -1446772623
1814 -388376257 7701297008
1815 7466417175 12143424211
1816 7817112012 11504631345
1817 7040185170 11403713734
1818 5431292569 -299089518
1819 7177552490 775926586
1820 1399948441 8995055089
1821 33029237 -2650291255
1822 1747922897 11677199877
1823 5554985363 11902251239
1824 1355561457 8497035070
1825 2277272443 7583208897
1826 -2790823837 7704717512
1827 9967669042 -11831412865
1828 17314248014 -30888319216
1829 6352618379 10463681592
1830 -3225896494 15050508175
1831 -8713641889 2254421451
1832 2297905619 -2935037353
1833 1553051580 9174842817
1834 9634191081 26883286029
1835 12707640831 26025735993
1836 12137790315 3419536629
1837 7952751470 -15567200278
1838 4214436727 -1725510089
1839 17009323184 1253616177
1840 9906247929 2102016408
1841 4268076607 10218002825
1842 8384812839 12037897401
1843 1744433959 -3194891038
1844 -5567993853 2999587007
1845 5433277910 10186088398
1846 -155175947 -2768111149
1847 4935613594 -283616928
1848 6482634353 750706567
1849 14199321798 2240320687
1850 1832725605 7586710226
1851 172978072 7715977169
1852 -4785317925 4872373307
1853 9364816490 19245092990
1854 1714330754 7284505084
1855 2941046453 17430510506
1856 1264512809 6795363163
1857 -1026291395 5042127628
1858 7511378419 11125581571
1859 10473160230 2471610478
1860 947356248 -14802024797
1861 -3707973305 18084341502
1862 6538036740 22993885537
1863 3135387288 8680782395
1864 9528514882 5544118810
1865 -2193974040 -4667062775
1866 5773629492 19140936303
1867 10594417898 2334783300
1868 13874650030 3402934361
1869 1558640386 19140936303
1870 -206098738 5971469406
1871 11327222207 2867931598
1872 11619775430 2434008581
1873 10273232693 13331115677
1874 260832816 14930929516
1875 -3707973305 6469208034
1876 10926304363 2852276970
1877 8119801065 -8574992001
1878 20593578614 13523850729
1879 13399783780 -6807250946
1880 -255501233 -2123265996
1881 1899008661 -2116383201
1882 -458852284 8058470325
1883 11706546406 6897281438
1884 6588253687 19893939610
1885 9761118366 18498470385
1886 12968720517 1276028990
1887 132536102 -3441942493
1888 77333359 -2869961011
1889 9816878691 20162063816
1890 -2666910078 -4230146669
1891 6240929698 12908546715
1892 535425235 6131526057
1893 3597273077 -2714658399
1894 -1044447871 -4798638279
1895 -1402228203 4649166518
1896 4656829293 10552325520
1897 4516737017 19140936303
1898 1517980265 25855879762
1899 1880342142 19140936303
1900 597559927 5629790060
1901 9733484097 18446133886
1902 5770687044 11227516430
1903 937943095 9278389274
1904 12022085025 2072954636
1905 -3812469205 -7483942385
1906 5453108577 10339537298
1907 -1325103172 6581995791
1908 -3567283382 2958630548
1909 6722853166 14794399298
1910 -1813789423 -6520804607
1911 2636134614 -879980910
1912 12698738539 3623007043
1913 780264081 9225414316
1914 4587101530 12527877116
1915 -5463785330 2753936761
1916 11160326341 7060142333
1917 951032030 9359874448
1918 6223127883 11726965361
1919 536547949 8794674454
1920 -4869365427 4541633040
1921 467201026 6172970633
1922 13940589206 4031088445
1923 6869184912 11289248410
1924 735493990 7711786950
1925 7786090330 -2209950896
1926 0 19140936303
1927 30285166269 9649306882
1928 6898227431 24047640492
1929 4997072585 12985162497
1930 -1126892840 10356005345
1931 2578902382 7310827530
1932 6213640374 12853192576
1933 -3707973305 27390968467
1934 1071289123 6330905601
1935 10947403992 2377326756
1936 3153919680 11053119170
1937 6399635852 10917676137
1938 6879199028 12364037086
1939 692794155 19140936303
1940 9333466432 2145230483
1941 -3707973305 19140936303
1942 5170794377 -3729015623
1943 5140782126 -3415981728
1944 -27018412 -3085209235
1945 2578634074 -14802024797
1946 11012994843 2106311616
1947 17770299394 36294920631
1948 5931587056 10322348134
1949 1015154338 6150966305
1950 -366387455 6510273836
1951 18867160551 1682582801
1952 12139706790 -521575405
1953 5225946001 9869097906
1954 1078594640 -1534653564
1955 2238074812 8502242897
1956 -3707973305 18084341502
1957 7825693561 21563696404
1958 -3963298626 3614987242
1959 9168187229 18846246779
1960 5414422687 0
1961 7264322595 -917107468
1962 5539017607 17618341940
1963 -460083608 6923571021
1964 5356408483 10657782949
1965 12384203737 6602258529
1966 6083001168 -416085169
1967 5504953695 11415680198
1968 -3707973305 16954281103
1969 6019997073 18006694258
1970 4343013394 9000630883
1971 1006961439 6694612502
1972 9839260029 -1622224248
1973 3179128682 7752012460
1974 10581690850 1612723445
1975 1383892940 8172593894
1976 9200860286 2040065733
1977 10701676432 2508396859
1978 10301202790 17688881242
1979 1904640381 10162822422
1980 9074195587 12611395971
1981 31769089 7720218494
1982 10849844593 2165565496
1983 15260384729 9239708835
1984 3188079140 7863693239
1985 5226737982 9987548391
1986 8236658738 -10585939809
1987 8962401073 -2313526490
1988 -3707973305 3005181772
1989 38341437792 13808806021
1990 -660466935 -3186044893
1991 11907645952 2945726735
1992 11268742429 2793168448
1993 2288485340 -1662832565
1994 11893909581 15271490999
1995 -393370764 5572275186
1996 6732023742 19360729309
1997 5877011006 10619933585
1998 5743832606 10862522110
1999 10000000000 20533510262
2000 6655587457 10994012679
2001 -824571359 8265255496
2002 3294426358 14175089240
2003 4506632053 14386416515
2004 5023861823 -178310246
2005 -4864565653 3156756302
2006 -2145360804 12633848324
2007 11544291092 -2168411520
2008 6933601192 -1276357371
2009 7042532124 -12957043637
2010 5000375423 10875406498
2011 15261780955 9715620355
2012 -23350066 5799821587
2013 21027201667 1719181241
2014 5442011685 146512612
2015 13271383665 3392376546
2016 5850164668 11251943725
2017 9460079540 -1169830136
2018 6849440409 -5588114709
2019 25286998013 15863758823
2020 -4068189060 3594495277
2021 -3707973305 -15364615142
2022 -1222989929 4544874552
2023 1111745623 -2420855361
2024 14848804089 9770495977
2025 14070105430 8492607916
2026 1312898461 -2761211202
2027 5749306817 10472443891
2028 -3707973305 6564146230
2029 6318281457 89995491
2030 11229503430 5189401044
2031 14625516702 7707032229
2032 12037072462 2538855201
2033 16385196598 801226247
2034 7212512962 -8295398182
2035 6476371021 689335328
2036 -3987219806 4504651341
2037 5422348887 11150430935
2038 2968136739 7897613868
2039 4165978193 -4447234861
2040 4058471172 8649170968
2041 6132808702 11453224921
2042 6509227214 11066317496
2043 10839237750 2414675217
2044 -1743561360 -5196858151
2045 -1057396085 7317909434
2046 -539989084 4919822039
2047 -292975978 7414222641
2048 6744109931 13929206248
2049 13071277583 2834487107
2050 4958515823 -14802024797
2051 11983183911 20628988602
2052 11329050855 7064504456
2053 -3594184475 10136042647
2054 5583489978 10586466431
2055 10510941899 21569913693
2056 -3707973305 -17771398955
2057 12530688143 15589662862
2058 6908842775 1126215469
2059 6002545484 10723463363
2060 -22100015 -4125257063
2061 5300410072 9830559847
2062 12236650384 987943913
2063 7761670830 12791798720
2064 -3707973305 4302908857
2065 3086895507 10297550920
2066 2646889670 13726610592
2067 4665944261 16725427606
2068 727367394 5722925793
2069 227674967 5719313050
2070 2208272159 7898464054
2071 5354630866 11657122364
2072 2766584194 -2192125182
2073 11373074096 1699922668
2074 4216044097 -2625967588
2075 1768238176 10610096198
2076 382202091 9800108755
2077 -4257651600 2550420989
2078 9319608668 12537347752
2079 428652501 9625862480
2080 8960168813 12837467915
2081 10825358833 -1479717236
2082 330056785 5477130059
2083 11315433184 2254573050
2084 1734055562 -1449744926
2085 7264641825 10992158654
2086 7191208185 10997856865
2087 -878423137 9906609150
2088 3784798414 -293367487
2089 7206854324 11532665881
2090 228362488 -3258818551
2091 21830321783 3909398099
2092 4218023735 10943799171
2093 7256370003 -8393486151
2094 9636825176 26890113729
2095 10006607371 20546912770
2096 10639203821 13593780452
2097 16797180803 11523275722
2098 7119772443 -13178538964
2099 13540286421 15937362456
2100 265919817 8280266165
2101 5805718679 13291614185
2102 8643738545 -14802024797
2103 9676986972 2046213960
2104 6301854766 -567468879
2105 6883142420 14211222165
2106 9690885109 -8655944159
2107 5390505820 11183532139
2108 836989040 9761687353
2109 17203948142 35146123907
2110 1506354580 14122245267
2111 325006939 6147867364
2112 -1167401380 5965724275
2113 9529396673 229040808
2114 12304676233 5857334722
2115 10732669812 1745805681
2116 6055338480 -5707332710
2117 1053754932 -3002188749
2118 5417810167 -3895733800
2119 15831427754 10357964159
2120 4214359140 11315920159
2121 3892071336 9307993906
2122 1950046324 -2527504284
2123 2512164113 12814326494
2124 818442443 19140936303
2125 4578112420 -2237341259
2126 5125617522 9267666740
2127 3934017077 8971105987
2128 697663409 12561626088
2129 8492658039 -2205518445
2130 8786911230 1927010262
2131 -5120688289 19288283288
2132 6997622363 11245992237
2133 9799423450 32535227077
2134 2510261411 7331251363
2135 6953321401 11600984577
2136 4403299812 -823370891
2137 4800840525 10051450064
2138 1208305807 8666100363
2139 6250821410 119360274
2140 13632842481 23512486699
2141 8577923559 13065252539
2142 10984856304 15427099933
2143 897797342 -1809361744
2144 6632526283 -5713369604
2145 16462727104 33642618268
2146 9902152724 -21157328250
2147 267169391 11622789920
2148 4747637734 -2782609428
2149 14614119806 7834656578
2150 8807366620 12685996900
2151 -4404476635 13114322042
2152 10000000000 -14529720721
2153 7216849302 982910781
2154 17236833365 18993993311
2155 5051956298 -138765700
2156 13438673166 8765328074
2157 930889270 19140936303
2158 -3707973305 18084341502
2159 1154433400 -1493148432
2160 16559779281 4837431797
2161 65121315 9819576077
2162 11175217488 5716952233
2163 6695078485 11074031601
2164 5141785578 18909086525
2165 10644698817 -15971614554
2166 4757744415 12020490674
2167 8293793205 13152520935
2168 -3707973305 18084341502
2169 232873374 -2352684594
2170 -3394989298 4388101560
2171 6456267118 936010548
2172 -373321423 6618621159
2173 26668651657 8892327755
2174 8525420687 963789600
2175 1243571574 11347019150
2176 4614766864 15730730537
2177 11703060744 3234370501
2178 -1551931222 -5107118690
2179 11593790872 1728248942
2180 -3707973305 16766686879
2181 34164500 -1982878972
2182 10522970079 987946599
2183 5502894725 9879813340
2184 636518888 9240170147
2185 11835332061 2535635908
2186 5570429228 19140936303
2187 5840849853 10795013648
2188 6659941700 11673953192
2189 13160372119 16152215157
2190 -1277876800 6252173528
2191 13195630060 8428443257
2192 1079998287 -1650473179
2193 4625341513 13865681570
2194 6243206141 -1347942645
2195 6210458513 10724691132
2196 5862451535 -685312904
2197 -5727128283 4265211338
2198 -4551725405 3767271142
2199 -2032748139 3534505678
2200 15587699081 10184755045
2201 -3707973305 -16295215762
2202 -5534274026 20213283779
2203 8567836908 -11326632592
2204 -3707973305 16128691602
2205 20061684008 -37033066048
2206 10658207059 2720959803
2207 10966792611 18852401354
2208 3047130929 9537516519
2209 5419561433 -3088817044
2210 -716148813 -2658760918
2211 10786355395 2624047810
2212 6702939923 -518805619
2213 5030376044 11268450483
2214 4817310315 -681811199
2215 6764124002 1035179513
2216 780496071 10295490825
2217 7873495631 13569530813
2218 7455667802 11258140087
2219 10872718567 -13983493563
2220 8967296730 1763916431
2221 10744713370 2329560658
2222 8096010232 -10271373987
2223 5554962012 10069183153
2224 -4473787274 2397158973
2225 9512697670 569850723
2226 7404388179 -7336053107
2227 12268679354 3002509282
2228 -362811966 9474821204
2229 6438504414 -589156837
2230 -259502222 6390845499
2231 6308284850 11385465115
2232 5311098986 -845898158
2233 6594364081 -2161320034
2234 8462904759 -1462740029
2235 8818115991 1775340215
2236 -2841523050 7136558089
2237 7438050093 11698552845
2238 5873693854 -2330435184
2239 13104470890 8374862420
2240 9186061518 12891902730
2241 8695884074 -14802024797
2242 6465957459 10313479188
2243 3873282156 10333621066
2244 5419600082 10128738903
2245 415399695 9718431943
2246 10180996302 -742518093
2247 -5203769162 3260320640
2248 11535443248 2378799877
2249 11315448441 2185858004
2250 7812196973 11666370630
2251 -534934236 -3937551936
2252 9882181022 -14266214023
2253 -568045604 5568713448
2254 5801206974 19822103229
2255 -5222123292 2613433445
2256 3839540931 -751615816
2257 6004896336 -9981505978
2258 11509354155 2497598840
2259 8468497622 -11104456437
2260 3314762785 11100546635
2261 5336427023 -4735716774
2262 4010106811 14120549780
2263 8137504579 861072700
2264 -3111566581 -5650005866
2265 1053837563 7329094366
2266 11574842706 6959858090
2267 7876766378 979863874
2268 5876578202 12169489806
2269 12911203 -4134048222
2270 -1806259174 -6538071878
2271 -492917399 19140936303
2272 7505765489 -14802024797
2273 -831864186 4687163469
2274 1815745677 6984320304
2275 4453808691 -5022269627
2276 9610565625 2168797513
2277 351856056 7259228060
2278 11358221846 2358853003
2279 1272370329 -2668277991
2280 8528006076 280023192
2281 14832811615 8912768130
2282 8098015938 27557678687
2283 -991657049 -8235607512
2284 -3707973305 19140936303
2285 1582300673 -1626144733
2286 -2603947326 13659494814
2287 5090963151 10575934581
2288 3976669868 11247074885
2289 13913329578 8478752538
2290 45179681 8386516001
2291 12895640945 462116067
2292 -4042292855 -5349963908
2293 16932926000 3692133119
2294 6666281165 -484361541
2295 2428531715 7285441004
2296 -3707973305 18084341502
2297 18824645646 12124706229
2298 -2655801730 9838493070
2299 9926438757 -21226971191
2300 5693557958 -9088708062
2301 2101430774 -1881359078
2302 -112608459 -2355935073
2303 7886708462 1584427651
2304 1084176128 -1838274559
2305 6415366384 -7126048791
2306 6122314249 19140936303
2307 11926705135 2000847651
2308 1290231657 -1506903016
2309 5703505938 9983339272
2310 -4613229600 -5927117789
2311 -3723886601 16164282304
2312 7449819337 12045060071
2313 7345434459 -13825650249
2314 -577324348 4849273104
2315 10088437415 2376213494
2316 10225656665 16680939244
2317 -3416919950 15477739521
2318 3386469013 -1377089350
2319 -76530218 5704426743
2320 10997157439 157828588
2321 3846494642 10494867361
2322 8596077172 -9399798213
2323 -559458232 6646639720
2324 -455447136 -2155802563
2325 4300123113 9600505816
2326 -3879801546 3077511265
2327 10760713838 2050168979
2328 7056120860 -7945621199
2329 294050053 9773575756
2330 -1162940732 10627982805
2331 226763027 -3485433555
2332 7077921988 -7994380264
2333 3716836156 -8287317745
2334 6428551934 10967950590
2335 13183212416 -8746997412
2336 6297245360 10182850121
2337 7881520481 765994945
2338 -3707973305 19140936303
2339 6184622638 19140936303
2340 -174205941 -3706823444
2341 3674771127 8322529744
2342 15766837954 10174893860
2343 6285302168 803294050
2344 12132243315 3397006752
2345 373613461 7287458819
2346 918805021 -1593627856
2347 1610268124 9659567588
2348 7523079218 25875674038
2349 558205519 -1716543857
2350 5326066104 -3173028615
2351 -3707973305 -12893825612
2352 13151864752 -3024910541
2353 96814914 5628736390
2354 4876234410 -13040638
2355 4721333205 10489955796
2356 -944936789 5349011451
2357 3642298594 9995857890
2358 9338691413 -10617971388
2359 9856391375 18886747712
2360 6121911482 10421421765
2361 7344729281 15147512978
2362 4069816321 -1266635630
2363 4044464675 8583794558
2364 894584961 10009187479
2365 4718104874 9472030545
2366 11265351028 2669433780
2367 6411590676 -14802024797
2368 -3033779362 -15002060309
2369 5940181344 10105817355
2370 9802921791 1595153769
2371 5895492120 11112627560
2372 8976515047 1028983019
2373 -235225492 5133563316
2374 -123207880 5888814174
2375 10757783942 16140688823
2376 5156811967 -101610731
2377 7329210130 12855710028
2378 11242260432 27276345807
2379 9007164336 1825250165
2380 6982755084 799014959
2381 9743111738 16238322660
2382 16738402550 34201803134
2383 -4943866427 3750355081
2384 11635319123 2556178963
2385 638545723 11603550552
2386 12059192657 3344471333
2387 14688250032 8545180917
2388 -996700079 6528940711
2389 3381880713 -2511341855
2390 -540276584 -3112527663
2391 7101993194 11866296961
2392 10918043119 6323466967
2393 221000438 5606767754
2394 7245341425 11186484095
2395 -709811807 5235570766
2396 10929615171 2628350903
2397 3392030000 13790093574
2398 6982871050 965688290
2399 5449353696 10062859140
2400 8041043884 16559929622
2401 20878796311 689805187
2402 -3707973305 6964909228
2403 297606789 8325427620
2404 13936459964 3616410242
2405 1038550185 -1817884332
2406 4605929082 16901216665
2407 10000000000 -14529720721
2408 5371505687 -529956234
2409 14779710178 17598912828
2410 -469111624 4961149185
2411 1573154643 -1223499850
2412 6291780785 10781774888
2413 3682688061 8711389793
2414 5588174574 12077201088
2415 353709723 8469974112
2416 -3866345955 4650505434
2417 -4981804069 18977663360
2418 4346936486 9550059327
2419 7050603324 1027148083
2420 1880342142 19140936303
2421 4106303961 14965860339
2422 755537815 19140936303
2423 3987437737 8375145094
2424 9012971129 -1541738531
2425 624790398 11131043237
2426 3546584357 10552558747
2427 -702077924 4655521212
2428 827271920 6455320316
2429 2751749009 15459847477
2430 5217153297 -3832699140
2431 4849774176 10086702671
2432 5545447785 146989659
2433 783185490 -2460600956
2434 6167091349 10275412602
2435 8387267962 12535102815
2436 8014854569 11515391823
2437 -331023859 -3453443952
2438 5478682205 -4417618654
2439 17554695134 -31426088497
2440 5466785076 -375676111
2441 -1922033284 -3741329290
2442 1773836835 -2904453395
2443 1715872930 -1502537069
2444 -3440353423 4817937627
2445 6341386096 11688405024
2446 7371564483 13228226591
2447 1994338221 -1472475051
2448 11360777070 2702508978
2449 8574821997 17642654427
2450 7701842802 15871888252
2451 11870914828 15274870144
2452 212762840 5816569816
2453 -1211711005 4278520621
2454 7742182068 -1584571281
2455 11373806466 2654231937
2456 10824605115 2186174999
2457 1979444293 7497128568
2458 16608994911 4711945689
2459 7084507634 13170214076
2460 4033348169 -1674847969
2461 5221354218 19141868356
2462 7869230745 16211420866
2463 7193337056 14840426356
2464 -637866032 8920396533
2465 8052572599 12252578707
2466 1561164757 7318543677
2467 3756750058 9256845289
2468 6920864470 10909605853
2469 7494488713 -6945005548
2470 12216828646 3241267577
2471 8678822864 -343380890
2472 10886722772 2058491672
2473 7426331887 11853570235
2474 9254881263 12619014950
2475 -789337534 7049492482
2476 6912685116 10846549992
2477 6694064617 11378146756
2478 -3707973305 19140936303
2479 139506078 5616191484
2480 -5226974160 2194613552
2481 16351884821 33417783854
2482 1033911444 10129729049
2483 3542182020 16498801395
2484 4708626803 -7765891020
2485 1338993216 10938082336
2486 1880342142 -14355733175
2487 10681808435 6530441476
2488 3686136869 10151632655
2489 8232494208 15940579922
2490 -279081834 -2466772407
2491 11501233745 6581773808
2492 2241467215 10321204972
2493 6006781345 12042461524
2494 5748179936 9786146803
2495 698077954 9191903656
2496 -2208425784 -5615881953
2497 1568783701 -1537020925
2498 7741467950 11540817517
2499 7749612017 401117631
2500 5139295770 9923748381
2501 -5485555614 4359932624
2502 8091203257 -8525466842
2503 1320017085 -1383659545
2504 4413138467 -8330282814
2505 4918483813 11181696035
2506 2139670893 -1831187028
2507 5626417314 9694953117
2508 7480615995 15423147951
2509 7656314487 15779537826
2510 -3707973305 7457101864
2511 18374311315 -972407291
2512 10000000000 20533510262
2513 5546317904 365623211
2514 6631044169 13699861691
2515 9285323856 15138339046
2516 -306525178 -11409452653
2517 6397203198 648646423
2518 4529569383 -8337467139
2519 -2163181885 6009921414
2520 6396799866 25554834058
2521 12057586448 -1371864024
2522 12129163402 2788950673
2523 16208260995 18105513731
2524 800717255 -2840371397
2525 10000000000 20533510262
2526 3988634196 25703429003
2527 14095529492 8354418924
2528 7585910073 11202068062
2529 13287382467 8643728751
2530 37704323579 76729441816
2531 5517402768 204176523
2532 6939694995 -7685230249
2533 6912114146 -1543284903
2534 8054917210 -10179467854
2535 -173581601 -2408071973
2536 -4358765489 4737733272
2537 10690946586 2790794440
2538 14856567035 9865371436
2539 1275059121 6833674386
2540 11690720336 6209907376
2541 1880342142 -5599369466
2542 -1746827780 5645012414
2543 2326316735 7180660780
2544 9781084660 20089458582
2545 -139114540 9844150732
2546 910411118 12150848223
2547 10824841858 22206633826
2548 -664019182 5191817398
2549 -5873806191 2893537858
2550 1393600662 -1822699992
2551 10743383356 2453851035
2552 7938488936 11487045832
2553 11403868002 2610692663
2554 10000000000 20533510262
2555 6481643096 -843805695
2556 1880342142 14901596029
2557 -2157631426 11765405497
2558 12380901519 6637821484
2559 1387401164 -6427395471
2560 10643406494 2303357973
2561 385107970 5767386985
2562 3822512838 13114656721
2563 11538991100 869640684
EOF