NAME : 2603
COMMENT : tspgen
TYPE : TSP
DIMENSION : 2603
EDGE_WEIGHT_TYPE : EUC_2D
NODE_COORD_SECTION
1 10413483143 4812823571
2 4685976410 -7835728634
3 2024703966 591159872
4 6523764784 3190326691
5 1217853297 591159872
6 -1186747455 7879059060
7 1701963698 1819179294
8 1217853297 2310387063
9 6598283395 8460798567
10 -1858586595 18709224337
11 1728310688 8317194458
12 -7864645976 10199264658
13 4254313056 3285394372
14 -1147926457 7825691351
15 -4719857209 12185254307
16 1424581154 9890229888
17 7985068692 5063047070
18 183580867 6117348358
19 8942743374 4975721196
20 -1028000434 8038569600
21 9914963411 4395505718
22 -6464564075 -2496743164
23 4218435503 2525680551
24 5945267726 10146114115
25 9329251391 1510764738
26 751613165 10273911000
27 5428532352 -15686586818
28 4796578397 9402471665
29 5065120929 0
30 10208936357 3656922268
31 7127622556 8978274822
32 8751671285 24954685011
33 -2005235600 9004244866
34 3159314256 13336366000
35 -4719857209 -10329732287
36 8227263198 4847877060
37 -1865698775 -8147886811
38 2024703966 836763757
39 -9571209111 12302178774
40 -6365459983 -1267160276
41 1038503846 10057196285
42 21726601199 2621082238
43 -4724392312 2164066334
44 5342194472 3257472126
45 -4298906799 3010325363
46 10557870473 8787154300
47 -1890647188 4892728609
48 21726601199 1492956520
49 -2051694699 4855491110
50 8291915123 5791125848
51 6993787520 2978795999
52 -2359504594 9317091054
53 -4719857209 3102004779
54 1789975492 5547816974
55 -3036672218 5155523075
56 10392078966 3727819553
57 -4297132358 -4845343636
58 6735127938 3044553634
59 11503374126 2239334767
60 -2859336772 3162232995
61 2671369874 9032235087
62 6837675624 4615397409
63 8948824862 5290847036
64 7131620439 13324941890
65 8542222804 14422189748
66 6487173708 5040128907
67 4521799627 7455465589
68 2980018001 9882549988
69 1377605821 4379563035
70 5492225536 2705960021
71 3640126279 -2748286947
72 -1731615962 7601060169
73 8326774689 5528694788
74 60353791 7676287875
75 858003144 1429805006
76 -4536933808 2064995440
77 1425332391 9807121104
78 -5648584468 3981313801
79 2928480547 7684560858
80 -832790983 7952295802
81 15480939779 4817080008
82 1846407959 -7087107010
83 6233548720 -1429343405
84 4291478900 8711405328
85 -4719857209 3739088057
86 -2402729018 7766342526
87 5612024325 1070953167
88 5676218742 0
89 2540396601 -1760647084
90 7563052165 8482608280
91 -7786612775 3067684424
92 5545568208 3064123981
93 7585607235 3500345236
94 8034178070 3232791059
95 -3585689929 -2328028381
96 5976363478 -10623420745
97 0 2455873293
98 6735720911 3874444327
99 7448833891 1605063289
100 1120082443 -1521892761
101 -4719857209 2554032258
102 -19291845690 6848536825
103 9875264309 1635438409
104 7802261663 4921607071
105 9453630225 -1859170573
106 -4763277255 2021559546
107 7247316598 5590800132
108 413741138 5940780912
109 8236448402 5164304139
110 1869087930 -488252194
111 -3245298537 4816082210
112 9858696217 3787411169
113 6316783456 13346597481
114 3992378692 2824102997
115 16811146258 2366490570
116 5380739590 514124515
117 -615942278 6097665543
118 6986250299 -173601651
119 2186074099 2555990947
120 -6438251655 6432404564
121 1056483163 1327971526
122 3991722327 3198843407
123 4834881496 5594151196
124 6449381527 0
125 -1640918994 -8139344635
126 -4719857209 596245332
127 7052702361 8025791154
128 -2777285741 3189974455
129 8875763220 4298134481
130 1217853297 1573575410
131 3952721620 5209504044
132 5669708943 3852840992
133 1415552376 10286943697
134 1221466811 10867404312
135 -4719857209 -7489892130
136 3962762909 2397366885
137 -3327759263 2559701422
138 -1116595441 7782620215
139 1379223431 99952104
140 76373467 -937709635
141 8294576362 4497796937
142 591172559 -180153873
143 935419178 11037117515
144 3368354450 5863446256
145 -2289370627 7641496469
146 8231350041 4128629434
147 651563627 1616274258
148 5913490234 3488630351
149 2347444233 2310387063
150 6979005857 4729700365
151 1293324676 948861976
152 8673142367 6446904146
153 7967866707 4988405519
154 -786546271 7431175889
155 689819768 6363521530
156 -1986743137 4864823980
157 6737603955 7411067620
158 -706475110 6245066471
159 -8399849532 9785760665
160 101345069 2303050982
161 4950000028 1206896896
162 -5318788824 -8583079752
163 -3780235489 12309909464
164 3230047191 4759484369
165 -4719857209 10276928918
166 12150093408 1374144947
167 -7771240683 1798613996
168 6196132928 10634145817
169 -3365678095 2068604109
170 6777147828 11597770899
171 3530768167 6284522301
172 -685519061 7568069688
173 -2257896118 6189461659
174 8480780707 5291941433
175 -10706648259 -3781719271
176 -4719857209 411200462
177 -5850223374 14289997258
178 -1026602364 -2592409200
179 9104677479 5282715438
180 3171305178 8953428712
181 8199783055 4495797864
182 12644811953 -1216068604
183 21726601199 6649765018
184 -2875505129 -3641311988
185 1587269267 -516312026
186 366970577 4523235431
187 516632904 7585327743
188 7638044464 3725145983
189 21726601199 3844469951
190 2189243273 -1990318761
191 -11252059545 -753742621
192 12314315388 1212557150
193 1010541943 0
194 4430385469 8831910722
195 6875076676 4287649486
196 8335884664 5304426250
197 9842767293 1087436686
198 6280820314 0
199 5504869863 -1107009297
200 2128665777 12785289555
201 5147710481 -1223927081
202 6471416193 1228938128
203 4826269124 5226777831
204 5316970693 5266181154
205 -1591006192 4951975744
206 -3912067012 2481043369
207 7943363815 -780638600
208 -3565545154 6978032080
209 -49669967 4371592744
210 7840682957 1860959432
211 8098491165 4654169883
212 8386731209 4702978717
213 -904853380 6825369406
214 2347444233 836763757
215 6882995643 11879460084
216 4512291713 715363012
217 6526873908 8607137819
218 -1717849851 5856944127
219 4417293696 777275485
220 1540593564 2555990947
221 2060490611 -2631663789
222 9750080031 8129305818
223 9006246248 6909094548
224 5151820378 -834648775
225 5769848422 1094801315
226 8483889478 12348440603
227 -2533535231 7242015010
228 -10091489669 5697794954
229 2999164860 7597148055
230 9582042836 1701815221
231 657404111 6174088354
232 -12822079786 -3783616154
233 2186074099 99952104
234 4388889912 3795089070
235 -2549530411 10960540296
236 -3978631322 -10619281323
237 6800158815 7596541831
238 -3051299870 6585163943
239 -1062604051 6028647004
240 4496533420 12272362215
241 4678765554 955089829
242 -1022092705 7652706133
243 1831895340 0
244 3174528381 8939819613
245 4793348588 4736355237
246 357550468 5069757314
247 8277449910 5265730810
248 5393879364 9667769048
249 -857447606 -654213206
250 1000198249 -445253144
251 -4719857209 8262007886
252 1457709091 -60441881
253 -1172073679 7858886837
254 8461260928 1215859868
255 -4719857209 3798104317
256 4196147900 9979122616
257 -1450062873 7716304973
258 -1833103226 1589380644
259 -5906223254 -1615658867
260 7483335216 8023310564
261 6927368587 1298843461
262 6906016389 3227363188
263 10069104573 9836299369
264 7381675883 6393905994
265 -5584105592 -8091564464
266 59850190 15803821712
267 8141977440 7788138482
268 7399315722 11407542058
269 4264372426 308919630
270 4414231136 1466578239
271 3780715374 4419675807
272 -2336153789 6608031033
273 2559875678 13829555210
274 5085425358 4889940256
275 8300017642 4417117116
276 12169454005 -460441085
277 8367361108 4201176732
278 2024703966 2555990947
279 -305810399 6694558227
280 -3205627972 6136783851
281 -4719857209 2630679328
282 -3531473927 6973111908
283 3906742763 -176800367
284 9595733616 0
285 -3671600778 5933221320
286 -6755166323 8832107254
287 -1044046191 7950843850
288 7292115872 10813352821
289 1205521666 9235803712
290 8555381523 4230659715
291 -3187274146 -870376141
292 9192811545 13661061738
293 2579107056 2012650235
294 641135685 16273905237
295 2490563843 -1649002377
296 6952101939 6149243805
297 3743494782 -5422996117
298 3694072902 8443751609
299 9324061011 3704251418
300 5865368950 0
301 2972411759 -2433556765
302 3671092312 7888656126
303 -675961530 -2926967396
304 1041639108 18100392375
305 -2389213991 2915714459
306 4158576277 5909384114
307 5224460394 251148841
308 111065633 69460084
309 1158548087 9264960255
310 -1077844940 7729349420
311 8427251274 4644122796
312 -6586701039 2388945090
313 4026370305 4638287917
314 8261720395 4583729233
315 6462481272 8291340179
316 1696922389 8989201587
317 -2392835955 9350121096
318 8454586393 1912247915
319 -3704735364 2811153401
320 6202298108 3588457750
321 -3574401186 6131755604
322 -8780690021 9761984636
323 -3585588289 2310455235
324 21726601199 -3475411124
325 10106304261 8628692891
326 4503418369 -7403685205
327 -4719857209 8216454576
328 0 1946895128
329 2541190574 -1762151976
330 -2136908552 4209276669
331 4339245937 4353965783
332 3124023877 5605101779
333 5039542774 30579692
334 -4719857209 6693873344
335 821843342 2937073800
336 4619316608 5542873547
337 4992578101 7054134494
338 441297603 14573993935
339 -4387761642 5034469759
340 1863333832 1573575410
341 2670184500 2555990947
342 1863333832 99952104
343 5486814179 9714708684
344 5731751890 7542455822
345 -2271628734 4044013991
346 2677033176 8569613326
347 5733882774 12297096665
348 1470954032 -499795318
349 15421413521 21429759165
350 8078680329 5627432580
351 1397657251 -708569477
352 2670184500 591159872
353 -1289828258 8020765518
354 -4719857209 10657484994
355 7546931096 1543394839
356 -3228274429 3374424867
357 1258154609 6923045320
358 9561487510 8532100419
359 -259279043 6604056728
360 4661999640 1324768429
361 2186074099 1573575410
362 7304472223 4670145383
363 9028620325 -19173960999
364 7251009508 3160035523
365 2332870426 10567598740
366 5999815527 8319198974
367 -1967709870 7474127739
368 -1046673081 7686497080
369 6438856448 2679798062
370 2186074099 836763757
371 -501132364 6526516340
372 1749706919 403800053
373 21726601199 541065840
374 2425824886 -1543488463
375 210098903 2930549874
376 12948259767 2287644414
377 8522576438 3823392714
378 60463440 -4838095470
379 -5723629045 -3112300148
380 8178139580 2761079656
381 6741272338 2226291688
382 -992575532 7612128508
383 -4069639052 7784131378
384 21726601199 4081421207
385 7121037570 8072429575
386 6846188241 11037441540
387 7236647729 1361108447
388 -943768769 8283189128
389 5303771225 1219424633
390 6762533278 2165257225
391 1540593564 1573575410
392 9235827652 2970060150
393 6307109622 3229195192
394 -6324888490 -1624778986
395 6676045958 429320567
396 8622981696 -3740509559
397 6725031071 1523247372
398 5586736363 4669114657
399 757175537 1626474645
400 -4094735251 11876705957
401 2347444233 1082367641
402 6064645077 5554725385
403 3424518032 9981558533
404 10493692529 14092001844
405 5698409157 8946415011
406 8423243483 4777084224
407 11440787216 -772378307
408 1232581542 -126301808
409 3346666417 3605470356
410 21726601199 10626043536
411 -3800930663 4683297786
412 1043246447 0
413 -4719857209 748787368
414 2303438487 -1510464208
415 6797631061 3659126395
416 6288838367 2016759649
417 5795991639 10016612869
418 2803800382 9506227212
419 2043155386 -2517573430
420 3630792195 4925136466
421 4320782511 841548963
422 4489769030 847715775
423 8068426683 4480523143
424 -1358309717 8170992061
425 4900986736 10559369081
426 8971736850 14413929075
427 2347444233 1819179294
428 -6899423402 2671394258
429 5851766867 5495194494
430 6877823693 8100872462
431 4922222832 2849740175
432 11469613335 -1529321011
433 1067824352 747717184
434 3253761490 5838845458
435 1982842353 9071184406
436 -886522667 17766943487
437 0 4476358852
438 7434462695 153407845
439 7811738066 2265208346
440 -1091897162 8766727532
441 -5880113414 -8083441698
442 -62534446 -4189239464
443 4321173762 6224388587
444 2653188805 -2362018056
445 4801338098 -8014005227
446 8661347144 5055533356
447 -4719857209 161859706
448 905252742 9923344136
449 8117645016 5350076770
450 -1799456930 -8135292374
451 -4719857209 7316048039
452 -6399946116 -1945294095
453 6738044191 2064188690
454 5700477323 3355615714
455 6780152846 8707726634
456 6060201173 2809815360
457 2237117516 -1815820893
458 6550928069 0
459 -4719857209 8873451074
460 -4675013371 -1290552234
461 4276766169 -7611930694
462 4738713866 389298126
463 -1122828844 7791189352
464 -297105475 3923537363
465 14632887750 16625445031
466 2024703966 2310387063
467 8528041322 4335865040
468 8336947635 9635765474
469 7485952004 2522412108
470 6496084988 3430785697
471 5141978011 -447001505
472 8399645317 4866639904
473 9265617500 13026611869
474 1056483163 2555990947
475 7948257243 7341088675
476 21726601199 3471404792
477 3668102449 1977819781
478 -6534614427 3283197381
479 7130949389 1454150611
480 3420234784 8916153972
481 -5253243837 -1123683367
482 9778240517 2635554000
483 5556209850 13550804341
484 2236434316 -192494762
485 15803807309 2994673792
486 21726601199 2325118715
487 5654125828 -5441733182
488 7251999980 2697656265
489 9015321891 4646430166
490 1679122640 -132285673
491 -3457089488 2632491553
492 -436072996 7061494614
493 4543472884 11584348571
494 -1046775789 6869059547
495 1863333832 2064783179
496 8089602537 2685755174
497 7854933790 21000477394
498 -2563734304 3314771154
499 6563116214 0
500 9610905444 4423176853
501 9481870980 4168782145
502 8370928576 3215739596
503 -1102179902 8390487869
504 9788032253 5172264240
505 2670184500 99952104
506 1540593564 1327971526
507 -993886597 8568993071
508 2045763888 0
509 1350934077 5174455908
510 2289442089 -1475946798
511 -2053766213 9108759019
512 2745949474 -1638334978
513 6397158199 5362327443
514 5608893844 753143613
515 8776134582 5109463804
516 1179544852 0
517 5233732485 1106309332
518 8717334541 6865474687
519 9805237867 9669177888
520 8215083191 4543016058
521 -317572199 828737120
522 3788990193 2625225222
523 -4719857209 2398229987
524 4068788040 8918379186
525 4789022579 4851242504
526 -1473394632 8598851121
527 -2292203391 3673855183
528 1863333832 1082367641
529 -1921089639 6202258161
530 1208003357 11962726829
531 -4719857209 -376780012
532 8664252652 5042899592
533 7128282069 4766509381
534 9072965848 4213002802
535 4459524851 5138755633
536 -1828242955 7549364990
537 5194423864 -873706838
538 1863333832 836763757
539 6373822821 9014840549
540 -4719857209 6903024111
541 5638980703 5319864086
542 18822803 6111278672
543 2581772408 9578879021
544 -3232995674 5347333696
545 -7202052304 -1896310102
546 961300971 4734419097
547 -4719857209 -1339753732
548 2604584957 7315248059
549 -4719857209 9625142587
550 2206062552 -1907185416
551 6137241132 703074616
552 3060913702 1880033328
553 7166662460 25792354351
554 1505837591 9132631417
555 2508814367 836763757
556 -4350416987 2903994710
557 6257464208 2994319048
558 8185958203 5046351073
559 9258465877 5142693472
560 5045658029 7939715842
561 7916738481 4468131566
562 7101644967 619966040
563 1863333832 345555988
564 2339594185 -1035803434
565 3621957525 3567538458
566 7269639548 7219991672
567 9351037079 24637923148
568 650891086 782628869
569 7929477291 4024237991
570 -4719857209 4468040329
571 -3000728035 3915497110
572 9724566775 3772329086
573 8570276690 4255582343
574 -848343382 8142248053
575 6329498111 -20178166137
576 -2176308791 6485281062
577 2508814367 2064783179
578 7945229138 9015445498
579 9177876580 9995265041
580 9822318649 8806807016
581 -2896719480 -9612209686
582 6703927684 4541696258
583 9460648912 7193323633
584 21726601199 15310597742
585 -6511895043 3687702463
586 128959194 2129012880
587 2133186769 -471268455
588 -4719857209 1035411973
589 5888867618 4337544083
590 -7889049414 9362224089
591 4505263605 625401912
592 -4719857209 5370345595
593 -3370988172 -3642037936
594 1217853297 1819179294
595 2567969451 3075405980
596 -4719857209 10000000000
597 1863333832 2310387063
598 6966741741 2334557796
599 1446977454 8358866133
600 2670184500 2064783179
601 1087369895 0
602 1631645209 9031970062
603 -6005220289 -5042059651
604 -1966621259 4846834790
605 -4719857209 6169103506
606 664691534 -515525056
607 13462112992 12751461994
608 -4719857209 -61192087
609 8100069987 5308620047
610 6728440269 5971151524
611 6192263062 2592752112
612 -4719857209 10277906861
613 6019094760 199013526
614 1701963698 99952104
615 -3943050082 -3216572759
616 6086837665 2987650772
617 1634478548 -31507578
618 21726601199 -18734839250
619 4764588602 15688389004
620 6136504398 592694787
621 862628317 595945519
622 -4161542430 2381032741
623 1909580629 0
624 1379223431 345555988
625 -7583419446 3931136398
626 4622337669 4427241010
627 10000000000 18210946
628 3494577114 10017336126
629 -3736257893 2040213008
630 -3360038947 5536583979
631 -907438216 8287851916
632 3089208209 9770587754
633 -4719857209 7223125793
634 9787685743 -1732149345
635 6550133388 3838151962
636 11407698287 11062702775
637 15743398078 4162219181
638 -4719857209 8347653890
639 704295751 12733531391
640 7899442864 0
641 -8812729052 -6592448891
642 8738484753 4884678920
643 7923333160 -903238727
644 4313491399 6584465646
645 -4719857209 3799212586
646 -4173813732 -1413609827
647 -1282895563 7870176853
648 3104724082 8121241174
649 21726601199 9250990792
650 1267541231 10474721492
651 9542088916 13266458676
652 11387125672 4784044703
653 3857022165 9687197387
654 8008412003 3634886799
655 4470494364 4606809783
656 8541446872 4717087874
657 -1856255191 7642126024
658 -2559008053 9765522727
659 7824629114 4954916452
660 3018073965 7878525175
661 7500403834 -14001406097
662 189987428 1564171949
663 6145059409 10319439076
664 8200497696 4783307818
665 -5021852175 -981501888
666 -3361564063 3053425635
667 -6099602500 2845177384
668 -3820574065 3438697863
669 4892661077 6353733665
670 2508814367 1327971526
671 4894844224 7353141699
672 5223765236 3342126484
673 8504511086 4931715622
674 5888725365 883740262
675 21726601199 2144652071
676 1611285633 85126244
677 2988294162 7972150213
678 9384937111 4712837943
679 4391290987 1106637048
680 337044240 3227590392
681 7614564802 17269498559
682 7573712358 9057136562
683 5442307646 5247679109
684 7953098384 4676835715
685 -4719857209 7773299201
686 1642328896 5291474352
687 1740253756 7896733411
688 -98111007 6055277183
689 3736830552 995937038
690 8571068384 4727373138
691 -3043310901 3844271984
692 -4719857209 -651592704
693 -3790287230 7546676005
694 13780801972 3958696121
695 7070359434 573419118
696 -2407569943 -1362344846
697 1056483163 99952104
698 5267102352 5663463154
699 2275217923 11897990192
700 7856804920 -16892088617
701 454033339 6893973079
702 8036932336 4492372655
703 -2114059726 4449298383
704 2040339215 -1676531084
705 -920207660 8076840986
706 1881169784 4955067380
707 5148888374 6974648600
708 3419209043 10322101358
709 -1179170988 8503944150
710 -1163072361 7846512614
711 -3335772926 6381535967
712 -1716885327 8225650920
713 8309209398 4382130149
714 3489042843 9945422967
715 5494463928 8192091588
716 4423085991 6369712439
717 1784901433 1235882447
718 6740459728 8845286049
719 5954989897 515182014
720 2186074099 1082367641
721 3671163597 4789708345
722 10240320566 -2856679300
723 9742977453 9163114202
724 10000000000 5193211998
725 -2770657592 10715560656
726 -2231815667 4351801006
727 -1131666605 7803338731
728 21726601199 -4749880508
729 6011687935 10284963200
730 5445206039 7662072062
731 878881051 6280090401
732 -2305186767 9416591456
733 2510190020 6785850894
734 -10281430841 -1356585177
735 5482960702 8586747809
736 8417436205 5413861002
737 4982764884 6696062235
738 1557342659 8959071855
739 5525014419 4784584838
740 746605622 -136927566
741 -4719857209 8460308056
742 649125818 10644036496
743 -1653546355 -8062026329
744 7001337819 1348210160
745 9149666953 12926021476
746 10194314229 3629697484
747 6011894717 5339181569
748 1888762988 0
749 5967756227 178595237
750 7057053519 8718359613
751 21726601199 15781803821
752 -4719857209 -942569229
753 -4719857209 7163292337
754 4116903841 13717158378
755 -2459152560 11177838463
756 8045017107 5130368533
757 5921687159 3453648763
758 8046223780 3662445853
759 1049633848 0
760 8643512363 4778348386
761 8027212064 -15808612311
762 -9306118917 -4383319986
763 -660742546 7155953585
764 0 3700143975
765 4534622830 15339834647
766 -11428916096 -16076819559
767 5821459408 5266361745
768 21726601199 4122392981
769 -2345005428 1230048152
770 3122511305 7806755271
771 8372018974 4981664079
772 0 5889358637
773 7253519734 8391036244
774 11481495672 -1058580343
775 6926769118 432348828
776 -2653210919 8674960930
777 5173089978 701939934
778 -1044727990 8008850875
779 4544356486 4603029324
780 737111013 90450082
781 2539953422 -1759807084
782 -4478732256 2195671107
783 7186983574 1071433937
784 7757443986 5035123131
785 7474789633 2833506217
786 5269619356 9856092336
787 -12445702848 15844276534
788 9685253005 3766804813
789 -1069227770 8137820697
790 -2325126074 6590445412
791 3923663045 3788323658
792 8754745639 6856402229
793 5444410167 3793446439
794 -453076156 6121050794
795 1508066097 5444166447
796 -2557671225 2811998741
797 -9237260870 8103830832
798 996404113 4977501465
799 8634175100 5428369653
800 -2838999284 10150430145
801 4636777817 -126613377
802 903537485 2927997175
803 -3471736494 11412980607
804 21726601199 10916104217
805 8059497440 11980268453
806 8641092308 734385563
807 8196401070 8788718805
808 2616574741 6716371247
809 -4719857209 8173351375
810 223890969 3725393942
811 -2399585428 6703003217
812 -4719857209 7872175951
813 2021997130 3552394486
814 5913265383 4870179128
815 -1102282356 8252738953
816 1217853297 99952104
817 8716653011 4577668044
818 8394667400 4686431195
819 13194913016 22606453691
820 1708519500 8124128054
821 -3717004707 7154727000
822 2500544756 6111748854
823 5596300905 3721750766
824 7564076536 4556372002
825 6006438280 2851279587
826 1865642164 0
827 -4220967719 -4845107517
828 8812193027 6416382850
829 4515775097 5761844797
830 1751307573 -1727226784
831 2024703966 1819179294
832 4231457108 4200986447
833 3567894326 8073914889
834 2347444233 345555988
835 8807783609 2249156017
836 9531799362 4698823854
837 9464029700 2156302137
838 145257249 -433091452
839 0 4518126853
840 2021731454 3093491771
841 7902939676 5245206377
842 -4719857209 -8538101764
843 2938469135 7605056651
844 7588899385 3347463720
845 5334266034 10529357350
846 21726601199 125627634
847 10002543900 4546733212
848 -4104315242 4219425738
849 -1686101882 8565527785
850 1217853297 836763757
851 8066394386 15095060119
852 8214620520 5089922745
853 -5340907515 -2217066532
854 3890128259 10000000000
855 3729556249 9550988682
856 6589061656 6770828124
857 2024703966 345555988
858 685255201 9086209970
859 4562766027 8946754617
860 8481109538 5307073661
861 869409216 812492772
862 9376145729 4867772089
863 6587150661 4432810157
864 1701963698 591159872
865 6913051697 8074914615
866 1977793341 9824534009
867 4791198142 4708179917
868 3068571129 5743223199
869 21726601199 4152853156
870 2347444233 2555990947
871 8242634097 4590302534
872 16261191565 5586314429
873 4618494926 8439472767
874 9329718850 4468578361
875 -2990871952 3065157435
876 2621253521 7685914448
877 -3351189707 2539570330
878 719662744 1648994081
879 1208399403 6288634261
880 -345519017 5100650955
881 2512310541 -1707412915
882 1016565425 15903456327
883 21726601199 5289283235
884 0 5817169603
885 -5001472987 -4765947615
886 1184319988 9156363047
887 17520599619 20188043365
888 8194963664 4071382015
889 634261097 10867735392
890 1576837786 8973774112
891 9220325841 5671341280
892 -724826411 7244050470
893 6137599679 3757479383
894 -720197532 7266041574
895 -2714575963 2633453704
896 -1441722827 2679933036
897 8898314523 13117458930
898 493728183 6496675121
899 4730541130 11749874702
900 7710810112 6452095758
901 7652186598 11626914727
902 -2370711868 7704004007
903 -4719857209 6764907106
904 -4719857209 -1971679945
905 4290057939 3048164171
906 4859396799 4475889392
907 21726601199 16069633175
908 6315864689 0
909 -3225363806 2190330741
910 -5660614154 -558594128
911 1017016415 1105558721
912 1533851372 8905146531
913 1117137440 10691104311
914 2076281826 -77392818
915 -5605112923 8817195734
916 2057489193 10214144845
917 5190326443 5446135959
918 -1879815943 976231012
919 -1470759275 574299165
920 -20300740264 -137860040
921 10537291425 6831041756
922 6867949672 8639748805
923 278890828 3919863859
924 8706238476 4728162821
925 -879840846 4474804219
926 6485227646 10614544685
927 -20193659135 603655760
928 -6099248010 4723934442
929 1375977518 10515333218
930 6253107690 3687524231
931 8273899871 4554843793
932 5280701899 1130331073
933 9759623777 5594216096
934 -4719857209 -13751587468
935 2256952850 9234149740
936 609750313 6356700442
937 2916158432 6446245674
938 0 4996261580
939 -4719857209 5864089852
940 5680351334 6296618485
941 5135476019 304438050
942 5645080550 1754548819
943 5164906719 5363417133
944 7785732368 4077649567
945 258991713 9007672048
946 8101187276 9400384456
947 7344578719 -5686564614
948 8931541020 8478939466
949 5735707380 -9458323379
950 8699789443 4328144410
951 5450738220 1607207212
952 2024703966 99952104
953 -2086390085 2597171687
954 260228847 1833613419
955 8298899640 4875986238
956 5031483605 -749236834
957 1075089620 10454342695
958 -1080260643 7732670318
959 12802097408 -954284419
960 5153844217 262306362
961 6691214658 4889478035
962 -2012975011 -8654741299
963 -2265408762 5378859340
964 -4719857209 2184653134
965 8427748908 2618562253
966 6530127780 8453331523
967 2974224482 7088928856
968 -4719857209 7320305367
969 8532150860 4477788575
970 8042683696 14850682604
971 4876265688 4846382486
972 1540593564 591159872
973 2987524271 5695150981
974 2257416711 -3921753849
975 5574650433 5024428083
976 9368343452 13790913824
977 -4248923295 1912783306
978 -1021107072 7805982219
979 -74309997 16834168025
980 2181697996 -1343761909
981 21726601199 913999130
982 -2648676115 2690623695
983 -4719857209 8143426788
984 2171716428 95169769
985 -19477146370 5565365990
986 1839436998 8439734783
987 1853441875 5631439
988 -4491814316 6608520277
989 21726601199 10751801509
990 7170344460 6028803801
991 4710614256 5683156531
992 1379223431 2555990947
993 21726601199 7876091103
994 5385632350 5821693605
995 1574734671 6055354123
996 4348783572 -5108027588
997 -1292428698 8024340376
998 4919096289 -37180157
999 3308905249 -4329442257
1000 -4719857209 5650973169
1001 6190476681 3298614157
1002 -4801317174 4265042586
1003 8191121488 4941926600
1004 3820072707 2546959411
1005 -4719857209 6936987666
1006 10149062912 7069350859
1007 -4719857209 3365166615
1008 6645893443 8452334557
1009 7590822559 9239117181
1010 3727676021 5703990870
1011 8449822583 0
1012 8710622247 2538955985
1013 -2347202227 5349731683
1014 5988280572 4497253855
1015 -2170010649 3444497495
1016 8607282870 4704945107
1017 -4719857209 -159392266
1018 -1787584384 7786997610
1019 -4719857209 10257071503
1020 5998464343 4627303073
1021 3039431719 9752693473
1022 8646653254 4840647848
1023 21726601199 10844702469
1024 8890006595 12700758738
1025 -4719857209 8408004758
1026 5239743513 6506866184
1027 8323686414 4648106187
1028 -4719857209 4282041459
1029 -4719857209 10551396623
1030 6471671447 415791505
1031 7284173820 188407451
1032 1966395411 0
1033 570467965 3834627259
1034 -4719857209 4657982863
1035 101825749 15499325833
1036 1366110395 0
1037 -4719857209 12177574366
1038 6598828201 3847674423
1039 2398303824 -1061453764
1040 488638061 6392573864
1041 9707351417 1500543428
1042 4427690623 2736273886
1043 21726601199 -9453147950
1044 -12087172531 -4535793264
1045 8328366999 338944031
1046 0 4050282501
1047 -2125879736 4844831486
1048 5009628833 212204319
1049 -690158206 7196391658
1050 6843955617 1246208302
1051 21726601199 8626053073
1052 1847211707 -334120034
1053 2435721770 -1656598688
1054 8919790248 5504253596
1055 8916132373 3791230488
1056 7869647987 4096188198
1057 6014180814 8327593862
1058 1271083510 154783194
1059 6767821031 2137541968
1060 8805022280 12627032431
1061 9585359473 0
1062 1939444892 -2474494253
1063 623611649 208570144
1064 -1082631929 7735930154
1065 6258777097 -1475566864
1066 4046017751 7276225772
1067 8101372851 7863330920
1068 -1904802124 8866177720
1069 5950649401 1507223688
1070 2024703966 1082367641
1071 8800760983 6495582419
1072 -1905487760 -1996184821
1073 1693980666 16145623178
1074 9137415717 8340140330
1075 21726601199 2474936302
1076 4902227181 -837826851
1077 2186074099 1327971526
1078 8819380666 4521214887
1079 5937200619 6745997038
1080 5954073045 -146339098
1081 6330565321 -10876351672
1082 6449407034 2279130783
1083 4847591380 -416421396
1084 1698951718 -1773103866
1085 0 2796031721
1086 9263278764 4903147875
1087 -2337287779 4814454331
1088 0 47597565
1089 -5717107537 4537120393
1090 4613771291 6734841557
1091 6919176895 7612696668
1092 -4719857209 3441603555
1093 -4113501318 4738868546
1094 4730153552 9091968050
1095 6760523381 3416678737
1096 -4719857209 544851944
1097 1208026679 6759045700
1098 -1792121393 10229473063
1099 7813602991 1172416987
1100 7486858391 7611733612
1101 3162598458 2306448887
1102 -4013366602 -10447025869
1103 239321489 9051705708
1104 5454657239 147925729
1105 -3167982736 2961656182
1106 -1367826964 7958629818
1107 2024703966 1573575410
1108 -1542635459 8368302713
1109 10000000000 4201795834
1110 4052291787 1795490393
1111 -1483585385 5635067274
1112 -1523191345 8341572649
1113 1863333832 2555990947
1114 7921311287 4666301027
1115 6224120652 -1494630926
1116 4403327086 6480157948
1117 6066376373 7467339292
1118 22876011 -344841539
1119 -4719857209 2330855102
1120 5791222238 0
1121 8244580803 4464305811
1122 1540593564 2310387063
1123 21726601199 5065112674
1124 4310800267 2602287776
1125 -6135433422 3569210969
1126 -4309621692 -5337214626
1127 7166284660 7654877547
1128 -4127388900 -9973062791
1129 3762209819 -633137388
1130 -4719857209 6109126867
1131 -6717168471 5910377644
1132 3935165225 3578700745
1133 8727426216 4696133975
1134 4161683540 7625084737
1135 -2645967341 -327090543
1136 1070250432 12635504544
1137 672157162 2250433748
1138 8837048616 4999880357
1139 7316557548 9218665796
1140 8243725098 4753869799
1141 1464445198 -3459162860
1142 -540589181 6990777264
1143 5162065153 563485892
1144 -2696606551 -204700316
1145 1791096577 -158460570
1146 9897417922 896333963
1147 8213686914 5175316719
1148 7809337333 3090781883
1149 8498141102 -22531251391
1150 -4719857209 1281054114
1151 -5423588826 13784794738
1152 -4719857209 9529012040
1153 -4719857209 -9032158402
1154 8262765715 10687894169
1155 -2254731326 3613417873
1156 6722762493 378468602
1157 8389110421 2069910582
1158 21726601199 -1580244017
1159 -2119447864 7584785113
1160 4498315403 687114921
1161 10222414261 12068855059
1162 21726601199 13542543205
1163 4561056680 6815842084
1164 844162316 6341233165
1165 8573416250 1896063073
1166 8079341552 5014911217
1167 6175716819 1189087780
1168 -783295118 8069024148
1169 21726601199 1632546544
1170 6869656629 7077437389
1171 4943069100 2735232550
1172 9768390335 4486428089
1173 -1003828825 8140759456
1174 8833859138 6605684933
1175 14683455321 2125147889
1176 1962320955 7759460238
1177 8268903112 4583900079
1178 5077797479 3593005959
1179 -3929770847 1744112812
1180 9947178321 544058077
1181 8829681726 5598753898
1182 0 5604777850
1183 4668476014 5065919645
1184 5736818966 3679105149
1185 1572843766 10589063868
1186 -1965671320 -2055433492
1187 1878903701 0
1188 12134697221 -77732622
1189 9025127607 4629843802
1190 25517871204 2566998891
1191 -4719857209 7157465863
1192 -406918594 6742093540
1193 -3237602595 10433254967
1194 5371537285 1367173112
1195 3083644581 5004529231
1196 7941106653 8721583400
1197 -412999654 6759688227
1198 -2961771596 4724722449
1199 8705554882 4618721501
1200 3299987937 7960721290
1201 2251539872 -232179534
1202 -1153924526 7829410439
1203 2253881275 0
1204 -125276657 436093781
1205 -4719857209 2005959789
1206 4936750932 12387674116
1207 -5197930049 19012495652
1208 -3299877442 4676140126
1209 -4937671134 -3196830817
1210 8274088653 5254293625
1211 438260532 3718486368
1212 7546812576 4033056471
1213 9264466125 9534322185
1214 8689041733 4892414137
1215 -4719857209 8565527785
1216 -4719857209 113639366
1217 9663022090 6091780541
1218 -3898526628 6397559192
1219 -746379469 7977886970
1220 2024584112 209270947
1221 -7425342379 2008047843
1222 1737451578 0
1223 -1162764632 7846089575
1224 9715361925 5548162315
1225 479597499 -2737763127
1226 -4719857209 2938446060
1227 8508182880 -19284737494
1228 -4719857209 11920209087
1229 -1139830705 7336873081
1230 -1697638695 5946246718
1231 4102107178 1416853884
1232 -13824591985 3252250896
1233 -4225847733 11023019492
1234 11917038813 -6630847864
1235 8890895062 4263284314
1236 4885730952 1624996813
1237 2273100147 -1009891728
1238 7165105780 5767696238
1239 -6465151958 2647324564
1240 1371085821 0
1241 1164301041 10810847264
1242 1178485106 6199648380
1243 2463369001 -2202226006
1244 9730378338 -20571226961
1245 1540593564 345555988
1246 4839984327 -7687947581
1247 7149351905 8025943043
1248 -4719857209 7681330821
1249 -211096891 5648177899
1250 6686890172 1709957151
1251 3114640758 7799927347
1252 5207425273 1185978124
1253 8715716719 4680143729
1254 8680368645 13049090774
1255 7149194397 -13878024200
1256 6564781896 4094896768
1257 -1055915364 7699202561
1258 5065279316 7926172860
1259 7622461395 -3594394079
1260 5052197502 11645207959
1261 9744620217 184877517
1262 8297905742 4800942825
1263 -7541837559 3079859744
1264 -21141253 -1355151188
1265 -6698938039 2901489096
1266 6231468615 5015497355
1267 10000000000 0
1268 2186074099 1819179294
1269 10024559682 5385053073
1270 9351991633 -2657070339
1271 8236897540 4775254845
1272 13024316926 1294115695
1273 -581144995 -3426083817
1274 5223444017 12067995630
1275 8508876935 4864715060
1276 -6011269636 4004121983
1277 -3252203493 11706561485
1278 -6348436844 -210019122
1279 8907794624 8059184879
1280 7157143406 2134036270
1281 6746891245 8297442573
1282 -2982065150 10347104567
1283 1701963698 2064783179
1284 -2183671447 -1427071277
1285 8631769714 5276814004
1286 6038406495 -2780665001
1287 1577843315 -252492590
1288 1188616532 10609176277
1289 -6211591485 2325368793
1290 -1051116076 7692604920
1291 5168873929 2309828126
1292 6425184088 8589788237
1293 21726601199 10911401606
1294 21726601199 1632546544
1295 -4719857209 5291183096
1296 9668842394 10252645701
1297 -3352470596 5373930122
1298 -7046168597 -5808194244
1299 15882548732 2402254667
1300 8805343553 9792355149
1301 6404350471 -12981574342
1302 -1311707323 8095942160
1303 -3096052851 12472755628
1304 8104079541 4625012209
1305 8673103408 4791664219
1306 2508814367 99952104
1307 8094039128 8404280531
1308 8197066973 5346950152
1309 21726601199 11688450837
1310 3442142225 3185830829
1311 7522764268 276632229
1312 1142958043 12675075216
1313 2400032520 6852546992
1314 6587735537 10370792886
1315 4216606054 1164173164
1316 7218278384 5389716201
1317 2508814367 1573575410
1318 -1025397773 8085968557
1319 -3140559872 -2594174575
1320 -4719857209 5887229503
1321 -2325088164 3347261259
1322 -2374050332 6754664623
1323 3995556319 5227092087
1324 -3396611538 1160986133
1325 1379223431 2064783179
1326 5728205280 9957806277
1327 8828311457 1168524897
1328 5810880825 2440014940
1329 831955797 2240943191
1330 9092205926 4652899063
1331 1065735135 10217679413
1332 143210433 -4121577134
1333 -1008756205 7779487940
1334 -8028193437 10400796179
1335 5241640951 -10795142452
1336 5734620808 506965189
1337 -1295794341 2014346691
1338 5202656516 650558451
1339 11986576164 1210993320
1340 -5279040579 5239972376
1341 4197021304 2990619236
1342 -2560709423 -3088013025
1343 6383784514 2466786347
1344 -3761441455 3933072258
1345 -2671370143 6848905675
1346 -7849253466 -5067855215
1347 8684015306 4623205423
1348 -2347747772 -3162127633
1349 2186074099 345555988
1350 7694627644 4065677127
1351 21726601199 161746761
1352 2347444233 2064783179
1353 1398100318 10392290550
1354 9403105195 6878625811
1355 586839241 467079221
1356 -5617862220 -5863036640
1357 7815815993 4668969715
1358 8559148787 4504677669
1359 7222640015 5419919638
1360 -1065554536 -180008165
1361 8861776627 9871245408
1362 4626224145 9246467358
1363 -4719857209 1056739238
1364 7085999041 -2940635755
1365 3445876426 11147586656
1366 8558191488 4403365646
1367 4223050010 3231963093
1368 -3357245484 6834307986
1369 7440469551 7914842145
1370 13447842152 8407709307
1371 -4719857209 2859841434
1372 -383956504 6775452380
1373 21726601199 9380404531
1374 4809337628 430973300
1375 -1617884905 4961221715
1376 4506979691 3076357434
1377 8090495176 6281984678
1378 -3098117333 98279337
1379 7812415920 4861446572
1380 6136175831 4015013925
1381 -685120897 7189466807
1382 959805659 630803030
1383 8905235238 24873527220
1384 5635093093 11054439261
1385 -801614556 7436625244
1386 1633821045 0
1387 -1912508139 4413603632
1388 -1639341881 8508180486
1389 21726601199 4314418544
1390 -10787104118 9069823806
1391 -4719857209 161795215
1392 2670184500 1327971526
1393 3225003828 8597600615
1394 9568019855 4428311452
1395 9010437945 4984092509
1396 5195467858 4097978620
1397 -4719857209 -803041983
1398 -1439039389 8029810655
1399 -4142734899 3106526195
1400 -620746756 7608557990
1401 -6486256468 2611150608
1402 1394443693 0
1403 8227203377 12125758118
1404 -2311075643 3600802260
1405 2858284786 502551815
1406 -1945532892 10749079339
1407 12388810872 389585400
1408 -6696969312 2779759478
1409 7455976942 0
1410 -4200830120 -3321653362
1411 5837520771 -11322824827
1412 5308295134 12831624602
1413 10201107629 13838176131
1414 8080191601 4478835515
1415 2784697145 -436572636
1416 5698672326 602811787
1417 -1105905286 8079483688
1418 2426420945 5990990969
1419 -874284775 7733668972
1420 -4719857209 15831504075
1421 -1101914097 -3442336567
1422 6435452550 9653673393
1423 6361390735 8607247942
1424 10180243388 8708149674
1425 7233977121 2172654171
1426 6723424749 1223231947
1427 6187606349 3006563170
1428 15215353401 424496934
1429 -4719857209 -791203437
1430 5846271514 1709347779
1431 5984807845 3621445430
1432 21726601199 -2582551496
1433 6073745349 3319590222
1434 -3079116730 3456560725
1435 -1400629090 8773187795
1436 7963416324 9466701896
1437 -4719857209 7690900905
1438 6578249664 621582510
1439 7115609579 8654692073
1440 12461416645 12122109475
1441 -4855672283 -4769761133
1442 2670184500 1082367641
1443 4803733089 -430292296
1444 3723775828 816033969
1445 -2360400904 3394526539
1446 4427414467 1582629247
1447 811600777 7196978595
1448 8789104160 4463359597
1449 2386888473 -489288667
1450 8682609256 3946895400
1451 21726601199 11440862073
1452 21726601199 3525697029
1453 -4719857209 9701419015
1454 8079681756 12011569400
1455 3066693464 7055356531
1456 -1047028369 7686985499
1457 -529377183 2579642431
1458 8034346237 7212521687
1459 2508814367 591159872
1460 11813261389 1713793184
1461 8738355736 5083583062
1462 10126252866 3470884188
1463 2201439950 3808709047
1464 -7460913845 10666780226
1465 -2883725811 7454891903
1466 21726601199 -17369945111
1467 -7419094423 6118772483
1468 9642034623 3460499484
1469 1056483163 1819179294
1470 5303151435 4492821259
1471 5040431280 2945305227
1472 2562005375 6065868422
1473 -4719857209 7784503546
1474 1160644670 5641254726
1475 3475932338 6748190697
1476 7369077001 4946882913
1477 -3794020784 12226995008
1478 -454771622 6483873200
1479 7589800989 668640713
1480 21726601199 4645458287
1481 -3332867245 2865299807
1482 -1103529214 7764657912
1483 -1136408014 7981903020
1484 21726601199 1086198262
1485 4748045646 1648682349
1486 -4719857209 1228688151
1487 1778308696 17662560266
1488 7438121005 3352270060
1489 2587451084 -24306762
1490 21859829376 2898980580
1491 21726601199 5218888828
1492 860430939 10657210955
1493 4409099438 2012310898
1494 7877154645 7225798323
1495 901534283 10627819123
1496 -2601560726 3292665883
1497 9591302947 2221410244
1498 8805460241 4992400535
1499 21726601199 5080130440
1500 -4719857209 10000000000
1501 4851327195 1412774252
1502 6758770185 3545084777
1503 5953415659 4000194399
1504 6441178316 10576330640
1505 7952328348 -2454676122
1506 5032969794 248205217
1507 8355354650 5132413096
1508 -2473400023 19158273612
1509 1056483163 2064783179
1510 832992673 3032575428
1511 21726601199 13838176131
1512 6143749768 8303006410
1513 4204886566 2579267595
1514 3399208521 -6938363652
1515 9655318076 2050452365
1516 5460131241 9725244432
1517 9952827061 9640350476
1518 -20990876094 -4916915177
1519 7719457752 3712224895
1520 2692264062 -2414564690
1521 810042663 227707120
1522 2332261516 6098987557
1523 3231709760 5104007441
1524 2024703966 2064783179
1525 9793236812 5760752475
1526 689090653 12977802904
1527 4332051621 13584963728
1528 3145457794 4461483906
1529 5393871112 2825910554
1530 -6540040413 2677274229
1531 4144243932 4027007453
1532 -1145559590 7822437590
1533 -471782561 -1566410059
1534 9919240149 7587417642
1535 10711969638 -23369194410
1536 7997943281 13781907199
1537 4839453868 664807205
1538 1540593564 1819179294
1539 -4719857209 2110598911
1540 4727256678 2670532147
1541 2670184500 2310387063
1542 4179900949 -8559441105
1543 5733096108 8970420465
1544 21726601199 3536958389
1545 -2279632176 9269136035
1546 -5294528351 4924029130
1547 5427319155 3430112563
1548 -4719857209 3882217943
1549 7480453207 -16590400516
1550 -2281219122 10123043061
1551 8278913114 4906712455
1552 -2513783978 7795429660
1553 -925839019 7961844406
1554 7466653793 9176400295
1555 8785302669 4818322406
1556 8608537891 5208693423
1557 1639122420 4188653329
1558 10528805965 -1452641552
1559 7001190548 2272708402
1560 -1640108131 5872500573
1561 5778422989 3746772378
1562 1695254209 166977792
1563 5686440530 9505382006
1564 923161424 -164794729
1565 5413608196 16246977787
1566 1379223431 1082367641
1567 -4719857209 5135693673
1568 21726601199 4994972711
1569 -1101202922 7761459928
1570 4062685492 1809113033
1571 8649229956 9087874663
1572 3207726103 9994638501
1573 21726601199 -2541226534
1574 2550230769 7720171613
1575 6846899798 8858559489
1576 2508814367 2310387063
1577 6698665928 4398270840
1578 6049174149 6063898855
1579 3910665085 5055015617
1580 6130290110 7752013874
1581 -2413342685 9147480186
1582 -2418229267 9571992383
1583 -2392288373 8241093282
1584 -2152111905 9206157544
1585 1412384387 -210681907
1586 10201107629 13838176131
1587 6143887135 3915924444
1588 4480814047 -5438504005
1589 4021169180 7522003952
1590 8030199719 25335979172
1591 991584352 718324569
1592 -4719857209 7761160846
1593 2186074099 591159872
1594 8847885914 4682460767
1595 3462845023 8242483231
1596 8938339978 4973464500
1597 18664342305 3188983605
1598 21726601199 -1247336578
1599 769741853 10544834791
1600 8073719239 6223694971
1601 4238658609 1251275749
1602 -5659130414 8328952463
1603 10460129716 5405179359
1604 -1101334400 7836117435
1605 10086342717 3148027565
1606 9455209752 4406250996
1607 -4719857209 5281551005
1608 9973167607 -1836661096
1609 -586120498 -6573893193
1610 1039426325 11351152662
1611 3311931740 8093585533
1612 -3075654774 4985701967
1613 231879002 3764357564
1614 5889579455 10097802958
1615 1937723434 2816593291
1616 -2985619344 -1330858969
1617 -6871243024 3113215665
1618 8546088394 4662818617
1619 8096846651 2378047704
1620 7469825730 1249170547
1621 -4719857209 7851666932
1622 6348493518 3420222046
1623 -2051173611 4115033632
1624 5229115199 10213836841
1625 5186089991 3161494998
1626 5426540932 9696103885
1627 -1525342429 5096810817
1628 -2503624068 -5258522599
1629 21726601199 -2086597852
1630 1456021097 -617593627
1631 8923649680 5199318254
1632 -1795059604 7710167829
1633 7635603148 9275132114
1634 7417217869 12810457736
1635 6321420590 3914717247
1636 -2601776496 4230357178
1637 2670184500 1819179294
1638 23961934 679861114
1639 2071789218 0
1640 21726601199 10388792660
1641 4981278325 7723979000
1642 6158614258 3248550053
1643 -9738448394 -6281878863
1644 4744584888 4239633571
1645 -1266656422 8870642846
1646 5536618623 9791599409
1647 7899566068 2042788332
1648 6390850597 3544019796
1649 6994746782 9180515040
1650 906896986 5486730162
1651 6081878603 5944116670
1652 662237568 5224072807
1653 1217853297 1327971526
1654 4929555876 12110465035
1655 9042081178 5519796724
1656 2670184500 1573575410
1657 4934776468 -574875933
1658 -19825538025 3152822175
1659 -639251084 7246412976
1660 10522405784 4614945350
1661 1490779463 83888911
1662 21726601199 3237639728
1663 -4719857209 7647774691
1664 -2663362503 1741708293
1665 -776794617 77780440
1666 9687419272 6594537915
1667 12677680468 -1061478994
1668 -2260822036 6799762009
1669 1056483163 2310387063
1670 5406136512 2439940839
1671 6955823486 3199235846
1672 -2267818239 4258229655
1673 -677172200 4047479467
1674 9728375557 6240787781
1675 -396067338 -379683152
1676 7068249717 8659499984
1677 -5744491665 2447039520
1678 1259639850 13126822427
1679 5537075470 7617013005
1680 7807029658 3108210619
1681 2347444233 1573575410
1682 -4810151120 3136810345
1683 -4719857209 25473340844
1684 -456309003 6786886353
1685 5872082095 443248028
1686 5591190892 13330232611
1687 8053562936 4745608680
1688 8277356434 9650164438
1689 1217853297 1082367641
1690 5324911359 12106215822
1691 2065540098 16888441694
1692 8177127596 12082315955
1693 4188668403 3568417612
1694 -3253871933 6933023841
1695 5388567008 6310434396
1696 5015131626 -11065449956
1697 -18889133956 9637236519
1698 5321692207 -1068173685
1699 -4719857209 -3135179
1700 -1279409179 9061785460
1701 6321353588 347248801
1702 5217846233 1613179299
1703 8275893325 919604988
1704 -650442579 5710971908
1705 6508674335 12820127080
1706 4591692682 1381826621
1707 4037573701 7271291178
1708 -8912119058 -2743090990
1709 496452826 11473444853
1710 9130065316 6462194675
1711 -4719857209 8774709388
1712 4889247365 1155763753
1713 -4719857209 8813112914
1714 5504486002 227610265
1715 21726601199 1362374450
1716 -1080682923 7733250831
1717 5982040890 3630339799
1718 -4170339891 -2486090268
1719 5049708890 1585167398
1720 611795498 4380512302
1721 -2374505684 3425353914
1722 3650706662 2957249197
1723 -2313420057 6611758733
1724 6659937692 -1148773890
1725 622639572 6373222916
1726 8557535801 4160106298
1727 -3442227068 2002195700
1728 1701963698 1573575410
1729 4166081944 8983322667
1730 6852222764 2158736833
1731 -1591778334 7838919139
1732 7443624831 6950196104
1733 1379223431 2310387063
1734 3400155269 7364623818
1735 418434335 -682547191
1736 4198206486 4633703497
1737 10562777481 -1725615419
1738 -2315549974 502635423
1739 -8211084554 -2335892501
1740 1225917549 -1363220707
1741 -728419495 4477284912
1742 -604942561 7217129641
1743 -4419915164 228266581
1744 -2021333168 5782293155
1745 8432486476 805341983
1746 460497675 13845485764
1747 7797221962 6349861731
1748 762612068 1224736410
1749 -5444451344 1914503463
1750 -3408087094 10527824121
1751 7270689439 5378003923
1752 -961686419 5926232247
1753 4993701075 4102411419
1754 6239762576 4027418224
1755 9219511386 2234083467
1756 -1832449151 929698887
1757 7426707058 13824908884
1758 11434483276 2426532434
1759 12161100044 8769930655
1760 2324052837 6097457272
1761 -1885439983 8839560345
1762 7920991937 1237454166
1763 -1997257030 9339888531
1764 8412801490 4901827183
1765 -1117242560 7783509817
1766 6752680518 2165542381
1767 1443387516 3090893584
1768 5887532737 3656740000
1769 6950463280 -3307265485
1770 -4719857209 8455787394
1771 2030240044 6141668393
1772 21726601199 0
1773 709753525 8237706679
1774 1395496135 11440284691
1775 5140875476 4578695981
1776 -2992979309 3063925923
1777 -4719857209 4413186541
1778 0 2249929388
1779 6692706174 8724115311
1780 2004384225 8744403399
1781 -4719857209 7662113357
1782 -2252314369 4509733084
1783 -6223829446 -410923382
1784 -2049814860 4855761224
1785 14322283877 2063564926
1786 2065033438 -579658339
1787 8335243010 4315011922
1788 8771525754 4192985214
1789 -5285493072 -9015277634
1790 5937230431 4327072370
1791 9957998826 5482192976
1792 4944518618 721181259
1793 417691384 3760972847
1794 6490381220 4099606855
1795 10988043937 4706002710
1796 5324586164 8114851575
1797 21726601199 -32324696675
1798 6745765192 1621172538
1799 8235002416 9561114436
1800 5032931475 8008459557
1801 6608380956 2294083520
1802 8483943156 8125468580
1803 3515156806 10854767526
1804 4430170064 2073113539
1805 2566912869 -1940603431
1806 8679528140 8440493620
1807 3979724784 5532196934
1808 4945911124 5379420837
1809 5273322380 3943059543
1810 4359838653 2701558317
1811 1450740741 0
1812 -971505292 7789038152
1813 -4402025567 15316832864
1814 21726601199 13376466601
1815 6612780755 -1744353194
1816 6279723718 -10900187201
1817 5838683010 1898029250
1818 7189771419 8944333544
1819 -1829292851 6471965448
1820 3095275534 7965734967
1821 4665047662 2540256862
1822 1439718848 10641854
1823 21726601199 -519341207
1824 4986226807 8092185240
1825 1951019301 1938100842
1826 1431777069 3444935847
1827 8757833305 2522811789
1828 6302081145 8424984207
1829 6833213185 8806225792
1830 6828300824 10912170413
1831 2273667261 7479254301
1832 5169162238 844828986
1833 -2269318037 18723133746
1834 -1536112595 7874558090
1835 -2809940198 5275710242
1836 8765263474 4633645700
1837 4428193220 4242188721
1838 18352018036 6494866560
1839 6426651921 264794310
1840 4031909446 4854346196
1841 2861109059 8730078955
1842 8250881095 9340357251
1843 -1125253734 7868621217
1844 6252711116 1966123719
1845 8093056690 8650034399
1846 -1049877262 7690901907
1847 21726601199 9963393213
1848 -4719857209 7744990000
1849 21726601199 11816307132
1850 3077433568 7767649053
1851 4368592345 -8562425480
1852 4788525736 12123766918
1853 7475887334 1133216307
1854 7809619257 210639527
1855 9003452449 4949630306
1856 2201034566 6490139309
1857 9590018679 9892044739
1858 7141954049 4542107542
1859 -2270182006 8169105988
1860 6376368017 1015636027
1861 8624602164 3470626707
1862 -3640753256 6941255184
1863 -2453601396 4986509833
1864 12224341123 6915778216
1865 4896048758 1916206101
1866 -4719857209 18378898234
1867 -2126174560 -1061263608
1868 1863333832 1819179294
1869 -4719857209 10000000000
1870 8691042744 4612709270
1871 5586027115 1079046454
1872 7888354302 4443104397
1873 7239053578 3564452334
1874 6056689356 4091777373
1875 -998862416 5006772249
1876 8068388805 3534650294
1877 -1871203863 7823966154
1878 4945380741 9889688845
1879 3449609754 4014576806
1880 -2009156563 5105401171
1881 -3735342695 4095758454
1882 -1109118583 7799112365
1883 -4719857209 3401024223
1884 -6156264219 3011075307
1885 19352422679 3126537604
1886 3963716071 7447327589
1887 8615995571 5387473807
1888 -4663122598 -5738274395
1889 -2074721854 7051081061
1890 6115992325 3077472956
1891 7836959246 4029566350
1892 38020049 12311955078
1893 21726601199 27804232
1894 423623867 4485984312
1895 -2784128529 7300602569
1896 -2807963759 2552437139
1897 -3957533312 3769918626
1898 9411212794 7242661123
1899 9296317001 3166001904
1900 3883867932 9614056057
1901 7099670175 2189093309
1902 8736509895 4399277384
1903 2508814367 1819179294
1904 -6287947337 -6708951580
1905 917237404 -905310585
1906 4705480135 -221059305
1907 2186074099 2310387063
1908 6993149113 6309575191
1909 5032563683 954976379
1910 1675064335 -393906458
1911 8777268665 4273676968
1912 14725985126 21797289639
1913 -74270597 -382779493
1914 7337977990 3929597970
1915 9434005250 14181116455
1916 -2048540782 9063777038
1917 -1686101882 8565527785
1918 5695416686 4480663881
1919 4730840446 3004849192
1920 -1083226778 7736747900
1921 5829673030 368849003
1922 8178398683 9613463085
1923 8126296999 2140543369
1924 21726601199 5397875749
1925 2127642376 10796847897
1926 1930138203 -35413599
1927 5962583788 4597948589
1928 4520634248 4913443424
1929 8345382329 3413981618
1930 970882775 7589799151
1931 1863333832 1327971526
1932 -1066946920 6019859412
1933 5143040407 11260652375
1934 2670184500 345555988
1935 -2774294647 2052829566
1936 8415714472 4672063506
1937 -4719857209 16928703724
1938 4001320281 2339842047
1939 1484543751 10000000000
1940 6322553013 3244787286
1941 4903264357 4329593985
1942 -10526847 -95253182
1943 6943020869 931168868
1944 1056483163 345555988
1945 1668330860 0
1946 6523951697 6497758042
1947 -3830207391 -3568006539
1948 6708186560 2406631699
1949 9547638260 3968458519
1950 4560798217 7478255860
1951 425793354 11635517544
1952 9735526035 13434270873
1953 9102482476 24769283029
1954 255407798 2733267222
1955 7220430997 2466084401
1956 1867011592 8974604711
1957 -3780228151 1665080236
1958 16152774128 6650990905
1959 5635271130 3604544508
1960 9149671513 6271815307
1961 7928446520 804826208
1962 1378233811 6300038648
1963 5432412114 15737739018
1964 4609929402 296623768
1965 1701963698 345555988
1966 -810019262 7978563052
1967 7228966546 9745243614
1968 8150978216 7420923198
1969 -1134258435 7806901752
1970 1517897779 318891559
1971 -1250522502 8703319156
1972 -1399966924 7759715713
1973 6503866744 3193788348
1974 1154405000 10578891275
1975 5338556895 4362933395
1976 -4509031450 -3850005831
1977 6590758649 2219460023
1978 4709874438 7784457418
1979 2009851188 -209848190
1980 -3806774030 7221693053
1981 -1464332188 893772298
1982 -2573164735 -960228147
1983 74076142 2436631223
1984 9698868981 -6121132970
1985 -3056974919 2480227523
1986 7852220141 5234827955
1987 6245108331 104080665
1988 4361554433 4529051019
1989 24805321659 2631665566
1990 5686121454 2283141459
1991 9680811702 5186083219
1992 -8533817537 1985431010
1993 8593209203 944115814
1994 1056483163 836763757
1995 6201364280 -1652214330
1996 3450653292 6138686405
1997 8149801644 8730507432
1998 -5810383018 -901237882
1999 1523118267 0
2000 941267840 13825523769
2001 21726601199 3895081857
2002 798629058 573257431
2003 3363849963 10000000000
2004 8503582173 4309941291
2005 8273876933 4803359952
2006 -2174099750 -3237026249
2007 87049850 1865856617
2008 -4719857209 2823585390
2009 -7847175840 17968186829
2010 8835979525 4357966991
2011 -6279422724 -1972700765
2012 4981944894 329493859
2013 -4942266978 -2430024632
2014 6430681464 266402519
2015 -4719857209 501596806
2016 1682469339 0
2017 7364864709 75500833
2018 5562682345 4059761217
2019 2724191186 10296408982
2020 2237614188 7066361907
2021 2254785222 0
2022 12374129940 -1335296461
2023 2123556105 -2422937190
2024 -3867083663 -1547311576
2025 928690103 867181144
2026 5522191619 16634145621
2027 -16104703779 28887445259
2028 5692722261 2886077563
2029 12876131825 1652178388
2030 8751891865 4958364665
2031 23035276083 6162402029
2032 9013223566 6291371814
2033 -1989982611 5050798529
2034 1670869898 -11505540
2035 6917270563 1960435287
2036 4343058372 -8696977788
2037 4211112934 5522164315
2038 64173232 16601200372
2039 21726601199 -8193363942
2040 1760650065 0
2041 11074448445 5930056736
2042 6279064086 6936794620
2043 -2096530185 9129748665
2044 7719765918 5094197573
2045 -4719857209 4507420967
2046 9950871119 4646108844
2047 -1159311757 7841342865
2048 1881871402 307648509
2049 7741687929 6409811684
2050 -1477036954 -2075429302
2051 -1072392345 7721853671
2052 9646130597 7368663283
2053 -4719857209 11854167739
2054 2004108966 -1354295394
2055 540465415 13980879
2056 8036561408 1410697304
2057 -5013022988 3878735092
2058 -1513701414 8328526723
2059 1379223431 591159872
2060 5125967755 6748906873
2061 -4719857209 3520024352
2062 6455549102 12249644101
2063 6036559157 4296107052
2064 8265771033 4900291190
2065 21726601199 4483088492
2066 -4719857209 -12658501068
2067 1248120152 9306447714
2068 2347444233 99952104
2069 -1054266690 7696936109
2070 2366842312 -1261846500
2071 8188691897 4501739050
2072 3445000841 2500146895
2073 306035504 558247473
2074 8340371855 4779985612
2075 8848760630 4950445331
2076 -708815299 503510824
2077 5750215009 9976900342
2078 -1124857158 7793977700
2079 1540593564 99952104
2080 484680412 3772678647
2081 -1101642779 8161651218
2082 4649976224 559513585
2083 8422001597 7422164873
2084 9051521341 2875144775
2085 6427104131 2027618576
2086 1174825967 98230661
2087 10686443001 3151672937
2088 646357191 9320966836
2089 21726601199 2862033569
2090 1251468206 0
2091 7988691998 4228383940
2092 5516554604 3460616939
2093 -8617576201 4265965201
2094 8763205530 4933441100
2095 6925751115 9401200306
2096 21726601199 14054875215
2097 -4719857209 2755112127
2098 5925674606 3288097281
2099 -6476800231 3206998888
2100 -5246518769 11115531028
2101 5693741834 6416808885
2102 4502999633 691504337
2103 7331241715 4032861647
2104 110391348 4553532171
2105 -207846082 6533351198
2106 7237322629 7575011249
2107 3410704201 8575554885
2108 155571302 12770164614
2109 -6679738930 3307460134
2110 865284413 -199618407
2111 9023727216 6874393065
2112 1116244957 -1783031588
2113 8396937780 5024196845
2114 5252742164 8464069603
2115 1985851767 1031096783
2116 556820514 29195714
2117 6173909487 8094100293
2118 -680171821 -57075762
2119 8548077088 4515436322
2120 21726601199 16095798288
2121 7871272229 -4619727137
2122 10434566776 2638911699
2123 7672555039 330650275
2124 8362859789 2393031925
2125 1701963698 1082367641
2126 2634092129 7153800066
2127 1365595260 10511444838
2128 -14203701938 1394320693
2129 -2556518424 3325566901
2130 1725937390 13411155499
2131 -7216232012 -5896551264
2132 -3416441693 11194038599
2133 8472096162 5058886725
2134 5228439876 -215594759
2135 8947816339 5438809889
2136 -2357724262 -1200801168
2137 21726601199 297735694
2138 1859699250 9719236155
2139 3004302586 5510493115
2140 7219812648 0
2141 8041418844 4708142918
2142 5211681274 5559259646
2143 7979157570 -16765405368
2144 2116569962 16371285262
2145 14897595 35158344
2146 5238613997 6552548554
2147 9238815000 4363934157
2148 -4579171243 1001792593
2149 968279551 405598513
2150 5375963626 0
2151 7771294592 -19644856568
2152 2394329136 -1849746258
2153 4358000005 2920100837
2154 -1145240401 7821998797
2155 -3606618864 -6057093593
2156 6235332803 4565123329
2157 -3182246754 3032663195
2158 7669643016 4057076444
2159 8426626650 5269045794
2160 6247045439 3518847499
2161 21726601199 6367595014
2162 6052267772 5987968465
2163 1585746800 8963030621
2164 3512224598 3982748075
2165 7511986791 18189638761
2166 4439762373 3722365510
2167 -4719857209 5347154599
2168 1712698160 9067939119
2169 1706384425 0
2170 -858461186 8213714908
2171 -2215260252 4449628668
2172 1696901719 8973511360
2173 2193772257 0
2174 4880012106 372686150
2175 1167238003 10802074645
2176 5112830769 1497863603
2177 5001543661 11696902582
2178 2609339110 8076985963
2179 2728765556 5973470209
2180 5963038529 6608938355
2181 4768624437 11808535714
2182 5055397178 223185337
2183 5492853640 191347331
2184 -4384972755 10243109183
2185 5705608811 596502559
2186 3205381636 6024034888
2187 5824708088 -948772425
2188 -4719857209 3220647317
2189 21726601199 10114254291
2190 7413103273 9512434877
2191 -1169039319 7854715465
2192 -4719857209 7999553713
2193 21726601199 18246582529
2194 1966731929 24913466
2195 1701963698 836763757
2196 -5990376295 3094869592
2197 -2660428777 7552018076
2198 6727011415 0
2199 8829379537 6820026491
2200 -1059019843 226935079
2201 5480183935 -2388338384
2202 8166041278 3998520314
2203 2267280874 -13279598196
2204 6999980080 1493605920
2205 -2870707809 8495531477
2206 4897802241 4320255376
2207 2347444233 591159872
2208 1430008868 -1035519514
2209 1780181319 948807272
2210 6015668093 -2898212486
2211 5889591183 5431682094
2212 8840193412 3340693122
2213 6940647030 1169241254
2214 -4076107273 3252248007
2215 -2058938154 7563729241
2216 15764565057 18664633497
2217 2543191556 -1765944626
2218 5221887551 -930970986
2219 5228657282 3188759809
2220 -4719857209 8423079870
2221 833065443 240241451
2222 1710443994 3461225419
2223 -8446344565 -6149530350
2224 6320430689 -827702828
2225 7509034561 3801756342
2226 1993930942 13829303866
2227 8160557011 4721751463
2228 8103740180 4637211688
2229 -2340344916 6268662367
2230 -1531392132 8352846372
2231 4826661945 -387649442
2232 5109363272 -8155260348
2233 960475655 10066419872
2234 4423210126 2732000967
2235 4843306244 -93433150
2236 1050808098 4225190400
2237 21726601199 -17994356008
2238 6137754197 5805991147
2239 -2649035177 5290393428
2240 3999386450 -8862362563
2241 5248848979 12261811671
2242 -8100896927 -1984854176
2243 3196499885 8840899290
2244 5990678020 768252162
2245 21726601199 9258606760
2246 5621295554 1910021204
2247 3926339594 995803598
2248 9339395982 4596506638
2249 -4564821336 1683216703
2250 -4719857209 2409438993
2251 -1472116675 5890582246
2252 8857803107 -2238549486
2253 -3138268481 2996991884
2254 8170565307 1243432688
2255 5113322963 9424378399
2256 -4719857209 520211328
2257 8392914948 6151457519
2258 2328141703 -584681151
2259 -4719857209 4007986118
2260 3000303720 9851852726
2261 -2300574933 7414904652
2262 2544941034 -1769260577
2263 -1071965980 7902454932
2264 -6954831724 3809202862
2265 2992326508 5088441155
2266 4207508314 1343250711
2267 4937304381 14548656719
2268 2347444233 1327971526
2269 -736958200 7961091119
2270 4499492407 6983250458
2271 -1632767869 8620963784
2272 -2639238699 2671095466
2273 -2041287379 5614109981
2274 5384293623 2759714842
2275 923354304 1030860862
2276 8036213883 3788126809
2277 -7346524551 -3097632416
2278 8505764606 2217896705
2279 4423583364 5506238802
2280 8248467523 5254061617
2281 -1134239456 7806875662
2282 3255494822 4530416475
2283 2212384960 8106805755
2284 6896582965 2948344427
2285 6470093422 4283969386
2286 1217853297 345555988
2287 7089164196 1477037201
2288 -5026640093 -3254003541
2289 4804181787 2876077551
2290 6725618996 8743349138
2291 -2121661946 9164297608
2292 3096849834 398856631
2293 1379223431 836763757
2294 4422634786 916030970
2295 -1137843272 7811829872
2296 -4719857209 1794518752
2297 3942917605 -7562729494
2298 7129749727 -3053943714
2299 6204537828 9437241074
2300 1895102767 11419148
2301 8664532483 4711886162
2302 9386440780 8335626507
2303 6617977451 1622521590
2304 2299546669 9287802020
2305 5400493509 8097171886
2306 8020072525 6302700162
2307 6990767517 1296764365
2308 712463703 7330920656
2309 -4719857209 7471663322
2310 1540593564 2064783179
2311 4625664409 262210727
2312 7896169613 1350677124
2313 -1106403718 7768609527
2314 7893837129 2680718240
2315 8824909380 4700622322
2316 21726601199 4512244044
2317 1673180645 7594344518
2318 8003540513 4896953868
2319 21726601199 -7868095798
2320 -35732700 -2569788927
2321 1519712537 -1770423456
2322 816139349 10057653072
2323 -3273599469 1521709190
2324 3871304089 -9009899986
2325 3511216922 9838778104
2326 7743829117 3024267026
2327 3421368846 8324665739
2328 4987974420 732772457
2329 -86486622 5382031569
2330 -3501404653 3430992405
2331 7056418918 2291802127
2332 5456621501 4742401860
2333 5209014522 12104428367
2334 -5904433503 2268255380
2335 7502644093 294918936
2336 2363207039 6835641780
2337 7085395891 2723403658
2338 -2830268910 5798903384
2339 7161016410 6079351601
2340 -3623486841 2486166560
2341 7561729701 3355603825
2342 -4719857209 5578745785
2343 21726601199 10127812501
2344 8178375289 4532126085
2345 5311967938 -9277042282
2346 7231255333 1762688681
2347 1984785200 -1655714723
2348 -4719857209 7738594820
2349 5325730396 3726945829
2350 1578642480 55857448
2351 9611125660 3982046847
2352 4179987418 9289625091
2353 -5585768431 2829132416
2354 3681876137 3381703451
2355 -4427152855 2825783704
2356 8118765990 -2152170799
2357 519081532 2916544320
2358 3443702723 8976294626
2359 5548478703 0
2360 -4719857209 12463690932
2361 987731925 552057730
2362 21726601199 1752799112
2363 92527631 4363574174
2364 1379223431 1819179294
2365 1295722406 -385203399
2366 9017744017 1453276750
2367 6942771768 7499013153
2368 9029541698 3336949666
2369 -1201036990 7898703061
2370 2556729399 -832407204
2371 9776795645 4469138374
2372 -6434020065 2821800977
2373 3425619840 -7499049811
2374 5736803656 12524862248
2375 1540593564 1082367641
2376 7155122434 1068046761
2377 1816091436 9247829243
2378 -1082977741 7736405547
2379 8132471172 4147584298
2380 13545207245 22421324920
2381 8107841114 13088343696
2382 -4719857209 -9599915569
2383 -4719857209 2139605098
2384 315406065 12091279929
2385 4346939993 3008665186
2386 6805005384 2818561523
2387 7641786843 1338303908
2388 -1064926231 7711589911
2389 1217853297 2555990947
2390 6398136747 10046240793
2391 -1598244736 7740750394
2392 6485884802 3494427299
2393 -8172331558 1802236899
2394 -1225553992 18161190242
2395 8654745099 4691216454
2396 11997329711 12225668957
2397 5004772859 1243334830
2398 4013696792 10177586893
2399 1015469324 262754396
2400 -2737703767 8907862886
2401 -3144363446 2260600854
2402 -2935791382 2379437268
2403 8601061518 2228926416
2404 6469551089 5844844137
2405 121708926 3697108007
2406 -3038590208 10424810264
2407 -4719857209 -391507233
2408 6006227966 4525557703
2409 523354444 -122156241
2410 6255918362 3596932087
2411 6534596248 1669680506
2412 4009528209 995745023
2413 7108507184 7266274052
2414 1704035594 11958620
2415 2701368465 -2079627949
2416 6900284052 1652227789
2417 3528592882 11198188875
2418 -1432336733 8012044344
2419 12096443971 1188430602
2420 2219482600 0
2421 8846119001 9982541930
2422 -4719857209 -2565731683
2423 -2028996668 8362047928
2424 21726601199 8971495292
2425 6849756631 5466014815
2426 21726601199 3329433988
2427 6354249850 0
2428 5759860859 4412191491
2429 1701963698 2555990947
2430 1164490037 10463886451
2431 21726601199 2221279001
2432 3853456785 995854917
2433 305535959 1897536280
2434 4455132619 10286338268
2435 655095346 6599984441
2436 3631958645 4928395529
2437 7733712594 3621052129
2438 8675324570 5144312817
2439 8425483299 1475852622
2440 3390244319 6789939828
2441 7176923976 4149004800
2442 6064286510 8057490827
2443 8962872963 4931275592
2444 -1614788620 7827662444
2445 851344216 458966289
2446 7972521440 4287235188
2447 1948892875 9212343918
2448 -2212123451 7527902919
2449 -1039031217 8080234594
2450 -1406097808 7788558883
2451 6650769788 8062778345
2452 8253997938 7247600522
2453 12087883503 652941642
2454 -19036920033 8613846952
2455 2082554718 -98552907
2456 6100213442 3698088916
2457 2078759866 6724304437
2458 6275626804 -12300426735
2459 -3728681374 7964530550
2460 17425259400 5964825347
2461 5173228619 12072592037
2462 -7203241359 6344204934
2463 5874325216 8233300750
2464 9073473751 4331601029
2465 9891614808 5593483465
2466 -3865685727 6974744114
2467 21726601199 2917829052
2468 -293275773 6132588650
2469 4418482391 -8017714822
2470 3088517831 4797390229
2471 -3280225823 5538609990
2472 1447517612 0
2473 21726601199 5111654880
2474 5346766251 9174931854
2475 2295756582 5347921077
2476 5968006878 1460008973
2477 1701963698 2310387063
2478 6234670379 257046313
2479 7972025314 4736201583
2480 -8404271463 -5424517708
2481 357231777 -2379479324
2482 9204125125 4644873695
2483 5161313103 173815358
2484 0 4083558267
2485 5875449125 3272797683
2486 2018153747 7671551938
2487 5322208688 -1068883698
2488 4226699433 11888391185
2489 8516390909 3651536351
2490 1863333832 591159872
2491 11961500250 -4932350107
2492 6816193019 8166881774
2493 -519674281 7186359584
2494 -1279917166 8454312469
2495 3720354768 8039315290
2496 6092000923 1270243033
2497 9325317940 5574873480
2498 8314699479 4296112119
2499 1100950659 13630248725
2500 6039203861 2912284995
2501 1786426163 -308144556
2502 -4047377626 1477210400
2503 8172479543 5551272312
2504 4903494059 -493271503
2505 21726601199 5367175067
2506 -3665778629 -10287394948
2507 1701963698 1327971526
2508 7052588285 4062946119
2509 -4719857209 -3282590265
2510 8241111392 5299148469
2511 9063267168 1714690115
2512 -775551339 77123373
2513 -5014891088 6935471406
2514 6342672208 26227829132
2515 9871792334 4487715348
2516 1837614852 -1010898343
2517 21726601199 751656307
2518 -1523330817 8341764383
2519 9046051439 4326238489
2520 8894327838 4205381212
2521 1730964062 3902078554
2522 5231985670 5654096119
2523 3554416358 5023578391
2524 5711412012 -5045037606
2525 5838406304 3419996974
2526 -19179360555 7627474298
2527 -456984858 4468390199
2528 8083220459 9684625675
2529 8737791003 4694835995
2530 5950428665 4384800675
2531 -299496246 -174469392
2532 -4719857209 274643982
2533 6777768662 8194660013
2534 -3619242183 10125471287
2535 552847564 761672302
2536 1821927708 -1063100964
2537 1004406392 10121672407
2538 -642273004 -943026632
2539 -2164018977 2054448802
2540 1886210607 10327236318
2541 -12999623837 16526846222
2542 6677846471 5129218284
2543 -4719857209 3148054162
2544 -4719857209 3928512967
2545 1690333336 0
2546 21726601199 5731329529
2547 6589630887 7374125027
2548 6268445267 3750723870
2549 9024094317 8487120002
2550 -3471258520 6891444351
2551 3150726558 4984507744
2552 -4719857209 -2773845175
2553 4923717385 11428957559
2554 5484749638 720778108
2555 4121479895 2296573931
2556 -807749837 8107280445
2557 1809025416 10677518983
2558 1280727793 4688291173
2559 -1169630098 7855527616
2560 8232825432 4504223803
2561 10217422960 4582308093
2562 1056483163 591159872
2563 5324227241 9569753801
2564 -1772629163 5061068260
2565 1277196965 12640359840
2566 4312505201 12320856773
2567 -143038614 -4069854574
2568 2940438509 7888682785
2569 -8608415839 -174622294
2570 2523259971 4401486920
2571 4712512571 -230726881
2572 4960041651 553834252
2573 6443590009 5295889691
2574 1380672853 11329940108
2575 -708539520 7221660678
2576 2170396554 -4373842915
2577 -893280949 7769754683
2578 9050877031 4846914126
2579 6498383705 618233839
2580 5507993580 11567970152
2581 105107253 -1160677476
2582 7178772418 7820833240
2583 1750374563 8124548664
2584 -4719857209 7980474690
2585 5430691194 9699704356
2586 -2129372085 7911817882
2587 8395269667 4486815704
2588 7534111685 5580731202
2589 -2059167608 7631732022
2590 1931595002 7616047938
2591 7588656838 6240710178
2592 -1135865649 7809111209
2593 82782872 -552916040
2594 9273280551 1561694914
2595 2641196535 -3279356955
2596 7064789863 2542717600
2597 574283858 5346186219
2598 0 2894101271
2599 -1695370839 8582564014
2600 1625387361 -4855706307
2601 4783376122 1862351628
2602 17221482967 6575123255
2603 6766021521 9097089698
EOF