NAME : 261
COMMENT : tspgen
TYPE : TSP
DIMENSION : 261
EDGE_WEIGHT_TYPE : EUC_2D
NODE_COORD_SECTION
1 10026093740 10035076964
2 10013278311 10060755925
3 10055001457 10113705891
4 10093529638 10024165255
5 10018613641 10093244983
6 10016737920 10078434785
7 10059764441 10103809546
8 10070933616 10141359083
9 10072313534 10086237544
10 10051572224 10053307033
11 10061503297 10105682719
12 10025545078 10076556566
13 10053242180 10154565760
14 10089818509 9899920928
15 10055209798 9904260870
16 10084277144 10102542298
17 10028725811 10070132369
18 10088073211 10187215215
19 10096915798 10071390333
20 10048829937 9966402184
21 10026019741 10060877529
22 10062378930 10108687319
23 10031889291 10118456756
24 10073687775 10005003066
25 10026105019 10035053040
26 10021191605 10074673278
27 10025054291 10021886266
28 10029890060 10069326048
29 10044227531 9996616388
30 10073080222 10050670951
31 10058010687 10049850632
32 10088780782 9992858938
33 10098794694 10084749205
34 10050240015 9904260870
35 10032824391 10020801696
36 10008685433 10045768786
37 10063206421 10106746152
38 10018680171 10072162167
39 10085852433 9878856232
40 10096819921 9885071395
41 10036099680 10000000000
42 10026743976 10071504922
43 9946352690 10210505505
44 10088849435 10032940918
45 9988074242 10097994515
46 10009655528 10049409021
47 10022887938 10093717657
48 10071010046 10095980232
49 10031104935 9975461675
50 10028634629 10029687905
51 10053446902 10039335465
52 10016805168 10072560579
53 9987455543 10017115902
54 10071562690 10190546633
55 10055704982 10051447487
56 10112187043 10012329881
57 10026749472 10084642710
58 10072005380 10060072417
59 10118743201 10064773129
60 9990915265 10096363547
61 10091456156 10090554267
62 10071987050 9904260870
63 10102596701 9872819225
64 10048955861 10117674663
65 10054657123 10099696023
66 10097902773 10020256324
67 10044107950 10126965528
68 10084222226 9882711132
69 10031104935 9904260870
70 10007003250 10050943613
71 10071987050 9937740277
72 10067815720 10153423031
73 10078083995 9924809059
74 9930408638 10041450720
75 10054061880 10131725962
76 10072818342 9935977162
77 10047324960 9969960956
78 10087354081 10097237835
79 10063006619 9974582828
80 10033626576 10002353102
81 10020108504 10083993604
82 10006850161 10022912254
83 10073046702 9972399461
84 10051032320 10054819091
85 10061329732 9904260870
86 10079213695 10095980232
87 10125985874 10026581810
88 10110022639 10086719377
89 10064014157 10101271146
90 10283841981 9893447351
91 10059008215 10153064372
92 9947348250 10061159854
93 10084977487 10024070846
94 10054446493 10124349495
95 10052092490 10046223578
96 10064090111 10122979577
97 10070906581 9914198225
98 10091792292 9895734664
99 10075580330 9903146356
100 10086676506 10001977418
101 10072849592 10042268330
102 10031735391 10026839036
103 9933413246 10055418315
104 10099372570 10114971571
105 10056566017 10102497011
106 10126218526 10036028828
107 10059762724 9940549760
108 10023038014 10040666290
109 10078840216 10031034559
110 9993433751 10155389018
111 10097579767 9883459812
112 9928270930 10028857724
113 10020236336 10074046328
114 10043366189 10059992927
115 10001283653 10019429970
116 10031104935 10232094556
117 10107306380 10052088639
118 10071118895 10040772321
119 10120966259 10117476208
120 10016536937 10061313911
121 10109697755 10130437469
122 10056566705 9986131250
123 10004216888 10048514470
124 10005100298 10043765239
125 10046814876 9991128800
126 10199865662 9987592041
127 10054946056 10051973095
128 10082800156 10029990203
129 10087531137 10036057491
130 10096309507 10167575062
131 10071987050 10104256075
132 9993433751 9904260870
133 10035357673 10122266883
134 10014449760 10064981970
135 10026387388 10071357242
136 10021604898 10075064077
137 10009284416 10051178400
138 10032228490 10026073847
139 9983319745 10105136640
140 10007227406 10051361062
141 10029798421 10011204015
142 10042851640 10002532522
143 10154654622 10079371275
144 10023885453 10039760594
145 10026203403 10019168995
146 10061841571 10103431589
147 10111844432 10091656846
148 10031764572 10027914544
149 10074734290 10057344632
150 10062802731 9957219612
151 9967332478 10112651360
152 10053338773 10053086246
153 10081480738 10031463204
154 10058968629 10102438502
155 10078744269 10003381468
156 10080097785 10038901082
157 9999548779 10052140373
158 10016113848 10078866997
159 10087533534 10006902766
160 9993433751 10246187045
161 10017866572 10067741800
162 10036316514 10111497456
163 10057148660 9892778520
164 10024201446 9904260870
165 9991512156 10097790307
166 10041209146 10000000000
167 10041072989 10061581121
168 9941204370 10061121866
169 10082781412 10095980232
170 10089184038 10229190170
171 10043837347 10059666619
172 10079143124 9894721528
173 10062706482 10089981750
174 10006759202 10044415304
175 10005600857 10047838209
176 10039659784 10113442529
177 10071720098 10042820632
178 10087239503 10100617652
179 10020108968 10018294990
180 10088623886 10028648943
181 10013309004 10048827157
182 9987984237 10008828638
183 10089280334 10071387730
184 10058644532 9895810088
185 10021141691 10084519390
186 10086551432 9934462387
187 10056335377 10086327473
188 10024190000 10023930027
189 10030502708 10034703126
190 10046496707 10054077832
191 10062404660 10051868833
192 10116212932 10192602048
193 10049666411 10055629602
194 10089782332 9899997658
195 10026267840 9904260870
196 10071987050 10084306285
197 10073411096 10037938999
198 10076511239 10087236140
199 10020859323 10075580438
200 10084640990 9950896888
201 10024794964 10095544207
202 10002021900 10039082437
203 10023595365 10035064068
204 10101015783 10080796379
205 9968697755 10155888278
206 10044813966 9995372597
207 9993433751 9904260870
208 10013573575 10065030853
209 10072819539 9935974622
210 10028363251 10069572910
211 10031922891 10002948563
212 10019767640 10072155153
213 10015864230 10044922467
214 9999839731 10090190081
215 10093788971 10072720467
216 9986744832 10006084148
217 10043481282 9998199133
218 10001964446 10043789057
219 10002322489 10035399080
220 10026486074 10034244849
221 9991929022 9993423101
222 10052719254 9984710361
223 10012010432 10076637145
224 10097331945 10079836059
225 10069524972 10095980232
226 10085052215 10092767258
227 10058001739 10089348501
228 10080599177 10068550333
229 10021394575 10075209740
230 10069493723 10060638606
231 9963657632 10167806500
232 10096484268 10182424319
233 10024317858 10097175327
234 10046730730 10057662758
235 10019335433 10081523376
236 10059427242 10103647331
237 10085417254 9904260870
238 10143070390 10121088285
239 9993114883 10022270859
240 9994632606 10093744194
241 10200043904 10020121254
242 10056981864 10050563161
243 10017398251 10073043579
244 9995888971 10088720780
245 10090524751 9898423036
246 10063166608 9981568683
247 10084761139 10031324155
248 9985304006 10099030744
249 9997023380 10095870259
250 10077583833 10000000000
251 10018522478 9952558653
252 9995035409 10024442484
253 10120870720 10063001281
254 10035502425 10065439110
255 10020768010 10041614866
256 10082750897 9951177900
257 10022853825 10041948608
258 10159890009 10107134782
259 10046651124 10154361789
260 10006114649 10085792111
261 9987382831 10098409129
EOF