NAME : 2883
COMMENT : tspgen
TYPE : TSP
DIMENSION : 2883
EDGE_WEIGHT_TYPE : EUC_2D
NODE_COORD_SECTION
1 7343306416 8441447599
2 10935053091 2741698504
3 2911024394 5177331668
4 7809269634 9734677757
5 6779616807 7145064218
6 -1260832014 3806192664
7 9245827154 -3341874909
8 5587560183 8120223850
9 -983743074 -1912164594
10 -6706174099 -3668086284
11 6018319406 8466979289
12 12261308202 9087362242
13 7475971615 1758637499
14 10000000000 9362521411
15 -3829793427 10579174051
16 -1785314195 -1760818051
17 -727693049 -1318215721
18 854855628 -907992153
19 998156613 -5181984474
20 1720095829 6127603168
21 4310158674 -215916295
22 -1278913194 9081521263
23 9786835170 2517361172
24 2040261428 5318647409
25 -806176266 3866930927
26 -86259990 -1218218205
27 8578551033 7572161965
28 -3829793427 8083799407
29 -3808467779 -3262662603
30 -4073143203 6343130543
31 -1684663385 6042296727
32 8172304307 8591329208
33 1598988905 -1741534015
34 6998132911 -4290796307
35 821698275 -600012824
36 1095151678 -2065494286
37 -1370173174 -1184759434
38 8350848659 8956170230
39 9172550900 8501368823
40 16191258209 -1969589686
41 -228915139 17232281655
42 9141260123 26110792346
43 -5696334084 -4898435466
44 -236241427 -1224462060
45 171907202 4404536087
46 -1511643070 4192777758
47 5506500677 9504570110
48 4560353933 14753360023
49 6709641388 7089930673
50 6375872638 8476002637
51 9226700335 9900040884
52 948580296 4649230299
53 10000000000 8241678255
54 2072516915 5421079695
55 6290639841 848503734
56 15803471939 18157630252
57 -3817695290 -4150453829
58 4032905068 -1408140994
59 7661660900 10973809171
60 -3829793427 6529966281
61 6949530168 7740173228
62 -5099500297 3857916985
63 5270784450 -1842153473
64 7195507177 18020483778
65 6963774503 7111006363
66 5439991559 7629259389
67 -1071942741 13967825683
68 -5136088118 -5320206001
69 7260278512 256639837
70 11717184179 3005051354
71 8510727771 -9310768396
72 1951559282 -53625845
73 7879161843 22956832615
74 13136797468 8912971162
75 8519852096 9333039456
76 8262175249 -10715469015
77 809332919 -627107253
78 8262175249 -10715469015
79 577838941 -1483928082
80 -2657626269 -1890501132
81 15322840349 1304801159
82 7059653484 20908896726
83 8204056737 -595413443
84 -3829793427 4997682892
85 -9474836 -1708979765
86 8236533874 23849898561
87 6981206416 -10494413836
88 14336732 -765237794
89 -3829793427 9066896519
90 -716316931 -5681743604
91 18026448878 -8595582973
92 9202558776 -3848458074
93 6504975125 11308799732
94 9711467516 7701742005
95 9451069098 10100367141
96 6056159483 -3029777662
97 -2690364642 5995756464
98 5949781521 10571325320
99 11062968044 30913104096
100 -1425956581 -7034664891
101 3953446372 -8068649796
102 4153485903 7707334395
103 6043846213 10696273272
104 -1349214794 4655779132
105 4838531252 15358354279
106 779957697 -954821618
107 721584845 -816129242
108 377137699 4829802622
109 6241958998 -6464860283
110 -4539030763 -4238538076
111 8070792877 9177366420
112 5594663236 -459167441
113 -4075849640 4424145977
114 -2170733564 13187537227
115 11799094503 529409642
116 9663685353 -4629725203
117 1082024460 15150662188
118 -247132296 -980921821
119 5141244898 9450430979
120 628485381 -4019347974
121 6943007225 7186997519
122 4083444951 564665356
123 7524314891 22070076795
124 5282441176 8276835403
125 8331764876 9412326700
126 1629509914 6600767847
127 4669842388 -7196134859
128 3463965960 5330525048
129 -469355353 -13744797775
130 451804726 5720061460
131 8310934360 7525611232
132 8655885493 9227886063
133 564863605 -1616803386
134 -1669813236 3812104746
135 9065220952 8346192647
136 -2799878656 -3372132385
137 -5666313263 -5799252292
138 11102357154 -2204523136
139 6913459437 7788176306
140 4908702791 8710503606
141 2124226691 12133021801
142 5226630999 8869805771
143 10371523281 -476005868
144 10000000000 9375198918
145 13831088517 13999517846
146 9986135531 7786685021
147 6479016278 7326566111
148 -109572774 -796707212
149 11438084449 -1629436383
150 506339728 4778005894
151 891011683 -4504161464
152 7998406409 -10623790995
153 8563137531 18780479603
154 5624100132 10138716428
155 -5042485862 4394932398
156 3767257821 -6153755053
157 8652232401 7307290221
158 -3829793427 5017315896
159 6498587495 7350675279
160 -1171952669 4328171063
161 5789273123 10358118909
162 -5355985884 -4973261393
163 3640451224 12364374948
164 5952889724 8279994866
165 8262262450 23914193788
166 269874626 -1890564781
167 8037084563 23351478505
168 -3829793427 6648374339
169 8377527154 7797374157
170 8701782392 7962275035
171 5365884696 8988505174
172 2410767869 14269776534
173 5671520909 -2561775012
174 746102663 -3564430867
175 12820374022 -2234666166
176 10000000000 10000000000
177 6275553089 -9011480806
178 5264284240 8854419283
179 5496791227 -9546859258
180 4771279403 664875041
181 9147447063 9766985759
182 8810497687 -3171766192
183 5849103797 7608220958
184 1078731592 12682548454
185 4888457555 -9950627794
186 6066585657 90865572
187 -5221918920 -4268260620
188 6908850877 20532043863
189 -2035154182 6739715979
190 4834496564 8994007971
191 7013956938 20794701921
192 3599985880 558318642
193 945184709 -5033043851
194 5706267481 11629151114
195 6599732214 7606952528
196 7694786799 8850449081
197 -2055488687 6363057978
198 4417595458 12963097105
199 417478655 7977596692
200 5499513950 9495289505
201 6977719153 6956653568
202 -6865654045 4399909790
203 12597107102 2439904421
204 7521542270 -1334376293
205 4821710978 -8548908318
206 4793668790 7001279466
207 10000000000 8061645608
208 3610154179 9695202533
209 -3829793427 7777981395
210 3218196418 -9216958571
211 6245987532 9967259690
212 -27847946 4684171019
213 253429154 -807690945
214 -4047774406 -2708621735
215 -746054207 4482885933
216 4271838337 -2527095417
217 4262386982 5938352884
218 3745717857 -3755740581
219 10000000000 8331468893
220 8899507617 10000000000
221 6966812289 7660691298
222 6830018427 7360825855
223 26556302086 4601447609
224 -1098136654 5464206891
225 4959090507 -8176111676
226 12792609386 14167388857
227 2143413259 10452929920
228 6060660186 9987488556
229 2402213572 11024477598
230 1704083002 -8878072590
231 8635717992 10000000000
232 8419608456 7864748850
233 9064318640 8359133639
234 4922932970 -10124612088
235 6660443639 6917563571
236 6983551774 11081849997
237 2595103381 -9696865932
238 870149399 -4305547609
239 -1535595320 6179404160
240 -1790968655 5989350579
241 6654745385 7707899781
242 6687609144 7538775107
243 -4925846099 3095813766
244 -3373049783 -2312390323
245 14724360787 2127418482
246 20628996948 -4231395112
247 -3829793427 14278862002
248 -4928464722 3513057545
249 4833853920 8480826531
250 -2116594560 4939475584
251 192208802 -1006733513
252 5756655764 8713652410
253 5848559834 6523570175
254 370783706 5388606388
255 -3839884721 -3285391094
256 13452199077 -2505007396
257 21259012965 -10803061008
258 6693572258 6893193531
259 9106946171 9085873849
260 8306318288 9018108048
261 4868121965 -7545727151
262 10132725345 11033781018
263 1574769542 4759912224
264 11589654314 -2125801526
265 -3829793427 8288404511
266 8229634635 8247863690
267 10939018383 -99702878
268 10000000000 8465558657
269 -4951433320 7431789840
270 4043268442 91535479
271 6361514831 9151089235
272 -8462485253 7933473508
273 7708185286 7088595614
274 -4826134853 3541672442
275 6784068082 -1282851793
276 10276884446 28948696050
277 4531530459 14591165102
278 7083747860 8349525019
279 10752965135 8070838174
280 5469324484 8002383056
281 -3829793427 -9860084061
282 8601821619 24762745729
283 -366820380 5566111236
284 5470157581 287387850
285 11578738985 18048378477
286 -5108226514 -5341181080
287 8890611371 7800439534
288 11522505754 182401960
289 2223757712 12368182157
290 4640345771 -8639368439
291 -1420081296 4330466155
292 -1855393412 4271955909
293 7720110417 7112772064
294 -3829793427 8941801881
295 232148199 -1478988710
296 5899237327 10504186489
297 6182457167 -102597476
298 4819041069 8173888437
299 7396305388 -8304767226
300 7645278468 12823486734
301 6257566376 10980161901
302 5042266183 8455158749
303 -6650709272 -12299424605
304 -1538997784 4773491437
305 1149980732 4722152508
306 11668852577 3307989356
307 3768440289 -8289305885
308 5288608541 -9595166754
309 7642827773 19800986271
310 4798507203 978697786
311 16588190260 3549070811
312 6474986492 7682794456
313 -3181524372 7023473351
314 8036397704 7109975025
315 6580152950 7082373740
316 6688123767 6888017377
317 3824736723 6599944127
318 4824775462 -7307492054
319 1585232279 10000000000
320 10000000000 8299154076
321 8707596598 7647928016
322 10141283682 12999058778
323 8400120917 9473869526
324 8057516408 7181443779
325 9935666659 -2458694706
326 -310152943 -6230627698
327 13650651022 -5706644821
328 -6373304244 -11994280516
329 7170102436 -7681763030
330 3120970601 -11780932222
331 8268830413 -9454668012
332 2427381993 -830372465
333 1115107396 4536022561
334 -717287568 13817151856
335 -5524125004 3122088741
336 6097966351 10768162099
337 6658191965 -8494365645
338 -1889761320 4460255250
339 5794688784 7802128405
340 733608398 8369036489
341 5758221235 9143701248
342 3531519229 9659203474
343 141331670 -1166406892
344 -2799330521 6268810739
345 -3035207360 5304184438
346 6769850677 9471266508
347 -4451190827 6731806068
348 -1137531057 3968115146
349 8020993775 8255502441
350 11840788357 8551445403
351 -105646761 -10847368711
352 900245574 -1264574989
353 11905844376 -500600782
354 -3829793427 8725992674
355 -3829793427 6850300207
356 9506126002 8278633555
357 -1566793855 6637420410
358 2254274854 -3080836634
359 -5696334084 -4898435466
360 16567330323 3423110989
361 2304259183 12252056194
362 -3440260271 5124904711
363 6855768273 20399391440
364 1311249896 -1621692303
365 909272112 4510045522
366 -626505996 5102909992
367 4003872999 13272559090
368 5840136384 -119273077
369 12443609470 -200308501
370 9800286816 7498652050
371 6833539139 7946616830
372 5224142624 9129508442
373 -5651857115 3498322516
374 -1916594238 4441486969
375 8469121838 24431131486
376 -5254258461 2926168676
377 15220404154 14901116638
378 10000000000 10000000000
379 -3914410067 -3572516576
380 272877095 -2534556975
381 -3829793427 11846259525
382 -2397765902 5693774617
383 8718924242 -45940433
384 10000000000 10000000000
385 -3829793427 8073891080
386 -733655819 -1383892566
387 12545343293 -6561052322
388 -2244832474 6007772698
389 -1224083966 -3922733262
390 10000000000 10000000000
391 7057831623 686859149
392 -2962224839 7106323102
393 74687286 -967443227
394 6117386365 9371909980
395 4928837290 8737248650
396 -1502801105 -1236661786
397 6319375408 11062264035
398 5793401318 8714388498
399 1744124581 -783362619
400 -5382406356 5743472994
401 6267198343 8130022507
402 1468251468 -1907253769
403 -60255275 -1826796992
404 5375115464 14239768768
405 10206023011 9324120067
406 5791860583 10361555882
407 7708864334 8606707888
408 -2717495635 -12104993043
409 8410580318 7891012329
410 4041460826 -8811857572
411 10150634831 8677289984
412 8052962898 23391158165
413 1214637267 -595037754
414 -1491704605 4335638005
415 1862968552 4901557772
416 -5504762137 7515318241
417 8584521954 1092896325
418 3401298694 5846075085
419 5390836877 -8913397502
420 5060710185 8912417970
421 10000000000 10000000000
422 3311357960 19138828343
423 3060632194 11012878136
424 5719651722 -1767348382
425 -3829793427 6413613505
426 14096158125 -161299464
427 7831628889 8678569904
428 9790943092 2052964309
429 9473700581 2413470535
430 9141014433 -1468367957
431 6923981304 7378283405
432 9611221222 9720280125
433 12072963570 8428191148
434 -111706 -763448807
435 -1501606676 3707684818
436 1873921926 -1049050956
437 7802824097 7950585613
438 8029883277 18814855293
439 3588278762 12233996951
440 9090178778 7542270658
441 5183709414 9096589612
442 397180111 -8687992888
443 -3829793427 6152682384
444 3396303447 490093811
445 3359943296 -21248525336
446 7650805202 1780874797
447 11050351577 3069171507
448 -3829793427 9604551797
449 41876047 4261012158
450 5290252153 -1988361557
451 6838020462 8222146987
452 6363028818 7787923689
453 7230475215 7554274153
454 -4449688464 -5836948945
455 7574905869 972345171
456 9545693450 7909734459
457 3185543429 -9875099394
458 10067324450 11042184740
459 10000000000 10000000000
460 8487272644 7070835158
461 9787271066 1843097431
462 556413903 12737549621
463 8262175249 -10715469015
464 10000000000 10000000000
465 6487004942 11284929590
466 715942695 13314393497
467 -3829793427 10993432396
468 8536885644 24600471954
469 -6196681369 -12218433349
470 9084457322 8200386404
471 -3839817030 -2432387927
472 5831382740 10253437300
473 13843015875 -459788875
474 7796772481 -1314958058
475 -3829793427 13870353117
476 6521080537 8255283742
477 6575171531 7423767345
478 -3829793427 9319203752
479 8848939127 25380287706
480 7301491187 -944738052
481 -5421349134 -4533167635
482 6997003308 20752335121
483 -4398302669 7480105015
484 3675969821 12453135249
485 -3874404511 -2478331147
486 699102481 -580879850
487 -828695466 -3201758343
488 5177957933 9068160423
489 5620411453 9566442009
490 6220163862 8560472955
491 3820150147 -12418192891
492 7756167523 6840679883
493 9531537208 7407958350
494 11350803063 2487327754
495 4243352973 -3520194386
496 2372186913 -925818810
497 8883872403 8366682709
498 5105908341 6647137740
499 7026300534 -7505719122
500 12401648617 10722631349
501 -3829793427 7970216753
502 -2143923608 -1704087164
503 12011390160 31122601
504 -247633330 -5088518917
505 -1135631753 -6481163350
506 4922957955 8729439016
507 4054641235 -10083583959
508 16203337153 -3337617861
509 -2861777116 14390234635
510 -3829793427 7181868014
511 10320155552 7984413067
512 -921124346 -4578248910
513 -4229143898 4027935963
514 -884602670 -3672421053
515 -2880499670 -2078330770
516 -5095035936 3702534654
517 3245304266 10540966650
518 6687609144 7749139077
519 367302405 8783019129
520 10205033769 28769142568
521 -7427821435 7013845632
522 -2002779985 5755462779
523 -2039367971 5836275193
524 -3829793427 6609846713
525 18642222425 49853517444
526 6336694697 977669885
527 -105646761 12097829191
528 -4140901013 4972395067
529 581983642 6888690951
530 9295023258 7794567613
531 -3829793427 11284964343
532 -2834844153 6206294040
533 -189492906 4725414657
534 6915428870 7337080401
535 6833761775 7394703374
536 6230810646 9096273974
537 10616595281 29797627003
538 905405585 -529892575
539 6402717638 -4516240101
540 6058122511 -7741891499
541 7798106554 7865070648
542 6907295827 7221523837
543 -3829793427 8748507662
544 -1630129940 4079852739
545 7395137126 6661783817
546 7865884403 7806938591
547 -3829793427 6758412247
548 4547592257 -7712578523
549 -995894314 -13537645928
550 5965991932 8975058125
551 -2676987033 15191464834
552 6673552176 7793662743
553 9410112814 7923963178
554 6344728309 -10439273524
555 6918176832 20555349249
556 -5696334084 -4898435466
557 -3102076721 -2696688035
558 6552195638 7963163287
559 1043486015 -349661305
560 7011641651 7481605506
561 8021497274 6957368089
562 -1758712563 5795234091
563 15270057477 1422010791
564 10686132713 -4687262255
565 -3829793427 9319203752
566 7934105470 7936951837
567 8795655101 8922778084
568 1083178003 -3058325532
569 -5776605557 6920427068
570 7603031626 129287352
571 11058247734 2944267306
572 -2111048141 -2310656076
573 6474064961 19445522082
574 5728183661 93571022
575 5991930118 10627312118
576 10000000000 10000000000
577 10000000000 10000000000
578 6764119671 -7521844829
579 6637157969 8822916420
580 -5536956633 4912214511
581 10000000000 10000000000
582 3201217399 11058166952
583 8422651500 8209577744
584 4035936645 91596430
585 -493779504 -1103029847
586 3559239104 -600183778
587 6421209698 17321113970
588 2826914995 -2954924708
589 8325702854 8402590055
590 8524591488 7657366707
591 2949719221 -951260332
592 9149962676 8726923666
593 7929490744 -14385011464
594 -289943349 5588229012
595 -392594017 -797185344
596 3497174874 -5090191719
597 10972029434 1920222616
598 8694538524 8229035639
599 179815387 4787901352
600 -41991214 4472231247
601 5032796432 -7148934537
602 7492281872 9953253502
603 740900258 11956710668
604 1873758040 -709591221
605 49533453 -1846119244
606 7828644356 17322061289
607 -341493555 -981296914
608 9396319371 2322864806
609 -2310756128 4648296433
610 5817015292 6810740424
611 10594336786 29742003444
612 10478314061 2551755574
613 2280329658 -2110628885
614 10009810322 21622818789
615 92859851 -2392529226
616 6704957492 6883888116
617 6803129380 7505328629
618 -3325119092 5101170988
619 10000000000 9057949772
620 -3829793427 5799462017
621 10000000000 10000000000
622 4897286928 -826414793
623 4422373156 -7435376788
624 -3669380694 9691462820
625 11786140834 3024686511
626 7994005754 6874433922
627 6478153537 9309981374
628 6911620006 11503270192
629 -2139338757 -4562591393
630 24650856885 -12909677780
631 10767852896 2211828190
632 1784745433 5038827264
633 1681916698 -1019098966
634 3150106690 6219935555
635 -942957533 -1637516922
636 879053070 9897887045
637 8580693345 14066016423
638 202236495 -2173998331
639 6951072560 6856399071
640 6769380605 7311116836
641 7458407324 6893065799
642 -1153054001 -1178771590
643 5655657796 -9036919466
644 9751163202 10000000000
645 661361196 -433120769
646 876324090 -536588581
647 -746535390 -949458718
648 -240780351 4335587598
649 8051926130 7997730812
650 6101428320 6940200768
651 8628780836 9679738350
652 -7704949829 5751588408
653 1544976111 -233533259
654 12555019684 34641712925
655 6998425848 7808213957
656 1282100957 -677937924
657 10000000000 9125566163
658 6983080586 7426154790
659 9672469372 10000000000
660 -2715008879 -2676319926
661 4949017217 13951201189
662 9056528165 7268296778
663 1244524085 -1212604182
664 -1406380005 -1984004068
665 8440138429 -9709705778
666 -3829793427 8859539296
667 -2186235461 5389349616
668 155191228 -8034664789
669 5514952065 493263651
670 1066908708 -502894853
671 -2738683114 6351959175
672 4535860920 859184731
673 -5635547709 8550355400
674 5001598233 8046895065
675 5546766660 9558056194
676 35321302 4434669130
677 -3698705541 -2997554123
678 8952220899 7629214948
679 6607211365 219879187
680 -3829793427 7740528021
681 -1078325234 5880351727
682 7383547175 10276972659
683 12780832967 -153724969
684 -105646761 12548272759
685 -5683432116 5399085154
686 12694769402 178253195
687 1427452296 -1776107817
688 -3098082712 -2980069485
689 -442311247 -6289932803
690 -399936891 -1053066354
691 8046685627 23375471384
692 -2163735342 5879722843
693 7570431458 1493955308
694 8636340759 24849008406
695 -2822324620 5102802987
696 10000000000 10000000000
697 10989956797 1394281021
698 -3829793427 7759537797
699 6841922224 1526431655
700 3920732922 7799178384
701 -3769279441 6421547714
702 13169044540 18388003687
703 10865812054 11745917857
704 6178834190 7959637434
705 -5110420336 -5339529503
706 16432760260 2809837305
707 -3829793427 9100903883
708 -3829793427 5760213419
709 11931117134 10510117085
710 609910496 4757768960
711 6488218286 7924567131
712 3440988156 11865920514
713 10000000000 10000000000
714 5365374051 7942390198
715 -2208112919 4158659276
716 6245649118 9996408277
717 5898481628 10503182681
718 7939665632 13214526903
719 2686456252 11427721105
720 5420873658 9390830082
721 5554192025 8746214502
722 2538216758 8031098855
723 -201254549 5235865566
724 9243897677 10000000000
725 -3829793427 8951846665
726 -354451327 -5218874195
727 -3666722336 5889185203
728 4819914033 -7459320197
729 4720255114 8460184910
730 4567541609 8606479186
731 5239076160 -166400372
732 -3829793427 5514050468
733 -1357940110 -1328961315
734 6087064269 11184481168
735 -7672229751 -19534110581
736 12625378467 13313874139
737 -1904004053 8859331385
738 6975893195 20699581348
739 3924916593 5686572479
740 7074116863 9629156534
741 1336712113 -3904987944
742 6234318925 8506955193
743 -164262086 4790623299
744 7639964755 9820544719
745 -3829793427 8048497789
746 8331132285 2175093349
747 14154868450 16578176196
748 -3829793427 6837064559
749 5356526982 -1463116321
750 10000000000 9327958838
751 -1030964516 -4832249588
752 1181902312 -2686603011
753 -4952060500 -5429275023
754 1006427877 -11982527469
755 -4860413749 3096995876
756 3970840457 8262905781
757 6687609144 7607382304
758 -3829793427 9427026833
759 6378149841 8916190221
760 10139512615 7629913720
761 8574523476 -2812513402
762 5334552350 11259254774
763 -2269695572 6820650210
764 5539766303 10026694170
765 12543424948 3558531408
766 7742301250 -7121629823
767 2023902382 11369926205
768 3060445941 14989708931
769 8791512292 8272242317
770 2508218376 10503754676
771 9518864322 18690698318
772 3057788686 -5864367005
773 8738977591 7952562610
774 6687609144 7671844816
775 -1537431445 6409897817
776 4163278802 13670911177
777 7820101951 7039297930
778 1942604538 10661078057
779 -1105003167 3922242626
780 6626100863 8712641852
781 1532479891 11087864606
782 6871881535 20439658177
783 751037994 -685428833
784 12133935545 -4037384876
785 -3829793427 4411173497
786 2838914815 7898733095
787 -3829793427 13265580191
788 6202690173 10907268779
789 9260441085 2093498719
790 8922542890 8359085910
791 10000000000 8938368184
792 5008306444 8305004973
793 7854655694 -9646866127
794 3138436483 361076699
795 7594779952 -9041781897
796 8705978690 8350614298
797 8950462708 7954872149
798 6405828261 6747541134
799 -1850323562 -2411053843
800 5724308628 7434470576
801 6301566842 7740773278
802 -4898193527 3667446631
803 6552673565 8231499530
804 4824023251 -9129979205
805 368101503 4395109752
806 10000000000 2448248169
807 8741360439 7802303131
808 5502655818 -10157373553
809 13691263812 37481165508
810 7252572166 7563674790
811 7528070499 -1565356684
812 -4512930571 -5789338325
813 5007852032 8842205462
814 6807004430 8218652851
815 -1465822177 5889811226
816 1188887522 12861198539
817 -3440335412 6630941871
818 6981206416 20712858987
819 9307957764 -1171369859
820 5146941318 -78079251
821 3827613716 5805755388
822 10212114015 7921594859
823 12779499295 13923895064
824 3548302273 338253976
825 -3861574144 -4192854850
826 -1594036444 -1725167545
827 10000000000 10000000000
828 10000000000 9427310562
829 -5498880272 -4636153745
830 884704709 16405134368
831 11558109465 2652550622
832 -1212245763 -4679774727
833 9569160607 7400772506
834 5569166453 15174844102
835 -5980606786 3610725177
836 9062477273 10070207198
837 7238566468 -7791484588
838 -3829793427 -9294185453
839 7041645480 -4315827544
840 8792936049 7145837982
841 8720067286 8128271839
842 6181206538 8048620533
843 -1957980354 5614009663
844 20759750459 -10492977528
845 9243498454 7439120460
846 3568637101 -6325191209
847 987444055 -1349787855
848 927334285 12004310026
849 8262175249 -10715469015
850 5025592511 -10152091364
851 7265289881 7709960719
852 4736259723 6581353711
853 6714905096 20047377026
854 -888524728 -6170463340
855 -4816185346 -4064189055
856 8737365520 10000000000
857 9472776751 10000000000
858 -1392295125 -1175415475
859 6513880062 6673808874
860 -3829793427 6729804156
861 1310811805 -707035647
862 4529048599 14775651207
863 -293269671 -1236590737
864 9549561705 7674445350
865 12986983415 12446812560
866 -6075113013 6677641029
867 10143359061 2267163101
868 4319476645 -4516466634
869 12479892699 9814155318
870 -5456075090 7003503094
871 5278431972 16457657856
872 10570862588 17527390854
873 -163358798 4167811468
874 11957138741 -7072923774
875 10357419325 10975934773
876 5351105146 1104035983
877 795274760 6323391011
878 6121753764 -11782556727
879 1111704014 9739657094
880 -1389182182 -1323311427
881 10000000000 10000000000
882 14176332523 -5802097480
883 6465889951 6905851074
884 9526779832 2316555202
885 -1638845259 5989928132
886 -7891420273 4983169449
887 7237509062 16708551830
888 12448026876 3290492112
889 388886381 8250948985
890 9323221157 7412844100
891 -115818978 -2512981883
892 9235088902 124425117
893 7939113237 7615277266
894 8085985029 -10160143658
895 4299332943 7349178097
896 6518572540 7140902507
897 6374228602 8365838432
898 -3862026175 7319589043
899 -5563714393 2763498094
900 5049006102 6530527792
901 8492240821 8548525782
902 8237042185 -4235759506
903 -1106783250 -1708183655
904 -1380339856 -1649923062
905 9332518461 9677231917
906 5412829033 -581968546
907 7260510997 21410835853
908 7807464825 8558549236
909 3967544304 7607262576
910 13643710672 37362331111
911 353325472 8264956295
912 -3829793427 7882365288
913 12329952754 34079274922
914 -5786765208 7232771392
915 9824283916 -3036519310
916 371006976 5536840831
917 -613132269 -14161969647
918 10450123621 -4335078015
919 374959050 -2919970627
920 8894253744 8254591569
921 6659902544 7491431957
922 -2111790241 -4782713877
923 5946235366 8190595893
924 5765968515 7924372367
925 -553143043 5169616885
926 4428726946 317108894
927 8298637109 9106717448
928 -4959814924 -5452909927
929 -2598398968 14281917797
930 4161035383 -5602679056
931 -2239610367 -1688110008
932 8605311680 1623681813
933 12153107300 14547285039
934 7292945963 12355476649
935 5330548543 9270849484
936 9856634744 10000000000
937 -3829793427 8214320276
938 10071890298 28436419553
939 702514049 4372906089
940 -288558525 -6508368017
941 6286624874 1234575734
942 6932460320 6969005480
943 530242971 -3084077342
944 6617383015 8477844881
945 10626491276 2917783396
946 -6162619184 4043000664
947 -2918699632 -1700309033
948 8188330881 9283189123
949 473659169 4601526436
950 9417115107 10000000000
951 12076212369 -13513675350
952 5983816567 -670299504
953 1829209805 9218423631
954 4178132590 -1340534901
955 2413082776 -2159847091
956 -679731525 -1467731574
957 -1191654363 -5515783699
958 6194809558 1382885435
959 -3829793427 17254160533
960 11886662591 13546249231
961 -1654049909 -2269529242
962 5462390619 8641033518
963 -2012974156 4637667718
964 10000000000 9162007295
965 964694503 -1016950616
966 9792957226 -3154591624
967 2451118790 10246926840
968 -5500218152 3282006698
969 259896473 -2712932152
970 -1064523440 4496694457
971 -389931159 -2117985678
972 2194891780 7972753425
973 -3829793427 17712146405
974 6639241054 8462085280
975 25168937321 -13231448758
976 -4478210626 -4087373352
977 -3142755160 -12087154739
978 -2376271563 -2933419050
979 10192884459 8226280745
980 6602918899 -328880976
981 6546088881 8427790275
982 7664190478 7031469995
983 6303538713 8497539714
984 6128071979 10808151988
985 -1890880348 -4446126567
986 -3271248629 5385767625
987 6647501931 7312743895
988 6789082219 20232744252
989 5152686544 9034591948
990 -105646761 11986830930
991 10000000000 10000000000
992 -3829793427 11287833798
993 7172704805 8006196004
994 -3285516903 5754889804
995 6911941945 -8209352016
996 -5048535083 4910145897
997 -947045175 -5058817283
998 6137197169 10820273154
999 4333094412 -8432387636
1000 2017216939 -3405275374
1001 -976191257 -4012028403
1002 -882159961 3923237168
1003 11539635950 9722591431
1004 8672720823 7492371138
1005 3679023761 -903282885
1006 6940983408 7132846459
1007 580115566 12079982312
1008 6288199536 1461665304
1009 7105243302 10418451539
1010 3087591506 6769422922
1011 7777366031 7345197781
1012 -1669324524 -2289318837
1013 870357740 10918303565
1014 7893590299 7470388107
1015 10930895296 -578455809
1016 3417736399 -1629639931
1017 13939136232 15695067557
1018 1499505829 -6956616762
1019 8851555533 9880308546
1020 10000000000 10000000000
1021 1935206848 13205750246
1022 7352863829 -1507426638
1023 3596589854 -3812751263
1024 5449278844 7712392269
1025 1365575458 -1361480290
1026 1147574084 -3400894736
1027 11420204565 2477353536
1028 -3829793427 5383615965
1029 -6170382929 -12152714046
1030 124873513 -1830948981
1031 -5844073963 -2674795401
1032 4679037508 7740480072
1033 -331833136 17484691992
1034 -5112627930 -9509404310
1035 6761163677 6936024171
1036 7969622457 7841007982
1037 7124032390 10472541014
1038 9004458475 9365102738
1039 8436578009 7597550599
1040 -6556137694 5042696209
1041 12584305491 34714897602
1042 -487985387 5168151675
1043 -4075132028 7145601969
1044 37075771 4388349826
1045 8955408267 8132032110
1046 5948069863 457350504
1047 7449937020 17267414051
1048 3169977270 -7304078768
1049 -4402306984 8381267192
1050 5954775087 10577958371
1051 4149336805 7286950652
1052 3873551067 14599461174
1053 8262175249 -10715469015
1054 4751316052 15140405142
1055 -3829793427 12474480625
1056 9684943605 2294062651
1057 10000000000 2156936681
1058 -3829793427 8237822956
1059 -5013439012 -3991332724
1060 6854393149 7404657805
1061 -1133203773 14192609610
1062 5973180318 -11362260870
1063 -1668700901 3658355035
1064 3037594225 5632918029
1065 717283311 4799735178
1066 -741100223 -8279251752
1067 6910088591 8097808911
1068 9226826420 9628496067
1069 5667557144 10040799934
1070 8060134363 8354301400
1071 19205916498 -5482124590
1072 813922174 -446058579
1073 5472560415 8099367635
1074 8835992596 7491556599
1075 5764615453 175419414
1076 5918002515 -2383557992
1077 3388157819 -10561682046
1078 8558772322 7171438633
1079 6993890101 7009733438
1080 6468498871 404433598
1081 1314586257 -374634225
1082 4270817291 -8129308352
1083 -3829793427 10093649081
1084 5933746876 -85647753
1085 2423539661 10600022266
1086 7379832406 -168393278
1087 -867068388 6054446177
1088 8519767558 7215298403
1089 -206552004 -6792609335
1090 13759079415 1495301369
1091 -485931624 5826168942
1092 14898353909 1347486372
1093 8659860077 7654135109
1094 -3829793427 5082565503
1095 11815261608 2348178709
1096 1902770939 10678483930
1097 9553494263 7720895519
1098 15591161907 15948161809
1099 5699875236 -235285604
1100 4471853165 7343543670
1101 11490768238 2823147309
1102 14286874505 2434085514
1103 -1118358785 4267369562
1104 -1027450913 -1479648938
1105 -3574368025 4647145217
1106 2133387299 5046208029
1107 8273741532 12196921212
1108 9753895665 8995466560
1109 583793205 -1009546367
1110 -1149024846 -1126116907
1111 5714743407 10259119644
1112 6981206416 -8772412840
1113 13681808875 10960685039
1114 7565325701 6763184250
1115 -3044991934 -3195455216
1116 -813866083 -5867720139
1117 10044797562 1482462667
1118 6536341066 7091210422
1119 10000000000 10000000000
1120 -3829793427 6997344658
1121 6498876690 7029956554
1122 7099326726 10285672661
1123 7939463633 7791079872
1124 -105646761 11637261742
1125 288976096 5028214398
1126 9064292990 -6182281113
1127 10000000000 10000000000
1128 7226266974 7517410076
1129 11139585719 2665742778
1130 6865546483 8257338090
1131 -4385534065 10033331224
1132 7729459599 6974189955
1133 -3829793427 14760598466
1134 3068440727 -601095648
1135 11208152078 31275916251
1136 -5515631718 6841984595
1137 -236134957 -1427339704
1138 8788670952 7350377557
1139 7158296350 21155403382
1140 -105646761 -7030437365
1141 -269636569 -790548829
1142 2972491930 -640689846
1143 7115076293 11753533007
1144 2270181230 11381909800
1145 5729554287 -9389539537
1146 10000000000 10000000000
1147 811701598 11420482106
1148 8309806742 8958478256
1149 85628483 -1563777394
1150 8286577732 -10577557788
1151 -3829793427 8881102092
1152 9547455161 8369536175
1153 -4062545770 -6885268851
1154 11751829703 32634556353
1155 7289029105 7547181051
1156 -477375772 4965142974
1157 -229015973 5861276836
1158 10495110539 29494038931
1159 3629921224 17767970124
1160 9280706485 7631912840
1161 6964938071 20672204701
1162 -1056838314 6375632494
1163 2738970137 -6074762157
1164 8861148413 7174319275
1165 -2402864112 -1507912187
1166 -3829793427 15739508050
1167 -499808948 -4216534631
1168 -747209300 3919038776
1169 4865706608 -439268045
1170 6229924765 8526690091
1171 -2458739572 -9003655904
1172 10000000000 10000000000
1173 -3007917583 -3323400853
1174 9733699313 27591286678
1175 361683216 -1811840474
1176 10000000000 10000000000
1177 6578666367 11406685235
1178 5126149020 738882992
1179 -5107955864 5066024868
1180 7622227327 6722679490
1181 13398532053 36749634380
1182 149332732 -2697117909
1183 -2846268387 -2399748573
1184 4314699077 -6380453303
1185 -7917765351 -3707829564
1186 -11321189436 1554984674
1187 9566216824 2266688156
1188 -3829793427 6910487365
1189 6512578408 -4563398231
1190 -1949480588 5687567776
1191 8813183774 7128589060
1192 4935373286 381610798
1193 13265720452 -5213346602
1194 -2250367825 -9036095573
1195 6250428132 10135832786
1196 5209604007 -8679773258
1197 4800289819 8566496556
1198 129405108 -4628400284
1199 10000000000 10000000000
1200 6771175271 12034136711
1201 4616758222 11511083577
1202 6920320028 6908629804
1203 6777520211 7427667361
1204 6294282585 8488892289
1205 -866063292 6973105172
1206 14682829972 2281655465
1207 4371586427 -162424453
1208 -463310053 -7297779987
1209 8705816663 9190288415
1210 12878775792 12911234633
1211 8248694805 7077711203
1212 8918280972 -2469800324
1213 -3829793427 12066958904
1214 582336353 -3269930859
1215 -2891548165 4952610358
1216 9717989445 27552028014
1217 10000000000 9245373067
1218 8770290927 2143963603
1219 -2941743574 7383546350
1220 3628328827 -8886547684
1221 14155334459 1469981575
1222 5487915028 6632979273
1223 448740087 -8827195898
1224 -1538762951 4492034721
1225 8288476783 23979702909
1226 13243717041 -906036177
1227 -715608639 5043640730
1228 10000000000 10000000000
1229 898365820 8631254163
1230 9443351775 12392505346
1231 7776337187 7562774033
1232 6197097750 -10210431906
1233 7627216425 22327225782
1234 592443184 12570522725
1235 4668978146 8231740235
1236 -2832771566 5462313623
1237 10000000000 9366557922
1238 -2464658358 -3568840783
1239 8595588137 9521935258
1240 8665315953 7718037941
1241 6038221142 10340298257
1242 6518314396 8257366178
1243 116862727 -1686043460
1244 4843087170 8623345107
1245 6719667732 8654874650
1246 10156098451 -2299239960
1247 4537688279 7347902116
1248 3260156775 8187058109
1249 531108811 5475936049
1250 -306487414 7011312799
1251 -2374731758 7967291348
1252 -2702227983 6403036771
1253 6035635104 -90739000
1254 5499998561 -2198994164
1255 9331954379 9755776217
1256 6241552742 8708689525
1257 -1133541598 -6477178488
1258 6964062803 7120971493
1259 6061777104 10702601755
1260 11406873094 9516862530
1261 15285936649 2086345834
1262 10951598801 30634794462
1263 -5934999785 3631580705
1264 -964730746 9003395529
1265 9792511876 8908806843
1266 608670590 7865035652
1267 -8485706557 2398806160
1268 1430894144 -894489833
1269 10338065464 915401496
1270 5755580058 1229471398
1271 -2956481702 -1652473755
1272 7954279898 8155871764
1273 20280938087 -10195595278
1274 6293635373 -9551024853
1275 5357513609 9306667703
1276 6525938190 6491412387
1277 -4983904454 5553086582
1278 10431761587 2571452305
1279 -1107864963 -4131870134
1280 8967973048 8268251862
1281 9757152651 9442186462
1282 6788576392 7886060769
1283 5534710467 17098092968
1284 7240585969 8111993773
1285 6469879674 7432962207
1286 6285792573 10620669353
1287 11146166288 -428827489
1288 -5696334084 -4898435466
1289 9556231366 18460834505
1290 13405749755 13111317076
1291 7495587600 21998287837
1292 10000000000 9521292870
1293 -416475493 15527779175
1294 -3829793427 4921516179
1295 1169301479 -2135538670
1296 6493018802 8634003268
1297 10000000000 8279365929
1298 10856830529 -1634696842
1299 -2736747140 5116980011
1300 7997645436 7280379928
1301 712332757 16157065034
1302 -1776248805 5769118889
1303 5734587764 7731025642
1304 2838098321 11951647436
1305 9390550802 9247958532
1306 6687609144 7784693389
1307 3843679325 14618894195
1308 6314006976 -695895124
1309 8563625605 7514834795
1310 12063209799 14381774165
1311 9558898601 9303456659
1312 -7243603034 -14834670788
1313 7864580317 7270661273
1314 -3162886066 -2730593128
1315 6557319707 10105665113
1316 6385402331 9259662764
1317 4302849978 7905737587
1318 148937870 -891735367
1319 6981206416 20712858987
1320 -3158571310 -6203156240
1321 6817931496 7506997352
1322 -1630964324 6352279978
1323 6674280340 6853516051
1324 7115004572 7184801726
1325 1745809140 -4856146489
1326 8466174502 7924552641
1327 -3829793427 10656148536
1328 10000000000 10000000000
1329 6618367237 8763479700
1330 1786864876 -757703165
1331 10790499749 -1024930111
1332 7943099627 10425485610
1333 1286906479 4652098912
1334 1655212423 11185347189
1335 5158310751 9042062691
1336 12624714801 2012709343
1337 8496784116 8244326808
1338 -3037932319 5247358461
1339 17276597645 4112097785
1340 14965612087 11405210793
1341 9509323035 20049225495
1342 10000000000 9154886820
1343 10565283333 -296667132
1344 9447789498 10000000000
1345 -7625748152 9253551927
1346 9493151114 -18202350015
1347 2405254359 -3024498647
1348 6800175546 7231524696
1349 11103752847 3060442222
1350 4635418295 8347494520
1351 -3829793427 6014659679
1352 7062879328 7707396660
1353 7712657809 18514785992
1354 18347406702 12437333529
1355 6184552529 8921948925
1356 8434454091 -9741830952
1357 5569593043 6722364117
1358 6582154926 19715636861
1359 7099147092 21007590507
1360 2632785109 -1059312115
1361 295181926 16347401421
1362 4580558197 -7295661985
1363 4282575095 9973303033
1364 8803246546 7141986870
1365 13484052907 36963349376
1366 5819912941 8216059287
1367 6752574049 6868519886
1368 6612927655 -95333567
1369 5452273061 9432538518
1370 11758601375 405485873
1371 11266148470 -190294810
1372 4680901096 12288031747
1373 7196584115 7360340714
1374 10000000000 8921387451
1375 7276879172 9396931532
1376 13215162998 -1070855813
1377 -5350354851 7764966932
1378 1817053859 -1650667689
1379 7875360226 6888906127
1380 12174319904 2262737770
1381 8557773594 8285531645
1382 9340927981 9562060051
1383 8005253600 17465419676
1384 4907975506 -211472853
1385 6006308962 9355249045
1386 -5287668181 -4355596637
1387 6143108200 -2282591624
1388 -780907470 8404239334
1389 -3003761177 -2078553953
1390 -3829793427 9438211041
1391 2614038708 -7402585526
1392 7196094726 950812096
1393 -2000895041 -6029277550
1394 6277711083 10043266526
1395 3647023679 -5874311946
1396 -846135453 13550886271
1397 13192563112 -941672665
1398 7731206675 22587095450
1399 6468713033 16162887271
1400 -970694867 -2859642457
1401 -136572363 -3612626878
1402 9876337882 1597632308
1403 -3178348305 -4432020845
1404 10246638027 8595884564
1405 6297382594 -1876723665
1406 7283433007 6792887436
1407 648111727 4361108004
1408 1145176783 -631486975
1409 8536050832 11042723370
1410 5943705784 7137707979
1411 224030412 6120386263
1412 2244194383 5649122198
1413 15514498289 -9769024290
1414 11979808691 694262599
1415 5996752088 10633717235
1416 8347244118 9378933473
1417 -843942895 4326068382
1418 4062871741 5880867991
1419 12608863947 2377882350
1420 9893257381 10000000000
1421 -105646761 13812611663
1422 -1445257489 4184837856
1423 10619684987 1684236712
1424 7739348605 22607441978
1425 -3829793427 6650074572
1426 -960765347 7201321558
1427 8334049124 9642591966
1428 3699478027 12511881812
1429 163350176 16874410558
1430 -1704963671 6028295577
1431 -6537900095 5564253184
1432 2416849087 -6383717482
1433 9917127662 10000000000
1434 -5385151655 8340540320
1435 7752453157 7640996721
1436 -3829793427 6940830176
1437 6548795416 11275796178
1438 4986240593 9427551352
1439 9527151501 7916398601
1440 672703707 16543051326
1441 12405987527 3401543860
1442 8200472837 1173588103
1443 171235927 -1895720041
1444 -188985462 -1600744291
1445 8448521652 8195831541
1446 512660939 -1797806715
1447 6684438259 6950426000
1448 -3829793427 8446080796
1449 4881458756 8885991170
1450 12307598186 -664118289
1451 4802583876 15268522464
1452 -1829590013 4505668931
1453 -949718490 13758991316
1454 9379864748 26707060791
1455 6368774765 8830273996
1456 4640680212 -300643073
1457 -1033203915 3955405910
1458 -3829793427 5520505696
1459 -4340824273 -8508394553
1460 4907116820 8708396930
1461 8510916392 9076200710
1462 5599788015 10055401009
1463 5367932292 14590424415
1464 2197324422 -698352386
1465 1380318981 -1935169532
1466 14084416162 -2317113994
1467 6794343621 7462955894
1468 -4979717077 6011490544
1469 -6369377722 7267730073
1470 6418271512 8371003950
1471 -3695567320 -2992669634
1472 5156023935 8894717619
1473 5314728943 7754861138
1474 11227092336 17581279426
1475 2201276352 5592113347
1476 4633292721 -7691243833
1477 7298071879 21504699785
1478 12674327116 -2580845412
1479 -1481493847 -7140546164
1480 16138915969 10798191934
1481 12326160093 38381664
1482 5793376454 9170341080
1483 517919903 -1600121562
1484 8539035000 -1922358419
1485 6198465647 13163378
1486 5554191854 8920505060
1487 434487555 4385068869
1488 800282418 -798404407
1489 -10391785774 -5361115812
1490 -1820442629 4770363233
1491 8135954738 9236033438
1492 23126614842 -11962996881
1493 9242200313 8049078307
1494 -1186245909 5948037166
1495 -631994888 -1020190343
1496 10532791950 2828036245
1497 8267029884 22950434833
1498 -121124578 7008444361
1499 6652344301 -1333394960
1500 -4803785926 6478761302
1501 1548808016 -149475223
1502 4570738037 -7537011963
1503 -557653118 -1378597725
1504 -3829793427 8248745816
1505 9322830843 468972355
1506 -2700477527 -3231284720
1507 4684273993 -7944329909
1508 999422021 -1804480227
1509 -552476310 5418746460
1510 6645940607 8151415100
1511 11485545616 11417835386
1512 5221385183 16315099010
1513 -867544701 4029444754
1514 7387004058 -9974912452
1515 -4227577600 -6483048578
1516 7062857985 7098975215
1517 -4100933906 -6099502190
1518 12733260530 9084185529
1519 -3459658368 14839180719
1520 9535699868 20072971869
1521 5053853554 8903310174
1522 597610385 8756603624
1523 3287479956 7034938619
1524 8653299572 7919714911
1525 9213367641 26290987669
1526 9235139407 9312854322
1527 -3829793427 15683683000
1528 7627524402 22327995411
1529 3623977956 5433742120
1530 -3829793427 4922415366
1531 6120601555 7790884178
1532 7756372194 6841633559
1533 6287690981 8484153782
1534 -3829793427 9384431490
1535 16096770852 -9362664343
1536 2246079087 12436223399
1537 288566888 10926643016
1538 1532169051 -1074094267
1539 -5488285577 -5697622636
1540 5360203463 612695432
1541 10694240160 -1947962477
1542 -3829793427 5492562619
1543 -2341951500 -4799848324
1544 1203457426 12161191357
1545 -1692878359 -1941195416
1546 3470194914 470847075
1547 10000000000 10000000000
1548 6311153016 -10417647162
1549 4924142657 8057719176
1550 9551702184 8540035377
1551 1000657624 8638173230
1552 4585483370 6621093084
1553 11883997396 -493111897
1554 3585096199 -1894595763
1555 -3829793427 7738254218
1556 5954722865 9282550986
1557 7096165112 7432440495
1558 3506525262 12448316929
1559 -5393943392 -5126084555
1560 -3829793427 4228675489
1561 3677182124 5396455752
1562 4819191952 15310025732
1563 -5264739623 8066990340
1564 10000000000 8590402491
1565 -5069754596 4480497477
1566 8425715786 8103624493
1567 9519266291 2584321439
1568 5241388156 8100607929
1569 401886350 -1840762916
1570 10305948763 -4401310076
1571 6181533208 6801269704
1572 6205683055 8803201211
1573 8712276710 9763992720
1574 5009747277 8897227669
1575 6481252321 8818785174
1576 2959199905 -159555586
1577 9039731075 -3310335363
1578 -4395169203 -7716488519
1579 -1690197886 -6522964521
1580 12169536921 24577513980
1581 -134452752 -1074905136
1582 7303522215 21518320073
1583 5279306528 7832881178
1584 2024516495 -4791020792
1585 -2644652038 -1581171441
1586 -1604089208 4032044840
1587 -5093593792 -4097803869
1588 5945362030 -8377353119
1589 8834843945 10000000000
1590 13838483717 37849065267
1591 6500854771 7341075513
1592 9496398483 9014337535
1593 3774361585 -1047641883
1594 913895838 -6025498650
1595 7546668539 -1128282733
1596 12696733055 -2691745829
1597 -2510080992 -1961770923
1598 1485560649 -3264006179
1599 15924711161 11593474749
1600 -3829793427 4881391755
1601 8371745622 24187790162
1602 5428348057 9400758472
1603 6931851432 10054043546
1604 -2474315245 -4757033763
1605 -1265594291 12557067878
1606 -2482112851 6585409238
1607 5628095947 8430649785
1608 -3531237741 4156166358
1609 5655083364 1268741205
1610 141032679 -676330124
1611 10000000000 10000000000
1612 -430749882 5377717179
1613 -3829793427 9530966053
1614 5936229683 -9845121043
1615 8186819107 7138548152
1616 -447107512 4865259254
1617 2631884756 11459496116
1618 6865380261 7566068046
1619 -440761289 -989000116
1620 -179055440 6838716755
1621 3718360757 -8154887916
1622 -2519997741 5256727377
1623 8240148262 7104341157
1624 -6639944430 6524508578
1625 -1836536242 -1465418538
1626 983746109 -1493271794
1627 -4652152130 -3726361180
1628 -1922275559 -2015420033
1629 5700334533 10239980058
1630 -3829793427 5072498298
1631 3360710916 -4252337379
1632 6727375447 7314333036
1633 -2750124487 -2447547234
1634 800102846 -2766854959
1635 10000000000 10000000000
1636 21876853154 1894674729
1637 2612856331 10861564439
1638 9564780716 10000000000
1639 12099157138 33502521042
1640 6044687826 8846085328
1641 -4909503196 2665787854
1642 4883874651 -7212585079
1643 7807397921 7389108809
1644 -1387750308 -3447299266
1645 4445565701 -7492339037
1646 7993129598 8773106689
1647 1746347962 -342707757
1648 6981206416 -5519355452
1649 -3829793427 5388035868
1650 9077930168 8473599441
1651 11243478861 -4171148439
1652 11722298512 32560758466
1653 575096349 -844851308
1654 8204635948 -5484278574
1655 -3351530289 4765724363
1656 -3829793427 -10555021867
1657 10507884740 2056660827
1658 5199270256 9096469994
1659 5539131439 8697219869
1660 6871025860 8254825699
1661 16788749290 45221723136
1662 4925362292 12298253706
1663 -2930150794 -2687216857
1664 2827938952 11395051720
1665 -3829793427 11266555015
1666 -1615672705 5044361374
1667 -779212433 -1589248046
1668 6789475326 11686706856
1669 11371150951 2149683697
1670 4878691602 8670639163
1671 8506559069 7330305911
1672 -4887595885 -13634247515
1673 1519682382 12005379657
1674 -6211611385 5654618163
1675 7604571833 9627433138
1676 6944442173 20620985839
1677 4605457814 9872053286
1678 1807667878 11942155906
1679 10000000000 10000000000
1680 536197283 -5814831597
1681 5745628334 7986568492
1682 5183318900 9009086513
1683 2403172522 -2231608720
1684 9926485654 8017353536
1685 8612448795 7337201905
1686 10000000000 9889392241
1687 10860085564 30406104616
1688 15963203189 10777982826
1689 -2785745798 4870286824
1690 3568800038 12185319989
1691 8428357067 8632437919
1692 16492237901 11312016698
1693 10000000000 10000000000
1694 6477102172 11271775548
1695 3021993746 10853541568
1696 -5927828809 -11189200614
1697 6505431074 9117697370
1698 5781025833 -9955006826
1699 12825646532 9026020983
1700 -51993487 -1993928703
1701 625390789 -6544430625
1702 7117495433 11856612905
1703 7728580575 18589941248
1704 -825800128 -1659423046
1705 6744129597 736242264
1706 4361812896 8373137201
1707 -2508654599 -5568252976
1708 -638309657 -12198671337
1709 7039677262 8062110749
1710 -2875267424 -2835488592
1711 5345860042 16626159328
1712 10665333867 -6440284438
1713 9294258534 9534741412
1714 -887630266 -8132628667
1715 2657364945 6167583728
1716 9975414327 28195327927
1717 4437590713 -739448623
1718 11084065941 11890299161
1719 5966581973 9094657749
1720 -493208385 -928037568
1721 -5072967069 3991042240
1722 -3829793427 6884056805
1723 5851375486 9245454461
1724 4597703134 -7648553846
1725 13243165152 14200253077
1726 -3110898915 -1761734442
1727 10138391389 8713378488
1728 12284925091 -653461524
1729 -831664757 6855378139
1730 7564788250 9027484275
1731 9713239437 10000000000
1732 3594584210 -6618586
1733 3529980348 83953206
1734 8578238592 7889261660
1735 10000000000 9375880325
1736 7057924892 20904577008
1737 -3216431383 -1857615086
1738 3944160410 -8228975408
1739 7772065927 6902060888
1740 10850057747 30381045291
1741 8842963288 8940515571
1742 8719380269 8988835283
1743 9589608774 7867116191
1744 -5741904165 6314139901
1745 8589340089 -8866488972
1746 -3829793427 -7428232462
1747 -266973612 -6911488658
1748 10748217407 30126548207
1749 -2747914573 -2433031648
1750 11436327697 146448538
1751 8189013775 23731146734
1752 -987798963 4247817425
1753 -796881682 -1262787008
1754 -105646761 12964648593
1755 6673094337 7260287018
1756 8698291725 10755843816
1757 -2043867179 5975762699
1758 1166354471 -6499837842
1759 6326540445 11071781492
1760 -4396221971 6386465174
1761 -845219600 5441519904
1762 95439336 10861632176
1763 12049577268 2486306782
1764 5583923213 8492411688
1765 8350525487 8682971481
1766 6835791485 7271292245
1767 -4542650961 3319525017
1768 5452148367 -9589585674
1769 565123063 -2872225161
1770 4876747924 9126931467
1771 7603140696 -622957482
1772 4699881731 7485636580
1773 7853623718 6952807969
1774 9030366221 8272466268
1775 8145282232 7378489897
1776 -3196464691 4826420207
1777 -1523380038 5121238396
1778 7134287441 1713115417
1779 5804847824 10378807086
1780 -3829793427 9394712143
1781 1120367693 -4830966038
1782 5826930510 -8946914039
1783 7112103173 -2601127514
1784 3248320766 6982922709
1785 10000000000 10000000000
1786 -5857542612 2405942058
1787 10862970528 -757971283
1788 8518333474 9223807464
1789 5763875966 7708919343
1790 11940656493 -5015587738
1791 1701123314 -307928767
1792 -767996448 4488746428
1793 12987747763 -850856810
1794 13923685685 -4457297450
1795 6667949804 -434286738
1796 8406282634 18921781156
1797 10592935115 2573394223
1798 7815357862 7623654663
1799 2398647262 12723015159
1800 5275510340 9197741174
1801 7762156073 6841987176
1802 5407960069 7889504848
1803 986857945 9647876876
1804 10499113443 -517088787
1805 24984535320 -5861358724
1806 8079851100 7424454280
1807 10003791773 28266242627
1808 11574696 5037677647
1809 7025824983 7022343053
1810 5067889714 921215580
1811 6462800346 6837368614
1812 4842009873 7541451094
1813 9337740883 26601794050
1814 4760510057 6910766394
1815 12025050317 2189334684
1816 -5382406356 5743472994
1817 11730666671 -5514186946
1818 4408777885 -10858495106
1819 6492516215 -214042151
1820 11738182520 13468978613
1821 3219232911 179473548
1822 8402426032 7315514761
1823 4848242105 14987293938
1824 115641175 4382675590
1825 12969328386 2519540849
1826 7111848932 -8600266759
1827 11490185893 3259981801
1828 8515976450 7279689229
1829 6539390819 7468018931
1830 7358325931 21655273522
1831 -7555874293 7372967394
1832 1097595379 -730049450
1833 8466641052 9533759436
1834 8665828614 -8434212213
1835 1555999583 -2616789816
1836 220031284 7611386842
1837 5074170714 8854704363
1838 11131406270 -783167544
1839 -3829793427 16749346638
1840 -105646761 -7207759393
1841 5669325908 -9662814186
1842 7123629148 10592085166
1843 9508348776 8807065709
1844 5110239709 -10449183264
1845 -2015335536 4773070359
1846 -3829793427 14017150144
1847 9699777816 10000000000
1848 223813868 -1260262923
1849 12878435960 8974178922
1850 5520276329 9522868575
1851 -597021004 -13622447910
1852 10000000000 10000000000
1853 734619265 -790254619
1854 4991697192 8529875236
1855 10823098998 2518168339
1856 -3829793427 -9803370638
1857 4440180296 6591401481
1858 5798761400 17757951257
1859 6699443468 8838142768
1860 10496425424 1954120480
1861 -3829793427 10352399226
1862 3098775275 5299462027
1863 8232577406 -10710231872
1864 7298588425 7387009904
1865 -920521079 4980933163
1866 14234621739 3730361063
1867 5646239042 10114882073
1868 10000000000 10000000000
1869 -2263659114 5962043116
1870 -3954400019 5413463067
1871 -4494965330 5876135208
1872 -3829793427 4369164894
1873 7268639261 9695254852
1874 -1083837483 -4689501731
1875 6939391500 7604706936
1876 12336687293 34096104408
1877 7523998353 6912103132
1878 5918362356 10529590636
1879 -4037720294 3678331948
1880 608534322 5071903331
1881 6791662386 16494001141
1882 5907266222 10133421474
1883 7832264238 7116442858
1884 1665803836 -744176118
1885 3110866058 -9364297228
1886 12157312914 14471794401
1887 9126965093 9262451259
1888 1687160600 4909203442
1889 8555418894 9840246599
1890 8345509648 -2335563462
1891 9233288126 -1962622083
1892 10000000000 10000000000
1893 20791966 -1074442591
1894 -4829169932 7378974437
1895 5529630975 263321532
1896 9214622312 7319061944
1897 2458352554 9548847912
1898 -1847856989 5782009226
1899 221472559 -700226352
1900 2924834520 223451333
1901 1330989031 -2316259002
1902 5228810894 8292765875
1903 -5696334084 -4898435466
1904 7068478647 -9556173701
1905 5542224952 507310288
1906 8262175249 -10715469015
1907 17903078425 -8332609319
1908 4735084366 54756569
1909 -3829793427 6016124780
1910 12206555090 3435517316
1911 6745628208 7060462043
1912 5686879485 9464511495
1913 9089318407 25980990981
1914 12296930381 2847551290
1915 409001824 -1283670030
1916 9468424201 7409627558
1917 9712168366 -1098999427
1918 8688523014 9562102593
1919 12146604351 3258020301
1920 4840998789 15364520605
1921 -1795349679 13726497395
1922 2090046463 10216922973
1923 -835061534 5971657831
1924 10000000000 8622830853
1925 10000000000 8097622561
1926 7833554702 7916647961
1927 2062507131 10620007259
1928 4344249414 14123153312
1929 7416376417 21800340588
1930 7024814824 6954683075
1931 1605154688 12415153657
1932 8388511370 24229687451
1933 7237162310 8313603027
1934 5203325069 9422916203
1935 5597924740 -1942556109
1936 -402034298 -989250011
1937 -3829793427 11960955053
1938 3699226086 -6606624964
1939 10472366817 8006969554
1940 7967474141 23177523379
1941 3344120007 6334702627
1942 -1883896916 5710915200
1943 21084255187 -10694521914
1944 5173936940 -1157736145
1945 8639039005 9688974061
1946 411423998 -614813473
1947 3178922210 -690666211
1948 6332920647 7500318902
1949 -2652719321 -2114568633
1950 2839242696 -50818915
1951 8023763557 19616303271
1952 5632339677 211884470
1953 6433751529 7478347655
1954 -2068885043 8129153896
1955 209889734 4899931927
1956 -7518523069 7939140328
1957 -1926954925 -4313892642
1958 6931467972 7469279855
1959 6605847520 11442790487
1960 7102930333 9891341718
1961 9234908599 7956410001
1962 -2131388915 -1700381036
1963 -6869428876 2767491863
1964 5970612095 -2437483239
1965 7071030589 10150627274
1966 14969735595 11948459210
1967 11076321536 10561316022
1968 -3829793427 6142214292
1969 -5225154264 8298596308
1970 7637894216 10617191249
1971 12316219416 11614999198
1972 6630296499 -9599410706
1973 555203180 -2439643965
1974 12294725639 -633904655
1975 7878689164 1169852001
1976 3550184232 -7169591115
1977 14107877734 14948607677
1978 6625351468 19823584202
1979 10849275488 2015887198
1980 14760746374 40153782205
1981 2516999966 11147561373
1982 3628915102 -1709864591
1983 8402911399 7748032317
1984 5781205735 7040973824
1985 4911311539 8471214287
1986 641230537 -1131553340
1987 8909243675 10000000000
1988 11683997827 11784484700
1989 -3292489104 5401971691
1990 6834233250 7972329430
1991 10775385 4168044721
1992 -1407583927 4061673061
1993 4418879181 826392608
1994 8502334678 7824656099
1995 -1063388170 4111507558
1996 7179855209 -6842099002
1997 6537014744 8002654288
1998 -1346477334 -1802725493
1999 6232202130 8771372127
2000 -2096626716 6065016488
2001 7630226025 7015953282
2002 6610576941 8346982000
2003 10552933025 7979225519
2004 -1587922131 3767457939
2005 -719718576 4238176517
2006 7179630463 7371324776
2007 4440883992 -8511640051
2008 437369839 -1665040109
2009 4981256011 7983372162
2010 -2855760898 6989980915
2011 2906466063 11070971632
2012 3876500055 -9606164746
2013 10608170232 21807543141
2014 5657162591 8778512273
2015 9542157880 7478187464
2016 3358312395 -2576223390
2017 -4995695769 3777463113
2018 -1486220156 -3940091287
2019 4621469739 5980879665
2020 3360554643 -1936454003
2021 12033337251 761804631
2022 3354287521 -1399055585
2023 -1039279156 -4238056039
2024 7528246531 22079901887
2025 5388307175 6698700992
2026 -1964941843 5210009455
2027 -4297984909 6132156326
2028 8468564338 9250211220
2029 16821662128 -8047097611
2030 6496852735 7592722329
2031 2889810548 7851298523
2032 6541235876 19613380929
2033 -664958578 3908953474
2034 9060766207 -6202212814
2035 5685025978 10219645408
2036 -569943577 -1896311353
2037 5904714988 10511462573
2038 7247872214 8079957002
2039 -2711483904 -2198578798
2040 5972874006 7703342682
2041 5176390554 -2823140154
2042 6271639528 10486424668
2043 11584736613 2704001872
2044 4912571835 8715642932
2045 5834607560 -10042408071
2046 -3829793427 8666053539
2047 -3024865179 6343618647
2048 5383061354 175634228
2049 8081523184 716392175
2050 499687671 4928023301
2051 8836308492 -7470741040
2052 -9859441761 10671139106
2053 -925173610 -1491873871
2054 207653470 5038159124
2055 12777770054 14899858258
2056 -5058818556 -9374935701
2057 11943779361 13300461335
2058 -375642541 -3756472808
2059 880159919 -1821282508
2060 5097450458 8961220786
2061 7798001151 7636805464
2062 10000000000 10000000000
2063 4391470105 8834438045
2064 523915054 -587688394
2065 6798090043 7920621415
2066 9567764934 2423388246
2067 -5160719162 -9629583389
2068 4896271877 7622031920
2069 4677691921 8403647396
2070 9184260118 7354744866
2071 15687591100 -10048789897
2072 4814650535 -2856861770
2073 8215745636 7242276494
2074 7228259 -866653608
2075 10000000000 10000000000
2076 1298435738 -664220107
2077 1364570760 11740927571
2078 8883306179 25466170319
2079 7250090782 -1002057171
2080 9363247597 10000000000
2081 -858187791 4208117601
2082 11230435002 -665848727
2083 12038442506 2463776412
2084 -3829793427 6096626596
2085 13488464061 -3435772565
2086 396086803 -1070357259
2087 4980677458 8806108950
2088 4775426723 8411618336
2089 -746707957 6187208624
2090 6748105369 8236444405
2091 307922270 -2498113591
2092 -4524953585 7762908344
2093 -1139546038 3768297291
2094 489812839 -2173169074
2095 -1989792076 6190379321
2096 2113082978 -2242282410
2097 -269073285 9449576245
2098 -3003885309 -10042971100
2099 8137523705 23602474021
2100 7875264791 10269500300
2101 7803764026 10494131670
2102 4846344995 8627672539
2103 7567230369 10083187866
2104 -2743956789 9883724478
2105 5354091464 9302122002
2106 5610914405 8413427120
2107 12564487817 10125407044
2108 -5382406356 5743472994
2109 7087259790 20977884363
2110 362375191 8665128571
2111 313099172 -1117358847
2112 8169575240 -8073226697
2113 12581403984 14863266719
2114 6278455916 8157871829
2115 5617065110 8235130689
2116 -5456118942 6191310116
2117 5963507172 7110758763
2118 1925272263 5225491773
2119 -2071265001 -1738415757
2120 6438038360 -8069422648
2121 5341298105 -1494480809
2122 2959989229 -4994379486
2123 33566866481 -18447260225
2124 1768810295 10879919900
2125 7552737550 6786648552
2126 13017640995 35797794831
2127 -2578983284 -11108067933
2128 894708854 -819640094
2129 3446454106 -1772987492
2130 11600930573 2405303915
2131 5554013986 -418008094
2132 5698109056 9264597372
2133 10040351789 -741516692
2134 -76154266 -1758257453
2135 9502688008 8110723832
2136 587638491 4566583276
2137 7164426067 10170391391
2138 6570847808 -6365936202
2139 6872736780 11526795744
2140 15943370688 787992359
2141 10082016738 1818078171
2142 9024288096 16324556771
2143 10776641557 2580195597
2144 9476768222 -3744453089
2145 -1190687981 4177839859
2146 4723040721 9017953389
2147 3193596396 -1898913182
2148 5550175625 9562584389
2149 6585778113 7479273806
2150 9620664948 8186363289
2151 -3829793427 3898311699
2152 412476029 16712342081
2153 6087424007 8410941044
2154 2535900149 -1117292264
2155 13287720414 -692364810
2156 -5137993982 2927192162
2157 4925996532 -2878677453
2158 -1769887181 4504882809
2159 722153241 5205228798
2160 10000000000 10000000000
2161 2040496747 5378546686
2162 7221410665 21313124861
2163 8083666012 7532263611
2164 6105805859 8693912712
2165 -3800126041 -2422896441
2166 1487204440 -3398666514
2167 9994448262 11615261034
2168 14591366818 12998696558
2169 14400328687 2046015874
2170 383102211 -1035666344
2171 6435822961 8984476687
2172 8863212876 7175472071
2173 23556919769 -12230251978
2174 6286213230 9053487002
2175 5602852837 8608341259
2176 6732124658 7852020092
2177 898887255 -518868150
2178 -635110563 7223677456
2179 5241797335 7132222279
2180 -3829793427 -9601146838
2181 -5550146616 -3246030824
2182 11285306098 2672550780
2183 141119468 -1428226816
2184 5687234564 10222579116
2185 6595363327 8199361354
2186 7079457511 9701467368
2187 12069648759 412069998
2188 6554211807 11374201769
2189 -5557452279 6747714869
2190 10000000000 10000000000
2191 6047058500 672305022
2192 10710570898 8702757071
2193 10216751356 -1197248388
2194 5688189656 -6504514479
2195 935308387 -771615518
2196 7079584215 10098382849
2197 5397463483 25229351
2198 2594821550 -9721975440
2199 -3829793427 6108213428
2200 480862264 4558449266
2201 5253957769 8051116098
2202 8643647926 8509006509
2203 8086802890 8229691531
2204 6021022377 8674400831
2205 674262298 6253156070
2206 6687609144 7774521716
2207 15420045426 10718618105
2208 8909427813 7417142078
2209 11213918140 2882368301
2210 9201928421 7364610847
2211 12041728261 3293024699
2212 10990765477 2731320772
2213 11539372082 9678357463
2214 -6258732900 4080771802
2215 4781800239 -57413276
2216 -3803570282 3582461723
2217 1048756263 -1775453031
2218 -1635384328 4077451545
2219 4604667763 470213726
2220 -3829793427 5607116342
2221 -3829793427 7638269105
2222 3060297796 -8818813463
2223 6804716186 16678383518
2224 2991848994 -611770113
2225 -138985163 -1418709204
2226 8904822818 7616887540
2227 8112458169 23539835723
2228 -1614217746 14077922392
2229 -3713740047 6771749339
2230 13319099152 2449261170
2231 5313834573 688341259
2232 13159231083 409178635
2233 2154508642 -979825543
2234 6622871145 6807561781
2235 -4150599243 3780366398
2236 7234708195 10874489715
2237 -1382939976 4276559066
2238 -1422761053 12980830048
2239 8165323787 9081650172
2240 4850617620 -7079388599
2241 6307773336 1013768697
2242 12534145576 13049251500
2243 4020989768 277019882
2244 4521685766 297145338
2245 -3712277588 4111036132
2246 12232320488 -487431201
2247 10000000000 9218546985
2248 8892123829 8502263885
2249 6121729007 10022579024
2250 7328556626 7069782643
2251 662244680 4489033433
2252 6177669839 9149107164
2253 9869840898 27931501923
2254 9713288360 7726197782
2255 10748158446 11437774530
2256 9767165622 10000000000
2257 6644388053 9384853390
2258 5458248365 9440475629
2259 14798222726 40247434899
2260 6397100860 8163575811
2261 -2231776274 -1635743634
2262 6808790385 1118183189
2263 -3829793427 8217790949
2264 3030857218 5418266185
2265 1018872027 5659284890
2266 8741031988 10000000000
2267 11273481649 2301175642
2268 -3829793427 9054657405
2269 682395656 -1885309102
2270 5593280334 8970173598
2271 4081437024 7611630475
2272 377058882 8636088636
2273 3098170217 10916515325
2274 8401818643 7931301319
2275 5002671651 -410105793
2276 9699981873 -1316032853
2277 5722207615 -9252120409
2278 -3829793427 12401643366
2279 6348496266 -3053111392
2280 9034699925 25844500427
2281 5589208299 8928225402
2282 6205316092 -144017653
2283 6528465326 7491785047
2284 -3319849335 4998170462
2285 6860833785 21341282717
2286 -3829793427 12735492751
2287 10000000000 10000000000
2288 -2542766282 10178521460
2289 7673455631 -6979006046
2290 -2384122075 8027122711
2291 10714734518 -674360415
2292 19570815154 1744508542
2293 12272332302 10571162809
2294 10000000000 9197204872
2295 16596352858 -7907161842
2296 -5382406356 5743472994
2297 -998424880 6028785778
2298 -5753529913 -11111006241
2299 9526309049 10000000000
2300 -3829793427 -8142482458
2301 5184503084 33177410
2302 258854645 8900825937
2303 6981206416 20712858987
2304 7497195499 7566242785
2305 295423735 -2544341566
2306 6818103250 7419095907
2307 6843353576 6940153015
2308 6744445417 6857659335
2309 -4849268645 4463374338
2310 11316291026 -2323851564
2311 -9184027585 10580286776
2312 5448542941 6594800141
2313 8052936324 763846265
2314 -3614130591 -4217965321
2315 9228346343 7974071102
2316 6507660024 7880646274
2317 11071958273 -1898422675
2318 6700119157 8611270189
2319 9962058443 1677058568
2320 1521765649 -4931245917
2321 -4187479718 -2894195006
2322 15541009874 1710792405
2323 386935574 -968118903
2324 136295937 4927837522
2325 -124711335 5151090421
2326 -4938899813 -9075261029
2327 -5189769442 3751708446
2328 13015760859 14170321629
2329 -1323441473 6929344968
2330 9067057843 10074331212
2331 -253996898 -1041572082
2332 558998411 -987141721
2333 10815583114 -2367337001
2334 4993758258 372010578
2335 5178351162 -9268400564
2336 12294725639 -633904655
2337 22650228729 3117310163
2338 7087998485 -10507706171
2339 -858038654 -4621994532
2340 12422465606 -1334231927
2341 -6755086171 8963034582
2342 6666737388 7625344039
2343 -295951659 -2004861502
2344 2915541949 -2754492166
2345 7451056636 10078372648
2346 1521806313 -613511023
2347 -27142480 -2284058898
2348 6604535799 7225874502
2349 3324065792 19084143331
2350 9324649317 19269084692
2351 1908435977 5586625961
2352 13413686941 36787506159
2353 6698403110 16713411812
2354 5863454994 1212792446
2355 4910287359 8567479358
2356 5971870043 10149736226
2357 9198953839 26254967852
2358 11184792133 3124698400
2359 10382097103 29211620491
2360 375597449 -4379040237
2361 8675811889 9722081702
2362 -3666153003 6890157028
2363 9194987281 2229511272
2364 309783135 4832945045
2365 797736442 -851432655
2366 -105646761 12328591831
2367 4785421150 15225633137
2368 5495459410 14155772529
2369 3535337554 6343550052
2370 -1551607648 13335802819
2371 10000000000 9282920246
2372 6323375063 -6539802997
2373 -2231651887 -5933062269
2374 4676470500 -2198173799
2375 -2542231290 -3118923248
2376 6095108152 8091869393
2377 10000000000 10000000000
2378 -3829793427 9329377651
2379 -287196541 -5136799858
2380 11400909122 1945982553
2381 1656015066 -120859486
2382 11612697191 -1708053358
2383 1519222171 10033357969
2384 8287809584 8425521819
2385 4664445902 14923318281
2386 7155424601 1391813474
2387 13161910902 -1319818748
2388 5045467181 -9302971742
2389 434527823 8103208094
2390 6522339595 11331865293
2391 -3829793427 5767509560
2392 9258042244 10000000000
2393 -886101362 -4512987657
2394 8840187389 9619114415
2395 13742292123 37608684293
2396 918912211 -8801964170
2397 8433499389 9030883543
2398 1036533581 -9036384420
2399 10000000000 10000000000
2400 12080530382 9121705523
2401 6838388518 -6758275265
2402 5356031321 9474518956
2403 5278763453 16458486221
2404 -6326697970 -5735760018
2405 8668101228 9715139581
2406 4786665598 8548399240
2407 9026982105 -6393144485
2408 -4116657193 -2800120075
2409 -614132137 -1684020002
2410 14060278736 -1066991346
2411 4859721261 467087221
2412 16921642175 45553819941
2413 -181809175 -767184000
2414 -265020868 -1283885384
2415 5325736855 9264458025
2416 3293080289 11496301552
2417 6802309982 7068354179
2418 10763011812 -529113339
2419 -4595353221 -3435981275
2420 9630435603 10581555727
2421 7989271419 10383499128
2422 -1079065862 4254398961
2423 -5456905346 -10369747060
2424 -1550142269 -3775439886
2425 4411328678 8049831944
2426 6981206416 -7413290320
2427 9445197287 19339901900
2428 574648099 4816257832
2429 -4187001102 4976104668
2430 4206815491 -8396299692
2431 -5231317005 3375786793
2432 6243000991 7696960024
2433 654382995 -725481729
2434 4825732899 12267592174
2435 3827624801 -9464842149
2436 8573056685 8525721673
2437 5715356071 987407126
2438 2193904720 -2333091588
2439 14193812830 12157381236
2440 9762873457 10000000000
2441 -807586697 5256504956
2442 7516775190 -2031389580
2443 -531714787 -2512706292
2444 4956357802 -11693756736
2445 -6196329527 -3210086368
2446 15722317813 -16369342890
2447 13794967472 -1148169716
2448 5527020341 -9108788597
2449 8426281166 7130418378
2450 812216007 4559868165
2451 -2714844358 7428350089
2452 734159725 -1175540464
2453 3648794215 -5501616663
2454 6298064615 8871700085
2455 -3829793427 9798978438
2456 -164231712 4250314227
2457 -2980927260 -2684466139
2458 6004543442 1387121987
2459 -5696334084 -4898435466
2460 466009209 7657786321
2461 5244790163 6876227611
2462 5691160209 -9767651886
2463 7055743515 8003408641
2464 10000000000 10000000000
2465 9481096726 9644109862
2466 -4171604870 7299192881
2467 7886246714 7465403542
2468 6948002859 7105342585
2469 -7084647127 -4876080623
2470 10619880567 7862303118
2471 6300780224 9093531241
2472 4008926714 6053006400
2473 6981206416 20712858987
2474 8643176383 10000000000
2475 10000000000 8239005959
2476 1548518451 -1836546537
2477 5609630950 11978819590
2478 -1271844926 3781302297
2479 789848116 7857372234
2480 12850131542 -1937518535
2481 2274889210 -5607206381
2482 5788428123 9390475191
2483 6978235718 -1224642297
2484 1831336560 -1707272665
2485 7906515323 9029462813
2486 7201607747 -10527808581
2487 8681925153 8400052326
2488 9920280198 7688219423
2489 6716088359 7139390451
2490 15147756332 765432036
2491 1807609798 -656179030
2492 1300919672 -3298425245
2493 9302392196 180550953
2494 6806987616 6973440101
2495 5431434292 8002217970
2496 -3829793427 9289803396
2497 -901493465 7064987026
2498 -27996323 -1098190491
2499 11839347958 9278606413
2500 -781176341 7156805603
2501 6283314120 8252097034
2502 4708934385 -5415524024
2503 -6459419429 5413462915
2504 6837611802 7666184601
2505 1966881604 8068209686
2506 109679369 -659484999
2507 -3829793427 9600202948
2508 1718807345 -1211803207
2509 10035577627 -4435136483
2510 7629376685 7140281796
2511 -1101761530 -1795801936
2512 8262175249 -10715469015
2513 3573640195 -603433690
2514 5771267913 9290561548
2515 3077273233 14620583981
2516 7039477226 7611696043
2517 4538782730 -7752712809
2518 6540215980 6754202053
2519 -3829793427 6730698113
2520 8940210721 25608373694
2521 -2268978699 -2468703597
2522 4961574788 -9191321579
2523 3534357542 -553180157
2524 7123750260 21069073357
2525 7142204979 7488116162
2526 10000000000 9538927345
2527 7393318455 6697033286
2528 2466249471 -2987800035
2529 -105646761 -13371516290
2530 3979413417 -829713257
2531 -2497288426 6044269269
2532 -6030739380 5737860249
2533 336511220 4368438347
2534 6069549519 8359175502
2535 6373335863 11133940752
2536 -5149925607 3730218673
2537 6178881913 10875643807
2538 8719388414 9497650812
2539 5511651070 305851717
2540 11165570405 2612913759
2541 9804948648 -3903129716
2542 6150540834 18637041408
2543 8051833627 1717306623
2544 -1272134772 13997943886
2545 6808241546 -5888066881
2546 5609808296 -9557032945
2547 8704285567 7830238767
2548 6197924319 9456103598
2549 7575017787 176359946
2550 6981206416 20712858987
2551 6342789037 10322836759
2552 2254509807 -100987721
2553 6981206416 -6724071292
2554 -231677768 -836009968
2555 6846864390 7422358790
2556 579913062 -521934814
2557 10000000000 10000000000
2558 13013886295 3558784570
2559 7119065717 10104793663
2560 -2315233027 -2227646190
2561 -2705913574 3690062798
2562 -3829793427 8454225058
2563 9783368553 8129353057
2564 7643710083 22368443120
2565 5708390334 10795670721
2566 1192546965 9540255079
2567 7756930499 13443771
2568 8428031901 -9697740996
2569 -3829793427 4919752923
2570 8643878421 7263432260
2571 10048678181 9052599568
2572 9527937121 8397421395
2573 510071783 -2790571884
2574 3407636527 11782575422
2575 -4927764871 4627083213
2576 4439773643 8087615942
2577 7849476072 22882648436
2578 7988124046 7320002158
2579 6097598820 868749522
2580 5503142722 10281099551
2581 968513293 -9424903573
2582 -2956168104 6514452063
2583 -1326068021 3692448232
2584 4615762456 8321385289
2585 347650257 -583629243
2586 12714228681 9556083337
2587 6603049419 10017889518
2588 33726177 8292314000
2589 10511997488 -2833154952
2590 10000000000 9581083900
2591 6057799268 8276759666
2592 10000000000 10000000000
2593 6886278382 8067512723
2594 18636528803 -3444410895
2595 7638710034 6751602582
2596 10731825528 -148128411
2597 10983509489 -596361098
2598 10474089575 2524562951
2599 -3829793427 6643408032
2600 11505346461 13452657459
2601 10000000000 10000000000
2602 -4306178936 12548345593
2603 13373417677 14258647203
2604 -4139215741 -2830085031
2605 7017960679 11144671171
2606 8026762704 -1581849897
2607 -647752982 5298690215
2608 12467223943 8788191276
2609 -973534542 -5580275172
2610 9252651924 7890002480
2611 -2608851204 -11122265491
2612 13860646667 15772140626
2613 -3941843754 -2567912000
2614 -4439705432 4518182135
2615 -3829793427 7935340535
2616 -1322365882 3769354007
2617 140220578 9308710764
2618 7109782130 8128295542
2619 -123377660 -4551310486
2620 9273628136 9847998234
2621 4443402521 -8171073444
2622 16460610800 -6446068888
2623 9233939324 10224579205
2624 6981206416 -9246595207
2625 7648917285 789780607
2626 5718795497 10264502115
2627 6624090945 19820434180
2628 -416235503 -927862736
2629 9065633546 9258090426
2630 7098241672 21005327879
2631 12702356188 14157603513
2632 5905426104 10088710009
2633 -10234032964 10823421698
2634 -1615830997 5470471295
2635 7098241672 21005327879
2636 -212507009 -6760903415
2637 5031979540 -8199742442
2638 10000000000 8843238447
2639 5078126521 -7626577205
2640 9998191822 146973298
2641 -3883026239 -2685177301
2642 10416152466 9760814396
2643 -3586544628 -2095961293
2644 11442468690 -1291059259
2645 2797281320 249679244
2646 -3829793427 6279645149
2647 5784202894 9119807956
2648 7878186031 9003957171
2649 -3829793427 8889137647
2650 11727452663 32573638589
2651 -2236241874 -1985975381
2652 9550112986 7892215573
2653 -3829793427 9612966879
2654 8442489015 1906665935
2655 5513683331 8731431598
2656 12334064160 34089549249
2657 -3829793427 7197222972
2658 7765881413 6963985443
2659 10000000000 10000000000
2660 -3733689452 -7542422136
2661 8599965008 20599530146
2662 -3050391623 -2172146556
2663 5255371844 16400031032
2664 8260816562 7958847175
2665 8244617192 8920318606
2666 -3294117852 6194159437
2667 5462877468 -2044988245
2668 -7498209 5064656195
2669 4905882208 8706756971
2670 5558264130 368272109
2671 5706791153 10248556511
2672 15689592448 1317983869
2673 -3829793427 6885597496
2674 -9762105432 -4225130609
2675 7958329447 -2621716499
2676 536128487 -1019618594
2677 7094557520 7674898468
2678 5773286797 10336883963
2679 3023246993 -2517795344
2680 6105868377 10717531241
2681 2797800920 10930667774
2682 5862849007 10455851180
2683 -3829793427 11988060239
2684 -1320158475 5385599428
2685 4996407642 -7191299241
2686 10000000000 7818782615
2687 12025637064 3129356917
2688 5522524586 9415150842
2689 9157237441 -3875413882
2690 5029442541 -2835411281
2691 29676851380 -16031237777
2692 1375687724 -1161164159
2693 2135207589 -1507246295
2694 7562900498 22166501496
2695 -911723563 13118437801
2696 5103873851 8969753103
2697 6432009689 11211878330
2698 -10112325550 -15612987631
2699 6635443166 380310338
2700 -1399897502 4671113053
2701 5208791065 8680869738
2702 -5892856964 7652158307
2703 -157125250 5283648380
2704 448707654 -1177252740
2705 5661774032 -9552834673
2706 -1503480165 -7182462871
2707 -2415298292 14587795793
2708 7970326618 10121950103
2709 -4322990805 15334086907
2710 9416678080 10000000000
2711 7248151587 -8105172915
2712 1257196863 -3081645310
2713 1232816740 -1066917204
2714 5534098288 8077959128
2715 -1555762121 4345622211
2716 6286817473 18977594152
2717 13245779004 -266450991
2718 8747789573 7111019694
2719 5654285818 9555314874
2720 -3829793427 6827529457
2721 5346297359 9291768941
2722 -2365491860 -2041038736
2723 -1429362240 3758226727
2724 556705900 -1798764444
2725 9056591424 7302250010
2726 8066675073 9184769253
2727 6402275093 10420945430
2728 21287189501 -10820560978
2729 7972398829 7818150186
2730 -105646761 11637756939
2731 8886848574 9455747043
2732 -1204248360 4188173582
2733 8985120677 8721946508
2734 10523910217 -230517867
2735 9838501772 8004295393
2736 2870365938 12450149353
2737 10000000000 10000000000
2738 5516080147 -9289798718
2739 5346297359 9291768941
2740 13116507012 36044859136
2741 6206443478 8156473185
2742 6557963311 6622431600
2743 5248876029 9162362303
2744 10959244741 30653901522
2745 7055907360 20899535234
2746 6054848845 9116267353
2747 5828638401 7502320212
2748 6688642612 7711939051
2749 5523560285 6839874219
2750 -1629282422 -3965321947
2751 -6258531166 2886338864
2752 8126884995 7930507425
2753 7089777579 409585065
2754 4231519113 14481170997
2755 6199014515 -1064923797
2756 -1255479895 3807888919
2757 13206350615 -9503899844
2758 14347061637 15352337394
2759 10939492492 38325818
2760 6782284820 20215757682
2761 5888199396 8564726313
2762 9874524904 10000000000
2763 6187631660 9976869208
2764 7645003796 7040831601
2765 -3829793427 8151658479
2766 377446285 6715388554
2767 18088795884 -10736335951
2768 -4830526677 4656234681
2769 -4787258177 -3690892342
2770 -1864098990 -2596410143
2771 9452420958 -2698266180
2772 -1655828945 -1213523679
2773 11955074496 477418462
2774 -3829793427 9327562400
2775 -399779515 4708966826
2776 -3529685267 -2536101382
2777 9552374325 9685833239
2778 343042355 -1616595563
2779 2727767148 -5274236493
2780 -12662563 -1360443981
2781 -3685616023 3893491022
2782 7364893613 10164614527
2783 8787999683 25228001188
2784 -1902601893 -2124053644
2785 4222999557 -8580136055
2786 5821501510 10400928499
2787 6608517703 17471250689
2788 5909217399 -10128648896
2789 8010378299 -9199776822
2790 7422494774 -1181388607
2791 1877257456 -42365358
2792 6123870632 -1257502110
2793 404319249 -2569586729
2794 6847693340 11764038971
2795 1059634239 -3352000899
2796 7084311817 7939219761
2797 9437338951 8897010316
2798 10000000000 10000000000
2799 11962337677 13447620216
2800 5163363335 -7626061649
2801 6446539215 10016247489
2802 -2443493605 -5974344495
2803 10000000000 7696245301
2804 9049254196 7243891208
2805 10000000000 10000000000
2806 6344004771 8019087189
2807 9383600511 10359323295
2808 6843565077 8692566303
2809 6862086187 8129566903
2810 9272251453 -3739130321
2811 10809292815 8431342765
2812 -4359221862 3209545627
2813 42466730 4795567352
2814 7698783681 -9072279617
2815 4697430539 -295806897
2816 -6213145454 4902718418
2817 9557434164 7937254108
2818 -536801586 -1826213597
2819 11803499295 13684532173
2820 7902142229 6865174531
2821 5729300262 8726934158
2822 -3829793427 8534943271
2823 6726615638 6963651144
2824 5674481856 7694264362
2825 5809860548 7780555225
2826 933260575 -409667021
2827 -7018174 -914975918
2828 -5127852767 2645341637
2829 10000000000 10000000000
2830 131153270 -796672686
2831 -280049076 -1562079741
2832 4964036117 8784003935
2833 9727805648 -3393451133
2834 6107905754 10069975795
2835 10000000000 10000000000
2836 -4339834689 7250677434
2837 8173206047 9269571818
2838 12006185379 13508827573
2839 -3829793427 9011562880
2840 7056281595 20900470440
2841 515211641 4347695010
2842 8218798040 9292456946
2843 4993255088 -7639272187
2844 12624172236 11598963161
2845 10000000000 10000000000
2846 10000000000 10000000000
2847 1640977218 5542931116
2848 1257021047 -2561051190
2849 8661432727 9164307634
2850 8829080931 25330662451
2851 -1017202652 4221058142
2852 -3829793427 6624637082
2853 4647663128 14647720775
2854 6742639006 7444519895
2855 -1193965621 3767094345
2856 4742162198 15117529834
2857 5055320850 8905259212
2858 -250135961 -6878360633
2859 -4568375447 -3400146175
2860 10000000000 10000000000
2861 19834126761 -9918088337
2862 655582996 4505146061
2863 9912130776 9896421904
2864 6914772060 8154930316
2865 10000792073 -14745204271
2866 -51971202 5547935681
2867 6687442797 8722652354
2868 9085131404 9004542716
2869 -1136582263 4871158919
2870 6289769287 12619998020
2871 5232830697 877086609
2872 8676169065 1902116469
2873 556930616 5117825972
2874 -3829793427 6151608349
2875 12869836543 13915934429
2876 17914696379 -5422359225
2877 3551907837 12143106699
2878 6993639289 7173348080
2879 6244179176 9026600339
2880 6641911559 1488869049
2881 10967016665 30673323414
2882 7102302174 7909887985
2883 10260643714 10305630267
EOF