NAME : 3064
COMMENT : tspgen
TYPE : TSP
DIMENSION : 3064
EDGE_WEIGHT_TYPE : EUC_2D
NODE_COORD_SECTION
1 19145901066 -4578515503
2 1648987671 9401220901
3 16751724038 8667745384
4 12886258644 4353089219
5 -37656966610 5407205586
6 3088365842 10123657366
7 9950788695 8268354502
8 4473260998 1068814877
9 6763267816 -3866726015
10 4117854889 -3124651191
11 -1694816511 1107646526
12 11327401208 2423340835
13 15499628537 8920339136
14 5571978806 965105541
15 4302304749 -105907155
16 7609919318 -13842711956
17 -4944682945 7011968899
18 10312489649 4606689995
19 985768891 12799644858
20 13283207015 2400546735
21 4996577920 -6957330559
22 1365018522 -385719857
23 10149002839 8468032584
24 -4989175451 19352175168
25 -4557834720 -2006471930
26 -4508969190 7251173237
27 16541603296 8817015242
28 21738490301 393846096
29 -3871565416 14493766199
30 8044181569 -5824205452
31 7059257314 -4319054171
32 4529736931 -156912621
33 8772281376 -16905192080
34 34228892155 -45839415230
35 3256421488 8200916511
36 105586888 -276773208
37 1257871922 1688435210
38 4263623308 1623623572
39 9784766099 8020495414
40 1189480438 10115694365
41 7168104331 10794047992
42 3078969013 8523717305
43 -12857765355 9763846411
44 -2902917701 -2377508670
45 11795091778 28912805890
46 -2687384204 6299546705
47 6299391642 10467146132
48 2711723934 8670078688
49 4094746708 18041940401
50 20432785545 2361332245
51 -355897057 19111849072
52 6439652230 -722539039
53 8362095105 -10490954146
54 10568429146 2259229262
55 5405864076 -10112852490
56 4414269599 8670946792
57 10209561132 15501403174
58 4243952097 -16733223
59 15153847110 8636430320
60 7932976180 20839421483
61 8952348464 22970322047
62 -1742999305 769017405
63 -17025633008 32487231528
64 5364955521 -1729839314
65 5337628644 -7855898313
66 3388734269 8553396967
67 7395188976 -9938921097
68 -893149518 1827078149
69 -2595233022 -307258105
70 15396872344 -1260870150
71 -2992001838 14182017340
72 7465156948 -913118710
73 5509592759 9313909819
74 2832677552 12830663139
75 -3483811533 -1509594026
76 2723717875 27581887323
77 4993666110 -9882826770
78 -2621117060 6888325715
79 1984560390 9324811609
80 11660835146 -24515676649
81 -10147264706 32942214274
82 10133505979 -7398019472
83 10337018585 7752980738
84 3460514636 -3932368312
85 -5792656450 7732007265
86 641004888 -2869615713
87 4413698190 159853255
88 10006992855 7131637212
89 8909682459 22881132830
90 9679723958 8171951535
91 10350371862 5023368512
92 7558929563 -866119396
93 -2209782128 -259290150
94 2116275073 -3801533592
95 6385951848 -10617919797
96 4282408517 9627175475
97 -1466220675 1088984730
98 -692677374 15095023730
99 3117305290 -3804986803
100 8944783272 4310435728
101 7086173410 -8420917862
102 -9997415677 8511584799
103 13889094529 14933914976
104 22283518966 15691725370
105 5756957926 -2328893422
106 8236998610 7534003441
107 9372768251 3152275489
108 1525517900 1781676313
109 9816158397 -8532122511
110 -6384933686 -7925753499
111 1911741414 -3841551972
112 20091787372 -3720724617
113 -2705338549 121399186
114 10710269700 -9898494357
115 2345446102 16062850230
116 3041578064 -9882826770
117 -2488930693 -578055781
118 5784817335 810308174
119 9990857999 4740524719
120 28015357862 -11044908691
121 8928736262 7929725575
122 1989729003 -5251878603
123 4058927148 -3951825525
124 4934617759 9333016329
125 -10533851484 -399468513
126 5152558459 749211340
127 6689765332 10699455744
128 -3642553969 7553956124
129 12039755962 3105752563
130 3994127777 -5159030277
131 5098134222 14913454670
132 20184091498 2375629308
133 5405864076 -9548248096
134 1545043825 9833401792
135 21750048588 -1537750299
136 4654515098 485336514
137 5716328040 -195595872
138 843637122 -1355659800
139 3336341773 11918713969
140 9895271465 -8653022301
141 5324855348 10222720753
142 1277657793 10322869540
143 9717016326 -19394289159
144 6472828862 10223702713
145 7823226444 -14404713123
146 1414202489 -1435806287
147 -3612043247 15723839254
148 -5264334852 15664260748
149 -1741814199 -637326790
150 5100114478 -401701393
151 -5041488807 7496821920
152 7648851411 20245485744
153 824549650 10300638240
154 6930605450 -9841229302
155 8707998259 6049962701
156 -3915540681 7434097185
157 -2883977071 7456053527
158 8872547879 14404917561
159 8396469556 -15915039122
160 9916173965 9082927273
161 15059811646 9022116445
162 4500258510 -2151314774
163 1900660004 11899477117
164 1961631624 -4183958163
165 -20306052772 6339024864
166 -5073663503 7788158948
167 10019213045 -9757232644
168 20540126578 1878726915
169 -5019933950 4376232436
170 8741883748 -6890426863
171 1242626629 10682246206
172 -662498731 -283532166
173 267147275 998922810
174 10175183384 9011903110
175 3207334968 25254672996
176 -6348489494 6972430778
177 1567150493 234694500
178 10027000846 8119482767
179 8700661836 8284355416
180 3836402083 12275923939
181 -907010883 1533389995
182 6503129343 -11555957181
183 15642232179 2715887873
184 -1535145121 13172820618
185 -7614630733 26269473065
186 7425626423 -2214222042
187 5454148653 -1866143356
188 10475615362 -9539897972
189 9801718120 8010415996
190 8591893881 8004424216
191 -2078678423 223213369
192 -3671771881 8390350893
193 -3767419821 -210903240
194 -2406930038 -2338463213
195 5547293285 -2008486039
196 15412379509 -327757239
197 -11633135202 -20061668746
198 8986017845 6627612415
199 11232862073 9156695027
200 -4135223470 8309726764
201 9461955996 4139203933
202 5701794358 -35164691
203 5061879161 -3583372907
204 -2853219813 -1017144164
205 6879671228 -4136559619
206 4826103901 10623534868
207 -4660600481 7282769491
208 10694508068 8263087344
209 7460352782 10833692501
210 5461303364 14408349291
211 -5103558903 2676686165
212 5803356778 11612416702
213 7688268492 -2846019740
214 3083970826 -3355271342
215 7583064981 12311790522
216 4969512143 -18465866
217 20003043449 15768902250
218 1429437835 1863395022
219 7349606721 12443428428
220 11898238419 14124575697
221 4484376353 -853183776
222 -6155166738 7469223980
223 -813515438 1929643755
224 7461243535 -1243201762
225 5657644770 957884226
226 -4572563502 16315372880
227 9184525412 -17991333146
228 9612853961 -8221434728
229 8410016469 -7299693898
230 -7335645211 25534428754
231 3313831784 8093548880
232 8407291413 -15943551512
233 6328262756 10456504936
234 -11962358828 10515162854
235 -5543009549 9518953740
236 14668871088 -800453582
237 8200368065 11747868589
238 8857862671 3856870254
239 -10104138116 -190156384
240 20480215292 10796516373
241 11268198772 -23481195969
242 12993321758 8720316996
243 10651447612 2326415454
244 -9424421386 10570127535
245 9486750590 3391057520
246 4223299548 -4919970834
247 -4918849519 7334595715
248 9647866723 8559290613
249 -3749358074 7729351034
250 9256188151 -7676381647
251 -1075128482 13258247456
252 -4437361766 -4678039140
253 -4241073268 7830287999
254 7417228353 -3504798281
255 3715470265 8531782578
256 -297062012 -492321176
257 13558679207 8283347871
258 3735333893 1761977063
259 14673057972 8488731212
260 -1845261305 600795103
261 5020427171 -1203334575
262 -3260198071 -56248032
263 4905315226 11662211001
264 -145997370 1260850279
265 11257367678 4643694027
266 -6420543353 7411504370
267 12102695063 29555821228
268 -4727782205 7186765558
269 -1229824453 5710617174
270 3712613692 8645173236
271 -4615325586 8835504442
272 2860151341 1687026228
273 12304882446 3385442712
274 10116021730 8732880443
275 8163229927 -15300521707
276 2818947308 9367638591
277 14188159380 8518073039
278 4832403741 -1742460399
279 2830952831 10793259760
280 18913699777 -22434893198
281 3392296059 9513796079
282 10000000000 -8813067388
283 2392984687 13679882594
284 3581383163 8781956204
285 12239426120 8665515793
286 2750863479 -3244417591
287 2597702488 2306518637
288 5346638520 280687818
289 1397190118 -3252028795
290 -4213616346 6829083211
291 7888258340 -11216477196
292 1190287257 -1413636009
293 8613751968 -1417811246
294 12453675601 9666843949
295 6331604832 -3207063009
296 -856177691 1616777517
297 -782409182 13165722452
298 1180347771 -1591691297
299 11340313727 2480126770
300 4587109289 -940461286
301 4769505288 9289854280
302 6176287207 -10065515500
303 -102206661 -2948671396
304 10491617120 9262132696
305 3047015083 13539928260
306 2575354217 800943884
307 11884395301 13975364197
308 6590750739 18033627179
309 5551684617 -612121040
310 -5484595762 2259206303
311 1201020909 -1966748432
312 -2447357403 513696417
313 9468601890 3094958907
314 -1013200745 19565893095
315 7276020667 10655130785
316 -8938506923 28341192473
317 13872474914 -14730944370
318 9979627321 3603475469
319 9543075264 4192883821
320 6962005242 -4170434538
321 8117547689 -5936322814
322 10890324056 4085337523
323 -8601775440 -13724900203
324 8482254623 21987635695
325 -2615095403 13097176644
326 8729988808 -6872249135
327 2248953548 -652403031
328 1571810035 -405925153
329 10122165602 8977216365
330 6123873071 33700139
331 4920528706 9065710230
332 2660778495 13464539364
333 1252300182 12239752575
334 11661222829 10094195734
335 8558137069 3802975179
336 12984919020 664310202
337 -5156409228 9337183340
338 9439657362 15283415776
339 14776327549 -32724077374
340 4673194191 988749363
341 7215457392 -325888987
342 21053449609 16299467568
343 15355356183 346344344
344 5904768324 10427374189
345 7523553203 19983561788
346 9179836829 4396334336
347 6266970081 14735697478
348 19510375487 14915398873
349 -8310503298 28102891391
350 5456570103 -1869843791
351 25409339821 -6662833795
352 14840292087 -38331324
353 13107996550 1875682064
354 6543486959 -6398067982
355 9744296562 15303251522
356 4349316082 8753836397
357 2840341232 10113600667
358 5256794728 11251975105
359 -1548573661 -1327323846
360 6026988749 -914184356
361 15703131477 8951649582
362 5405864076 -8035678489
363 9700296394 -19350237086
364 9955188144 5199731404
365 3040500942 -2025339590
366 8418022055 -1500411719
367 992481516 9922086907
368 1394206951 15883580439
369 10472038132 4282292266
370 10213189141 3244823103
371 2133530390 9974570170
372 -7094536849 24899179556
373 20211228530 -2676088960
374 3936569912 -4657221436
375 -6766194308 -9882826770
376 -2558932465 7100400208
377 6943578854 -8720779219
378 17105797682 13093304415
379 5368596598 910628356
380 5086398101 1121085335
381 6458759326 348222730
382 4506876564 364020424
383 10421635405 15955727166
384 7879956730 13126498666
385 -4187327671 8837449603
386 -2153537742 16179463919
387 6051975848 -238190383
388 352442017 1786373599
389 4313396399 10358699357
390 5089681663 954981727
391 8390970690 7758422737
392 10292220898 -10237932629
393 -2262011184 6310405939
394 -2800902055 15983777632
395 7620455888 -633559334
396 9915938936 3731481512
397 10555929833 7786052325
398 8930453303 3509722841
399 -1328899117 -791903237
400 4420336743 795054263
401 9758996229 8249131987
402 6516768266 10046075338
403 5146921547 904452380
404 9528741560 -8092895009
405 6798560789 6983210568
406 2573622094 8695145420
407 10459260368 9277122661
408 16772554659 -156533410
409 2902216301 9681850869
410 2603644502 1932649822
411 4409371502 1311740463
412 9483360541 -8023544195
413 -3598498442 13826593185
414 -1960220211 14723693260
415 10896719060 7818861692
416 9280749894 7488737413
417 5356738427 102553131
418 4888425380 -9882826770
419 -10477782497 518278613
420 5084347297 484658850
421 2535653074 9114501883
422 10139733957 5316591291
423 -224475956 -722875667
424 10984069640 -10316912655
425 2690858364 9626228072
426 2619437926 8752305787
427 4289305440 -86041743
428 10380754095 6311240548
429 9510924605 -3169925824
430 -295028968 -1506181852
431 9213479426 4037015103
432 19370058863 -23132296536
433 10214998160 16340261555
434 4658653432 1392364568
435 -4473348420 -2673607094
436 4142499511 -2574147048
437 -2684299432 362323325
438 7760191186 13998875900
439 22211643607 16073998710
440 -3208863250 94433378
441 2542191658 502760643
442 -1338780903 1507060697
443 21009678123 -4496588709
444 10043118033 8936570815
445 -3959061879 7098438583
446 18396761123 3282932237
447 9951922441 4648528270
448 5831168325 660441150
449 7153599171 -1237679375
450 2495749961 11280395528
451 -8187201428 9196246390
452 -9307105951 30728644526
453 5224985862 15178625928
454 8798593488 7097646584
455 7417692385 17065555746
456 15298899573 -16910792101
457 -5734608473 -6945477023
458 7850906669 -10166085724
459 7641027082 6685294557
460 14578327118 -15809620566
461 6385951848 -3290115570
462 -7594647377 6990181149
463 552609040 1421765654
464 9922039082 3218843069
465 4438145428 8919409125
466 7146712788 -1573469975
467 7412674532 -4859142787
468 11757431165 13826534540
469 9850725117 2689672338
470 17080307571 -38794383073
471 3857315399 -530357734
472 5749101609 -8940007836
473 -1653357599 847959632
474 8559017427 3733123497
475 -3276119658 -3362364085
476 9061000016 7978601350
477 14728197771 8423619147
478 5741755060 11798855936
479 7203054942 -4538804250
480 2829777455 -1248452407
481 -2665997153 -398121807
482 90132203 561857832
483 19782103500 2712407252
484 4978738133 9504502370
485 6301351072 -3160829520
486 16633676586 10049736263
487 3533675312 1068704572
488 4453351760 910314128
489 8088334091 -15103193335
490 3805482402 22376327097
491 7114587161 -1645335957
492 2219904052 358383570
493 11924670699 -11754329677
494 8786651904 4485968889
495 11614822170 -24394446071
496 3010024867 -4263822548
497 2424234421 -9882826770
498 4008916349 8460148056
499 -4964482880 -1168932486
500 -2960062564 6497069304
501 16639044677 3118008807
502 3887623071 9212078747
503 2105551009 -4171873480
504 -915132418 912677593
505 5080630082 10445782195
506 6238186024 450643029
507 1462049244 -2400792590
508 6843924808 12929502600
509 4918299362 -6751089719
510 -9002393004 1358147595
511 10101449429 3512811795
512 5322211839 15381867562
513 5839950077 497851044
514 11482503251 14023217287
515 6411390753 124501738
516 4979851550 -10270922412
517 8950540318 6117906591
518 7910339151 -5619668822
519 6420311329 -932046960
520 -10630731841 538393344
521 3272083310 -2413797474
522 2982039969 1794204313
523 8843176824 7909820709
524 2700751163 -3974461617
525 10166155801 -8008384882
526 -1780111189 38270520
527 -6792501945 1465079003
528 7926675326 -5644633600
529 12134063534 -25762493440
530 6315450779 11121893666
531 6344739758 -1091287216
532 4918299362 -6751089719
533 14812755081 9565106037
534 10272509821 3235422251
535 -2007611423 912222211
536 6839687294 -3983509488
537 -2995569279 -1198104764
538 8631154750 11374323242
539 2942467026 10342211942
540 7038220520 -141668474
541 5917448634 505824318
542 27185533316 -6524797766
543 -11906572210 580590770
544 3658963685 2259172652
545 4368796007 1005970462
546 17648569582 12716680509
547 -1541659346 12114830673
548 10436494487 9344866161
549 3993336895 2384709376
550 10818338876 17031473561
551 -2322297881 -9924995
552 1075832167 542928107
553 1347354818 -1080491179
554 3275268764 2280397340
555 7339133960 -9526792835
556 5016569767 10895677477
557 4136292723 1590623422
558 15692030909 11121286694
559 3519001615 -612882951
560 5646139559 10741576392
561 9201137370 8616417783
562 -10335236071 9705612761
563 2228810330 334918161
564 5307219538 1229319666
565 7609919318 -5160570274
566 12459444532 1332230103
567 6647634365 -7130515731
568 7608148248 -15317478288
569 22470894434 -27870962081
570 -19709325333 491825778
571 15021706592 8887544969
572 10771428717 3771776449
573 9646634857 15184983309
574 2616511142 2078053980
575 1304401863 1896115990
576 2831831343 8413166367
577 7323337757 11255849830
578 -9496552871 -10610579751
579 5674562357 -6012348353
580 -1751102270 722068287
581 -2119071611 12486756403
582 27023853 -3425838078
583 -1763460050 706151946
584 6025677944 509013789
585 1474342195 11394894807
586 5234914277 -7585276346
587 22100753926 -3175294458
588 14025661662 21041928210
589 4639565090 8952999937
590 20512512003 3569844695
591 2784926074 -1130282289
592 -3040435929 6838949112
593 5183166394 -1905994337
594 1335425322 -489609165
595 8301093520 21608935683
596 11298722538 3779359320
597 -685775393 1892349447
598 9074963472 23226637030
599 7689454801 -5282115593
600 3867057770 8243137149
601 3829697997 8151975249
602 1600675653 1476356276
603 5506613932 840200271
604 499883860 14557797894
605 7313468547 -9865797162
606 6777445036 -3993371484
607 -4251720687 7120851473
608 9918346436 -3526695299
609 5127964003 -7303494016
610 4173706945 -88861013
611 4796141931 -860584140
612 13655488483 -236700151
613 7418629459 7247767613
614 4838744900 -5060044517
615 13419508637 2069941989
616 -10664933473 22766874856
617 6205503112 17228303747
618 2996385889 12091103145
619 5575632197 10158618058
620 9853241932 8103743758
621 -4303213221 9136593852
622 6316935407 -311914738
623 2604088496 -4144131182
624 4918299362 -1047263891
625 10072074457 3274418111
626 9213296207 8409888224
627 3331027095 8585118144
628 167186984 11521999429
629 7302057030 -13031585910
630 2444504910 13060241641
631 3953432924 1330794470
632 802012002 -804245400
633 7146115338 -4451789724
634 -2018723686 162686225
635 13737314291 10997750361
636 4098531827 9906594224
637 2874045002 10186001753
638 6154846279 9761157150
639 -9750609590 -15601379
640 16419768518 -21999202664
641 11205866012 7645837192
642 11560702019 5472470630
643 9600590858 3526996636
644 8525433069 -11247444234
645 4668785760 1274251364
646 7339711222 -8851300478
647 -3341286602 7698865645
648 443430612 11887157311
649 6008699147 684433190
650 17066450946 -9548326010
651 -1025303328 1656869169
652 6588702426 221654348
653 7247138626 -12886892163
654 7220932214 13788457646
655 1365771957 -9882826770
656 -2505089759 -383691187
657 6606260421 11486027231
658 4272398864 -7377584754
659 17661554039 -11616509590
660 5794391186 -963040058
661 10259595802 9201614636
662 8679136029 8144247949
663 -5392511993 -2901321343
664 6790066740 18450278274
665 9382606334 8555216625
666 9085018597 -17729162129
667 9856401277 8308941092
668 -3638726155 8202519308
669 4225734839 -351242119
670 5017344597 1442491504
671 4945801876 829302783
672 -2480845264 13496743442
673 16954238176 13537665692
674 227749317 765175426
675 -6118846498 2378934311
676 5411209284 -919665967
677 -1547687335 984058833
678 -9023581296 685251580
679 -2003479544 4614169795
680 4771157653 9541067806
681 5221456780 -599271286
682 6755874387 -777217650
683 -4624879478 3592862756
684 9548897586 8075610414
685 -12936071923 15610367850
686 8909958115 8222762652
687 14943620629 10632245276
688 5405864076 15556734588
689 -4204855957 7070378993
690 -2970019878 -1897887597
691 -59174170 11446875308
692 3390172452 -3082829991
693 -3892431128 -3523298855
694 5113362332 1050778630
695 60412864 12377343904
696 8533579396 -16276282984
697 17105933631 -15056624142
698 5631440996 948166802
699 10241915183 -4606100808
700 7719628670 -2196151910
701 7729444605 -1379086594
702 7292697987 -9816387557
703 -11332591381 10016736144
704 9118110274 8476612478
705 7450414769 -3783760070
706 -2531216399 -140198432
707 7050902367 12056315262
708 10734104133 8898184347
709 -7752560065 11007186363
710 6045409097 11379898417
711 -668173392 1788094242
712 4588178568 13847441000
713 10505176516 2926284588
714 1953870333 -5824984654
715 6467293777 -3414421483
716 5181303888 9491198918
717 7082382399 12099253868
718 3550889767 11766591140
719 16946298832 8858984589
720 -9859449059 8646005433
721 12280544769 -26148428158
722 201662271 1731914305
723 5590376951 818805409
724 13292568145 14942962893
725 5872148875 -9264200978
726 10152487962 -12389323426
727 18463783653 -3778613104
728 8318601741 -15709880467
729 -1984175427 16754847436
730 -300514946 12495831685
731 14582610339 1997161781
732 8979521969 -13781904685
733 3842874083 8239987545
734 10156905050 -9052848098
735 -13210954188 6861114721
736 -3345994934 -1375204049
737 1228240538 11332170711
738 -2402266203 -201883570
739 19494235569 2956755295
740 -620822556 13130544679
741 592092023 11715023467
742 9803288787 3432337728
743 10823804496 1949609751
744 5333270365 12233102219
745 7666337438 7238269325
746 22399080436 -489581609
747 4552867923 -2032436388
748 6060993722 10783744874
749 9931373499 9115757283
750 9289996180 -7728046735
751 6341226945 -95335239
752 13837722067 2991936839
753 8815725175 -7003270584
754 4702678450 12552181548
755 3974566461 1989708092
756 -660378409 1766024428
757 9895271465 24941412673
758 -4284524049 2728628109
759 12176252143 9062010635
760 13140377236 8600843783
761 7477248717 -10250243778
762 -1656561107 843833638
763 7371151300 -983633903
764 5504006081 -1942334973
765 5140279400 -3905266051
766 -4922831139 21927904034
767 3709195270 12010010225
768 1211019672 476738988
769 1711038066 1384598036
770 5207776147 -3287997281
771 -4924122053 21613832222
772 9034536680 4105504982
773 12081817835 8504058525
774 19080083899 14814176831
775 12162063562 14823735815
776 11203134654 -23309771269
777 6319887855 9776491830
778 10993665532 -4633380794
779 22101197280 -1343447650
780 -5794553269 15415926762
781 9008432637 7128132091
782 4719698316 -9097409832
783 8624736684 8261224523
784 4638197885 8951239030
785 6674263716 18208203094
786 10397218225 6648634103
787 18253310878 10750627683
788 -9127020754 9973746304
789 -1902008970 910675059
790 4144157780 135771441
791 -8193793206 -3433082333
792 13840919471 10581322235
793 5382889105 -331543081
794 5102114624 -4190622304
795 8067376985 -6720386178
796 -12683632338 10999756379
797 -3263847473 -1278888667
798 6510098098 17865030524
799 5405864076 -4935147691
800 -990931945 -853247407
801 10008115556 2580595299
802 -633182375 5922677361
803 7018436860 -1234567129
804 4292781366 -4043249989
805 3685914636 -3504120582
806 18078714451 -41424889811
807 8511081761 12863873556
808 -2481890902 12746222193
809 7087064158 -12465143300
810 2270508513 358201260
811 6385951848 -10617919797
812 -7926349562 1149482304
813 6026810386 -276867378
814 2599480535 -2381015761
815 2454973846 8778266206
816 12154690156 -4397516669
817 -4668151059 -21825458486
818 917984560 11921636067
819 -21231311761 38914307245
820 3782909102 8795119636
821 -6442753636 9477593468
822 6133068708 -373071088
823 -45526357546 4421298898
824 3145725771 -1430807141
825 5264759103 -2445663332
826 26015386847 -3382581839
827 2742258127 9583348112
828 9352051836 4057332219
829 -31953218965 5548436685
830 -3666421628 -1744788745
831 5878883071 246781367
832 2792288927 8807882375
833 -2808390501 7417534663
834 -5066591302 19556143033
835 4398604276 1910431937
836 12070244811 2265007033
837 -12751727629 10296954741
838 13733246144 9904495632
839 11524587200 8224787556
840 13644703249 10108653427
841 17559725704 2672973320
842 14250885474 -31339692966
843 3235000092 -3209423849
844 3272156638 1468354764
845 10212652142 3671565328
846 7655690743 -13963306117
847 2517391192 -425407029
848 4553731521 1889876842
849 -1386089234 12896719138
850 8530764137 -6567796008
851 9824629858 4212650900
852 -750996683 853379848
853 1495801138 -13828052350
854 8639267721 22315856605
855 9796477193 5996447872
856 -3642974846 60062372
857 -503676923 -13119291746
858 3338251386 8502364146
859 -8778901635 6852361527
860 4918299362 -6751089719
861 5405864076 27427178698
862 23147338045 52643594282
863 10090840247 5877499628
864 5405864076 -5066437026
865 6142364662 9683188951
866 6856464677 -3948304879
867 7675154847 -14014588272
868 -1728874468 6581984653
869 8386291928 -10636451989
870 7595924222 12760675814
871 11476603961 2061942050
872 10322922725 8631057213
873 20746179400 -270923812
874 -3837066763 -15711535726
875 853642321 1586643842
876 19650596718 15304370931
877 10821459658 -22304170576
878 9496721626 3735402030
879 -3039690146 -937582908
880 4711876641 8993429983
881 -1961572963 -2932508496
882 7870707643 7545782860
883 7348090373 -3219451051
884 12127130574 10197450322
885 10000000000 9099146286
886 -11946856793 24725897104
887 7325067123 14043408176
888 -3313021199 7174199564
889 6827897575 -8595693817
890 3287735803 8189465604
891 4515542440 -431774838
892 18248889323 -3939990035
893 16450970951 -18671375925
894 -5848927883 9503581802
895 14543246360 2768151951
896 2566516908 339331862
897 5165714940 470531450
898 6027818199 10741016087
899 3103680509 -1970105918
900 25782607869 -10212837041
901 7113243414 -4401555183
902 -12002726750 9717852950
903 2746625926 9997850792
904 8324969548 8047061751
905 4456084917 -340912453
906 7459757045 19850202002
907 -514585865 13726485363
908 10029146971 -8857609494
909 8112967946 -1191193418
910 6762452155 10959083317
911 7527059886 19990892175
912 8822087459 -9834706954
913 10250407028 9264502066
914 1408252786 11657364989
915 3573355824 18256557270
916 5946753568 -1756794460
917 6760295385 10691037282
918 -9667059457 10575966601
919 4989055970 10490682482
920 15305994711 10744517480
921 -5724623030 1972941835
922 5912384811 12332796848
923 7780036622 -1936332229
924 1016205096 13249840681
925 7177229150 10560897396
926 642977117 11951133223
927 10635396995 2659060414
928 5983730393 9602126662
929 4118938958 -4645011554
930 9811957849 3325339681
931 5892824734 11236588031
932 4406721515 10267312563
933 5547293285 -8408302610
934 9062501344 -7380391428
935 12592040207 -12774197006
936 -4500526348 7432756517
937 6426998358 -9783409617
938 4751542500 9097222497
939 11757987206 9712729494
940 8220304609 -6093354899
941 7948091789 7745082182
942 -4932987672 15797630884
943 10815094259 4613502548
944 9044944355 -7353561014
945 7189697071 -2697953832
946 -585593661 16553303968
947 12599306705 5964261650
948 15671905666 8407039913
949 7337866372 6867144069
950 10366250979 2771284965
951 6071338466 10000219020
952 10959704540 8229967072
953 7221609955 -9679594664
954 5261403092 13797001181
955 -9365080831 231793967
956 7670588419 -5253284179
957 6163553552 -10955117506
958 3305656574 1648667119
959 8115942084 6753813043
960 5494570066 431376241
961 6113783470 -3269817443
962 -10798710340 4572256
963 4430099732 -3005217968
964 10713766624 -10867034719
965 -1125781996 5330652638
966 6305268617 17436854024
967 10247606368 3486550554
968 -1528601371 -927578097
969 -4452525336 8072625365
970 5613871295 -619832206
971 6526469477 6733114439
972 3801810625 18193419319
973 7774163412 -5411566436
974 -9814521791 21467284329
975 2257331937 9479337748
976 14288572186 9049573099
977 -1813367189 307292449
978 6493959693 12178123842
979 -6787107091 -9931509047
980 2885350666 9056538601
981 5030399628 9260301652
982 1901097949 9502460471
983 20881484760 -48809360342
984 7389288289 19702893786
985 4941492973 9622637408
986 4200759672 -389269335
987 -3290776164 -2018802086
988 -2965837384 -842463416
989 5282064930 -1603166751
990 -2900831565 13850006891
991 4131799712 -9882826770
992 9968295252 3080297571
993 19135022600 3287087538
994 3504945853 1112608641
995 -551785494 2012170710
996 15420002192 -284266558
997 -5870892674 2380270452
998 1668665583 1709981835
999 5405864076 -10091208525
1000 7173105309 -12691836278
1001 4522405899 -13590185169
1002 8426890218 11457426949
1003 9899558447 4545946292
1004 -4085361582 -4468622401
1005 3809967918 22354742341
1006 7944622037 -14724554593
1007 -3414531594 7802925617
1008 -2081239185 142660155
1009 6396236905 11659583834
1010 814040815 -1966748432
1011 10009965158 4141840789
1012 5333157004 -1681245142
1013 1704440881 12688978276
1014 7702263495 -5301689711
1015 8094833911 -10630311456
1016 6315204272 330751307
1017 8911703553 8288285727
1018 12339266530 10338979954
1019 7572506436 -13744140080
1020 -623227723 1757849708
1021 8772464110 3683795538
1022 2639397422 9773699828
1023 1022316404 11191207365
1024 4130066853 9991179937
1025 -11730820880 15176717097
1026 2855031333 265274111
1027 9286002545 8170516086
1028 8431793515 21882151560
1029 9540122614 3075452302
1030 7566153916 -605381707
1031 12804861318 -6247352613
1032 -5439414648 6922288546
1033 2712342368 9866721009
1034 8498153878 -1329617993
1035 7479063456 -2047009618
1036 2700911895 -2150084467
1037 12585137804 -12763648824
1038 13537063136 -14218371485
1039 16689722791 9067077876
1040 -8434945741 -9273997283
1041 13546134192 -29482881846
1042 17774921992 -14974327054
1043 14977238563 -29972618
1044 11458146816 7811469910
1045 10708538430 13111490735
1046 10000000000 8947905496
1047 5335385267 -508428065
1048 -3607047809 14195416930
1049 3443789645 -3050188877
1050 9163121295 3877461754
1051 -2944654645 -815180870
1052 3786322084 8797151094
1053 -2927766195 7457545722
1054 -10117869144 10899421814
1055 -1239406535 6268953334
1056 4600371647 13177386711
1057 -5025281912 -18549869170
1058 12296389964 8517686627
1059 6432513485 -7794198868
1060 1623904354 1746875269
1061 9528059432 2975114293
1062 9616264519 3340512954
1063 3039479519 8409160802
1064 742392892 1413026076
1065 10573171548 3770276410
1066 16600081667 38957179100
1067 -3371137387 13518210338
1068 1554444764 13006167311
1069 1070528554 405924759
1070 79973611 11903004262
1071 6614091756 67105411
1072 1044164224 225878608
1073 2881940821 9107675149
1074 7942863546 -14719921491
1075 4741561646 418807453
1076 6974851794 18836553811
1077 -8231016087 8903295777
1078 12814608566 -8954997004
1079 4489532768 676239308
1080 5281695193 387989189
1081 -9087948032 7821094390
1082 10868427997 3938767303
1083 377612609 13217335447
1084 2891798642 -9890891711
1085 6609293512 -16656129255
1086 12125652238 4202301217
1087 8762061572 8028649989
1088 2292485805 9926429463
1089 12045033584 -20988548026
1090 10281730432 2469335038
1091 1636403829 11844927537
1092 -3911758362 -3434611269
1093 6903454424 -219030509
1094 10808464536 3101939445
1095 9054477930 6713914089
1096 6169087257 9792823202
1097 -4679427965 -4305127471
1098 7980434841 -14818910736
1099 5720300724 -1018997220
1100 4558504119 -3366338575
1101 1805757818 -3500251233
1102 2318811439 -2970173738
1103 -497460969 12183057075
1104 -4177521550 7049590866
1105 6469868414 11310359616
1106 12734146364 8667095445
1107 1070177264 1923196794
1108 546264064 1314887635
1109 17595495170 8733089675
1110 7910665557 11473018655
1111 2216949164 -3016377379
1112 6362576159 -3254393078
1113 9626491295 7483005248
1114 -407167309 1524441450
1115 4761062773 -9574610635
1116 7847048482 -5522948662
1117 12336617177 15204608323
1118 9085259628 8162083129
1119 2138269959 2180856502
1120 -1263297725 1133326279
1121 9018281151 8071256667
1122 14922574513 -16335695952
1123 4922006474 10130536833
1124 8971930914 -17431209542
1125 1293925522 9774230865
1126 -4680324946 7482147180
1127 -7940677652 9793034442
1128 7029749890 18951313046
1129 6117267100 -4039828998
1130 10678789310 5563135886
1131 5039002781 1491797512
1132 10429066285 8073365670
1133 9426884396 -12911338875
1134 4547123879 9509259439
1135 14870974677 -16395349949
1136 5476955855 -11213449026
1137 22037354440 -1428954901
1138 2107665909 13001310500
1139 7674276550 -14012274221
1140 9898259521 4778919903
1141 -2742975581 7122269462
1142 3270455858 -2009218802
1143 1915710513 -3702191888
1144 5037623334 1322275224
1145 2878626374 8757170719
1146 15062133100 16076416538
1147 6595616489 -11170324093
1148 1544923514 -2370778427
1149 6986271313 -1436800519
1150 11090519729 4625186234
1151 6783506702 12090960237
1152 8455271428 -16069964658
1153 5535276704 -8376642475
1154 -1820563337 632605128
1155 3017012837 -1741762243
1156 -17730156771 -2979438642
1157 5665842719 11323298004
1158 11129013619 2592874158
1159 -3846558487 14419906372
1160 6899013372 -129509013
1161 8032070052 11221145548
1162 -1807709959 649159780
1163 3722493285 321186762
1164 -5452605837 6978942302
1165 1524551625 1831966386
1166 297200053 -3118149787
1167 -3396026311 7623646339
1168 9674697409 3105168628
1169 6267597524 148698096
1170 7214584890 -2470632719
1171 802853669 -3513448302
1172 14152405627 -31080227705
1173 4289305440 -5093876829
1174 15006234871 9081382618
1175 9526248008 8713778211
1176 5463253499 -1880057289
1177 3852503555 581474477
1178 3885212040 12356708019
1179 -11737045463 806720083
1180 -2749663280 7285621777
1181 12646179880 -7326964418
1182 2824193131 2152928062
1183 -1932477210 910375402
1184 10224958503 -9156846697
1185 -1791580832 699417832
1186 3869660514 -452706283
1187 16649077182 -1152150044
1188 8218643679 7520356565
1189 -4000529903 -16936608968
1190 5447444829 393950331
1191 7459978932 -10158473791
1192 -1072420026 6293620907
1193 16321012880 3065297884
1194 2391752240 439799332
1195 -11676037823 36970079129
1196 -5531936330 8282429913
1197 10198658434 8423850302
1198 -9127789415 9985032710
1199 -1418515761 1150426810
1200 1343471946 -2145812694
1201 -6182914565 -6583638855
1202 4974622581 -6899484737
1203 -4483113303 7434910799
1204 4585966777 8963453984
1205 994286615 13325227513
1206 9191049277 -7576837079
1207 2263545926 -432156749
1208 3960905254 1990888545
1209 3799433661 662575352
1210 -1546506319 -553733693
1211 2538442569 -708209984
1212 4708500602 1509960509
1213 -4418624954 7352425729
1214 5070005064 9408094815
1215 6821962242 -9394281465
1216 5587491932 136130937
1217 8384743236 8030363176
1218 5165952794 1095531019
1219 11728108794 -11453945762
1220 6518279618 -6776778559
1221 9381524067 8140939704
1222 -11662173120 24290846395
1223 2517584296 1916320055
1224 15490887012 -18638319496
1225 6677224854 127994491
1226 -11645772888 6706326353
1227 4693912451 1164612515
1228 18617916538 120114051
1229 3691183389 8383254244
1230 10175422137 8658979446
1231 7166936933 -12675584431
1232 -6455549277 2451365567
1233 9151620694 -17904638949
1234 -5451349875 -1787791423
1235 6506772133 11013479830
1236 -2589845130 6291845479
1237 10426285516 -12644460909
1238 4442829784 8523627106
1239 -8332845196 10164398191
1240 -2564494051 -325548773
1241 9402324870 5388517610
1242 -10501948997 9325715817
1243 9267146223 -7693127661
1244 16665135752 -37700528164
1245 -4276527878 -13342980813
1246 4865236801 60318254
1247 10413936566 -21230467800
1248 -4360568999 7225033147
1249 10000000000 8748167010
1250 3105368977 -1974554533
1251 8222545065 13567739152
1252 -1518584551 1021542090
1253 2685504149 -1644585143
1254 5431839914 -8104117137
1255 15765192794 -35329444727
1256 9539690064 3048925489
1257 4893809855 9280457331
1258 -3149983394 7808962545
1259 5707186592 10606555553
1260 16298593923 -2339134715
1261 545718627 -1400907046
1262 -4642993185 7080502176
1263 5581354756 10165988492
1264 1339191391 12719594984
1265 10327450650 3127088498
1266 -10142191013 9201186198
1267 11216655646 13710050185
1268 6704179149 -11456354583
1269 4203626945 9381990683
1270 -7257655218 7720233057
1271 21095464072 9306080955
1272 13166545419 -6138786630
1273 2275849703 -9882826770
1274 1844059583 -491200576
1275 7747492753 12955890202
1276 2289263900 10577212129
1277 9712348756 3493463437
1278 -3697539803 -1784867747
1279 -9171241788 8466169929
1280 -234515770 1157632348
1281 5016488418 -2874292973
1282 3838868459 22215670017
1283 639473210 260102685
1284 11326338195 4226125125
1285 6447100630 63401831
1286 2119659677 -469883809
1287 5757470768 373040370
1288 5965511545 -3652711719
1289 6003593318 -9610518196
1290 -328359744 19655091433
1291 10275643871 8273083239
1292 11452997662 3273455075
1293 9467155919 7850940768
1294 6888049059 18655100969
1295 7501108798 19936643899
1296 1518916816 2169979154
1297 3403716501 -31421034
1298 15863578091 -17773728099
1299 8869803459 -17162133914
1300 2638086562 -9882826770
1301 8590712567 -4901464290
1302 3270770827 10825913074
1303 9427193675 3394759680
1304 9334935702 7777958575
1305 3031807772 26099327600
1306 19821756526 -5027209140
1307 3727981620 22749268689
1308 6530745474 10043085118
1309 -1323656261 1621154435
1310 7845732409 -14464009680
1311 7686181019 20323519731
1312 483454000 50080130
1313 6214877289 -3028681159
1314 8670923189 3871142713
1315 -3174103128 -3242189142
1316 4793133230 1370819936
1317 3324299730 -2289250030
1318 2937251969 856466565
1319 9653293777 -19226399098
1320 3118030318 8911002053
1321 1725191713 -1854654023
1322 14396052622 -7649916787
1323 4246838788 1448780152
1324 10611490710 -9747541305
1325 9719891012 -8385007667
1326 10635310176 16689424747
1327 -1121316770 -272596819
1328 5578880130 15918408153
1329 171268618 11859588163
1330 19289060059 -3578804094
1331 14957142142 -33200470332
1332 -1367982701 1215511430
1333 -14165042653 16648181677
1334 -6999455315 8592966704
1335 10745712193 -18378332713
1336 9072327632 -7395407863
1337 7642797194 -2180450908
1338 10704456137 8561730396
1339 -5612725706 7770418473
1340 9858050651 -8596141830
1341 -4820649325 2642088029
1342 4033920941 2020805069
1343 -3272529928 13783852623
1344 -3366102077 -2681213544
1345 8638945774 13055411777
1346 -8524101391 -9825630163
1347 4153155389 1539389858
1348 8133774762 -1786968555
1349 3424152343 -2814454385
1350 6779124475 -16796921453
1351 17705847352 9068360877
1352 5109619109 -145619923
1353 -6435963668 -7281166798
1354 -12002726750 24811277006
1355 10267373865 -11659890788
1356 5394259117 11063324477
1357 564063214 834237567
1358 6892679021 -4064490908
1359 6211292958 -937936271
1360 9283849616 8214886407
1361 8107634364 -15154043845
1362 15103694213 2705284114
1363 7051024269 -8435869358
1364 3032946268 8529686708
1365 5770582798 -8996604415
1366 12482414505 599140229
1367 8540795026 22110008826
1368 7133431719 -4432406746
1369 9760189729 -8446591759
1370 10742841348 3644130458
1371 1958964811 10385555040
1372 -2956994149 7505199036
1373 10539514165 -9637547477
1374 9427829732 8399656929
1375 12560769056 -8036553767
1376 4943335084 -6817051438
1377 4145218136 -550088473
1378 -5490927531 7606241531
1379 -4658798228 18481728933
1380 9073240039 8451198427
1381 -4721111560 -5064557065
1382 -3495495312 -2200348987
1383 10543167438 2524901052
1384 6712537652 -3789200691
1385 5670810835 -11781280451
1386 13856645087 98558558
1387 -9816521405 6978090299
1388 10162173094 -14412911853
1389 -16850612445 -1736017735
1390 9730328738 24596615629
1391 8864954661 8214631771
1392 951141055 10151907158
1393 8399507794 21814661339
1394 15721219019 9194177063
1395 7764636352 -5397007279
1396 9542051062 14161942216
1397 1998413533 9809969488
1398 15208558257 -781661933
1399 10272486149 3615849730
1400 -10525655555 10662047119
1401 8627316385 7018021664
1402 8822929135 3928247021
1403 -931032810 15566393060
1404 -4044309831 -6558464744
1405 5821637705 -3709030848
1406 10000000000 9051132493
1407 -1404008984 6089623729
1408 10799424315 13345036319
1409 8087327225 11611022597
1410 -1642929670 12218993413
1411 2349644043 960971782
1412 352154226 1263227506
1413 -1219571903 -9882826770
1414 14571306855 10120876776
1415 12760555944 2689347234
1416 -1654272374 1330819595
1417 4740927520 237648569
1418 -9332313619 20730378679
1419 -789498646 953668792
1420 -10428205899 10500737345
1421 3408457705 -3072705509
1422 -5287878577 7235202513
1423 -742392850 14429721482
1424 14528237906 2219657963
1425 6549710022 11534674743
1426 2782813294 8488712218
1427 9218806577 8265991660
1428 16612208761 9414591860
1429 8769692711 14272444094
1430 -5618545805 8018113604
1431 12650153175 -12863004657
1432 1989294648 31116006111
1433 -542873595 1060512457
1434 3847411102 8855778218
1435 6143169575 -9978260337
1436 10943708425 2269386878
1437 -8728767615 7385004238
1438 7626082667 12640032631
1439 4746054443 -291501579
1440 1702453250 -2620131754
1441 3516906032 8497314923
1442 10436616340 9344683272
1443 13056029904 8739726661
1444 3874548386 -1300765713
1445 2775167936 -1104572483
1446 -11131517536 9330879791
1447 7549118957 -10419201934
1448 -7871086027 7829902076
1449 5795576065 383248012
1450 13778026312 9904033258
1451 7474263859 -13485299957
1452 4328172722 -5196280619
1453 26726247776 2250487688
1454 -13541066386 12013146245
1455 -1828339909 5572645990
1456 10212084353 -8799440770
1457 1561734657 9427843775
1458 5893671889 113330763
1459 16243354897 -18354099172
1460 4712051145 1080946398
1461 14394823342 2183943527
1462 2744050852 -18077692209
1463 8109230726 7833667639
1464 1300505470 -1819850812
1465 6685628783 -11407479858
1466 7672361712 -5255994108
1467 -7699222473 8552933158
1468 2335093325 10225947879
1469 4621236247 -5968416300
1470 3492169519 1132133305
1471 3563397454 1023283495
1472 7282713525 19480109405
1473 8223389078 5089391781
1474 10531645030 -14117707850
1475 5225731823 9159916681
1476 14972577935 10250919059
1477 13954547049 1391662989
1478 7170840954 -4489575160
1479 14802805605 11368167180
1480 8931888401 6679528590
1481 1865989228 2225569473
1482 6069374013 587406667
1483 21860231939 9547070785
1484 4543125336 650234936
1485 3162942606 -2126244009
1486 9328926063 -18371786139
1487 6699691232 49666034
1488 4787174427 -2972524124
1489 5036629197 9464403104
1490 11856177403 9209631692
1491 8211633231 -11549069832
1492 -442462594 -4749693903
1493 3834012981 13379071198
1494 -986495710 -1148146535
1495 -5978709783 -6546001260
1496 6994430787 -12221081776
1497 5842596497 -1440585666
1498 -2165484505 19506278885
1499 -1718723122 1268728554
1500 11292170694 -4173254213
1501 708846429 -1545176437
1502 5091593513 489758671
1503 6065642571 -760805311
1504 -3734503866 18423650347
1505 3850553518 9595819585
1506 4731421433 249332636
1507 15096658305 9334528378
1508 8945861737 8017658650
1509 14443826781 2180022326
1510 6002863488 -8136615639
1511 7315842793 -13067907317
1512 14281334774 -15355759871
1513 18279414678 2439934087
1514 8407012598 11235070105
1515 9718532641 2782417754
1516 5127645116 10290086947
1517 -143249383 2076150365
1518 9895271465 24941412673
1519 22498422828 -27913030695
1520 -3946483322 7112077412
1521 1439706735 -1342889881
1522 4862682735 -6604556362
1523 8418344125 3838336540
1524 -9556639268 7818459766
1525 4650560929 13977845377
1526 5486841816 745589437
1527 -2402078469 13234364929
1528 2372635964 -13922633228
1529 -1631795349 872485273
1530 6031875652 606483812
1531 10083577807 3117854711
1532 9470659830 -18745212682
1533 -18768402976 586080963
1534 5626246513 -2129141563
1535 19691861946 2384332191
1536 8846022621 8329355387
1537 1917131558 -1149520844
1538 6292690483 11082161314
1539 -2025161589 1098736711
1540 16354885065 9218529212
1541 19170948706 -22828018409
1542 5793873016 731940627
1543 5833354633 -2445642097
1544 6360023733 -1723148855
1545 5993267799 727875634
1546 2693050445 1129296800
1547 12727588812 -6082709129
1548 5038515115 300717715
1549 5199477965 15125304102
1550 5276559784 15286436296
1551 -9236997901 11187702431
1552 5176383898 716460040
1553 11112665903 -10513432163
1554 8955898914 3421656278
1555 24193205458 -57534764569
1556 8443639803 -15271876497
1557 3641802826 9244926830
1558 9099533522 8285428937
1559 2023900548 10134257767
1560 10434274619 5056722803
1561 18302818216 42516587503
1562 2351603932 11017667058
1563 4855217934 14405661332
1564 -271233760 13784034869
1565 2917429922 15160517847
1566 1642931331 12308341565
1567 4665925820 1444492442
1568 7454971164 -9953788230
1569 14593906079 10952400725
1570 8954981094 -17386551783
1571 9876738441 -19815109677
1572 18759811496 2502159842
1573 -1780960043 662203785
1574 8318403295 21645120118
1575 117843592 11590473277
1576 5321827643 709945582
1577 13612158596 18841705356
1578 3585182646 7946669214
1579 2067141947 -1966748432
1580 -1951712050 5719717592
1581 3033974976 8942123285
1582 1584451095 1410879131
1583 5166408064 15056174627
1584 10718964913 8551880966
1585 6935777714 11469372057
1586 12686382767 5426361468
1587 8119267695 -5938951310
1588 9785566042 3547559603
1589 19882407888 -14456979015
1590 118453544 -821477249
1591 6669013440 -3722687431
1592 4595527193 9027727267
1593 5704540339 -8822602075
1594 5429651575 876380564
1595 14037507523 1274611996
1596 7483489253 12287136760
1597 -3419331913 5750166218
1598 10000132321 3753507553
1599 22223475364 -52345108538
1600 7807811871 -5462987671
1601 17443806344 9590110020
1602 -8300504255 7072717159
1603 3192970117 -1333152243
1604 4302013504 9671565918
1605 -6402848894 16253600326
1606 6277385461 17378566945
1607 10877807072 8628264256
1608 -5062010088 19544072889
1609 7319724999 -13078135782
1610 5449290343 -1743773351
1611 11175427802 -23236771911
1612 1174548356 13506327350
1613 79617497 -9882826770
1614 8186436723 -6041598338
1615 933170818 -1744373098
1616 941160146 12130972682
1617 3316763974 9098661714
1618 3508423040 -3036482740
1619 -4311307222 8068580900
1620 9113138788 7148042896
1621 1043354081 569155072
1622 1076608236 -610954184
1623 4677218401 9809430385
1624 16934291359 2975411320
1625 5973268728 -962155644
1626 -2273985896 -32789274
1627 20277933608 -47219181624
1628 9561993189 -18985849061
1629 20924268415 3173778059
1630 -1193912495 1008013426
1631 10167230700 2462522916
1632 6864340941 11192081428
1633 2313075788 10783563530
1634 2389832783 14990721535
1635 9314165377 8569724637
1636 8866122143 7929836996
1637 2654602909 9282576554
1638 9391957089 8560863455
1639 18395980823 -4096592767
1640 11771390814 1250683952
1641 9896652109 3072374366
1642 6775099568 -2856216518
1643 9656382435 8896933933
1644 3880217655 539122069
1645 -5768308596 9794876398
1646 4711384743 -3509043305
1647 14784396263 -16124533349
1648 8994033221 16370052799
1649 8511950871 -2759175088
1650 1615797585 1889773960
1651 1997389566 14192265367
1652 9861592606 8015246640
1653 8482412884 -6493906113
1654 -4138142920 -2352347469
1655 3919282095 10487289740
1656 3520158735 -1372727920
1657 -6427099255 17417457715
1658 3105210524 10747437702
1659 2250415612 10660201623
1660 -3080186818 14322554917
1661 5966622566 -2649300804
1662 -4709750356 -3088555672
1663 7635901104 -4562504176
1664 -9026690565 7335591738
1665 7406069142 11089967497
1666 7043616638 -9230827731
1667 4769087130 -11799736485
1668 2814338343 9246952742
1669 21608908243 8901749489
1670 7824659264 -14408488179
1671 9030602895 -7331644541
1672 1748746955 -539780867
1673 1164973630 1869220814
1674 9374819308 3722929997
1675 3666303854 -2844117383
1676 15239361443 -16819806533
1677 500497263 11201047443
1678 8952490482 7089035985
1679 -14146687319 6469006222
1680 7252724906 -12901610360
1681 11484695367 3908262470
1682 -7153562956 7698950999
1683 7325672642 14752169388
1684 10018161041 8421983318
1685 8193573293 -9202268956
1686 15247404983 -16832098589
1687 2453085294 1696107402
1688 5614268250 -8584761827
1689 865060715 1460759920
1690 7383883829 11246804052
1691 10020682410 3979959481
1692 -12313481148 449852801
1693 5966622566 -2649300804
1694 7799971552 -3835480265
1695 4870468736 1236828099
1696 -6063506641 16522576630
1697 2998537524 -2204746309
1698 -6978254064 2007590002
1699 2100990645 -1966748432
1700 -332194668 12437084578
1701 1566783326 15826500403
1702 -1052621078 727805724
1703 1692010773 2215045544
1704 4647416132 936619355
1705 15769990748 10168818699
1706 6332521295 -4148884237
1707 -6055068126 8607821826
1708 -2272460394 855402287
1709 9864464811 3615690608
1710 4966478281 -451277444
1711 10888744174 -13053469120
1712 15084108649 9512167585
1713 11207086158 8755710773
1714 481169020 11019826117
1715 12603121663 1033721918
1716 21743325090 8974620424
1717 2699723155 -380110640
1718 3154640747 -2298498870
1719 -2030487906 13448806962
1720 -11092989877 8728357844
1721 11600755436 -11259325649
1722 14368042206 8629558097
1723 8939222536 13108281236
1724 -6276465411 -2205881701
1725 4052392872 -4469682305
1726 13368424694 5227095163
1727 6029428989 -1787945028
1728 10344379156 8164002211
1729 1403026450 12983754327
1730 9220552130 8291600748
1731 4980550465 1393438186
1732 11510844949 9760958551
1733 8369960182 7940794485
1734 5498614737 966661870
1735 7802925861 -5455520919
1736 928871564 13214947500
1737 9816297175 8822031181
1738 7051310229 -3199890808
1739 10167585253 -20581404977
1740 2264775914 -3705958205
1741 -7793851617 26741667070
1742 9442900351 8140981403
1743 16595607478 -37517341731
1744 5697804765 -737701076
1745 -4181442241 17224037138
1746 2903228455 -4041523363
1747 21704250270 -26699384227
1748 8722872989 3795636088
1749 14705493303 -16003954644
1750 6400944361 10966877559
1751 -4185522323 -6915589032
1752 -9035147783 30012115214
1753 7609919318 -5160570274
1754 3535173749 -1888700797
1755 -2351074456 609650135
1756 -1771912500 -1268547636
1757 7847908999 20661596652
1758 394066321 12944849618
1759 -3732317331 7212414494
1760 -1291382697 -354785888
1761 -4975226140 7021228546
1762 5173970945 9599325163
1763 10429352908 3036240265
1764 874964222 1527591232
1765 2285958833 184348764
1766 12357138735 9514670814
1767 7882313103 11535268516
1768 9830989651 24807037669
1769 26555621171 -34113200151
1770 2996483077 -2863634917
1771 9816066584 8851527215
1772 4172293892 92774119
1773 -8263581936 -9237568826
1774 2100953443 12271838728
1775 5344282216 10071620805
1776 15084374938 9247105839
1777 4655999466 1009926893
1778 -2969816821 19878999766
1779 9261558627 8675844660
1780 4821849357 -1668675198
1781 3574985659 -3211855547
1782 8354919487 -15805566983
1783 5061705721 -4571597265
1784 -5630178465 7863850759
1785 3639575303 10871762852
1786 8435195196 -1361240068
1787 14676532166 -32461146066
1788 5380728568 9608561671
1789 13872049005 -13683468759
1790 -7255597291 17556761799
1791 3725302164 12156754106
1792 9995672497 8944932594
1793 5966622566 -2649300804
1794 6007933168 -10612833788
1795 7546741619 12697330530
1796 8837238974 4177733479
1797 7572237540 -960598337
1798 5851701599 -9210328456
1799 1505003195 11611061625
1800 9602503348 -19092581343
1801 7328352468 -13100866609
1802 15104840650 -16614233218
1803 5176078191 1069026742
1804 -2550185475 7105618133
1805 10483720045 4390098564
1806 5914066166 11757849949
1807 5090729822 -1434708750
1808 4855356004 -137195468
1809 16077188697 37864121205
1810 7695233219 7218680775
1811 10962329397 -7280027626
1812 9409397268 7292986175
1813 3774002939 9034930658
1814 6773529514 -271141300
1815 5360187971 -1722553591
1816 7589352905 7450689021
1817 -4161520770 14573874925
1818 -4583267430 8383409201
1819 6215110147 11780544586
1820 8984074865 7954726571
1821 6784997046 11716233070
1822 -1626915505 13144589407
1823 -4125269754 7036171025
1824 8085933871 -10262661989
1825 16564903015 -22524328943
1826 13970885575 1303838826
1827 2584269824 -1705191362
1828 10000000000 -20139867416
1829 6715201088 18293778768
1830 8011334801 21003222708
1831 -2372978826 689118798
1832 5071950480 14858720054
1833 4139944394 2009642852
1834 6703072898 -9913006304
1835 20746886034 8806320633
1836 8352765231 21716950468
1837 3777503868 -3604694174
1838 985377784 -9882826770
1839 2015667621 -1251937369
1840 10221456681 -9151495247
1841 10010363235 8229191736
1842 4404392002 8847409851
1843 -1252891159 11753432752
1844 6192418657 -136697307
1845 7382444246 -463167733
1846 -905898213 -866981458
1847 4896989640 1464598832
1848 10000000000 9178040143
1849 -722040357 2047460111
1850 5737251624 -11292939641
1851 -2107356987 -22954774
1852 4840849946 931953721
1853 13448279856 -29225064624
1854 -4294152733 15738738216
1855 8528108921 8069086726
1856 8220040537 11629286915
1857 2064224985 -2488737382
1858 -4817755790 9265136488
1859 -15020008629 6361170786
1860 10220380843 -20720505735
1861 5901782151 -516624819
1862 1977722818 433891182
1863 7664899278 -5244590092
1864 6460589719 283339224
1865 3441137529 9734815048
1866 9295847323 8608179526
1867 4087389548 1311892075
1868 -17318310601 -2672790028
1869 5593629092 9665072977
1870 -115334012 -6315560534
1871 6762757313 -274040537
1872 13616356551 8906833138
1873 6385951848 -10617919797
1874 16224492115 9149882549
1875 3721717808 -3598451348
1876 3734350685 8314042850
1877 10892614841 6204889201
1878 6208026938 -10149140300
1879 618894581 -11005949350
1880 2339317391 9319706091
1881 5749873845 -8322319451
1882 12147171698 14669635007
1883 1825703995 -3480757259
1884 4099810008 -2549927122
1885 4918299362 -6751089719
1886 1737502614 1411318824
1887 16027386886 -20579485710
1888 865920894 -1545059200
1889 4708634721 -6198685423
1890 9456333389 8129373680
1891 4993047930 -9882826770
1892 7142705872 -9708528052
1893 9627771175 24382228822
1894 -3099338919 8140174736
1895 4737875686 -10524081227
1896 -4050969700 7050678639
1897 7589478720 7487622630
1898 -4000123939 16746317058
1899 9860029774 -8599166306
1900 4177714530 9557075252
1901 10825991175 8300177572
1902 7378260881 -11017053061
1903 12242211386 -12239592142
1904 9463515931 7959289708
1905 9657338974 3302578314
1906 2202684518 18630929744
1907 1014542755 1743411460
1908 21853800623 13133976969
1909 -1736620737 13303919091
1910 5861324452 12649256866
1911 1245886922 13347551758
1912 -1934830148 1221804846
1913 12423631909 15104119005
1914 7866660558 -3827523428
1915 -5162296992 -2272103181
1916 -9097424712 20371423827
1917 -5134637488 7818547304
1918 -10788774413 9914874622
1919 9448621825 8718461370
1920 -4849317740 3353804934
1921 9245349280 8191685929
1922 7477846817 -9903760682
1923 -666130681 90886172
1924 4905286320 -2616750881
1925 9099508557 3509878975
1926 5159712733 -3829509793
1927 7907074833 20785277187
1928 20115772945 8706878464
1929 -505676418 526951780
1930 6947194140 -1817979401
1931 21650439741 9083919878
1932 -1468847193 477939444
1933 5108637351 -7252574005
1934 9935663423 -19970359573
1935 -6691196652 16694250454
1936 6215759634 11541369655
1937 7222734083 11429037878
1938 5984466493 12086081831
1939 -7016962214 -6981518584
1940 13382251256 14479946188
1941 5856309426 9737843818
1942 8096749796 21181774613
1943 6422892716 10218404095
1944 6508698448 -9729690412
1945 7796722284 -14334882503
1946 -3405766417 23927533155
1947 5131964678 9587191506
1948 4696190159 9025930829
1949 9125421002 14730608334
1950 9409819107 15096902061
1951 4594165476 18581104440
1952 7617429471 -5172047213
1953 -3836257015 -770709397
1954 8102351203 -10370623349
1955 7476417573 -1790326193
1956 3118012124 10507528533
1957 5968969590 -2652887501
1958 4666788007 1564777804
1959 5075117015 -10115018430
1960 15217815557 413216058
1961 16095270862 9387615209
1962 -3812084995 7878599823
1963 3943847016 2299450048
1964 -1020455128 6411832793
1965 16966837573 -1369425986
1966 7523440582 -5028414343
1967 -9257588986 -10408503984
1968 8116261734 21222562457
1969 9235963282 8136867897
1970 -927516794 640768044
1971 -2688335697 358917224
1972 4360675962 -2897759295
1973 -6461914442 23281651254
1974 4679358143 823157366
1975 4568810108 13806953080
1976 1946739552 801024069
1977 -2204653537 537912022
1978 4048989615 1753744326
1979 -1502216112 12907638531
1980 6572836490 -1984345698
1981 4029210170 311433216
1982 5265101597 -7664811003
1983 4441365173 -5494509238
1984 7911284031 -11270607783
1985 17063709387 -2207544290
1986 10202139258 8762484701
1987 17341639732 20925249725
1988 -1031120387 1649377022
1989 2962600346 -1598401430
1990 9847181616 8269885499
1991 17064535760 39928076096
1992 2934196991 -1958203388
1993 6958624685 -289991310
1994 -2895108437 13834928142
1995 15098934524 15603413148
1996 7925005827 -7463518000
1997 8416144707 14071585600
1998 9289932529 8263398771
1999 3049622527 -9882826770
2000 4821315287 10005491772
2001 3554850106 9202927120
2002 13409560978 14868422049
2003 5917055766 16625332074
2004 10280720960 2588960158
2005 13498894055 10338348339
2006 12956625789 2892569456
2007 8695601434 6927510565
2008 -2869618448 23413960216
2009 245872782 12837510099
2010 1061498055 -3805179269
2011 4377709333 8688584891
2012 4314818225 -9882826770
2013 8944181053 4652825437
2014 7212106702 -12794593408
2015 6666159378 5322144
2016 11437607914 1473693854
2017 5446064480 -1853789204
2018 3935545383 454570795
2019 5851954102 -1674433860
2020 -4543850036 -2874882496
2021 25614008609 -61278160510
2022 9412817073 8041137981
2023 11715244804 1918571156
2024 5725789140 10546689790
2025 10031508440 -20222882836
2026 1500614542 -1637859834
2027 8195633540 -1589850363
2028 -2489460512 7348127644
2029 -2551330402 -166019869
2030 -11874804002 7965820374
2031 6042907181 -3360620189
2032 -9579385108 8703912966
2033 15590230414 11786365402
2034 -3265177855 -241878179
2035 3779442870 9066842595
2036 9986215573 8631169674
2037 7771520053 -14268482080
2038 8630824377 7982053367
2039 5298111927 -9882826770
2040 -931055344 1778256916
2041 6181069517 -648764917
2042 -5817220185 15543940646
2043 4807420276 -4448875152
2044 6614673061 112389035
2045 -9493740946 -15589469044
2046 3154062147 -2799283594
2047 22835290531 -547306557
2048 19491128303 -45146182432
2049 -2179303815 170561309
2050 6595616489 -11170324093
2051 -2559702478 6148137353
2052 10691283452 8962453835
2053 10973459429 8579530877
2054 11735260320 2888576950
2055 7528923517 -13074559488
2056 3490820008 -2454044749
2057 9487460569 -18789477658
2058 7138480219 -9813778664
2059 4025383874 615826794
2060 1739850175 1210372933
2061 9776876706 -19552003551
2062 7322622578 11378997919
2063 593235490 13482941303
2064 9732650972 2924325827
2065 9630123177 -19165351421
2066 10156523223 9009728918
2067 -763040483 -2352044113
2068 7608747000 -5158778749
2069 3728450874 1018078357
2070 -971128776 1726643890
2071 4399894081 32228024983
2072 4853685218 10018649647
2073 9917497782 -19922498481
2074 -1705316919 781038043
2075 4826995709 1556664976
2076 -5922831910 8273838382
2077 5025373630 -1210893704
2078 3089562532 -1596334829
2079 8439781080 -16029152172
2080 5314069078 -7793825827
2081 14650544713 8519704688
2082 -760727791 1997632197
2083 2836197740 -9882826770
2084 5405864076 -10536028245
2085 -1011909532 1440581942
2086 8853399086 3811566510
2087 4812084260 8842940284
2088 4447532294 -77938189
2089 5888012146 -2529169156
2090 7972397194 11767112373
2091 14381769279 8611541911
2092 -2988154584 -1805066260
2093 -2599585676 12906938212
2094 6934752376 -7879408481
2095 4049118673 -5477435553
2096 16712407359 -1399938419
2097 723449988 -3235515960
2098 -5204141181 2248676347
2099 2400901399 8900071341
2100 9745411028 8258128830
2101 16921499741 9257459218
2102 6865476592 18607915379
2103 -1369428232 12021022953
2104 -16851792970 399226967
2105 -7264778206 25347715163
2106 4616996509 894855840
2107 12925229300 269720255
2108 13786044225 51885696
2109 7097328774 -9733824067
2110 14769662793 22000172805
2111 17215319756 -19839446034
2112 6198738890 -2302907634
2113 8835089801 11747042791
2114 -11344291629 10045921541
2115 14612194498 3609208351
2116 6036719901 10991106823
2117 18096108244 -3963123747
2118 -1977372808 4990418353
2119 327269221 670405420
2120 4398212976 9630524286
2121 -2355766241 12679368143
2122 13458521945 10768576734
2123 -10746684641 11345948175
2124 9930251460 8343062639
2125 9988579524 -5133692526
2126 4932120194 -156406868
2127 5756957926 -2328893422
2128 547973999 13679322830
2129 6385951848 -10617919797
2130 10243869654 2399973594
2131 2683557655 12370579380
2132 12667546103 8554934524
2133 12680441126 -5854617487
2134 9875398503 -4957877079
2135 6749532076 -10467314000
2136 6115508698 -7048959337
2137 4286238763 -81355278
2138 1749693134 14724041676
2139 8728055148 -16788669052
2140 2603214048 14037565800
2141 -9461166445 10409521120
2142 7926432848 -14676631463
2143 4024698072 -1839661004
2144 5181609629 114049019
2145 7426962887 -9925405333
2146 -3718356660 7039086360
2147 1485354565 -3516341203
2148 2783964670 9965690926
2149 9298449395 3973552867
2150 21860780678 -1600703992
2151 3338962465 8086312231
2152 1452238134 -1020448740
2153 4162202067 -4055771632
2154 3117560936 451379765
2155 229814076 767607701
2156 8573700286 13888865465
2157 -437768689 -9882826770
2158 6029782170 -9553540480
2159 3256304913 -2372226067
2160 8368221847 -3194171197
2161 9098404643 -7435258486
2162 12493871907 -8612256516
2163 5182197761 -1450550754
2164 3590202401 -1455448058
2165 2649282283 8821561839
2166 15018520392 6531360641
2167 -1930084314 6716576666
2168 8804451054 -12099420987
2169 11760050820 8583926787
2170 5557745374 1007433613
2171 7037230115 -11427493455
2172 6762172497 18391968019
2173 10184714998 2924125872
2174 -1766796212 1136165432
2175 7961654714 -14769430659
2176 4296935912 8829712464
2177 2839552878 2277908740
2178 5915248368 -1197544035
2179 1463368648 1974029848
2180 6522534399 -6087367481
2181 3981032109 8309002256
2182 5952122338 619473188
2183 2213940607 13202663506
2184 9276451599 18695205594
2185 12302524759 6544144482
2186 11670774996 -11366328832
2187 6298378417 -3406118878
2188 -3332317098 7326579918
2189 7792264623 6968768285
2190 -9648115361 -10868542031
2191 13721646165 436447487
2192 15530390341 2441842114
2193 12448359960 8263264577
2194 5864746618 -1169582589
2195 -6414287060 16271080016
2196 2535089919 -472037938
2197 9718386396 3790986257
2198 5405864076 15556734588
2199 5440961754 442245838
2200 3241540916 9720446124
2201 9867693169 8816245117
2202 4893348777 9143028890
2203 6344377045 -3485213421
2204 5035006985 9608395548
2205 -9225579509 20567268692
2206 5684323246 -1030030968
2207 4811660375 58734766
2208 -182540216 1309447335
2209 -10155003827 10454633062
2210 -6178419910 2320666497
2211 6149840870 176063313
2212 16284184801 -1128216043
2213 8348604923 -15788929975
2214 19780580370 3124498890
2215 4047080243 694684215
2216 -3320675909 7653232991
2217 6971189594 -669135007
2218 2467707656 8853377581
2219 13206866756 14872870872
2220 -1270697208 6060922609
2221 7937944939 -14706962416
2222 10000000000 -20139867416
2223 10902207320 8570024729
2224 9503532994 8730150934
2225 3875628581 -4003960698
2226 11886563147 -25110403147
2227 -2103663050 -6329895006
2228 500381631 1086334880
2229 11371710070 -16559780639
2230 9093153749 -17750595847
2231 4907831386 -1495209737
2232 6740079537 -736291333
2233 10350853860 8089575267
2234 6836967528 -2516496019
2235 10488722169 26181964784
2236 -14791951013 5007717174
2237 8614277234 8233040539
2238 7864981634 20697285368
2239 3493318892 9191322352
2240 8338153575 21686406193
2241 10195840221 9159368477
2242 -5165923198 9696348282
2243 2772088609 8428275623
2244 -3798382925 8436043306
2245 9858094092 8232203784
2246 12013568409 1117490255
2247 15562061496 9692622631
2248 10864830256 2756451055
2249 7971350926 11071145631
2250 -5641194235 7758489615
2251 10302744697 -10426840183
2252 6028159460 9602167543
2253 2251922085 274025525
2254 4668096003 14014500778
2255 -628939816 -243999937
2256 1285296906 -1833048916
2257 7330824475 11377388053
2258 10970252792 2352939266
2259 3443673888 2038175400
2260 10841505336 8228894852
2261 2153102783 -4264098689
2262 15704507182 10867915939
2263 2718900882 8919558678
2264 4606083387 9536649201
2265 6683931837 -404539018
2266 -6731676795 -2227939237
2267 4106158932 2239557582
2268 10252799140 -20805918359
2269 -5626888971 3487391450
2270 -3084864878 7670156034
2271 9817445645 4068597942
2272 10000000000 -20139867416
2273 -1388013550 11933924955
2274 4815016156 1193524662
2275 9093101087 7035991650
2276 6293174749 163810242
2277 8850262586 -7056050305
2278 -1151039219 1494926220
2279 815765767 -3381748192
2280 4070223065 -2480077046
2281 -2688016002 677172794
2282 9502703473 -2185549209
2283 -6582194352 7477362455
2284 4514910740 8723740369
2285 20476283053 9095809902
2286 -2395875366 -108374447
2287 5333482728 1116521679
2288 -2178084091 6901071310
2289 7506913945 -874935800
2290 2608770534 -666164559
2291 5121204611 855725984
2292 11938037060 -11774756014
2293 15413381117 8530023703
2294 17398704722 2452989640
2295 3017492985 8348618547
2296 -3308817504 13445156695
2297 16316429396 9305398199
2298 1594732121 1892839153
2299 2113716847 638155438
2300 2720552080 11632853356
2301 8164430499 -9440145480
2302 -5500238526 7216577398
2303 11298649655 9617057155
2304 4848642048 9762805604
2305 4083574294 -657787297
2306 6366326848 10078693894
2307 -2587913894 -1607287229
2308 -4600269918 -3860609754
2309 5405864076 15556734588
2310 7376980514 7430514191
2311 -1196760293 11780807856
2312 -4034503195 -290728910
2313 7797046477 20555273400
2314 10153870377 -7754470194
2315 9665852786 2985653768
2316 4880816992 1267966698
2317 1009939144 1889882993
2318 10358472383 8297096780
2319 -2798134737 5598779818
2320 11378903916 3065653626
2321 1853235846 2039186059
2322 -2720114112 -525981374
2323 5156426473 -5679913387
2324 9902742225 -8664439041
2325 16876936829 9028213155
2326 11304668735 -5965351753
2327 812157437 11593128751
2328 -6855035138 24294560618
2329 4046276187 429605143
2330 5397877358 9929676722
2331 12682376073 10037570873
2332 17157363590 8627843401
2333 16398668189 -36998464972
2334 7793488314 -1579252812
2335 13286777155 32031031940
2336 1783084938 9874680569
2337 2293879289 9833086364
2338 14081116093 2824314302
2339 -2644912304 7386914794
2340 10942389225 8391900405
2341 4002038240 -11353218549
2342 1342144473 -13663809001
2343 2000213699 11002409719
2344 13844250208 1459647962
2345 13396188194 8571215495
2346 -1102693835 838507837
2347 9361365247 -7837112221
2348 4067454546 -851341380
2349 8948033730 22961302507
2350 9430297664 4816351467
2351 6839993230 -7524956855
2352 9911201711 8715160705
2353 -3135999741 14202828442
2354 10218286445 6501344115
2355 -254655891 1833939695
2356 -4877919809 7637741517
2357 1360516068 2103778400
2358 11070505647 6428303427
2359 15414470910 -34405396328
2360 -2848762955 -691676092
2361 -8382774193 11848080459
2362 -2309307816 639813183
2363 499614685 1050098656
2364 -2220409154 -678421424
2365 8209465339 12986030582
2366 12364769435 10259510173
2367 9960121345 8049394638
2368 3730106776 768519996
2369 2749504794 2267066023
2370 9812715979 8322149615
2371 -3190071183 7448537751
2372 7056969971 19008214030
2373 16082913396 8575334373
2374 15112436382 720652526
2375 10358012905 9080598422
2376 5025642601 645512552
2377 9314309882 8147069037
2378 15268940083 8874946587
2379 3801441362 8135858863
2380 -2673801061 42025044
2381 7273376320 -7593605682
2382 11029998855 -22853609663
2383 15173975719 2139106286
2384 -1490455065 5226433253
2385 6799646809 18470304495
2386 6213556996 -3026663501
2387 9599181466 8450915733
2388 -9568789744 10724975630
2389 3209707393 -2249455387
2390 889060394 2150512915
2391 10472717230 4984118887
2392 2309735619 9792626630
2393 1037857119 -2120278238
2394 6992308464 10712647556
2395 4994199843 8973028440
2396 10428812980 5493081870
2397 7636501939 12168915925
2398 8877157671 -11394236387
2399 5988404209 -269418944
2400 8059191466 -1461408374
2401 172430285 1182873379
2402 12540000992 -12694671204
2403 -1662402303 -14061072727
2404 10082636665 3323778435
2405 7487057209 -4972813642
2406 4073256399 244122215
2407 -3667365849 -1137289359
2408 12930562731 1221629538
2409 15867964003 -8908732977
2410 2601588804 15339163212
2411 3924027467 -2352598432
2412 7449774196 13337105867
2413 -283787917 1297933914
2414 7564409770 -10087887085
2415 14550800245 2800530809
2416 2988298642 -1666108835
2417 5210864145 976679683
2418 15659200305 -35050185877
2419 8087775879 7708335281
2420 5074419814 9395373447
2421 -554566007 573869736
2422 15946483896 37590895281
2423 4712250629 11339865660
2424 16401339061 -2022597181
2425 10000000000 25160337688
2426 9232571789 4387359285
2427 7239032393 -1301597000
2428 386985585 771618100
2429 -3883551499 7735482461
2430 9289903136 3161287673
2431 2944389386 8589696703
2432 3880453443 9961049860
2433 -856716999 14644728799
2434 5410845813 12149164924
2435 7863322292 11315459272
2436 11127480278 -10765073214
2437 16550487331 9148458724
2438 1673973951 318415726
2439 3011732943 -9882826770
2440 7193122587 12241882934
2441 -4911074884 7866293711
2442 8280498099 7911463977
2443 6308314738 -1296551357
2444 9738999134 8108190056
2445 6108659431 585054903
2446 3792248839 1517663946
2447 10961292281 -22672588169
2448 2479987859 -2007432610
2449 -1074878140 986485717
2450 14865432866 -26383019607
2451 11707680127 2847521007
2452 12331737987 1126392765
2453 7078155151 -456516840
2454 5103569964 -1330392550
2455 -4510131319 7831662269
2456 -3429691302 -452110582
2457 23570265452 11124926229
2458 13800373966 -23745417366
2459 9931813019 2904574119
2460 -10717269858 6930452735
2461 18600221939 9475954467
2462 5204621817 9661181935
2463 8845575281 13195598661
2464 828782902 12880147574
2465 1788705145 394386290
2466 18740443758 -30395880065
2467 -3778654221 7914798875
2468 -1794285048 512366315
2469 7843302410 -1110916859
2470 20548629614 9056517039
2471 12907063004 194921483
2472 -2891715022 4109096994
2473 -2671910548 7460593972
2474 -1198274079 702047139
2475 19480164460 10470162535
2476 -511255323 210895346
2477 4805705089 -493771158
2478 -53192850 536292608
2479 5842289989 803044090
2480 -11759997322 7308140287
2481 -2495909238 12783156361
2482 3607675386 9649632371
2483 3508944791 9813795000
2484 6298469924 -3156426579
2485 9752737418 -19488403670
2486 13000543357 304417255
2487 9304581954 3123849280
2488 18425602890 2964695323
2489 -4609850882 18352767157
2490 -3071255312 15619768907
2491 6765201999 -7679881
2492 1869925520 -251291994
2493 4832616070 747662473
2494 6718126805 -259251020
2495 18411770240 -42302393276
2496 694470783 -1423105647
2497 5057890331 -1050167531
2498 7501013702 19936445111
2499 7772124309 11623806576
2500 3102941363 8783307880
2501 7373182774 10737986188
2502 -13818993624 15570626631
2503 -978102791 16688121015
2504 11643365497 -24469649292
2505 6690802605 -7770047281
2506 10182064888 2603875001
2507 1343148358 -1870849368
2508 -2825425844 7722618275
2509 10840860711 2840225547
2510 9101234514 15309356759
2511 300438814 850803277
2512 4549445723 8842307099
2513 7545202980 -965602181
2514 -10986766529 35154053200
2515 -9732108906 1237589077
2516 10679160898 -7508768570
2517 12392226222 1160969515
2518 4416650778 -280649600
2519 8251399870 6266478372
2520 -2193205123 966916309
2521 11280884933 1500220003
2522 2840231905 11346930544
2523 2352573748 1808223560
2524 12590390031 9706046005
2525 -2904078320 13570924130
2526 4369104731 19664119490
2527 8348076467 4118422395
2528 11085256154 16461782523
2529 5768258410 14763349970
2530 -11472054330 8567136480
2531 7815633755 -3971913759
2532 2960912020 11195322816
2533 21845653959 9469024522
2534 9740984737 -8417242885
2535 9400577157 5173641748
2536 5651136065 11011820947
2537 4756302268 -799701570
2538 20229263784 -24445324803
2539 5949887289 128659820
2540 9762134425 -19513162002
2541 6769094337 -11627386897
2542 -1319041019 6288161851
2543 7419464425 -4869519033
2544 6382043234 10188309587
2545 4081507841 9181490272
2546 3699721025 814955193
2547 5979347127 12177556830
2548 -3992189499 -7487024030
2549 3222874525 -2284146886
2550 11979581805 10498943520
2551 4088788285 220386544
2552 693173761 -15660428917
2553 24095024312 -57276086296
2554 4078234436 -52372140
2555 6512781516 -10952078448
2556 15780983883 -35371049574
2557 -3618694136 7477804124
2558 6658880563 82989687
2559 5405864076 -9882826770
2560 10749733486 2480108381
2561 9274132041 8483968550
2562 1755921663 13755403398
2563 9900161964 -19876823730
2564 6185960311 395334090
2565 8727910255 7788281249
2566 5225607609 9772701037
2567 -817289372 1794615772
2568 11176375608 2178060423
2569 17951208532 2837149777
2570 1072405409 -1585825138
2571 7609919318 -5160570274
2572 322657821 876977152
2573 6256711020 17335348998
2574 4298800444 -100551912
2575 4402567593 265897345
2576 -5200915719 9305162520
2577 7343865683 -4753989800
2578 -12002726750 9717852950
2579 5547293285 -8408302610
2580 17978716521 -13205406623
2581 9907368433 3384118167
2582 1002668557 -1410996604
2583 4091946908 8525563216
2584 10093326499 -8955688000
2585 10682000454 -9855293581
2586 9234078342 8048264230
2587 20707023075 -4701112988
2588 4451872599 9600021863
2589 4684609014 -690140665
2590 18821690705 -3560187743
2591 9366666570 3606702739
2592 9873030311 2969133465
2593 -9109329805 20389617071
2594 10310571790 3546961164
2595 -6354945200 9262968643
2596 2524951817 -9882826770
2597 3442690334 8738759787
2598 -5212194458 19939764271
2599 14679660078 1077726361
2600 4793191198 9463136096
2601 9733864093 8603928156
2602 10249160059 9223127310
2603 10669927274 -4361766826
2604 9895271465 24941412673
2605 5467928083 383606097
2606 8067526756 21120686633
2607 9642717624 5166868813
2608 3026190404 1410152236
2609 -2113010197 251719504
2610 -4030239376 -4250713209
2611 -3830211300 -2831109423
2612 4199727159 -1587236354
2613 3651402189 -2370032057
2614 13274896116 10925273167
2615 14743794314 84061158
2616 6952348708 -8477843279
2617 -2658747254 13177593692
2618 9798354078 -19608590071
2619 12103176413 2329375095
2620 6958807194 -4165547314
2621 2367248465 -1888718039
2622 6801588529 18474363475
2623 17280024103 23659321
2624 11300049102 3515786929
2625 17313920644 13819954695
2626 -372553559 -576671616
2627 -6397323011 -7576585815
2628 4698999857 -2119206032
2629 12521927587 18887326645
2630 15624916678 -1072228023
2631 12217991011 1514333491
2632 7424433631 12254686354
2633 -6061492198 8565859353
2634 10417932929 8289614580
2635 2092376809 -817942324
2636 71338765 12043272346
2637 13401967543 -29103045380
2638 3719176783 -685429693
2639 2599155665 -2795109666
2640 1046058482 -1196803884
2641 12439756787 8837991668
2642 6183470005 -141019235
2643 8301420515 -1254870985
2644 4380815067 -7903888048
2645 655990255 14427932140
2646 555576064 1151353636
2647 6176287207 -10065515500
2648 19520582381 -45223785212
2649 -1321410032 12188125763
2650 12190757556 8953805203
2651 3036492960 9941249291
2652 -14925494559 -3878725150
2653 1721614091 9494408799
2654 6925260278 -2568585259
2655 3192440597 1621236759
2656 -631911874 1359253777
2657 18144767643 -21259818892
2658 5172625756 15069172120
2659 11007450627 -10352643243
2660 3764519960 10085077543
2661 9530529977 -8095628049
2662 10000780875 3381412643
2663 12264466883 1006810186
2664 5960165269 -384740482
2665 6158196693 -290465766
2666 6687109628 -11557079595
2667 5547293285 -2008486039
2668 19600875656 -325696202
2669 24737033280 1722355804
2670 9292265458 -7731514622
2671 7543928684 -9980974849
2672 6455314910 -1267366806
2673 9159866169 -7529183369
2674 7694882628 -5290410344
2675 -10026995335 21791984249
2676 10431840063 8476241028
2677 -7076575136 6945212968
2678 10575230078 -9990976114
2679 10000000000 8935115134
2680 7679300453 -5266597821
2681 14900339417 15579142879
2682 -3756123754 7542096860
2683 8692989677 7981571519
2684 7643319998 -2874466938
2685 5873894653 149958666
2686 5754874384 -209115825
2687 -3480321429 -1201724522
2688 6595616489 -11170324093
2689 8764882113 -16885697209
2690 11823325117 -11599454384
2691 8735725092 -1702491840
2692 11130037326 9208235829
2693 5661940058 -8710362938
2694 3532828717 -1788745664
2695 8929564797 15150684899
2696 -10867543981 21302060023
2697 1109670016 -1316524317
2698 8750549359 -16847934643
2699 9259007844 3894533133
2700 5616429286 1033611473
2701 9337198161 8268191507
2702 -2002299246 12597630371
2703 7958827063 -14761980634
2704 19230440715 44455693889
2705 3392840617 13306016279
2706 1866017110 11989740124
2707 10373417025 5914353139
2708 9563118303 -11197777586
2709 4075427043 240805059
2710 2275196550 10620295660
2711 9565706828 8099695999
2712 19308473602 3179955520
2713 2553924636 240665231
2714 -5230884651 2693708769
2715 -38247910 12304663308
2716 9736880415 4029448163
2717 3688358290 8261463126
2718 -5495393564 7774385360
2719 5127964003 -7303494016
2720 3446961471 9005545921
2721 -6935971307 24481406266
2722 7519431141 -13604302381
2723 12857078183 8806406678
2724 7712424202 -10803112616
2725 11409718034 7884156586
2726 6999247980 -12233773653
2727 10008855856 5186413234
2728 2574668704 -3605127226
2729 -1200137646 1431689349
2730 -2955030866 7811608804
2731 17545106857 24489583280
2732 7450327311 -13422234235
2733 -6598293792 6832885668
2734 786751863 -2074817674
2735 4572932075 8801685892
2736 5405864076 -8035678489
2737 7913102610 11231707922
2738 3214177241 8356843344
2739 1164491383 11660395098
2740 -1621028103 1225872712
2741 13551636050 -14240641665
2742 6110551838 -897848355
2743 5934249613 11994083115
2744 1981848063 -2379509792
2745 -10131461849 1295485837
2746 14797368582 2975426978
2747 4645573277 10304034679
2748 5405864076 -10066864898
2749 8935448375 4749049417
2750 10249998525 5771269373
2751 5847455496 10190282120
2752 7617114722 -5171566217
2753 -1030207605 717172099
2754 5134201014 -9882826770
2755 10885351523 4534390101
2756 6943599256 -12087155730
2757 -4540588588 -1172010176
2758 12103999598 10553778449
2759 16905045200 2507154247
2760 9332731985 14997616838
2761 15418546141 17845605146
2762 16119283563 -20911986674
2763 4551760900 1420773422
2764 14129187006 31078494389
2765 2828172741 10480973505
2766 8507686617 -6532529175
2767 6625606054 -1191066667
2768 5179817306 -2823555140
2769 4112754924 183760969
2770 1185548902 -829510382
2771 910366304 -4490017071
2772 3610999501 -2188883381
2773 3959525525 1565223598
2774 4366314791 12469100414
2775 8286828330 -10630537500
2776 1281027004 -510228311
2777 15219197769 -16788992612
2778 -835881225 1900837490
2779 18618101132 -10264817330
2780 13139140500 282590519
2781 -1367889995 12277683743
2782 -1798349474 -1453869640
2783 6597742768 -1672959692
2784 18918118274 2973168466
2785 9251348260 -7668985374
2786 7296012108 11550446788
2787 7424499411 6909749179
2788 -8885948974 -4176214503
2789 -1715482083 807920460
2790 6341655088 10362884866
2791 9327899835 8147592809
2792 -1922956095 1034148032
2793 4226025179 1979911889
2794 2147064833 9883150044
2795 5033299295 1390701689
2796 5756957926 -8960706906
2797 -10008690747 30857063915
2798 7352537839 -9957063740
2799 -2539680039 -134201558
2800 14105921709 8460810547
2801 5142769096 20017323760
2802 -139729457 14276082323
2803 -1103138012 6263202305
2804 8889134298 -1642174043
2805 -4330577785 17616965173
2806 27304361149 -1323175912
2807 3435774937 1218314934
2808 7958203307 -14760337221
2809 8956664754 15517015668
2810 3075797500 1768428812
2811 10044861537 2924523149
2812 10513352111 2158674851
2813 12652291272 15571007827
2814 5816098254 10468329011
2815 -11540037189 9387819471
2816 6592003306 -9275819
2817 7085595711 12850190836
2818 7336636573 -9919681805
2819 4063116327 1898073314
2820 9897074357 8502288329
2821 9066197407 23208312406
2822 10486387390 9047281297
2823 9624309974 -8238941692
2824 -1465969285 -4424185
2825 4584601698 -6503343389
2826 5405864076 -9882826770
2827 3220840688 8966934876
2828 8967004093 3550988573
2829 7776081561 12009590910
2830 5839613410 -1469576275
2831 -12080988636 -1992405860
2832 9847023449 -19736819466
2833 7856090971 20678700284
2834 1090808875 -2997327069
2835 2315260488 107147572
2836 2237504503 11808714189
2837 5716808558 -145957440
2838 -6022380821 22074365633
2839 10281149734 8940438175
2840 5347269151 9841459606
2841 3884266825 -2481569031
2842 15179366556 15664095091
2843 2626648884 -713268721
2844 -11335619466 10025500790
2845 562749949 12092187148
2846 9760861262 -4544706963
2847 -6484247215 -9427631402
2848 -9912252578 11202331424
2849 7126609674 -4438587903
2850 -4933033452 7342947703
2851 2798277627 10772165958
2852 -6923772072 8808228188
2853 7773574889 -14273895966
2854 3981482281 384370493
2855 9208631522 8061596433
2856 -1260843875 -988379648
2857 11558769639 3040301043
2858 13084654580 233335888
2859 3635467456 -2599147047
2860 6759110941 6845582559
2861 5224242487 890456187
2862 -1789253771 12725601582
2863 2506804213 -2723581204
2864 3139913529 775528835
2865 12528618927 4722449714
2866 -4075516799 7395327082
2867 -3481659231 -1428038946
2868 -2604673657 5498296929
2869 8767543100 7950200724
2870 11897946872 -20023255611
2871 24758023099 -741314570
2872 7918230972 13175794406
2873 6505213582 -64188307
2874 9736291873 8848767277
2875 14930920807 2219197275
2876 13366095139 -29008532207
2877 1853143343 9427947035
2878 -2167537166 12686942016
2879 -4890519932 7094241546
2880 3605682645 -3292733023
2881 9400378301 3387164579
2882 -7181361474 8866675505
2883 10000000000 8665792269
2884 5457664012 226270969
2885 10000000000 8925390850
2886 -10988526146 6801028246
2887 11726487975 8297937086
2888 4579112855 9693790675
2889 10157049837 3223964287
2890 -1124646007 14704950874
2891 -11252451965 35854055717
2892 15204337782 1998345489
2893 13144994367 15661909029
2894 6672949063 14891877
2895 12556449944 -26875356663
2896 7846839363 -14466926178
2897 -2368773760 100467475
2898 3741084576 -2313815488
2899 16608130890 9382221525
2900 5405864076 -9897823509
2901 8565888063 -1358104372
2902 4214406491 1627618618
2903 4672506116 -70155974
2904 15669400759 10926328359
2905 -4741874352 -2780882484
2906 2670143412 9652582116
2907 6304184146 17434587041
2908 11356949550 2761232574
2909 21608359012 16179518260
2910 9815254840 -19653118579
2911 5631526734 -785452039
2912 7963454774 6257414904
2913 1419758249 -9882826770
2914 -1100655498 13588770494
2915 -100251703 12483641919
2916 4397082939 8623911784
2917 8003501842 -2557656394
2918 11422133230 13611569128
2919 5405864076 15556734588
2920 13811767032 -12562920168
2921 5839959601 -2455735742
2922 6232402675 126952523
2923 8983347146 -7242005256
2924 7705989671 -10414483084
2925 9622150002 -8235640845
2926 2551712863 -3322710485
2927 18465464468 -14593577795
2928 9673550170 -19279768699
2929 8512394620 -6539723898
2930 13840315405 -7661684362
2931 10075100887 2475961853
2932 7329964768 10698153236
2933 7668197494 -922202427
2934 -2835226364 615883701
2935 15631647617 9412302608
2936 5266247884 15264880251
2937 9212300832 3386298637
2938 10000000000 9018531889
2939 9958957338 -2874514748
2940 12728846591 8657101582
2941 8151735224 -5988567859
2942 6455659700 144915578
2943 -1271947919 13284708043
2944 557619571 -847725134
2945 6565516307 -2346627098
2946 3309259994 -4031389940
2947 9536552741 8260697453
2948 10169492985 -4077638960
2949 8744504449 19488295937
2950 9816550570 8050770814
2951 9691727798 8832030995
2952 6761045918 11604694630
2953 20966134043 15515661772
2954 5337628644 -7855898313
2955 2695050501 -14165193607
2956 4658281378 754613067
2957 2416957961 9208138022
2958 12895923165 8529377594
2959 11414413752 9689266801
2960 3659389181 9073254050
2961 -2622320011 14913093209
2962 3180439624 1608515777
2963 9852603571 8675281677
2964 5748290502 11173754950
2965 7331295281 -13108620052
2966 -3455849065 -3563752072
2967 1333978695 2068307905
2968 8958058079 8097066833
2969 12962089291 8736833327
2970 4420748454 -3064785027
2971 -10450320348 22438905250
2972 16142486103 -1426337352
2973 3285476806 11124267177
2974 -921392359 1790702467
2975 4714298398 9742813748
2976 10041060831 -5729481293
2977 -686529474 13131209493
2978 -2054573097 388989251
2979 7009261159 -4242650552
2980 12171642595 9497856856
2981 5992590184 16783229574
2982 7357484229 -893599651
2983 2129172088 10551670472
2984 9811411787 3321832524
2985 -1612389729 -139559838
2986 6096250489 -9544328913
2987 -7609493369 4136702239
2988 9370628618 8035884300
2989 4387986483 10109387938
2990 7410907897 7202597940
2991 5337628644 -1688078656
2992 -6917946000 -9882826770
2993 19247143117 2931702671
2994 7233893830 7187334769
2995 16151607000 -9181016577
2996 5337628644 -1688078656
2997 9617148670 -2496622783
2998 -3618947954 7562224060
2999 12402180466 976441881
3000 7209863029 -9701384028
3001 -9424536883 7501577982
3002 17536463114 -922937159
3003 4257835343 -37949459
3004 3449201828 -2349222835
3005 -897150657 612735427
3006 10710269700 16771831976
3007 8806331061 -6988914593
3008 1593890863 -1966748432
3009 8256322455 4118763808
3010 8215069168 21429109976
3011 6420189106 -984702785
3012 7283319475 -4661463698
3013 9762821339 -7209889745
3014 4708634721 -6198685423
3015 9816445718 3212765069
3016 9410185185 -18585879883
3017 1445583866 11577983070
3018 4583417098 678310889
3019 -2244012266 87219334
3020 -13944711518 877282005
3021 9169051992 -7543221050
3022 -2662053212 13220896577
3023 2508152361 8725346394
3024 6121728294 380868033
3025 18087907594 3378030789
3026 5900676058 10412164057
3027 5899976325 17040463
3028 3831017296 1991270249
3029 -16717331531 16926597738
3030 10073281197 3327320922
3031 2787052867 -2452446249
3032 4474973753 9180397437
3033 3270802986 8844877222
3034 3634656998 1815537096
3035 8240972012 -15505349098
3036 18178934170 9709633895
3037 4031454103 795198560
3038 -3057247801 -1083807443
3039 9203709797 3351841555
3040 4555867163 190507337
3041 5516815832 395718928
3042 1565890765 220564450
3043 7262989375 10612414647
3044 -1207512219 -2681571431
3045 15132382464 9309849091
3046 8208446009 12558002613
3047 -17727655796 19112917047
3048 8237489685 -15496174199
3049 4953241716 -3973045418
3050 5074565873 9835318158
3051 6095414433 -2846119231
3052 10158474440 2441273440
3053 4167081601 12036675623
3054 427138444 1524016668
3055 -2459792666 7350761073
3056 5218260072 10803666288
3057 -11368830996 7702331153
3058 9895271465 -8653022301
3059 3729155398 1601263161
3060 -7163808764 17416491501
3061 14497449895 8385126733
3062 8855018231 -17123179213
3063 -3801545169 -3651003151
3064 10370879087 8301447425
EOF