NAME : 3084
COMMENT : tspgen
TYPE : TSP
DIMENSION : 3084
EDGE_WEIGHT_TYPE : EUC_2D
NODE_COORD_SECTION
1 -3990841121 17868467359
2 10326999241 -5812424292
3 -1471101625 12332973969
4 13889459285 23806929996
5 5404164759 -3585922893
6 -569339018 7697421360
7 7486001418 2869289952
8 2445191503 7975991729
9 5168216161 -5812424292
10 9831197102 3606748154
11 2393096988 7680081715
12 2279529485 931317908
13 -3790053423 -7430954911
14 -1471101625 -5812424292
15 2625677799 4093914609
16 -58834213 5269440355
17 2675073136 -3169257665
18 10285208476 15859402860
19 8066501527 2561234099
20 -8870817352 -5812424292
21 9704349970 15392907212
22 -1471101625 -5049739804
23 4505469129 16280386764
24 9820283941 -10744324295
25 61750402 7631443806
26 -1597176244 3830228230
27 3175320738 12166420352
28 -1039351413 191218926
29 8071964748 7179088077
30 5217191278 5089550798
31 4539085049 743668002
32 1915581963 11020901376
33 -1471101625 7558684962
34 11617804622 19596461017
35 -1471101625 5865426857
36 -1479056815 132757153
37 8714746670 372040292
38 6316406913 -5064641027
39 8121283007 3486358230
40 2301021134 3761992540
41 6813236649 7594159818
42 -5092382866 6201741007
43 -14390305357 1665001257
44 -2087504993 11418924191
45 10057259452 -11128454741
46 5604470836 3324290558
47 2479844984 8801950285
48 -1471101625 17808709294
49 -1338122167 1065065694
50 9636478293 15679683098
51 9479871669 4558443360
52 8917618650 713138193
53 -3922361427 3451917991
54 -1978613300 10837154645
55 2972289323 7672969938
56 1323163923 3810469447
57 9210175999 6596413988
58 6525584844 -5403712401
59 152542997 -1864256904
60 9623368475 8825176605
61 -2333265736 8956228038
62 12360546088 1926913473
63 1354135784 -3305669730
64 -4163123587 5348848558
65 -4467535988 7496061856
66 -3579778553 7646353362
67 599980789 3903975067
68 4209415850 6928655120
69 6050506324 9535329455
70 9403053107 4535359071
71 4548243812 6451753946
72 -20035080726 16945346088
73 9532042506 1339221962
74 1468961173 741359619
75 4109299583 4236302557
76 9488577800 6882692493
77 3067631411 6205404722
78 7110412725 -1368877799
79 2562885698 3406625457
80 11750119733 3544106757
81 3975970042 -1270860586
82 -9549347301 -4837385201
83 3883977991 7111137215
84 6329591304 5758219100
85 8228941208 7996776036
86 6136298577 11485822383
87 -1471101625 7558684962
88 3553317269 -3441880234
89 -3958504767 7361661640
90 6164505640 -4818413460
91 7172247474 6336620503
92 4155792200 -3885363058
93 -1800705991 7572374616
94 4456350663 7228207225
95 3692816940 7795901852
96 5932057693 1723943976
97 -2209091981 8754945974
98 1145899168 13214048365
99 -618203856 9067164968
100 3893242124 9718749495
101 10538379909 4325693483
102 9722146384 6622269570
103 -1471101625 7687829370
104 -2943507708 13517256375
105 4267077673 4164686161
106 -3798589227 6856603890
107 5442436244 2293499924
108 8180986132 7565382118
109 -7967771298 -1729340436
110 -1471101625 10694021191
111 9047970428 3683035286
112 4626629595 1615087691
113 9532042506 6120113590
114 2987540254 2661851614
115 9479871669 4139206965
116 9479871669 -10192525854
117 -805519280 7699829783
118 -1471101625 9903542836
119 -288591010 5641869474
120 6442243638 12092375211
121 9532042506 1904494686
122 2130463102 6285544119
123 9532042506 1823010991
124 7386470365 3445237690
125 -2223461679 -885833818
126 5886174694 5213051275
127 -7619129025 2864924389
128 5383692961 9383575256
129 -2539466239 9290473085
130 1509517263 3195645643
131 8500809536 13517186114
132 6740876771 8326030692
133 3253185963 6629112188
134 7884513894 3716634144
135 4356939930 7626926731
136 9532042506 -2756298880
137 644185114 3453591964
138 -1825548976 10763057438
139 9532042506 18210350559
140 9647853440 3406619574
141 1447784479 1278813020
142 9487215087 -1011708491
143 3188228793 6543848871
144 6568738035 9634360147
145 -2300290309 -1503752883
146 2193608998 8962115806
147 -4102829576 7398872961
148 -1471101625 4285899876
149 -1871309528 -84577222
150 6614119159 9678183102
151 3672708978 1483204860
152 5333038771 4827620584
153 -3951224559 -7747938316
154 1254831578 8309042181
155 8670480385 17075805513
156 9532042506 -6348194015
157 -1471101625 9443668406
158 7606855880 10355808262
159 9479871669 2936602759
160 -974623446 1224249692
161 1721901691 3545919433
162 -4334416320 -5554604089
163 8538557239 3866699137
164 9809841166 -10727396859
165 9088799108 -9558608548
166 8681536659 1788639489
167 8555212959 2333189644
168 9532042506 -3650035851
169 9851856613 -5812424292
170 9103696041 13493598589
171 9856770365 15297031468
172 460437084 9810637778
173 9030924832 -5812424292
174 1687376825 1702879855
175 3951988640 5253581593
176 7242405121 2124030622
177 7301789543 -6661917755
178 1129607641 3841685790
179 6914818264 2924203913
180 9217774824 3683035286
181 9509797571 8140963527
182 3225493237 1031469274
183 -1471101625 -8168713099
184 6810789855 7151211146
185 7896239705 12723622774
186 -1471101625 -5812424292
187 8631726989 6155742163
188 6437719167 25622061323
189 5018933597 8739336704
190 7046567934 9807620432
191 -8408546013 18804081562
192 9532042506 -1024029894
193 9532042506 -5812424292
194 -1471101625 4524804067
195 2890356792 5889850968
196 5788179868 6644500233
197 9532042506 697736988
198 5641989689 11130250429
199 9532042506 -7262809052
200 11010354855 -5812424292
201 9061109924 -5812424292
202 7719725084 529598519
203 5503561844 -2719317481
204 -1471101625 8314416848
205 -1471101625 7889907298
206 7720799498 -434610036
207 7125680150 -6376449525
208 -1395981454 526576740
209 8611963482 8330324541
210 4704375103 -5812424292
211 -2563340642 12585347193
212 9852857457 -5812424292
213 1623441207 3883058104
214 9532042506 10393194490
215 7995521875 -7786437790
216 5736744001 7159462466
217 7733059037 1408341966
218 641345446 8862894882
219 -3778102226 14928177917
220 -14332923442 -5835461448
221 9695183029 8329040352
222 5823459848 10002874860
223 -2695661989 -5812424292
224 4927297732 9271997173
225 8672207884 -303625612
226 6473440150 10605695735
227 1024627918 -5812424292
228 9479871669 4859917153
229 3338753092 6373103510
230 2055218392 7273233179
231 686369345 3138167585
232 11198529964 17058236168
233 1223297708 9765580620
234 6587231407 2924203913
235 -1257217209 708719832
236 9479871669 4215723005
237 -7426563615 951678328
238 7941883683 14230961287
239 1096134792 -5812424292
240 -10809430762 608891411
241 1329558196 3018896435
242 -7160174129 -14059141314
243 3665508254 7170329823
244 8571633852 -8720298635
245 157557482 4918675678
246 9136259053 6642295259
247 1604784888 -2832497355
248 1677503481 2283539301
249 -898080711 7217090572
250 7630913470 178686884
251 6764588735 149883686
252 720540448 3329695744
253 3318160324 7581799817
254 9587007378 3584455880
255 -1471101625 18851793161
256 2568469519 -2939295460
257 -588361893 7744052416
258 9561373759 4190426249
259 9217774824 2764716028
260 2783912049 12400215558
261 2166754183 4583014036
262 -5161138749 -5701010468
263 6587231407 3724377204
264 3544584107 -571596469
265 8099237280 11123752038
266 1817351744 4802925034
267 9443890936 -2432963352
268 1339778871 4117558279
269 6814709422 11303997216
270 6247063463 14580255486
271 9343429536 14623216066
272 5428727095 9745704145
273 8371421303 8343359993
274 98216990 5407125302
275 5888803568 6839720089
276 -1576833394 7770622991
277 3271042737 -128193822
278 8401427101 1020539598
279 1079416410 1742334601
280 9612996412 -5812424292
281 8538557239 3683035286
282 -676460387 -5812424292
283 1025676815 6223766196
284 -1471101625 -4771708945
285 6438693031 -2658153444
286 6929506948 9162879134
287 879274737 2540609708
288 5168216161 -3203457043
289 -1542795690 1391082264
290 6333539320 -3112686705
291 9003616622 7416619863
292 1877328038 4242193747
293 8200457233 -5812424292
294 -1065307157 6812848527
295 3175948362 8091267650
296 6802221785 1155354282
297 -2545032281 13180482349
298 3971905262 13377264158
299 5582701375 -5372659896
300 7666255646 -7252706761
301 2645128185 7197353020
302 3257034416 826681195
303 3593564517 4555957922
304 396283199 9568429463
305 -2319790741 -686022938
306 -1471101625 13161387704
307 6161331681 7087397882
308 9135893487 9179933345
309 -3500669264 7528792865
310 -1471101625 26942412716
311 5828329780 11303685456
312 9171380081 6459551856
313 -2487539950 -4869235957
314 -1471101625 4829522250
315 13902873359 931629955
316 9663496152 11070356152
317 8828377780 -9136473113
318 7180111452 -6464681091
319 9479871669 3531494781
320 9532042506 -19896068152
321 -1471101625 17175571850
322 -615260467 2207023407
323 8029144050 3499371434
324 6712755076 -2556762042
325 9532042506 2124600830
326 -2422077880 -820285879
327 1552896401 8167125830
328 9175537678 15353454495
329 -1920841852 7950490044
330 4949297123 1723943976
331 9532042506 8130125795
332 9047970428 -9492426440
333 4376162413 8103140325
334 -1471101625 -3842807154
335 8238574534 2478944747
336 7253674657 8444045498
337 4018549673 4345219251
338 8364475808 -783022193
339 1392872894 429926987
340 9532042506 -2080840581
341 7862511014 5814030016
342 3569811691 1258173119
343 -1471101625 11856954673
344 -1471101625 7341518441
345 6680340525 14957959206
346 11212064332 18222929877
347 5671929965 9803975488
348 2816474526 5562537279
349 7465845926 -5812424292
350 249742493 6061495307
351 -1471101625 -5916891128
352 9532042506 270605064
353 4152772192 -1557451754
354 6227241128 9292148018
355 -1010093909 10163980652
356 9532042506 -3689748280
357 -9515511589 5100826828
358 7643685503 3075780631
359 8480314293 10265219314
360 3211683416 8227452652
361 -11676361029 -5602920022
362 6447724641 1293660616
363 8137490018 -8016564042
364 -1471101625 5685289325
365 1939619970 3712210231
366 9479871669 2498024310
367 18612178919 3138060046
368 1046470609 3477773222
369 999685687 -2058261034
370 -16067033870 -18375200462
371 7807043763 -7480920226
372 4650542475 15905808668
373 5187403145 1459273362
374 3767059189 7587717790
375 8029144050 3866699137
376 4543763124 -5812424292
377 -9446532361 -2355788089
378 -1314947906 -5812424292
379 2420076489 8819207344
380 6213868788 6750892056
381 8368752843 3499371434
382 1145831164 3862980921
383 4277034718 9027132370
384 -4498355710 2001156944
385 4214449564 3593957634
386 3847346939 6596236240
387 -1471101625 9617194987
388 -1755971800 -3430423973
389 357647659 8102870106
390 -8899780498 -1713269485
391 1070425232 -6293063440
392 3511070210 654322581
393 2439496321 2714057951
394 6238944903 10548243966
395 -5010329501 -5380618910
396 15208146447 4123375300
397 -4573710142 8069456829
398 9532042506 6109064310
399 5825255574 -6318197616
400 9003972651 2536535397
401 9532042506 -2679039894
402 4162456905 4541208076
403 5404809319 9482885286
404 -1471101625 -5812424292
405 10167881696 15705398763
406 8029144050 3132043731
407 2821333159 2845633756
408 6259644550 4124463849
409 1382711750 5937888848
410 1031911670 11201818612
411 9532042506 8402347580
412 7987173020 2244592118
413 9350640317 851493163
414 8852399692 -9175411936
415 9142458885 945383366
416 -1210033163 7962050801
417 8927720822 3297436450
418 8611797497 1309736180
419 8451967801 13453076051
420 8407248484 981371575
421 1689823579 7593231506
422 1473965367 2784816590
423 2973577266 6400566006
424 -595051498 7760450745
425 10689821609 2791507476
426 4083312700 6050278816
427 9297590267 9672064513
428 10008191074 4383120868
429 860096481 6331436727
430 9605774618 8371587172
431 5286721798 10980745331
432 -9674830928 -1670645563
433 2103882788 687934015
434 -1471101625 7558684962
435 9014444101 2124600830
436 8699684245 14241585592
437 -851069762 8653009723
438 -1051574733 4399335994
439 2130875754 5121471426
440 7551471863 -7066645571
441 8066501527 1792639344
442 -4529058813 2020125755
443 -9806460412 -4916453499
444 6130025889 -8724831454
445 7497240863 -2131985681
446 4566794847 6308190629
447 8904991718 17537030781
448 9532042506 9978514218
449 6186588372 -4854208929
450 3164790915 5493332005
451 2791813278 13690601701
452 6740443146 -5812424292
453 -1471101625 4692176658
454 3657301514 12304671194
455 -1471101625 9059639421
456 6890724891 7099011429
457 9484685529 1176595189
458 9421437535 2124600830
459 2420636793 5901500774
460 -2414287659 7923159980
461 9532042506 -10277093270
462 5276883980 1723943976
463 5704483462 13443363452
464 9532042506 10214493815
465 3488219943 6890139884
466 278196465 1103596042
467 9071342871 1338897554
468 3822812870 14351305346
469 -7286670310 16985553513
470 -846646306 8377188838
471 5300894753 9316951612
472 10219236054 -11391014125
473 9477077601 58279631
474 4339578704 -5812424292
475 1857529110 2875598554
476 8198948446 3315707583
477 3908200137 7488889188
478 6480031884 10864696723
479 11142333958 20690542522
480 -1132885188 8767048293
481 -249137917 3428740594
482 9465677470 8239879205
483 191463741 5590183048
484 9532042506 -7215577144
485 5604470836 3724377204
486 -1514573083 7629150938
487 6361506751 -5137746559
488 3926059178 5145316097
489 8361440266 2672187106
490 -8892616517 7576732107
491 -1471101625 15504197535
492 9532042506 1272247545
493 -9153036004 6073469483
494 9047970428 2948379880
495 831855987 8947071097
496 3618679493 13572704007
497 8049731640 17130961757
498 -4792713489 4282140887
499 6655557804 12122290931
500 9310305891 8322650275
501 7358513867 3002289661
502 10782364922 16511974507
503 5405136821 10890531801
504 9397315350 15565561369
505 4968154113 9681467404
506 9532042506 -2176259991
507 4375990345 4844485470
508 -1471101625 12829660355
509 -4012968359 -7869372963
510 8412739557 3177033036
511 2089155215 11112216192
512 7725832276 -5812424292
513 87767686 -1465067003
514 9793713832 19284925397
515 3594059011 5996545013
516 3049965826 6398045055
517 9714036196 -5812424292
518 4299247006 7720459322
519 8120618404 2419600756
520 9532042506 1464282399
521 4733004309 7720934944
522 2693459641 5894410808
523 -2621189649 11790409158
524 8113332095 4301591846
525 8815572928 4101758094
526 9532042506 -1529002449
527 3162139032 48335930
528 -18192345907 -5812424292
529 9532042506 24877383234
530 5091838820 5505950287
531 -793410555 8246691252
532 8164598257 4230325180
533 3475665254 5966868358
534 9713039237 8642047718
535 -1994312674 8406794932
536 7416522337 -7535357717
537 3323356499 8134161734
538 706604365 3248493319
539 8379833859 6577753163
540 -3638220709 5459479900
541 6940438566 10980356426
542 5528865850 -3788059753
543 9145169435 141946745
544 8562665590 968506771
545 10123914663 16567415490
546 4052089936 -5812424292
547 6276728645 799203491
548 1630700528 2318419883
549 4949297123 4524550495
550 7828272407 -614829207
551 -1192937853 -5812424292
552 7835660652 1222573571
553 9377817334 4541707786
554 4744641045 6710392059
555 7883413984 604065241
556 7714445238 -7330820696
557 8724157402 9583657598
558 5424005431 9780736994
559 4244413401 4388381205
560 565578762 628540937
561 -1867145816 7364728980
562 6005157880 11028993658
563 7738258061 8129353192
564 28542073687 7612107128
565 3047977167 12584809313
566 9479871669 3866699137
567 8572383952 -1918347293
568 3271857707 6653620873
569 6491164746 -5347918417
570 3860290053 -1083346671
571 9532042506 9498244640
572 128170107 5306918495
573 9432998390 1117353762
574 10000000000 8543120710
575 6191423037 11373799914
576 -2761041647 -1557972437
577 8826200815 7610399066
578 4753208432 3328412427
579 -1471101625 12759865643
580 7827233307 -1040087879
581 1027860119 6746818069
582 496601038 8501499372
583 -932487307 7910685200
584 9832998621 4568105009
585 22113730 -1405695904
586 755553664 252240092
587 9228892133 9629383946
588 7379759802 12045686999
589 9211347009 -1776477095
590 -624034792 1539840287
591 4655552845 15204368616
592 7913717136 2151724402
593 9387579220 3866699137
594 -1471101625 10543003495
595 8663972313 329646577
596 2709545318 7420557206
597 1468813035 10398038876
598 7657948449 -7239241036
599 5601488113 -3905778339
600 9161701093 -5812424292
601 1711742322 4714496225
602 9532042506 6185350679
603 2841251452 942021950
604 6285415603 5651050608
605 -782734166 -5812424292
606 -2015176316 -339927744
607 -4404738671 -520293191
608 8335120519 6998519378
609 1544203109 2670963242
610 9479871669 3732022564
611 1163158800 4305734014
612 -1471101625 -3270058330
613 8878166032 2948379880
614 4622344061 3985623516
615 8426403865 13303552272
616 4091380450 7102619552
617 -2012300347 -2754797144
618 -2838311926 255297469
619 7661527781 4773971217
620 6657194357 4645608395
621 -1471101625 9244969159
622 9532042506 -5812424292
623 810364969 965418068
624 4028774381 7560943807
625 4423975837 4455838298
626 7733059037 2176936721
627 1314931186 12534207066
628 2538978813 7310405548
629 3567627044 3889702549
630 -7460986706 17268115347
631 9248966260 -9818234867
632 1851464524 -2848450135
633 8245878406 27929173761
634 9532042506 6515799700
635 885277686 -5812424292
636 -3218772689 3434933909
637 9532042506 10017995045
638 8534540799 718322428
639 2944942948 5385873914
640 10555582366 2361793895
641 -1471101625 7558684962
642 -9160078369 6446023249
643 -1247547716 9359924426
644 8645294067 6982609430
645 119564975 2433178620
646 -3544047185 6709134482
647 2006253916 11132764830
648 7399616547 2176936721
649 12032795369 18582763223
650 1679500621 4563479845
651 3467795737 -4760033963
652 9116510589 -9603528058
653 6928074620 632162149
654 5386104625 8905638589
655 3272336016 6654248705
656 -1426194836 7485892356
657 5596294893 -3897360281
658 -6577870451 15836609453
659 2271799609 -5812424292
660 5658701403 10133795270
661 9532042506 -2562364827
662 7916755927 -668972849
663 10439766164 20555549109
664 9014444101 1684388543
665 -8366209089 -2631399816
666 -3940975555 8270302122
667 9091217893 4701656146
668 -1580969256 4746031447
669 931957287 4681368055
670 5934973257 -4446348107
671 1424536978 4228812467
672 -1207667621 6262060830
673 2790145636 4648733099
674 9532042506 -737036451
675 -1345896189 8412020135
676 9597880248 6329728588
677 4001456412 2841762836
678 6497556593 12115284250
679 8903048476 7355466184
680 9998694196 -11033522157
681 6664734908 9140280110
682 -9994154221 5396539018
683 -3194667272 -6259978934
684 6947889777 -2498864366
685 -115093353 5360634794
686 8706052142 2579110001
687 4650378962 16640180317
688 3892035691 -1134805431
689 7301897108 -1631944117
690 4934648103 -4668993792
691 -1607185155 249349023
692 5166559070 -4212194010
693 9577779867 7530527496
694 6352813598 125561179
695 1472584831 2584703969
696 7140102368 -5812424292
697 4082832197 7289534134
698 8533445326 19293845172
699 2955233839 13667300583
700 3474050017 3095335590
701 1998496681 8181887534
702 3777828594 7317762426
703 9532042506 -2487186044
704 -639313971 6210381245
705 425665432 2324868619
706 5387504943 10903964504
707 9532042506 18826687226
708 7982203785 9743557383
709 -654211774 7905471211
710 9532042506 -12852331791
711 3646666851 7145598442
712 8619347505 1365067881
713 7779290827 9380128970
714 367978182 15430669389
715 5927287557 10646993794
716 9532042506 -5812424292
717 -271794176 2002194221
718 5859748624 10982751310
719 545068815 -1595252010
720 8170719505 2718790932
721 9532042506 -2781816044
722 31108642535 -5812424292
723 8810947384 -5812424292
724 -4277426401 7069160170
725 2412360296 2279616815
726 8913878356 20200344004
727 -1051802731 1196569014
728 9039680766 8021084165
729 6226738131 9924485521
730 1425914850 7820332094
731 9342281976 344958037
732 2235205646 3606931786
733 2183274308 8684266114
734 -1446742150 7519198959
735 6973187652 13168842575
736 -1318302092 7099234523
737 6587231407 4524550495
738 3078886122 5764236742
739 -13455307938 9388728368
740 7518821137 574620264
741 11860459391 -5812424292
742 4430666661 9773960805
743 10000000000 8617604527
744 2266064182 11308976486
745 4330636330 -5812424292
746 5632209130 8901734747
747 7961402127 -7731130667
748 9532042506 -5812424292
749 -3831267409 -291458947
750 -4307551995 12156488933
751 -1459934677 14390358516
752 8879668870 -2130481829
753 4810135970 6706445445
754 8836344412 7518538227
755 9005690508 -10850459272
756 -1354195117 -5812424292
757 7625605611 -1421989368
758 9518084244 3507250903
759 9279669590 7669232678
760 -2728044152 5928333042
761 9528422920 -10271226026
762 4149668214 3391560895
763 8149239307 15592644320
764 -2263042354 -5812424292
765 8368752843 3315707583
766 268785315 2653737908
767 -1425745786 9796744005
768 -284887657 1985007610
769 1607731842 -5812424292
770 8143632234 -2573299582
771 3006982375 5691205964
772 -8109200460 -1820575530
773 9532042506 2095675470
774 9320284518 3504540090
775 -1957038597 -3825872185
776 8277198549 -8243027529
777 6108854901 5326755985
778 9532042506 -371555166
779 8354170097 -1995546541
780 9532042506 -5812424292
781 4957742006 -5851194542
782 7749843266 1779604114
783 -1612299923 242635336
784 7410803283 2257567620
785 4318653489 8107557380
786 9532042506 6042811821
787 -1471101625 13103198368
788 1492230706 10381948679
789 8708361635 3866699137
790 10335926556 4324833165
791 10800563019 2153215004
792 4219910894 3662270185
793 -370956006 2533847471
794 4316202547 13473248547
795 8759027588 13758074056
796 9608599313 4578386012
797 1320693276 5605248841
798 8688235417 -1149136042
799 7395449794 12228172691
800 7366007498 9929990016
801 10053780895 -5812424292
802 -480179762 11021807325
803 -1471101625 7075224672
804 4426330009 -2000881060
805 -3664007898 -6393931851
806 3718882100 562199805
807 -13388438311 -187680954
808 8971140782 324616155
809 2685468793 10471660122
810 6569200248 476114784
811 264170634 14510242586
812 6065256728 9874164289
813 8676084123 14503275735
814 2588135129 9564235003
815 -5722928118 -11232437080
816 5846478638 5051505337
817 5935524140 754810746
818 8549904136 -1223574338
819 -4529089825 -5949931037
820 9314008714 4557760505
821 3263079165 7240663923
822 7593718874 4130280949
823 -7316100852 7756589732
824 1926099057 -2913656246
825 3212666469 6575925966
826 -5051187043 13361899826
827 3428492324 11713164660
828 831584246 3826097798
829 -1471101625 -5812424292
830 11436241871 -13363745339
831 1139992543 3326176873
832 4225896139 7349301628
833 8640556925 1448313977
834 9532042506 -5812424292
835 2473417746 -3103489252
836 5962750955 5425773255
837 8071380225 7139588119
838 7254851730 13403067110
839 -9006399210 19945091319
840 -944974135 1118572662
841 7705265527 6798172016
842 5503298577 9275741991
843 255094019 7278850041
844 9104906113 -9584717537
845 7502157858 -902022040
846 7365591347 -6765338634
847 -1305301932 7289928458
848 2321499751 6553179637
849 -617890194 7816435580
850 1797328805 9876602625
851 4340429765 13469794139
852 539431634 8958570652
853 2194415468 1810771133
854 4787493430 -3488833040
855 2003923272 11299542020
856 4627372866 8077294846
857 4876726127 1837961394
858 2745501655 2460844593
859 1140799685 8870811911
860 7016307343 -1526278405
861 2078018619 212255702
862 -1328518713 615128890
863 -687773303 -5812424292
864 9745321026 1222570191
865 539979655 3346146594
866 6989788435 -5812424292
867 11674781880 3510605247
868 3350363698 6466123946
869 9929675274 -10921644481
870 -4926467193 2265650275
871 6097730555 -4710172979
872 -1200818070 6376845128
873 9657367949 6866024844
874 -1622976263 228621484
875 4420118066 9121975058
876 799443552 3991837604
877 3361446901 8766514442
878 3487319102 6936437275
879 9479871669 3293710251
880 9532042506 538292715
881 3354677029 7076267348
882 9532042506 8884216540
883 8935697319 1187682826
884 7328476822 -5812424292
885 9041129432 12134608341
886 14046085808 24089782010
887 5114132663 -5812424292
888 3782167495 3352016493
889 -9636948167 -18930337757
890 7399616547 1792639344
891 3964973194 4393810562
892 8368752843 4050362989
893 7458516176 17575076219
894 9444983861 13332889496
895 9532042506 -16653067504
896 9217940818 1464282399
897 -16676021702 -8448207154
898 5129635715 7909872692
899 3684150297 8022435752
900 9532042506 10043131634
901 5715094583 10297517929
902 3224047166 6802790426
903 9532042506 -5812424292
904 -3722503486 8886618156
905 2689245904 -2963932457
906 -7537544325 4314360022
907 6115672034 8684168080
908 -1181522729 1358337512
909 8144626373 14646722490
910 -1895120777 7384354751
911 9479871669 3710605208
912 7216419299 -6523535060
913 -8586687083 7611634228
914 9532042506 1013817865
915 5438998959 -4040866209
916 -5228788334 7512228575
917 6373191175 -5156686672
918 -6657260055 3334958592
919 -1140864913 -3862445519
920 6178122049 -4840485264
921 9532042506 -10277093270
922 9532042506 -5812424292
923 -3227397953 -6324352016
924 6027308180 -5989559253
925 2501275633 9190170604
926 -1471101625 5590008827
927 9655338557 -5812424292
928 -5984905798 7020742097
929 1355170630 8748089643
930 -1471101625 7558684962
931 7960524593 9013154977
932 3540488964 6677404438
933 8878166032 2581052177
934 6981895454 9888600031
935 2180869753 11714854841
936 -13339208014 -7177891789
937 4615788666 4217170313
938 7468030375 401414169
939 7589967082 3445237690
940 9971973661 19635517995
941 6720409399 -5719517366
942 9280946379 18276439779
943 10265933402 9778948408
944 9532042506 10763181655
945 2125732717 2758519107
946 3810497198 1344175341
947 -1471101625 3950912688
948 6981777424 445529526
949 4279954354 266042710
950 9302596685 -5812424292
951 -1471101625 6112410018
952 8854497647 6921646869
953 7385711471 12485100758
954 1988924886 8192099034
955 8801802528 12590120142
956 9532042506 538417988
957 9532042506 8499622412
958 -369134538 7312215730
959 4212132998 3568286634
960 3867234310 6126232843
961 -1242688017 7805050806
962 2642481633 -3389796853
963 8934588561 9831215908
964 5225884041 11310874689
965 3169353551 12679693777
966 2824881090 8439831933
967 9532042506 -7170057945
968 9684258695 16863489508
969 8200457233 1904494686
970 6914818264 1723943976
971 -1163744351 7478480193
972 3351952028 12683008823
973 9532042506 -10277093270
974 8073963127 -7913588790
975 3710904327 7229917083
976 9845083351 832666782
977 -7239389926 -6180028419
978 8749704327 10139380170
979 -1471101625 7558684962
980 102966234 5007166510
981 9996471976 15870188515
982 9444004983 13824372091
983 4622996887 4971931214
984 8145718728 1240531915
985 -3029497204 3605256508
986 6194611402 -8883150884
987 4020034880 7015294617
988 4411603317 4222544304
989 7142907492 7379995463
990 1738621400 -2802519582
991 7705658213 4870929340
992 7793463799 2124600830
993 6914818264 3324290558
994 7386044081 13054646369
995 9419212415 6550160236
996 2923878775 9131873424
997 5792897792 7233244092
998 3802549625 4049782740
999 -1666336555 -5812424292
1000 953496650 12681410636
1001 4882984422 9999957946
1002 -11464275002 -387767449
1003 4915371270 -2793602792
1004 2190214529 6601447213
1005 4907671930 1988253330
1006 9336445791 14614049145
1007 5358975182 5108604291
1008 9590858540 4488111727
1009 7005663056 -2716869242
1010 -1471101625 5971664914
1011 -4938415572 18349829922
1012 -869396755 1217776154
1013 5755215953 -236638284
1014 3278270064 -3883859839
1015 7878169133 6924107749
1016 -6219689399 21855472258
1017 4878156546 -5656105521
1018 7964284864 2603146766
1019 9532042506 10100158879
1020 -1471101625 -5812424292
1021 270466392 1475733066
1022 1951861213 6354346442
1023 5584690611 9689464393
1024 -1113878223 -5812424292
1025 -1582376782 -5812424292
1026 -824311464 9436719090
1027 9532042506 907676664
1028 5439560222 9105408411
1029 6251986774 10565362833
1030 8521967320 1266285058
1031 6604427454 24451448345
1032 9532042506 9782357024
1033 9217940818 -9767943523
1034 2688047573 4694361675
1035 -1346728460 1470832358
1036 565417915 8063566852
1037 9532042506 930171074
1038 8509138015 -1179922741
1039 3622229299 7113521511
1040 5816086817 9993196959
1041 -1904790910 10971034441
1042 6621544179 113425196
1043 2369019999 9291577450
1044 182539732 -2472785017
1045 4855718894 8057151674
1046 6044638908 -8515521079
1047 -1471101625 9383450425
1048 7428699190 14446873580
1049 -1310074626 639338751
1050 7947690946 8174251929
1051 5932057693 3724377204
1052 -1471101625 8769825245
1053 -500044955 -3173587434
1054 9421437535 1464282399
1055 -1471101625 7558684962
1056 9592646282 4062281239
1057 7004329590 8601401215
1058 290546119 1498944251
1059 5700010852 9840834692
1060 9962648209 4451423690
1061 5012941061 15554860971
1062 3277297392 4942215818
1063 -757198529 1344112106
1064 9540182890 3102811016
1065 7867968100 13568529056
1066 9532042506 -3860553229
1067 8607450667 2124600830
1068 5824461628 8726124451
1069 -1106280248 6967320067
1070 1198460813 4089363162
1071 1086795710 3948368718
1072 -8103529960 -1538200273
1073 5098997763 -6197456879
1074 5358193872 -3511405415
1075 -1051086072 7983729370
1076 9142034323 15702916836
1077 2576145080 6199303427
1078 -8131864223 627605230
1079 4582528218 6214399482
1080 -6874825443 12194883627
1081 -6207259919 9143802664
1082 543054387 -2711988518
1083 8322987223 6067768102
1084 7176623025 -2367671295
1085 3753329927 5372407468
1086 8060500747 -5812424292
1087 7291474016 1799915281
1088 -1471101625 5816860649
1089 2916238822 5195240540
1090 9532042506 1904494686
1091 9630644465 -10436924192
1092 15220892505 26211366743
1093 5266806579 -3363269259
1094 -7386282734 47131223
1095 9047970428 -9492426440
1096 1468708971 4943459732
1097 -514119954 9510717607
1098 7698420220 -5812424292
1099 9414705384 4532427637
1100 11227850548 3430994435
1101 8052651591 8110260749
1102 7305762872 -11606933006
1103 11892540437 -5812424292
1104 -7526298851 4149238003
1105 3052153428 6365235227
1106 7327472837 26843012443
1107 -1471101625 9798146764
1108 6003814651 -5812424292
1109 9366997317 296845899
1110 6280552054 12083717315
1111 8163967967 -1374971565
1112 1493536694 4576098036
1113 1183591253 11955144910
1114 6841984992 12494778508
1115 -2449090893 12305285083
1116 -1356427542 578495531
1117 9901842025 -10876527590
1118 -2997971951 13650765382
1119 9532042506 -666709720
1120 4606342407 8405276482
1121 8559748511 13594549898
1122 6701724058 -5689228969
1123 5243690351 -5812424292
1124 9532042506 7948935381
1125 8300804385 -5812424292
1126 96647536 5418400601
1127 -1471101625 15265625958
1128 9048861959 899899397
1129 -1471101625 9576763001
1130 -1471101625 -5812424292
1131 2024061919 9510199495
1132 7996960516 2564813117
1133 4617411814 13023301303
1134 5664890014 8049081786
1135 -2502017516 -4897709717
1136 -1481091896 8536887316
1137 9532042506 -743497954
1138 7407366397 -5812424292
1139 8944721631 -50913644
1140 -1152274713 7504964576
1141 9532042506 1933398707
1142 -7896554593 -5914551629
1143 4899167753 9608318915
1144 9791273842 8372667336
1145 9532042506 -6582143593
1146 -6903583788 -13554492147
1147 8186931308 309923049
1148 8290994137 5265887978
1149 7009235128 11559333260
1150 2310208484 7965585540
1151 7429537165 -1250612653
1152 -1471101625 8903001251
1153 -1268706705 7230608654
1154 9182407846 5620269544
1155 -1471101625 9334292852
1156 -3697679808 7804344331
1157 10681467156 1271748588
1158 4752998145 3130951928
1159 9532042506 1046112722
1160 -1471101625 -8472012430
1161 -6582142119 -13162757994
1162 9532042506 664222723
1163 8301649203 -8282661330
1164 1934579957 3435062003
1165 -1475023031 -1792326748
1166 9522916569 7551561449
1167 -1471101625 7558684962
1168 1557267422 7916333077
1169 -11708760815 24153634256
1170 7355652123 1009983133
1171 1984603186 294405540
1172 3127169606 6614888625
1173 9648888069 -5812424292
1174 1534634987 8536094015
1175 9561627023 15011734958
1176 7234407165 7374942109
1177 6313839732 10646551536
1178 9387579220 2948379880
1179 -2048008752 10147288673
1180 7169762442 -6447905645
1181 3445415887 1091810616
1182 -1471101625 10662575405
1183 7589967082 2784919260
1184 7632015764 1054990349
1185 2542182488 -3533662989
1186 4578506222 7565027056
1187 7571291748 8866716916
1188 -2243595295 11801550669
1189 9479871669 3164712675
1190 8815327828 19380522624
1191 -1070012231 -466009279
1192 4869551950 -5635012946
1193 4357399428 -1889146582
1194 4822318415 -2642766807
1195 807136804 14179323493
1196 4717459611 2179387400
1197 4630986584 5942009398
1198 -1471101625 6254393748
1199 5604470836 4124463849
1200 -1254946623 -5812424292
1201 7398777294 -2760273459
1202 7394430756 9901112716
1203 9532042506 10213736097
1204 8494355855 8769848460
1205 9492202552 1968650692
1206 -8782898163 -1140958037
1207 -6969022207 8376557059
1208 8110391465 7747516604
1209 9217774824 2397388325
1210 -6544961563 -12849171726
1211 3510482399 294755739
1212 3908867754 -5812424292
1213 -1471101625 5734989389
1214 21675110 949724453
1215 3222578358 4064911496
1216 -1150418948 7038867622
1217 4450072161 -2039366402
1218 9181948506 9362761760
1219 9387591202 2559731448
1220 -1015623945 1025837139
1221 -2360910368 -4620187171
1222 -1471101625 9776315682
1223 4114575694 6984602798
1224 2947206276 9229171078
1225 -1103558636 426704065
1226 9735962678 1792695435
1227 454235477 4993053534
1228 2613551188 3310237305
1229 3295476898 13360951109
1230 -1167965298 9158533371
1231 1145889069 3804678029
1232 4198976454 8066077809
1233 -660177405 1492399195
1234 -1214621577 7142938227
1235 8607450667 -5812424292
1236 1962553718 4935017673
1237 6259644550 4524550495
1238 1819018539 11704637469
1239 -1715162764 7019528502
1240 7730181032 455530270
1241 3240452860 1628144958
1242 -8020936474 -1542115684
1243 3688264594 7200199983
1244 4737966270 -5812424292
1245 -1156935908 840349893
1246 -7444065586 1888306510
1247 9532042506 2124600830
1248 9532042506 -3486093365
1249 9619112292 4561649291
1250 3196836113 -7907033
1251 6875676245 12778585447
1252 9058851383 17839634346
1253 5951418727 10590245029
1254 -1471101625 5029169333
1255 5168216161 26670243565
1256 7965698222 -5812424292
1257 3989077375 7595049316
1258 -1973033812 3712920746
1259 -1471101625 7558684962
1260 9047970428 3132043731
1261 8542853202 -2994208878
1262 1122356781 28405892
1263 8708361635 -8941930414
1264 -7352605473 3208850181
1265 9228605956 4386614244
1266 6587231407 2124030622
1267 5981524108 -4521805691
1268 -1749008718 7460402101
1269 512394052 12465215756
1270 173468783 5086238849
1271 6259644550 2524117267
1272 2228348334 2886333982
1273 7410874289 1606215958
1274 -4187018668 8113572731
1275 7996960516 1684388543
1276 9602560950 3061992020
1277 9695323363 2859297124
1278 7530058804 8328796401
1279 7199666937 5739811107
1280 -5557086382 -5007994995
1281 7102876263 1164811090
1282 4189500802 7858126758
1283 -1471101625 7558684962
1284 491737225 -1688443748
1285 2090914442 12057269581
1286 689325402 9123652093
1287 -1471101625 -5812424292
1288 5784724780 9952030891
1289 -1051481779 3172975941
1290 1027813342 3812218096
1291 9055273435 13388476975
1292 9069408831 16026777569
1293 3163008084 -5812424292
1294 507989183 9060761604
1295 5016679558 7934942189
1296 -1978277353 11151172853
1297 -1506785495 7506479692
1298 6979476931 1464282399
1299 4051555373 -1393382219
1300 6316822988 2422811256
1301 7589967082 3225131547
1302 2687095877 -4551632199
1303 9795162621 9572813664
1304 -1215671186 7583045422
1305 571976962 4246913693
1306 8122204030 -572448092
1307 9532042506 9053498950
1308 421556098 -5812424292
1309 -3742350880 9649904062
1310 2772888427 3466100131
1311 7182973648 3885449977
1312 5415344086 6903054160
1313 8505038390 6721317498
1314 8766948515 3106692233
1315 9544400842 9465997149
1316 8066501527 2176936721
1317 2111174012 3314176681
1318 769441607 8014662351
1319 289836409 3195623925
1320 4655226250 3939155095
1321 2085645691 10355454106
1322 4947718421 -2846036588
1323 9601988950 2996099445
1324 -7255268686 -6092532568
1325 5941767593 10036323998
1326 9738258132 4889908744
1327 12168801016 20512355891
1328 3455789301 615166435
1329 -798189375 8258405643
1330 8817118345 -9118221894
1331 6143789290 -4784832855
1332 -1471101625 10940563305
1333 2896489850 19512848555
1334 9532042506 -1760706854
1335 5718194046 5850190233
1336 8811421957 -9108988214
1337 6637845479 7344480648
1338 8016714786 2671975251
1339 4933590151 10269747696
1340 3403658834 2667515082
1341 6914818264 2524117267
1342 8810947384 -5812424292
1343 9573035130 -10343541128
1344 6590709543 26108924524
1345 10547456649 16203631972
1346 -708676320 1428739121
1347 6546368081 2030521176
1348 3740172174 7725419087
1349 5932057693 2524117267
1350 6551528726 -5812424292
1351 9948583612 9607337130
1352 6533091775 1615241745
1353 -5248415003 -10299188200
1354 5681391842 7803579200
1355 -1433515819 477308823
1356 -1471101625 6991732208
1357 9647200527 -5812424292
1358 3960660453 1283296046
1359 4144477434 4125683638
1360 4491743901 4968983885
1361 5011636822 8692735419
1362 -4153146269 12295707410
1363 -9593576154 25491486726
1364 -3646591026 16068853331
1365 -673611161 -5812424292
1366 9532042506 -10277093270
1367 9532042506 -5812424292
1368 9532042506 8669460562
1369 10423902315 -5812424292
1370 4046205891 -1384710864
1371 1594604315 13105245442
1372 9532042506 -678436516
1373 2660064290 -3093048812
1374 9849891029 6801294884
1375 4168043513 2652184879
1376 5276883980 4124463849
1377 5026853703 6500352954
1378 7556972116 12703277998
1379 2345235866 9020219473
1380 7806113354 13936253129
1381 -1250085139 4855189050
1382 7793463799 2564813117
1383 2325358597 18117891548
1384 -15883421343 -9650322604
1385 3188028772 10674040007
1386 -3959540885 11592372993
1387 -1471101625 4763660391
1388 -3508641886 1389697740
1389 -411099063 2275264756
1390 -5305393991 2856813794
1391 -1505900455 300951573
1392 -9160932709 -2041480658
1393 -9634828637 8680270729
1394 -275813971 9609050386
1395 2660965449 7761422456
1396 530762131 -5812424292
1397 554886458 14898089832
1398 4834742166 2528640427
1399 2219328763 4044897679
1400 2943667552 7400080780
1401 1227539866 3184265196
1402 -1471101625 12546031509
1403 9701889416 2077744558
1404 -2018632450 7425532134
1405 999791958 -2419812443
1406 5739741003 10425824096
1407 -1471101625 4908916438
1408 663371632 4098765578
1409 8391211961 10744854634
1410 -9763753910 -19179733009
1411 7333656241 6870299314
1412 289184372 15655185786
1413 7647662740 -220756717
1414 1555666131 3058331997
1415 5579132683 17649731508
1416 5812172205 474396974
1417 2102845972 7727689531
1418 101132993 8748626353
1419 3411923260 6534949767
1420 9897485361 4410971771
1421 5604470836 2524117267
1422 -5489435879 4331973012
1423 9479871669 4551437049
1424 7277750158 -7672297678
1425 2841640759 6285957728
1426 -1471101625 12163579024
1427 940084788 7623806437
1428 9691245611 4188392829
1429 9464812367 4519821922
1430 7582415069 9565255837
1431 2594455601 6274593178
1432 8257210649 13197436208
1433 7343346027 12778999528
1434 2039895868 -4891367943
1435 8403953950 1464282399
1436 8580345355 726412229
1437 -1759424312 8026047694
1438 7833877395 11835710714
1439 2633475640 4304913196
1440 6586873174 11108767011
1441 1724184819 4034550969
1442 2619985303 -5812424292
1443 4695399602 13735631505
1444 561386276 6494738191
1445 -1471101625 13605179929
1446 6871685818 231487411
1447 3870696816 7085046647
1448 -1471101625 8336445542
1449 8208290749 909486294
1450 9532042506 7373120212
1451 7076678543 -1810069856
1452 9532042506 -612753958
1453 581430501 3866275395
1454 9621475116 -5812424292
1455 10848061841 590271991
1456 -939000141 8603577169
1457 5168216161 -3203457043
1458 -753183021 1370319258
1459 4212655040 4718341652
1460 5553587141 10595844278
1461 3929832230 6363956162
1462 -6836550660 3783989672
1463 -6314479360 9328084320
1464 509597600 8628814818
1465 8044290283 -2076501007
1466 4146815272 11500552181
1467 3113291242 4467411797
1468 6022961028 10099082102
1469 2235880445 4110832243
1470 -2302494243 -4505297231
1471 27350389135 11711534612
1472 6344565223 -5812424292
1473 9934438583 3159122271
1474 1596568796 8360647684
1475 6397151892 6869132634
1476 8251588731 480398444
1477 7263004522 -9195757800
1478 6590519277 399707115
1479 -8796946036 5080013043
1480 5802117633 9974860893
1481 -1471101625 11091886543
1482 6830991723 12139571471
1483 5919487356 10128921359
1484 5808321631 1701035455
1485 3566114748 7039865089
1486 -2628250494 12736097703
1487 -2199061562 7494193365
1488 7454418327 -6909324598
1489 -1471101625 13425760674
1490 -6217187652 4769813726
1491 618774110 2122517237
1492 4783148639 2245447639
1493 9479871669 4462591528
1494 6587508351 -2406939582
1495 3927684989 1430252357
1496 10102420596 -5812424292
1497 -1767836260 7696411626
1498 6717143363 3321960831
1499 7870413472 -659067015
1500 7733059037 -7360993125
1501 9532042506 -6401140364
1502 9217940818 1684388543
1503 2172146819 10423557567
1504 9532042506 -2392421624
1505 5989556692 1476134556
1506 4122942865 4098912082
1507 9479871669 3573907926
1508 8210565343 3259023146
1509 206003375 5172146090
1510 9413928110 4302040382
1511 3855341954 3823764298
1512 8921829517 4974501987
1513 1655566244 4049477866
1514 7242405121 4524550495
1515 -2651145625 6067765069
1516 9421437535 1684388543
1517 8258843581 -1231861458
1518 8835220443 -1859700699
1519 7446619628 5231553833
1520 9741611617 -5812424292
1521 9277556281 4055116905
1522 -663697951 -5812424292
1523 6984093920 12195648387
1524 -6184511007 3241198575
1525 8538557239 2948379880
1526 5345017832 -3579402078
1527 1272855583 16332847058
1528 5950898472 8629657793
1529 9217774824 -9767674452
1530 9174347019 6621855646
1531 -3317204935 14433305944
1532 7996960516 1464282399
1533 9421437535 -5812424292
1534 -469318850 7452240435
1535 335107158 16312813177
1536 866451463 7449990462
1537 1724589263 2378562506
1538 9479871669 2558022637
1539 -1471101625 3940948541
1540 4226367289 1572869848
1541 9532042506 -5812424292
1542 5358398773 -6833330432
1543 5709702906 9853556562
1544 8538557239 4050362989
1545 -5075230646 2357558441
1546 9650342320 4335623143
1547 4615818070 4760465170
1548 16855202762 10514185713
1549 647980133 864371126
1550 -5336739837 19385859030
1551 5299313713 5031980082
1552 5681090905 -5812424292
1553 7425310530 12873008156
1554 9532042506 7362253313
1555 6570749977 -7266044674
1556 6368852268 11869238982
1557 6443612091 -5270836939
1558 -3548734884 15000858750
1559 10000000000 7654529580
1560 9532042506 -10277093270
1561 -1400671419 -408357146
1562 1141089154 3856756519
1563 3292827854 5080735493
1564 -10780734171 5882499240
1565 7242405121 2924203913
1566 -3983627960 5873609985
1567 2933046112 3042981515
1568 8643661604 3586334396
1569 9532042506 10132837573
1570 -1471101625 5366104274
1571 6008350344 10095807176
1572 6825628589 12479916050
1573 6478860632 4578736012
1574 2116209149 14732380382
1575 6049305497 11403320054
1576 -1471101625 -6392366081
1577 9052307010 4070350568
1578 4434589476 3726591232
1579 -573883388 1362676220
1580 10968077848 17538493305
1581 11009616608 1775217955
1582 -10463775914 7397485554
1583 9853344066 8946339744
1584 5168216161 26382344341
1585 5263942146 11036895824
1586 9189002674 901094
1587 5604470836 1723943976
1588 6140333881 9693722455
1589 9532042506 11663723441
1590 7744641318 12524633482
1591 3278537653 396294391
1592 -7506797693 -95914121
1593 8215824257 387750356
1594 10381748044 -5812424292
1595 -797840765 8785059360
1596 9532042506 -117673558
1597 3659656797 -758125968
1598 4309538132 6785711766
1599 9532042506 -2689954866
1600 7262921179 7015437425
1601 5276883980 2124030622
1602 9532042506 7735598702
1603 1696113170 15166180439
1604 6153963338 10707684114
1605 2799415591 5266208788
1606 5604470836 2124030622
1607 6268461197 9508420450
1608 8619063196 -1387938343
1609 6413325326 10304862637
1610 7832053876 2062667200
1611 307388315 8453154916
1612 6914818264 3724377204
1613 -10577186837 -20779552581
1614 7464274039 8532163691
1615 4179150403 3691885771
1616 6097730555 10362884850
1617 6979476931 2344706973
1618 2495317417 1129234472
1619 5903747109 5104865294
1620 9532042506 -10277093270
1621 -1756432278 7572299004
1622 -1137495900 7017919735
1623 6854948276 7721686706
1624 -1027415870 8820311959
1625 3153794684 -5812424292
1626 4615442150 -2307426368
1627 8200457233 1464282399
1628 5987811923 -4531998057
1629 9532042506 5697055218
1630 277384967 -1055706981
1631 -2418121443 -5812424292
1632 5798108857 -5813747957
1633 6610887979 12727514882
1634 5233160195 14351840178
1635 7735487647 11264012740
1636 7895317436 -1401662189
1637 -924188315 8567268718
1638 820860022 15164555095
1639 9764172043 2249424317
1640 6183349138 10153070304
1641 4132405260 6567175117
1642 -2021331196 6076618213
1643 11613149874 19501164524
1644 6841610311 9138942544
1645 7386470365 3665343834
1646 8970833192 8702933730
1647 8810947384 -5812424292
1648 9231907998 -5812424292
1649 4376641570 4054562712
1650 8198948446 4050362989
1651 7530590645 1830048179
1652 -1471101625 4132034341
1653 9532042506 -852153134
1654 4413094197 -4516091269
1655 9532042506 -1714564523
1656 5974626304 877752561
1657 8894657853 6680752558
1658 6296921094 10624343992
1659 5401499090 10030381441
1660 -1471101625 12646910100
1661 7544657747 -209364839
1662 3870667502 23111831062
1663 9532042506 -10277093270
1664 -10045657235 4794637796
1665 2436372481 3020437106
1666 3671415980 -3148481343
1667 -6917161450 -6720569599
1668 -6434929294 -6087587700
1669 9159418435 18037424641
1670 1762785818 11456281259
1671 8397443862 2979314650
1672 4949297123 3724377204
1673 -1565333538 -5812424292
1674 1122178731 10793045911
1675 9532042506 -5812424292
1676 -1471101625 9669145466
1677 8991285514 14160988923
1678 3875773991 9065064191
1679 -1471101625 -13367607954
1680 9491640781 42468484
1681 9487510114 3007706064
1682 -1309377067 7296534134
1683 -837377188 6531435989
1684 4610902824 -5812424292
1685 -2109936075 -410565975
1686 -251395826 2028969263
1687 5214987290 9975815924
1688 8238625002 5320474898
1689 9532042506 80289678
1690 -1471101625 7874436572
1691 346552783 9775017914
1692 1676265878 10792243409
1693 -7174867610 3654743862
1694 9988387283 4207382552
1695 463755845 2499943205
1696 5403843917 563973428
1697 -2796063127 4333304011
1698 8368752843 3866699137
1699 -521585145 7580361581
1700 155609499 1811004099
1701 6569834572 6222923228
1702 9192591437 1387789181
1703 3704216287 -830355613
1704 5590223806 10891619375
1705 -3247823214 7642212015
1706 7242405121 4124463849
1707 8846188509 788792272
1708 -1473712911 353038224
1709 1799559170 -2733975526
1710 -7053615591 16607778558
1711 224236934 8090761089
1712 -176377454 -1292988415
1713 -311049364 5678273817
1714 1355171231 -5812424292
1715 -1154516602 9131875875
1716 8682212460 303160709
1717 -7594622529 17484735149
1718 1885480873 3659677214
1719 611387256 470490800
1720 9798947911 3506807616
1721 2978375600 3276359455
1722 6108035695 1988021272
1723 9236965882 15386533327
1724 9532042506 5607579118
1725 1354916861 2932223607
1726 5778332545 6512945846
1727 2238024079 1546299527
1728 8640806214 12025988278
1729 -2032398027 3698086963
1730 -2384516313 3880265644
1731 7462378351 6671611652
1732 -7353485114 5809860566
1733 7733309161 1299645489
1734 9532042506 6351519570
1735 9598224323 2135627763
1736 9418413622 6381530913
1737 4949297123 3324290558
1738 9532042506 61536746
1739 8918541033 -1870191724
1740 8841263124 17411692541
1741 5932057693 2924203913
1742 8478348025 1423484592
1743 -2724846215 7488521592
1744 9141299542 8567005363
1745 8273210995 2453503247
1746 5540933305 9632028193
1747 5276883980 3724377204
1748 10000000000 8839250711
1749 2721300367 5528037273
1750 9532042506 -3231335726
1751 4190615965 5555867103
1752 7780892960 9184215161
1753 -1435090357 7500311739
1754 7724851325 -7347688662
1755 3474341242 6119124182
1756 7774894366 -320924426
1757 9532042506 -925265137
1758 3471889982 6622324574
1759 -1689371901 7912494764
1760 1919937997 5970499108
1761 9532042506 5668128762
1762 3144223864 6542672255
1763 7305614450 11948363199
1764 4871504842 4480796249
1765 -4192620873 8541785016
1766 -1549450061 -5812424292
1767 5617481605 -6118301817
1768 -1471101625 -4986781245
1769 9204119929 15209943756
1770 5486479952 -5812424292
1771 505354444 8466759270
1772 9917043368 4935722525
1773 8663203356 3675118252
1774 1856727126 10224407727
1775 7939778387 1183772175
1776 9403330080 4495603407
1777 7363831500 2332789984
1778 9963797538 6754985162
1779 983435779 3556415247
1780 3572722087 16678165961
1781 6822049235 -5884272599
1782 -2192679888 6421565463
1783 3129126453 101848366
1784 4762443209 10945149512
1785 7291936801 -983133776
1786 1828057455 4758476769
1787 7656578286 -667325052
1788 9353012063 4289523563
1789 9479871669 4204461219
1790 1813008754 9917235490
1791 2998730858 3110996632
1792 9973499086 3083915705
1793 1316556050 13622112621
1794 5001736439 -2933598232
1795 2969930863 1944916434
1796 11469255016 22580296767
1797 9440586520 3534408166
1798 4316202547 13473248547
1799 3240166765 -4188908980
1800 9217939412 3225898587
1801 4892374402 13919760749
1802 3102390669 10378030186
1803 -1471101625 -3598917675
1804 9413795679 4033414289
1805 9862669674 2758399668
1806 3951872208 -5812424292
1807 7589967082 -7129045206
1808 -779024340 6436847710
1809 11624798378 6090569842
1810 9309599759 2640895386
1811 3133332082 13068165801
1812 6287287817 1352717519
1813 7859339654 3683035286
1814 2761000626 5466004727
1815 1568908353 3719061682
1816 9646449419 9104648723
1817 5751954714 7158802161
1818 -1237976343 5863073663
1819 2073742768 5450409261
1820 1415473767 2606066332
1821 5037781964 9305461973
1822 -6019726263 2941081196
1823 8825299385 779008150
1824 7044753292 13273666008
1825 4345764731 6316106822
1826 1389368085 12520303975
1827 -6878711481 3471774416
1828 970925842 9087929595
1829 -2176726250 9346613192
1830 5946905144 510375758
1831 9532042506 -6108689645
1832 -756901808 8019871701
1833 7358256415 -6753448921
1834 -1471101625 14145473769
1835 3381729447 6797839423
1836 -138525059 5398616910
1837 4047107629 4175999373
1838 6703522831 8079599032
1839 9795733555 4436570086
1840 555196793 6237957566
1841 3900518984 3792863005
1842 7386470365 3005025404
1843 5398174157 2615946232
1844 7194793049 9814167758
1845 -1471101625 7558684962
1846 5276883980 2524117267
1847 9387579220 3683035286
1848 3403725551 1004677680
1849 1986816062 1953500454
1850 6904289252 -9951307988
1851 3648556970 -5812424292
1852 3007821658 6046370247
1853 5885289553 9315590564
1854 9532042506 -2259673377
1855 2774744641 8145666562
1856 8282079622 2382175903
1857 2148151041 2707826935
1858 -1088962304 2222643137
1859 4241523202 12027523900
1860 -1256980420 7211600685
1861 -1471101625 -5812424292
1862 4281313759 15488083737
1863 9479871669 4050362989
1864 -1373247332 1884311564
1865 4949297123 4124463849
1866 6530859866 -5412263057
1867 -6380347897 4836156291
1868 3338850007 -5812424292
1869 7023294716 1520670682
1870 4879642080 9439560223
1871 9142646393 7368955998
1872 2123466308 7446925397
1873 6019864514 10260677243
1874 4260580170 -3470876003
1875 -1223221928 473006112
1876 -61396170 4161985574
1877 -3662625833 1527322518
1878 9532042506 -3005322309
1879 9532042506 1263740074
1880 -4717654129 17866247878
1881 -2525992068 13260118288
1882 9459274516 -162905444
1883 -1471101625 7558684962
1884 6040228984 22995590527
1885 7789232391 12583164092
1886 2530340247 9293599848
1887 2378144153 10406066963
1888 -1693590716 -563640819
1889 6292711128 4371549610
1890 -1471101625 9458415214
1891 6717771988 7302738814
1892 3830407736 5638815704
1893 8565043910 6820604057
1894 -4297970817 3689577477
1895 1150030943 8619276226
1896 9769753142 4601566464
1897 3342601827 6868943141
1898 -3433862053 14719269271
1899 8708361635 4050362989
1900 7626714383 -1607909534
1901 6209724617 -4891712112
1902 -286140612 5637897451
1903 9532042506 7814391217
1904 9436074261 4962689317
1905 9986485961 -5812424292
1906 -1778527787 7268265618
1907 4083438318 13921023091
1908 631847109 8582254934
1909 9019453261 13588027726
1910 -10373975477 -415327828
1911 -1471101625 -5812424292
1912 8375579955 -1271925164
1913 6341775446 6840254666
1914 5348053576 472461753
1915 6385429843 -5176525199
1916 3249611971 7245729664
1917 7244440075 -5812424292
1918 4437529330 -2019034834
1919 -1751990178 -291187475
1920 3986123542 4170740900
1921 3170390026 6140387192
1922 3660089466 2296867570
1923 -3109158741 13923319213
1924 10758595794 -1094300874
1925 9056179013 5606491595
1926 6199923863 1123808817
1927 -5769779281 -5713189974
1928 3493157362 3328226408
1929 9532042506 -5812424292
1930 9475965362 2533280681
1931 6576652322 7422834449
1932 -1471101625 4155592736
1933 1002656673 4025341059
1934 1481766656 3158585841
1935 3710386371 -840357140
1936 9532042506 -4868514609
1937 -1471101625 7558684962
1938 8292243598 -2886776336
1939 -573498399 7707617314
1940 8832551335 6898583810
1941 4667366458 13423178276
1942 8368752843 3683035286
1943 7129179317 -1201039090
1944 6408550897 10770870191
1945 -1471101625 7135136134
1946 10284062714 -5812424292
1947 -911516794 8536206832
1948 3509718079 5921877161
1949 3237976096 10784900126
1950 5604470836 4524550495
1951 9532042506 11055814150
1952 9532042506 8120564411
1953 2256986108 8575915696
1954 9783878861 1757859292
1955 3709573736 -3121067503
1956 9439844849 4526103151
1957 7334504664 -10520051322
1958 -292739909 -1566895774
1959 9532042506 -5812424292
1960 4502382925 6624761696
1961 10013090926 15529811607
1962 3770953332 7308737901
1963 3405816564 9626520439
1964 9509527812 2414377582
1965 3039139073 9351304068
1966 5805644656 10631107853
1967 -24840400 -896722353
1968 7159080243 -5812424292
1969 10684502193 4914265361
1970 -8100969836 7667047538
1971 -1471101625 9646320054
1972 -2016509679 8647001959
1973 4613434863 7358257398
1974 7325072421 9791635007
1975 8403972785 728141872
1976 -1471101625 -4187011600
1977 9047680725 7562533572
1978 4805823169 -5812424292
1979 7513665149 -1118091158
1980 10706080751 2831079618
1981 7773445702 -553517
1982 -5466072070 1115994218
1983 -4695332130 7681710921
1984 6943667160 4827605448
1985 4920970685 9820329322
1986 3769484281 10665061141
1987 -887967821 7649689184
1988 5982724890 -7462821981
1989 8425042063 7490448991
1990 6829784812 2372855297
1991 -1471101625 17685095287
1992 331690781 3245162770
1993 3090014217 1379299666
1994 5360153012 8776429996
1995 17456727802 4606049303
1996 3516641178 6636727252
1997 10000000000 7976463804
1998 8977469867 8589027707
1999 7406546093 6153707006
2000 -1471101625 -5812424292
2001 9532042506 -6701806973
2002 2333533861 1829563516
2003 -412654552 11896467875
2004 10071576576 22231118718
2005 8693509138 17121097324
2006 6291795275 4664070943
2007 10000000000 7687598447
2008 2981777052 340697480
2009 10886311357 1388508361
2010 9532042506 608410204
2011 -2335118292 -4569460595
2012 8776148462 4798917805
2013 1975687453 7545666585
2014 8565414943 16869168009
2015 9952576720 -5812424292
2016 6259644550 2124030622
2017 10293450692 4311356388
2018 240704359 4783896997
2019 7073705396 11643957465
2020 6604878619 11028571575
2021 -1471101625 12215653128
2022 -1471101625 5636383536
2023 -2435630672 -5812424292
2024 4432357847 9539780528
2025 6279962812 10602084411
2026 4698693117 -3305837970
2027 9498738856 9558271495
2028 5886295915 1076438503
2029 8708361635 3132043731
2030 10644801777 -5812424292
2031 9532042506 19344288620
2032 5892441167 10093420307
2033 11401939881 -5812424292
2034 -1471101625 11982733068
2035 8841955175 8660087981
2036 9009319764 -9429774832
2037 10546902876 3566114203
2038 7009798013 12455698589
2039 5276883980 2924203913
2040 -1035658002 8840516021
2041 -1592758053 10206143660
2042 -1639357205 7831422389
2043 3381783554 748107614
2044 -1471101625 12664547191
2045 -4990161736 6432954871
2046 -3809814361 15632207451
2047 8463708171 911613131
2048 1966996432 2911054259
2049 7550350469 936093376
2050 8538557239 3499371434
2051 9864261126 4317551191
2052 3554616428 1618733843
2053 6194459977 7004141565
2054 5706614363 9849502515
2055 -1810259663 7631241657
2056 14619580028 12064929607
2057 6369843557 -5151260281
2058 9488357797 2452486067
2059 2307163365 3329146339
2060 10000000000 8098139992
2061 -1157249987 839937630
2062 2287072898 -3495835486
2063 7242405121 3324290558
2064 2083480829 8820588830
2065 8607450667 1904494686
2066 9479554884 6616731660
2067 5271031714 13272074373
2068 9092813015 -2189102951
2069 3078042038 9186373876
2070 6259644550 3324290558
2071 6424553729 10791875640
2072 9162492025 5157700516
2073 6008142420 8078517674
2074 2279283578 7527509431
2075 9532042506 -2988054559
2076 1703949303 -2898155422
2077 -1697738699 130487694
2078 2848131512 201596540
2079 784875256 9075760345
2080 5627239461 10346196164
2081 9273520186 5466938407
2082 5631612454 11664123678
2083 2622387527 1538248057
2084 6667285996 7412062145
2085 -4216606717 2224664227
2086 9532042506 9332462458
2087 -294397199 1972525307
2088 2677162951 -5812424292
2089 6837586467 -5909458002
2090 9515802349 2719002350
2091 8529568900 8210016777
2092 9520818910 17065524986
2093 6775185774 12084271236
2094 5632147393 11143241091
2095 8862526548 751371014
2096 9393828434 2727820038
2097 8282552741 13335645829
2098 7693458346 582697521
2099 1326994781 -5812424292
2100 9559114614 -5812424292
2101 9377299646 4192929235
2102 -5185766995 13580050034
2103 -4115705356 4516922304
2104 -1413517479 7960265027
2105 7608039979 165054558
2106 914795219 13872559809
2107 9532042506 8561692038
2108 9832025938 1888581311
2109 -1471101625 17417600969
2110 9532042506 -10277093270
2111 -9810009918 -1091333081
2112 1123527961 3928940479
2113 1811414878 -5812424292
2114 8449843197 7575675798
2115 6587231407 1723943976
2116 1258092842 16142815822
2117 7967704134 7791661554
2118 -616397600 7812776763
2119 9162591324 15476600931
2120 10227568685 9707516806
2121 9532042506 -10277093270
2122 6155904880 9938049765
2123 1595831607 -2919259466
2124 9532042506 8205655141
2125 8328463797 -726652277
2126 -1536950779 341539242
2127 3403200010 6782346873
2128 5677197262 9810889385
2129 6269387734 -2323190041
2130 8790075551 14796776327
2131 7088864022 11942026359
2132 -1471101625 7558684962
2133 4891565530 15087039784
2134 691038095 7454920858
2135 -1320196219 9538008782
2136 8032910443 12903017911
2137 7304069511 6455190323
2138 6907213157 1035687120
2139 9532042506 5669179161
2140 7227045871 -1368769504
2141 9430759886 -5812424292
2142 6587231407 2524117267
2143 -1471101625 15060364359
2144 -1471101625 15598093211
2145 7332041207 4977170606
2146 9532042506 7562249485
2147 4326619988 -1839254002
2148 6299007453 26864001100
2149 2995063832 7662944511
2150 3078615998 6832020285
2151 6670935796 11258590435
2152 -239212926 2044960638
2153 6868521419 11374631287
2154 6745866965 43632099
2155 4770021131 2781076259
2156 14041162536 -11928807712
2157 537102563 14948763559
2158 7259637432 11888013387
2159 3671097511 7177666328
2160 1086409385 12179981518
2161 7074312832 -1638328989
2162 -79481593 13893790975
2163 -1471101625 16616840010
2164 -1471101625 6357804499
2165 9253309213 4496082237
2166 -84542827 4119798266
2167 6060346113 11171509654
2168 5876296469 8746389267
2169 1501369627 -5812424292
2170 3649229046 4792308090
2171 4468598340 4086530122
2172 6147700775 10428476172
2173 7626560102 -106372802
2174 784100415 14808233928
2175 5678616591 9812752408
2176 939632105 12407045555
2177 7578373486 -7110252323
2178 1572345004 2625346045
2179 7854709218 535910005
2180 -6185912237 -5761290010
2181 9532042506 10348084663
2182 8854577715 -698097016
2183 3533444718 8703470046
2184 -992033610 8733578899
2185 -988112513 1098585414
2186 4212246094 4922072621
2187 4998403082 4586975814
2188 3233949528 9656323804
2189 10112178523 2876087451
2190 5431879865 -3630848278
2191 3953062442 -5812424292
2192 10224049713 -11398816928
2193 7066174057 1408341966
2194 9497729902 2942766841
2195 107810243 1266352059
2196 9674054453 2610773425
2197 7880158865 565504200
2198 2836368137 3867094209
2199 4763959185 4077242887
2200 7386470365 2784919260
2201 10630533789 -12057715853
2202 2348707728 6351022691
2203 -1119798953 3120599038
2204 -3277464584 14335889830
2205 9532042506 -1849403135
2206 1663167309 1223377618
2207 9532042506 8354728994
2208 9532042506 -5812424292
2209 -1243719215 847600091
2210 -7796644233 17363838498
2211 -7169524876 3365391438
2212 1166650077 13154920379
2213 7813136453 26792673851
2214 9877181625 -5812424292
2215 9632105880 6014051453
2216 5168216161 25001513948
2217 2076900291 8388036205
2218 4554811844 2581140580
2219 8862124013 5704903623
2220 5604470836 2924203913
2221 2794513664 -3371024621
2222 2169201660 5792275557
2223 6259644550 1723943976
2224 5522580599 8525413476
2225 8552304045 -1528139986
2226 8516787190 1751163830
2227 9047970428 3315707583
2228 3854084983 7417857191
2229 8810054657 17350313276
2230 -2984296669 5116525396
2231 9960323429 -10971324253
2232 3689022208 3232762431
2233 5319739971 -4017836786
2234 -1471101625 9698484751
2235 7158918713 5996625123
2236 4491941537 17287294544
2237 6262915874 73997185
2238 1000628804 13627984163
2239 6201158992 466774092
2240 6433312571 -5254141715
2241 6896756552 301464397
2242 2889425643 12639050810
2243 5292531857 -5812424292
2244 9532042506 -10277093270
2245 -2108857347 -4124461781
2246 4444168935 -2029797443
2247 2409818016 8890360663
2248 -1014990084 -38900880
2249 -17935216176 -2325366194
2250 5223031633 897586902
2251 3488254316 6937664844
2252 7386470365 -5812424292
2253 5620346772 -7475447458
2254 1334293377 -2406013939
2255 564157834 1162698278
2256 194058308 510728666
2257 -1099747103 1992635476
2258 -5188334376 2427435525
2259 -1471101625 7558684962
2260 3693408634 7206952092
2261 5589104801 10198745684
2262 -3144691763 11572550279
2263 7675710400 -7268032644
2264 9532042506 -10277093270
2265 879239693 435383298
2266 5257481618 732546101
2267 -1471101625 4616320073
2268 3676392251 7184616247
2269 9479871669 3609009477
2270 4512147279 22972840658
2271 3804016328 7079515514
2272 4815399779 3970672581
2273 8403953950 2124600830
2274 9532042506 -10277093270
2275 6812774255 -5869238125
2276 2615028373 11730295578
2277 2477765663 8944510384
2278 9532042506 -5812424292
2279 1846639844 1086007582
2280 9532042506 2062252319
2281 -1655461869 7480969836
2282 -1471101625 5956854987
2283 9562707662 15892662183
2284 10774317918 -5812424292
2285 3920256008 10941523802
2286 -4033969752 14840544783
2287 5497925242 8341299354
2288 9532042506 9673890040
2289 9731254024 4106685035
2290 -939921375 6697657148
2291 8392491889 -5812424292
2292 8690537661 1738727602
2293 5332570549 15158837364
2294 -3533765029 14017086457
2295 10326765543 10394035729
2296 1917440433 14717727329
2297 9532042506 -5812424292
2298 3006489407 5549935457
2299 -1471101625 -5812424292
2300 5061028606 4755479949
2301 5519144877 9603428523
2302 8538557239 3315707583
2303 -3219577761 16364308276
2304 5575813116 9512484652
2305 8029144050 3683035286
2306 3830138027 -5812424292
2307 9532042506 438249520
2308 -1471101625 12878337805
2309 8510225851 -5812424292
2310 6289801856 10614999221
2311 -826979460 8328979207
2312 1860872468 3948103979
2313 7925453356 8296151875
2314 4506503506 4983810577
2315 6783011802 625092675
2316 3603489337 7088923282
2317 1333719336 -2647705179
2318 8524690654 617173702
2319 2214490843 3348784078
2320 8198948446 2948379880
2321 8403953950 1904494686
2322 6247343649 6054156986
2323 -467830900 -2780152559
2324 5753444624 -4749232159
2325 7078249107 4966302029
2326 6863779977 6744483998
2327 5631295064 -5812424292
2328 8501667196 13518311885
2329 9532042506 19099856581
2330 9217923218 3450977378
2331 7941517913 12255541558
2332 4968674015 5951889809
2333 4795458086 12821530301
2334 2036308986 709309282
2335 6984133404 15809307021
2336 -1471101625 13343421189
2337 8326436139 13288302157
2338 5920779160 1384347965
2339 9534893736 -5812424292
2340 1588624439 -3109995133
2341 9532042506 1332751888
2342 7523244342 5281179770
2343 9811177623 15237186059
2344 9532042506 -10277093270
2345 9462262890 10120763580
2346 13685635231 10152583922
2347 9532042506 7868507917
2348 92763623 7390997100
2349 -3056127446 12811212471
2350 1446863224 4258118082
2351 5932057693 4124463849
2352 4444798445 4820452920
2353 3859841902 5391511935
2354 5071715174 9384649302
2355 -18446045274 18800249887
2356 3659578494 -757999041
2357 -1643374326 -3208972840
2358 2262498356 2383006236
2359 7532820140 1845381197
2360 -1068561349 8921172484
2361 5720356272 9163971333
2362 4560757583 3266918379
2363 7399616547 2561234099
2364 1089288017 11623755957
2365 6259644550 2924203913
2366 -605879924 1563670516
2367 9493610686 2648005541
2368 1388632089 3053661503
2369 -1471101625 9758050381
2370 -1471101625 19502941041
2371 9497947743 18703227310
2372 2536328788 1063399894
2373 7643217818 -7215363109
2374 12604736622 19316972213
2375 -1169645526 -5812424292
2376 9372094050 7899974042
2377 -3047768819 13772833185
2378 4445384497 6219682210
2379 4179118042 773865429
2380 7921103452 11403753601
2381 2257491955 3444515059
2382 2978411631 2087356233
2383 3689342922 3604787189
2384 3252987020 -98926028
2385 -22681672340 21838309892
2386 -4061991434 16259012163
2387 2022086577 7696216956
2388 5205080028 9844283019
2389 6039593783 476543009
2390 7525038177 -1976197353
2391 -1320312442 10485881937
2392 3447169770 7284347154
2393 3116913160 8056025474
2394 -919138703 8554890530
2395 5708212989 5059796306
2396 8557046712 7809683440
2397 -5065610763 7181611908
2398 9479871669 3393714559
2399 -4561855178 8135676774
2400 9481850240 1770195453
2401 -1471101625 -8038988678
2402 1041671666 -2673201558
2403 9532042506 7674370895
2404 7740954248 148068643
2405 6231654133 -4927259223
2406 3085690669 8797635117
2407 7549223774 7698462931
2408 9663805670 4302673606
2409 4234526705 11879967779
2410 9161436050 4370733844
2411 69373771 2801490225
2412 2775922319 -3594324525
2413 -3968998860 -7782895931
2414 8451640626 3819635403
2415 2501356934 7224761971
2416 5486968592 10119817363
2417 -519597005 10394919241
2418 4038931180 7026849172
2419 8139693604 3027986872
2420 9373583404 9575587480
2421 9532042506 11110705922
2422 540424406 2711587965
2423 8141993482 5198904801
2424 5841686723 680148019
2425 8253087068 7193302351
2426 353548206 4600980386
2427 6486153793 9857251960
2428 6631940884 -5812424292
2429 6643187170 -2133829675
2430 8033722059 13749706598
2431 -567272125 7427085105
2432 2306282916 10603232801
2433 6194785104 18616330
2434 7604988771 33543334
2435 3860168215 6176463594
2436 12585139145 19525134490
2437 5431115550 -3629609346
2438 8227338438 13158225699
2439 8100518747 1430075964
2440 7735049183 -1634324049
2441 -1715442393 10285848131
2442 9773101926 -5812424292
2443 7898089910 -476128038
2444 5261795191 9861929017
2445 9532042506 -10277093270
2446 9479871669 4463030352
2447 -7187680116 3795200465
2448 8158454240 15563846679
2449 8399185882 4611148673
2450 -7552848824 17417021181
2451 5524332695 9638236267
2452 2150309609 8091194035
2453 -1447562446 462397686
2454 5444452166 -5812424292
2455 10254215126 -3826370566
2456 5674564779 -6557506429
2457 1822994812 -3033850397
2458 9660088583 15318735978
2459 471165403 9144268042
2460 -78542439 -5812424292
2461 9836696779 -10770929031
2462 9532042506 -10277093270
2463 9532042506 9695070544
2464 -1471101625 5388081490
2465 190934711 -1298583142
2466 10578659622 -1484005187
2467 19691821749 3780653148
2468 280838606 6850649563
2469 9479871669 -10192525854
2470 5083595863 6574297705
2471 4678037373 8530863262
2472 9812660564 2835227769
2473 1027062907 4412085050
2474 9532042506 -1656244016
2475 1254373147 14789479893
2476 -1471101625 -5812424292
2477 8809065679 7530417900
2478 9532042506 -5812424292
2479 7318642623 11965464087
2480 9217774824 2581052177
2481 1244642108 7763170574
2482 8246929490 536527750
2483 9558953954 3287317116
2484 9532042506 9747586077
2485 9532042506 -5812424292
2486 -6706195296 3365191476
2487 8236251477 -284273967
2488 -3938945126 3986143425
2489 7050359719 6810689804
2490 -1471101625 12823387364
2491 4866831773 6419599885
2492 5199274958 9643662143
2493 3407820090 6832086216
2494 7949863220 4274113048
2495 323489119 1893487314
2496 6071877287 -5812424292
2497 -1625090872 7808297077
2498 9761443596 15457891958
2499 962093519 -2688880898
2500 -1471101625 16143625987
2501 8615128723 8344129251
2502 4082888352 4321237773
2503 8597898320 849383829
2504 3549796386 17760530991
2505 7498264268 1733379513
2506 9096580164 5970521531
2507 9362119942 -20385381
2508 4949297123 2924203913
2509 -10357790198 18745573981
2510 3734372891 15118868916
2511 465740307 2378380303
2512 9241030839 -12486076944
2513 -8260344375 -16222901637
2514 6388279753 1702066266
2515 228397222 2160020570
2516 9047970428 4050362989
2517 9807711600 -10723944895
2518 290401995 -1254790337
2519 -9014941934 -5812424292
2520 -4758620626 2353537596
2521 6282347217 9348221090
2522 9926888882 22367921431
2523 7317604189 8891968782
2524 -1711632133 -937718080
2525 6519775835 640557324
2526 9532042506 -540039460
2527 2274459830 589349186
2528 -2212657995 -5812424292
2529 9828375191 15814425632
2530 9532042506 -5812424292
2531 7075325101 826623151
2532 9677013373 15061080959
2533 3411166535 17352747205
2534 9246179401 15666332420
2535 -2312079465 7439010953
2536 3762959936 13090435888
2537 5483104280 10721705533
2538 4565244792 7195944292
2539 114881377 7565291340
2540 -1471101625 7558684962
2541 8650458732 3454011084
2542 8357892310 -8373829781
2543 7369493205 12032210979
2544 9096190589 -2461989662
2545 9479871669 2825252548
2546 6259644550 3724377204
2547 2761690821 1102542441
2548 4096943880 3159466714
2549 9200677773 -9739960628
2550 9264758727 2639559535
2551 379280906 7901497525
2552 2075577180 -3185704895
2553 2954424603 5971796642
2554 9572088845 15628673052
2555 -1471101625 4829334315
2556 6240369006 10420008728
2557 4949297123 2524117267
2558 5780229308 9462852057
2559 5932057693 4524550495
2560 4949297123 2124030622
2561 1914249795 -5812424292
2562 9220001898 790624441
2563 8810947384 1904494686
2564 8930520975 14081228889
2565 4790225946 3617800686
2566 1418343670 13008064842
2567 3714991791 498302362
2568 5116088657 -5867025784
2569 2504080203 1115030250
2570 3716082670 6144010985
2571 8223409724 -819202433
2572 1365533256 3014548192
2573 -1443122191 464699421
2574 -5180581793 19026742742
2575 3283942204 6669483083
2576 7005723205 -2536329215
2577 -1547138104 6147539348
2578 8144793878 8971668379
2579 -5621370634 3689581720
2580 -1945069002 -194160096
2581 5888278583 -5812424292
2582 9479871669 2764716028
2583 -9732772 -1785654730
2584 5260351891 6566576845
2585 9399228585 -10061805748
2586 152548486 8253926744
2587 5060960455 -5812424292
2588 -1471101625 10876207895
2589 -11321187902 7299667254
2590 4633500747 3014007923
2591 9532042506 8174711525
2592 9898249586 3745354766
2593 -1295761929 658125714
2594 6766286478 6982029869
2595 1178081292 -2444406710
2596 2980941058 6271761283
2597 8726236956 586383321
2598 9532042506 5556712250
2599 7718630626 -8727767188
2600 -3424124497 -6711264034
2601 9404719228 4133829587
2602 9217940818 -5812424292
2603 2124147387 361913952
2604 1565397780 4121615140
2605 4756245883 -2535665144
2606 3387305399 6805158464
2607 -1471101625 7558684962
2608 2102334261 1988987731
2609 7712002323 2299108515
2610 6366978330 10776793194
2611 2169006508 3190641412
2612 6875638360 11656649842
2613 9532042506 -5812424292
2614 -1412663015 9764674014
2615 11979352941 18094935156
2616 13603182326 10143177238
2617 9071326139 7547885521
2618 7242405121 2524117267
2619 7957415373 1793332127
2620 7804404966 537704904
2621 -1271949874 8513500379
2622 -1471101625 8787573052
2623 2570604264 -5812424292
2624 9387579220 3315707583
2625 -20428975982 20075324944
2626 6072305182 8634328166
2627 -6896483266 -6693427244
2628 -778552786 8210270181
2629 5890669894 7672352229
2630 9217940818 1904494686
2631 8903897351 8701645100
2632 -1471101625 5992169845
2633 5736482032 6581973712
2634 11053483769 782174293
2635 197798679 7772586452
2636 9532042506 25703035458
2637 -1933298400 11039646574
2638 -956659185 1103234769
2639 5940507582 -4455319089
2640 4242717081 605836648
2641 -1471101625 13125511920
2642 5116220186 6746307909
2643 -145425451 -5812424292
2644 9532042506 8181162504
2645 -1471101625 -5812424292
2646 -1471101625 8236982889
2647 2309432215 12130998916
2648 3967984232 1384057309
2649 2862128168 6115806505
2650 1219493246 8970343526
2651 5910890610 10505227355
2652 4275180048 3144324950
2653 3908749249 14512696681
2654 35440472 4117684392
2655 6197629703 10092182019
2656 9479871669 3353967354
2657 7290257526 16580442998
2658 4916830251 -2795967758
2659 7733059037 -7360993125
2660 2130168692 7144737581
2661 1093315472 1629624597
2662 4104868147 2030839978
2663 9460537487 14007619758
2664 5949347025 13351663595
2665 4434945754 4731545088
2666 5276883980 4524550495
2667 9532042506 7830572191
2668 3838581060 6241132170
2669 -18154636081 17796488701
2670 -3100920656 11577708911
2671 4300421105 8003721662
2672 9532042506 -5812424292
2673 9532042506 -5812424292
2674 7888520106 8837426556
2675 3451662950 10496487385
2676 9868750778 416428977
2677 9842258937 2710819282
2678 3019801676 8218470269
2679 -1471101625 -5812424292
2680 -1471101625 10182252521
2681 9532042506 1935527679
2682 6598708560 8827181857
2683 9047130910 13307951854
2684 -1471101625 7558684962
2685 8141993482 6616731660
2686 9580142667 -5812424292
2687 -1174397382 2506814056
2688 -1471101625 5264873560
2689 6338663969 3501421520
2690 9619721598 15165884780
2691 7801696194 7841894057
2692 7707885780 10576373254
2693 4599090767 4448076577
2694 6914818264 4124463849
2695 -1471101625 16642162906
2696 9596965651 4364714733
2697 -653401098 8390571258
2698 6100732349 -8653023766
2699 -1471101625 10991269397
2700 7572584206 -1458118234
2701 -1471101625 4789550047
2702 2401305272 7523178575
2703 9354934933 18421956802
2704 2523102288 11910406280
2705 8767136544 5269174263
2706 7760824922 7543353114
2707 3243545396 -3847667800
2708 -1540676929 336648268
2709 3539542976 7004986762
2710 9532042506 -5812424292
2711 9532042506 10607020328
2712 7996399926 9189795346
2713 9475782096 4517062201
2714 1486323661 10784803756
2715 -5928746720 3665459260
2716 -2424552396 6865882764
2717 9909733571 15366551407
2718 1368148377 10700047710
2719 7112845781 13689664793
2720 -5659322463 14347669744
2721 7119290467 -6366092035
2722 9532042506 -5374657361
2723 -2018150610 11248914759
2724 5864661006 10056955840
2725 -2904879827 3675126641
2726 5276883980 3324290558
2727 1731640284 3910174523
2728 10930292101 1139079980
2729 5078811009 3716435031
2730 8208520018 -2153938173
2731 9828943391 16270425386
2732 698963629 3108137359
2733 -2567752968 -5812424292
2734 8128638189 -578189114
2735 493407884 15073267906
2736 9778358265 9348502701
2737 7382161672 -1464060543
2738 -557879780 7466524987
2739 3904257572 6274852758
2740 308197150 6945373942
2741 286671865 -1720295738
2742 7834623388 4294960363
2743 1161709835 8228176988
2744 7465331941 -1607040198
2745 1463307435 11108495283
2746 -2720368202 8076209651
2747 3553497532 3315145578
2748 9913509982 6974670109
2749 10000000000 8300121267
2750 6097730555 10362884850
2751 2856334585 4130761160
2752 1047044417 3476843096
2753 -1314482978 10751544512
2754 9923759639 2672033963
2755 -1546396633 -2164554244
2756 -1471101625 5333894099
2757 5762049119 9922266631
2758 8246126894 9143242709
2759 8278382502 1456716177
2760 1573695156 2588850813
2761 9387579220 3132043731
2762 2767837397 10565000595
2763 576490738 5315357551
2764 7242405121 1723943976
2765 -10088098116 7509275127
2766 8198948446 3499371434
2767 9788761246 2176599126
2768 4673666372 16281490256
2769 10100099926 4319998774
2770 -1471101625 19316163376
2771 -622518183 7827780239
2772 9479871669 4260698511
2773 295171642 8906203070
2774 -2583786109 4859440247
2775 6445768969 -5812424292
2776 -2851552247 -1384017471
2777 3611312077 3348768500
2778 4270586895 9308331036
2779 -1737762884 7457099989
2780 1705579024 -3563986172
2781 -1471101625 6151864837
2782 -6226146542 4751513547
2783 9682494129 5577537284
2784 189694797 1629075850
2785 9518435172 14177136708
2786 7408378815 -1834755378
2787 7211583917 6808180506
2788 9620830419 5917664414
2789 634600513 13688692489
2790 -1471101625 7082035452
2791 9396634316 -5812424292
2792 2047943446 10643748363
2793 -103911549 -1360216625
2794 5653219509 10913844924
2795 6979476931 -6139458338
2796 10334360219 -5812424292
2797 9394583782 4537489750
2798 4167694013 7452965583
2799 9726530722 3771131754
2800 8232788451 13172612587
2801 6994899596 -6164458032
2802 1338596789 4116006668
2803 9102887061 5036384542
2804 7859339654 3866699137
2805 1638752403 3127620776
2806 11124011496 14606556851
2807 -339036249 -1848873048
2808 1802236670 86812577
2809 9421905314 7395795797
2810 10608554432 5035395308
2811 -2584380063 12645480259
2812 1901215105 7412158441
2813 1977311002 8747503384
2814 8210046488 656111847
2815 7564121200 -5812424292
2816 -686475791 7984560474
2817 -1471101625 -5812424292
2818 5168216161 -5812424292
2819 2724497256 7473809689
2820 4399727995 3462269139
2821 5895080063 -4381682395
2822 5898972347 9189822873
2823 9841335199 7514912148
2824 7619212742 2561289642
2825 7704716472 497656705
2826 -1471101625 16495742345
2827 2164808361 5200498782
2828 316234178 -5812424292
2829 8598214855 2780601426
2830 9472000609 4518013532
2831 6587231407 4124463849
2832 -9851543969 5306935323
2833 -4400101649 17087826760
2834 8593949505 1052839074
2835 -758672647 8470415312
2836 7029196503 1983260610
2837 5932057693 2124030622
2838 7884934693 12708783722
2839 5351628444 8328608979
2840 6722501815 -5722909112
2841 9820824384 6261033751
2842 -1047940190 8870623531
2843 858103318 3858208390
2844 6518779589 10915557279
2845 5763834711 -7827181575
2846 8952748889 9613506293
2847 9602495669 1356724102
2848 9532042506 -4178300753
2849 1274473061 3306953810
2850 1103682818 9261294214
2851 9421378502 6008704234
2852 -1630083418 -5812424292
2853 7242446390 9505444082
2854 3638246710 13569914039
2855 4610404417 4681269989
2856 -176448292 66996234
2857 -596513245 1575965296
2858 2786468035 6016494391
2859 1712649250 4957607924
2860 -1471101625 4743709235
2861 8708361635 2948379880
2862 2414819390 11707047449
2863 8613269403 6924699579
2864 9532042506 -1589628700
2865 8134642647 -5812424292
2866 4864866752 202620183
2867 -1471101625 9530578384
2868 3726760526 5541030077
2869 9532042506 2105782555
2870 1007856966 3803218235
2871 -1471101625 9112480294
2872 9532042506 1186647572
2873 7606216034 13463361582
2874 9479871669 2581052177
2875 4372907527 2292425206
2876 -464479282 -1536473985
2877 9375892320 4166395104
2878 6587231407 3324290558
2879 9217774824 4050362989
2880 -1471101625 7558684962
2881 9959244695 1269838362
2882 -1257123144 163881473
2883 4393934280 2761194622
2884 4523321023 15857127919
2885 9156579889 4173775892
2886 6519223279 7690441270
2887 -841682037 864283906
2888 9458303603 -10157564642
2889 4957933719 6384308019
2890 5907723691 7093279266
2891 6391643740 -2867415045
2892 7709958567 3619937452
2893 6215471336 -2306455574
2894 7376981923 -5812424292
2895 8878166032 3132043731
2896 1695060059 9418496368
2897 -482997485 5956996745
2898 -1471101625 18856143245
2899 -12349681354 -5812424292
2900 9479871669 3866699137
2901 6500865507 7230351464
2902 9532042506 -10277093270
2903 8137335198 13597614243
2904 637715738 2330692869
2905 695148352 8939539955
2906 6810246725 -2285351713
2907 7242405121 3724377204
2908 7389118322 9423824227
2909 2564154674 9297008111
2910 2131851668 10404658874
2911 2655631809 8697977433
2912 7476616247 -574807076
2913 3262477958 -114310564
2914 -1573986002 7215897579
2915 2511227761 5225230047
2916 9900558285 4267710997
2917 9532042506 10082750666
2918 -2322079257 11173470957
2919 7634730385 2906678949
2920 8477634182 6937362658
2921 4581895487 4311674381
2922 2816243506 2179070215
2923 -1759164363 -1806048727
2924 -931037169 1136866438
2925 2526588730 90195580
2926 2804912605 -3913370601
2927 -498143512 1705086219
2928 5220769402 11118587628
2929 8142730792 -929089837
2930 6142958230 10422251068
2931 -1471101625 -5812424292
2932 4445709362 -5812424292
2933 -1471101625 16709018694
2934 4078499306 13740941003
2935 2902660035 468943876
2936 8480488131 -8572554058
2937 -1099909376 2658598126
2938 1998103437 7522099285
2939 9178959807 15735888468
2940 -1183355679 805671083
2941 8006453654 6620862708
2942 -5400313893 1625117878
2943 7110249669 -8091702858
2944 6560902930 6710412092
2945 7624201484 -5812424292
2946 8929036234 9658670686
2947 -938157924 10801343089
2948 7955146571 -7720990592
2949 -2453256002 8084889155
2950 8845026511 9948793477
2951 -1471101625 7558684962
2952 8591403386 8313430398
2953 -1385977286 -5812424292
2954 3100297363 5825927282
2955 15478268859 -5812424292
2956 7119744220 -5812424292
2957 6751985216 -1866318199
2958 7358159973 -5812424292
2959 -2279752537 7978042820
2960 6277002504 10598198687
2961 8654940645 3374295225
2962 6533400303 970687190
2963 9733284398 -5812424292
2964 9637945146 4245951649
2965 1281541637 8600518582
2966 8062083386 8095389232
2967 9245384957 6355876058
2968 6358401527 10705043715
2969 -452192721 -5812424292
2970 9426738792 4050070825
2971 3647846142 7215342256
2972 -1785193282 8067818449
2973 7663921715 28164728179
2974 8419098942 791814369
2975 4422659248 4920288310
2976 5076195397 -3054294049
2977 1698437384 6695800097
2978 -56236387 -925290728
2979 4316483163 14047508886
2980 6769223292 -5798643273
2981 6394759200 10641711698
2982 6279938165 5859880140
2983 1770259830 4235014204
2984 6489769059 5502562120
2985 9532042506 -5812424292
2986 9532042506 11105491629
2987 -3352886737 10609004176
2988 7741380803 201818434
2989 2258064544 7055839090
2990 2455624110 -3047108278
2991 9034998861 14218367422
2992 6914818264 4524550495
2993 -8843728852 -2779341552
2994 -4323007947 7485549405
2995 239483877 9326914167
2996 4505819451 1885311476
2997 -1471101625 -5812424292
2998 9520595643 4703652080
2999 6171378814 10936808315
3000 6589447830 11008316994
3001 7386470365 -6799182917
3002 7481005666 8576617967
3003 5357513241 -3510302133
3004 6618065239 11036569264
3005 -2240623587 -2228874709
3006 7349790327 4449080857
3007 -5500362598 -4860867756
3008 5957626805 3932642270
3009 5932057693 3324290558
3010 739778836 5276504207
3011 7815114786 -7494003120
3012 -1471101625 9256051885
3013 6393449704 5299879659
3014 8101732511 -5812424292
3015 11648675829 -1215872745
3016 8835414110 1072225882
3017 9049554071 5637521173
3018 6914818264 2124030622
3019 1341993017 7273278089
3020 9532042506 9258008413
3021 -1471101625 10831463291
3022 14235122041 -5812424292
3023 8833015742 7002715079
3024 4028301872 5087921833
3025 6726124728 10867087289
3026 9888745338 17820807297
3027 7638863725 9575495589
3028 -4126993608 1771724183
3029 3382997052 7485717220
3030 9824843658 7154468118
3031 2623053630 7902621765
3032 6416952609 -5227622690
3033 2172700290 7620761936
3034 -2352033641 -5812424292
3035 473043540 4407281907
3036 -1471101625 -9192682154
3037 7356254538 -956248509
3038 9670744647 9703698640
3039 1633421110 987701560
3040 5142124403 -5886721530
3041 8923607498 7794667638
3042 9096518378 9828154086
3043 5475736674 1047194460
3044 9479871669 3426226111
3045 7386470365 1904494686
3046 9324025572 4639445537
3047 -1191974365 9223696644
3048 9532042506 6196285519
3049 7985075200 -144615355
3050 2110448978 8367785507
3051 7645843786 17855167304
3052 4578053986 4605075069
3053 8310484739 -10456279780
3054 9255774660 13693904827
3055 3859274706 5200042554
3056 -978772827 1348523728
3057 4969286019 9142501614
3058 7837877115 -5812424292
3059 3134529342 -3373076192
3060 -1471101625 11631536515
3061 6520927309 1894595893
3062 385357157 -1323428716
3063 9532042506 22155332369
3064 4323707504 3763795075
3065 5825631316 -4269107986
3066 1906034424 630514186
3067 -3355739460 10104860348
3068 -1471101625 4354869547
3069 11569477615 4077701440
3070 9478735347 14897165656
3071 -6206108725 15233994452
3072 7183879849 -1832877680
3073 7991167819 -4027580635
3074 9479871669 4470067222
3075 -1471101625 8538479688
3076 9479871669 4121173432
3077 3654683057 -750063680
3078 6783859415 9480793704
3079 5964926347 11619541787
3080 -7388804646 -14508800484
3081 7988240325 9999861051
3082 -1022922402 1016257125
3083 1187610442 7668010587
3084 6676774271 1880563218
EOF