NAME : 3094
COMMENT : tspgen
TYPE : TSP
DIMENSION : 3094
EDGE_WEIGHT_TYPE : EUC_2D
NODE_COORD_SECTION
1 3119422043 328128467
2 4805661674 1643156003
3 5517963389 3591916234
4 2840654421 8426483806
5 13570682121 977280285
6 12478210011 12227412371
7 7689372631 7847133122
8 10091273230 -1701642002
9 1974813846 11776494568
10 -2206398669 4885220035
11 9424986660 -5009625039
12 2728200230 191331373
13 7567591506 -1249466914
14 -4206958178 -7386489576
15 134982011 6195571893
16 -2206398669 10000000000
17 5132251043 8448935108
18 12118686214 -655079691
19 -3716240006 4737282861
20 3399977316 -275105850
21 1964258733 12053239663
22 337899893 1658335565
23 2758607055 -213858214
24 12332775424 4717688224
25 9453419220 5826619293
26 2051389090 -988540281
27 12958670199 11363931931
28 3960994936 1730796452
29 9900708474 -1744281273
30 -2206398669 1355131909
31 2462448397 1239231624
32 -4436536912 6028076010
33 6339465783 6473253462
34 9974649004 -2233186576
35 10706916532 12762335436
36 2564348333 1920308787
37 4391234675 6895470418
38 1431285319 699940295
39 14039696209 12187920029
40 1823443537 -3584784134
41 7921989986 -10745574581
42 -2206398669 14158840482
43 -4815740460 1174320467
44 4144127075 8589531385
45 -2206398669 14651967016
46 369068286 -6521346313
47 -131390086 11493814741
48 7024386489 6308075470
49 180306597 6918842336
50 11178676218 -6412703186
51 1237430151 3153756749
52 12288958238 12405411656
53 2825495356 5564946661
54 74527527 10293898779
55 1085931297 9540392410
56 1926241647 9557479815
57 1063277965 8258717763
58 -5301601455 15458614585
59 13191847917 12974693844
60 -873127780 12417889077
61 -2206398669 -9769921914
62 129480281 11588981714
63 12754715284 775573759
64 6992218304 -3442735741
65 1568017155 1084467624
66 1428769703 4950471227
67 14670107744 15524276485
68 1940536509 255347858
69 11604846333 13323335271
70 6590190427 5988582477
71 3889963639 8422122676
72 4931911446 -3076792809
73 13810673637 1340733778
74 -3926501532 1827473223
75 5145364822 6001110228
76 2403206552 645973718
77 3493304983 6623317985
78 1342295526 1535298603
79 -2206398669 -2200121591
80 7954594610 5549560173
81 10712766710 -1220356236
82 503850181 10085791774
83 -2529153264 4820734147
84 1835042697 -185218799
85 3138360434 10000000000
86 -2527163622 454482049
87 -2206398669 8042172037
88 5635057261 7687162493
89 3757322395 2255417956
90 6453215809 6247584456
91 7954594610 -2515080087
92 3691737701 103971519
93 -1382538291 6314105499
94 1416244984 5179075486
95 7954594610 -4608458347
96 -3083996476 5395723786
97 6045941943 5689650692
98 -2206398669 4187448148
99 4816995114 -1215195515
100 6921204207 5305480465
101 -2206398669 13796280619
102 4745136144 -4316392150
103 -5386768599 7336105782
104 3425645816 9719980021
105 -2499972495 12136411203
106 -4342896988 5732909920
107 9820251716 5127786091
108 6009845491 7438622838
109 816539730 11671413759
110 7954594610 13848439358
111 2810379637 8969663703
112 -235045449 13699379538
113 2633117036 805537343
114 851161467 -5407092363
115 11433898211 5321678051
116 12320645855 12823975888
117 647251936 -6366219846
118 4795396262 7727209329
119 -7856696372 6408905039
120 2161044457 3672389034
121 -5976588127 335753141
122 -5953724396 7292134202
123 14381281992 4484536895
124 12362124838 429836350
125 6410972494 -5382406329
126 -5819335333 4119685732
127 8974203252 5312388338
128 -3600603633 15558499384
129 13385224434 10807152334
130 7378616809 6418876005
131 224411288 -2980363828
132 13512819774 10872002804
133 1861242549 9308120044
134 6057613163 6247557778
135 4202636387 7817389148
136 5571818235 4469092818
137 4589690826 7806342622
138 1939773367 -5217407379
139 3536105484 48445953
140 6181948346 5696617489
141 386303811 5556691818
142 2052017140 1197257747
143 1626610609 -1300659389
144 1733884313 8282919989
145 5955013690 5942688030
146 13836135689 2390898341
147 12118735423 11981591075
148 6395951461 -5716549123
149 7954594610 5930537589
150 -1269838856 -5731008723
151 981131746 10416107964
152 1634437801 1233937356
153 -3841142285 3658096306
154 4513289600 7730084606
155 11318068151 -746579901
156 1062332985 -5824987716
157 2509603572 764137657
158 3760365042 9956125995
159 686958826 10434558348
160 -2206398669 8049045736
161 -201276346 -6514358123
162 2095087510 -31068809
163 5998141658 4506413674
164 4216533575 6392309515
165 7954594610 5278146594
166 8075082255 5444557536
167 12594895011 12906825126
168 -2206398669 6957073244
169 8205058039 -5471617441
170 13688026929 14742822940
171 4492353993 -4867300464
172 -2206398669 6280637319
173 1172838923 3096437681
174 1055617040 1610714252
175 14870609102 8567894173
176 2570979748 1047039685
177 5618787388 -4135791231
178 -5714616847 355554466
179 7954594610 15022712431
180 13793178251 4755711708
181 -3713528317 3688965632
182 -1178213479 11415266941
183 -8192124866 -1627440579
184 11550050512 4127435484
185 5213886053 9735707216
186 3975527785 -4147466692
187 1435109688 9076330579
188 7098866024 -8560380465
189 6650698964 21496412572
190 6074696757 5785815150
191 11309428033 12940908999
192 5355569409 4203668481
193 -1665449277 3538695057
194 1808477337 -4474501605
195 3036916550 -87448942
196 -9051191320 -1053663359
197 8294243341 -11307282068
198 99081979 4651344430
199 3239640877 8781792577
200 -3313538732 3949819816
201 7272063360 5771789394
202 7687314201 5497500270
203 -2206398669 7230521849
204 -196736556 11746726586
205 5993557088 2030930551
206 -478259127 11299138612
207 2421539383 4457310829
208 2264273835 10000000000
209 2432697836 5982871088
210 2291116677 12808972301
211 1985165800 -5768183444
212 2414024414 9512567941
213 -2206398669 2698659503
214 3543619523 471209328
215 5564124355 -815268870
216 5235104483 7921628474
217 12670666918 486396607
218 546574217 10255811267
219 -1934033320 11803826598
220 3525601678 15405083824
221 -2206398669 -114947590
222 1727799286 2356735568
223 8827049434 7300687222
224 857888165 11712854006
225 5125275776 -3290715744
226 -1368226706 -6751694967
227 82761095 3393757145
228 7448741755 5619879697
229 11157086559 -1325007203
230 1413698918 12482778972
231 4599729576 10000000000
232 5800672576 7457181320
233 7954594610 5580289037
234 10812617007 4622180543
235 556263669 46810407
236 3129611322 6314973831
237 13561202978 14827346419
238 5402176478 7848036062
239 7704258504 5130222546
240 1143245561 10685566461
241 3473367416 780196372
242 397156360 -9493881071
243 1274057515 10937137347
244 2132641531 -6287149021
245 -2206398669 -8992537116
246 7938449211 4666778892
247 5396404825 6610271509
248 12552703783 11652403332
249 -3011911499 4258982911
250 781843991 10000426277
251 2844458712 93011021
252 7060712092 6333389887
253 -2206398669 3714462148
254 -2206398669 -3834056100
255 6378924227 6251280703
256 -7784564854 -1899653107
257 8790446594 -1637440277
258 399517282 -6066105859
259 -443972553 16613261015
260 3744330462 4060509223
261 8957759365 -1967116613
262 6251686217 6581982255
263 1109752067 10788970911
264 1832414471 -4542577956
265 -2082536058 5686940253
266 3237246896 5102454023
267 2700677907 1267272537
268 485069858 1263201566
269 -1198080997 15253182312
270 -1037432063 18092366248
271 -2206398669 -167940023
272 5809804563 5546821860
273 11127587961 14239286814
274 4110358224 5033229894
275 8139409334 -5239849877
276 6334525203 14418682174
277 12731573204 11375281648
278 -2816189246 4596822388
279 -443972553 14267447874
280 7855696286 4519241226
281 -2206398669 9527827825
282 2602703860 7317664914
283 11650128263 -359359924
284 3163049005 8386908378
285 5589346848 7935630128
286 -2206398669 -10774411020
287 12198387138 5737074531
288 -7020562920 16428676725
289 -5665087703 2947737322
290 -5386768599 6996681741
291 11513272927 -1173681140
292 8061655934 5913894265
293 7510060437 5665796344
294 8312157293 12464575331
295 13049863407 12820699802
296 14088301857 11533223791
297 5898516629 9760257937
298 12202799477 6180758536
299 12214359299 12032150350
300 -5386768599 7075815402
301 -2206398669 13226740443
302 12023254748 11965193886
303 6415842480 7182172486
304 184685937 -4971321890
305 7654887670 4476424483
306 11033084994 -1190808283
307 -443972553 -3997913802
308 1440705015 10019824251
309 14970208992 10397580038
310 -5386768599 3012400258
311 -2206398669 5779072502
312 -2415900495 -5121585709
313 -1166263552 -5830487466
314 87126374 3630274471
315 -2206398669 10743793286
316 4168857188 8379795064
317 -5933349579 7038076622
318 -6154208796 3810717647
319 11903822734 -391200300
320 4184950602 -360445776
321 298031535 10229394869
322 -3177493410 4004448131
323 6100000400 5789155462
324 8329671148 -2787620195
325 3548241651 4472554090
326 -2206398669 12145345779
327 3621698853 8038094426
328 3232643127 8931672101
329 -3374485686 3660291701
330 1789951527 -6501024043
331 -5386768599 1792030281
332 2531503676 10000000000
333 -5386768599 4808358694
334 5897223292 7494442379
335 3495294901 7107028522
336 6465070406 6978802156
337 -3426851740 4760030400
338 727158361 4478774915
339 868327741 3319807213
340 129883685 10211128851
341 -2206398669 4079909417
342 1020216009 10739564973
343 9704321572 -3994970486
344 5327576125 9029785596
345 264226445 -12959661468
346 14803367087 8304536891
347 15023720285 10253711167
348 5131273646 7360517012
349 1196909739 -1158080916
350 12379401647 12329677525
351 15082030657 13471944624
352 16197270861 11129540382
353 9811170044 -2922082037
354 11641900035 5431506160
355 10695061201 -1086154500
356 -2206398669 7925069583
357 -342658099 10183493387
358 13079209884 4081204178
359 7334719453 6523099532
360 1661049411 -2538120755
361 5592227884 6111578682
362 -873281232 11903002328
363 13117240176 5442930690
364 10900652728 -2143741622
365 -3695196578 -9590273370
366 3993052478 -14295922447
367 1531413626 14029947532
368 5530012350 2618203264
369 7954594610 14911337178
370 13923560418 2668933564
371 12557967321 11694474962
372 -5386768599 14487449117
373 4926576989 9059423727
374 7052906313 3989360940
375 -2206398669 -351882103
376 9785669222 5001829670
377 -2206398669 12495178461
378 1663773791 -2375633712
379 5248739786 3384208858
380 6336658220 772655837
381 462535413 12347687732
382 -2206398669 5800186309
383 745785136 9346797426
384 4039902584 7146115871
385 5785022298 684895359
386 10693161948 12861615812
387 7150140964 6125484947
388 5968618492 -6180199544
389 1758666047 469910404
390 1689456898 8493326850
391 5270784682 -807185867
392 10379285358 5103647825
393 1416122566 9458699577
394 -2206398669 614010819
395 -2206398669 13201107774
396 8687229352 -4739112466
397 1132441695 -7586559095
398 6911595450 6107980985
399 4529238205 1817682608
400 14089491823 11085021959
401 12811006446 12538656469
402 6658244950 8011300000
403 4502721997 8523322703
404 13182754394 1523633420
405 165433586 12831541428
406 7743604596 5090155224
407 12710120567 4203136528
408 4365845307 -1941651741
409 -1022930433 7311602298
410 3955725843 7174699066
411 14651517147 14899496773
412 12446786836 14848194794
413 1236030127 11167485618
414 740268587 12249009708
415 4602314660 -763367633
416 297606294 -5927155041
417 662252480 12740783107
418 6151077083 20699121639
419 4106069149 -3948663439
420 949868305 3714510579
421 -7102942052 -2152788772
422 1260465818 -3417823510
423 1334253491 10819152504
424 6598210863 5397936859
425 3849444514 -150837500
426 2405563860 2336014905
427 -288605143 -642880602
428 5380302847 6192002410
429 7325525775 8839749297
430 213769956 10422378598
431 7954594610 13297676070
432 1572907031 12437793634
433 6535053213 6389817508
434 4278885533 5905301924
435 4970339667 1946375723
436 -145155223 5633692243
437 15408053285 9634682946
438 -2206398669 4835158541
439 6198968968 2688323401
440 4510523753 6075401576
441 -2206398669 10719707488
442 2980957676 6373958138
443 3233185933 9513282882
444 -4655523988 13658419805
445 11952550866 12049862625
446 8361779722 -2302173310
447 2383209716 12530589198
448 47631087 10739212709
449 -7419997398 -953122901
450 1137051015 -2523613927
451 4506598527 9244480550
452 2922019374 -9505418289
453 -8005391825 -2526609885
454 2363601647 3334488765
455 299631040 5727762237
456 459520930 9846319230
457 -960774030 -4211412919
458 2737114892 1090044508
459 -2206398669 1942112747
460 14308780046 -1321394452
461 10437093613 -2212399537
462 6384738461 7002882441
463 9015519979 5561923233
464 13393565591 4944097169
465 9304958810 -1478420421
466 -5426105852 -15277627210
467 4941877240 7842260891
468 17459963358 -5168070593
469 1601032852 11693912160
470 1108439902 6183236786
471 14034476244 10163393579
472 -2206398669 4547604159
473 2188998757 -1231099718
474 14336375813 480957138
475 1314915783 -2799518443
476 -4173905976 2691015020
477 11934587975 12606083455
478 12907861017 12112118195
479 7417089892 5993485411
480 13986703011 11691726419
481 11084612620 12928678774
482 3903248095 9385847928
483 11958487372 -2924734268
484 -3468534791 4246445156
485 6631266870 8905784191
486 2308713427 326379288
487 8520362444 -1329641350
488 7954594610 13028737712
489 2876157568 1131872525
490 -2206398669 2147006318
491 14870325311 8169338465
492 12195497839 3382266570
493 2214962605 403614888
494 11275345666 12534730234
495 1801806646 9404934355
496 9737190266 9591855581
497 -2206398669 13006122561
498 5370282596 -4057740156
499 7954594610 21760248330
500 1356476562 10713068493
501 3862470684 8160409885
502 1637917022 2319953555
503 4028678084 4647892222
504 -2206398669 8289820016
505 11931184545 -354264609
506 -2206398669 7926707303
507 9048416328 -6788156032
508 10278149751 -1865171011
509 1606310310 9383736249
510 987227658 9963906380
511 10829703748 -4104419668
512 -5654664470 1449526708
513 1093689337 1424433181
514 4994289039 3966362326
515 4080346230 -2595292781
516 4407391237 -30343243
517 1624303558 -768035355
518 2266905870 16101445736
519 -2206398669 11058621326
520 7954594610 17779705431
521 3415445224 -377282786
522 -2206398669 14459767795
523 10919720687 12643415364
524 3331808925 3877518896
525 10158800843 -1351966856
526 765533221 10846042469
527 9119702511 -13353889863
528 -287522226 10598112061
529 4207119342 10000000000
530 1761712846 8086917632
531 5323451839 8406046177
532 9948025692 6883928738
533 8521528039 5107545303
534 7954594610 -4082690239
535 1927778328 -383707791
536 12190511254 -1153325376
537 11049495159 -1433274610
538 -2256162230 -455735112
539 -2206398669 10957060979
540 -2206398669 5725721936
541 134644103 8586371601
542 2505944074 -485434129
543 -2206398669 4560142218
544 1916370105 9835337928
545 1013304397 3109362011
546 5571011113 1821545795
547 12842999332 -1749384497
548 -4077943697 13467751223
549 -2206398669 7331398027
550 2762948951 1146918396
551 2127035281 -6660574763
552 148000328 1715853251
553 6592546305 4714039450
554 -7253608199 4642988852
555 1070575144 -4690011689
556 -4695766733 14276546652
557 -2206398669 12494176758
558 6817362312 4531589759
559 1617071274 2337772946
560 3780287135 -115574119
561 -2955246993 -1492043260
562 1394114241 -780650142
563 9391098279 -8121036304
564 7954594610 5354428026
565 -3685140234 13987648936
566 617340095 -11936026141
567 894392821 7127446872
568 -443972553 15103959924
569 12045591719 10400062976
570 7954594610 12227399574
571 1231089182 -3582204403
572 1703181022 -9321614414
573 2636059237 1194909537
574 10372903391 -5407461640
575 7096550585 6406678084
576 2696236181 21617261
577 -2206398669 3969825931
578 -6763097634 7579165429
579 6348655237 -1288390253
580 11564850902 4831143510
581 865395045 10043759694
582 12303105482 226993742
583 7165195061 5232089395
584 4481955867 17433517241
585 12501658980 11946796576
586 11989764955 12103459422
587 -4517544296 2246864250
588 1174142632 -1124886514
589 3979531135 3447399742
590 -2206398669 9655993718
591 4331929367 8071210522
592 1190687122 4175073178
593 5618667706 -1276313247
594 2833258961 4717260475
595 8745522885 6453086333
596 4967287663 2652932035
597 7583536207 6009981471
598 12690164756 2592085152
599 3037907180 872873160
600 3886378679 5966283930
601 2007097123 -3076571432
602 14383077430 8902330060
603 13304179485 10278191396
604 5455305294 655979409
605 7840598667 5825019960
606 7670121411 25250200146
607 5642258498 9496111343
608 7954594610 5816800791
609 -5386768599 7414623922
610 -177871682 11266072500
611 9693230224 -6239696169
612 12884162360 3110620973
613 694943110 11213507186
614 5467079564 -1655817597
615 6334198566 6904440374
616 10333586874 4860934652
617 2759482408 1276538181
618 2469232839 17716624974
619 7733641611 4873055021
620 580704596 9252012763
621 10731484423 -1381538345
622 620873975 -5614296652
623 12674290879 11556580428
624 5871811748 -1023344466
625 8272558529 5860276407
626 7963262912 5868307028
627 7954594610 27104781025
628 5956379773 7961579632
629 12469464510 -1393747876
630 2952409768 -559073451
631 -7148384823 3762218056
632 1344709820 4176226747
633 -3405167896 -3196165157
634 4516603418 4152765069
635 7954594610 14866910054
636 3480989830 15850120156
637 678568946 9702627501
638 2199255214 -998932447
639 14587378406 5054573951
640 3354419335 886792710
641 3959147106 6592600361
642 4248387111 18697145910
643 284212106 -2675140757
644 1700977538 3065095080
645 4079876139 22400826508
646 -6376744341 16327130934
647 5772352254 -2980804618
648 1491979225 4228254209
649 14949393967 4749444573
650 4005815985 4275110322
651 13063345088 5312760514
652 1407540456 1568874757
653 -4197876610 14628482514
654 -3618914051 5482155745
655 13313066290 -432748860
656 6059688292 -14015575017
657 9587787415 8141168155
658 -3325021063 -354069899
659 5569841807 18023989185
660 10808287523 5367771117
661 3379399546 -1861654057
662 8726546421 5029212062
663 -2206398669 6125103600
664 664773928 9217011476
665 -2206398669 1634431856
666 5233959882 -3174707707
667 2372707916 40310107
668 9014479765 5022976703
669 13511100496 5552915209
670 1484333679 14397129486
671 12560741710 11538374927
672 4789074942 8935103959
673 -4008271464 -289082086
674 -2206398669 3870144983
675 -2877175338 5374135560
676 -7587701939 -2031139391
677 615507180 12239802306
678 9517417295 5036604474
679 2537587804 -1691975491
680 -2889803309 -9089701432
681 6728942943 -2192901076
682 -2206398669 16164605708
683 7702035907 5879624062
684 4586335602 4418166291
685 1929437064 2123476949
686 12710026201 1434194451
687 6626531469 5429636907
688 -226527905 10459706266
689 7197074522 6448197020
690 5043173836 5896338646
691 6950804329 5943595186
692 6642732664 6671035886
693 5320395441 5846899511
694 -2206398669 17359463026
695 1669363504 1798827895
696 5976837260 -4350631988
697 2698680741 876627683
698 -7663403853 -756877011
699 3999559858 9911899373
700 -6485302032 10565431164
701 12276704279 -234865873
702 2031685318 -238004926
703 4123048717 2210947503
704 3482026893 9822930262
705 6662942063 6311829782
706 2484326922 1279622739
707 3152935464 7086587243
708 7954594610 5031959130
709 7954594610 12078389907
710 5781188660 6952017189
711 12954151587 11756386989
712 -2206398669 -11234802197
713 10742256047 12996309134
714 358404951 -1972746294
715 4194457770 8802461684
716 5585142651 5645846021
717 1001542961 -4435748881
718 -3079780654 4772877157
719 3751098311 70585329
720 2669062689 1026961615
721 5334042899 4110732365
722 6463414032 9853830195
723 12355592051 12439489737
724 7954594610 -1249800708
725 1780219714 11458100846
726 3941799751 7324225127
727 -141874517 -4759221466
728 -2654644958 -6810545451
729 2140172292 -116404804
730 3982526834 8411580442
731 4618296888 6942737799
732 2085252862 3324244150
733 -2135375878 7402066030
734 4122484401 19799814081
735 12247079785 13096252286
736 14257414139 3587715508
737 2023706768 11760284826
738 893013326 9949543446
739 -4917314354 -12004458368
740 600979677 11416350973
741 13055615023 2757326372
742 3844095806 323250324
743 -134824580 10684472198
744 2532849405 -1522069321
745 -6968296841 2067624315
746 370249289 -8739694185
747 9641146156 7170854730
748 12476270273 788913418
749 3361192205 472142573
750 7660235313 4537838320
751 -2551055333 5126004676
752 -2206398669 -5221667143
753 3055898765 1165320492
754 4059407678 8824376936
755 1638396256 11755346294
756 12378046789 324452590
757 14986068478 10806072770
758 11580492127 -547770218
759 2607406707 7611326107
760 500163175 12883738290
761 -1379816361 11953958564
762 5054737124 5906694389
763 2792024578 1288950542
764 6861583168 5916229472
765 8100349261 12678765131
766 3420724456 8706190896
767 19275780213 338511732
768 5225069464 8358988778
769 7065211117 6722481663
770 3674491543 6333937052
771 2609091877 13601484569
772 2865328195 13238622407
773 2083274654 -6235794661
774 1528315135 11193961666
775 7668161838 4719167971
776 13604548121 916316630
777 4168399477 -940279326
778 8220201488 -5270473198
779 -9058168863 -1049003003
780 -6614009887 8290362020
781 17969475380 9550521026
782 12067270889 12095557746
783 3057062804 -516123335
784 -5505736257 183315174
785 2189140204 7857048490
786 11018918410 7507430916
787 3582865229 6496740882
788 13734651753 4033087068
789 8762421624 7362328735
790 14742862814 12485106952
791 7954594610 14366613123
792 6639022551 6097687064
793 13825555714 11067304240
794 -5282359102 6049606023
795 920781635 103397151
796 1733913752 9216148797
797 12004469428 -183668718
798 7852997554 4779020353
799 2727575247 592622971
800 10098695297 -2439374484
801 -2206398669 5950133345
802 6289405242 11136867356
803 6455155845 -7594712323
804 15796767770 9283491019
805 11601604125 5720981448
806 5761982293 7856426008
807 10000893515 -1645402943
808 14011254679 11618877954
809 180909992 8217484480
810 6535177610 -1291929201
811 9100754076 -1488860982
812 9502367644 -1674550225
813 1699328417 324111026
814 74579533 11437842157
815 2253013648 883244141
816 -2206398669 1441825548
817 2534375774 -8976884553
818 5028399408 14151665500
819 701982929 7717437308
820 3727749313 2159877503
821 5955473470 8111925668
822 6557427952 4277775767
823 1888976782 -5851034147
824 5603919504 3338983166
825 5771099187 8540386106
826 6494096937 5487224409
827 1821738638 11397827030
828 3891781073 9808975706
829 5174061482 1826579217
830 4814404317 3001077575
831 2662122440 1499898648
832 2603806590 758637908
833 -4773822561 14013777931
834 8415373857 -6634919929
835 -2206398669 5519505140
836 2650477041 -4117157267
837 6671484136 7398733531
838 12369577326 2552394207
839 540788653 11749780856
840 -2206398669 4122828121
841 -3897346314 4977362861
842 -2206398669 10925368148
843 7954594610 14989200051
844 3366315322 -62134
845 4808372522 -4951307416
846 135452637 9503880913
847 -2206398669 -3016392416
848 5806293540 12280379939
849 16864796976 19809677907
850 13035833345 12500631743
851 -5386768599 -12475923264
852 1307962329 9154010151
853 4164975749 6758418280
854 2763552784 -5529773973
855 590545486 3279123164
856 12544813497 12026346632
857 10812548489 5031929802
858 13490162637 9760431862
859 -5179215806 2778775675
860 6745550003 7282522049
861 3767662669 15371483501
862 -318199581 11295900070
863 5038941579 4928949015
864 10923866542 -1224620760
865 -3919948574 4257078197
866 2453775370 156369886
867 8992826795 -1350016061
868 4784059883 16838608603
869 -2206398669 5210254700
870 5341756459 9985499564
871 -2206398669 3610952698
872 -2206398669 12836795450
873 12664258323 2884553110
874 13055766016 489587264
875 5525651211 -1124659455
876 295883007 6942712843
877 7762657162 4846826046
878 -3882130944 4742882637
879 -5386768599 4579111085
880 10305700722 -5618551378
881 2570889974 1482050779
882 1971954614 9074598932
883 -810856415 10805633864
884 8834388805 5129210847
885 3673990880 9692336727
886 9853235068 7579842803
887 3733760965 -1135554535
888 3573277473 -265384775
889 14628039892 10499402140
890 -7002837218 12381068370
891 13448547311 10626023659
892 10388043497 -1576213327
893 670190295 9883375194
894 -2206398669 10347725487
895 -2206398669 5353614887
896 3363089064 -1939124692
897 6924020291 5734122733
898 -1366362787 -540368973
899 -5262529224 3121906105
900 989282869 4248335717
901 1518235763 2605398832
902 2325024330 58929136
903 -8959055930 -1115201308
904 12899947592 11678624781
905 -2880401749 4910936479
906 2122749940 10138085190
907 4243501333 -1896221643
908 -2206398669 11370210290
909 -1474936090 2672449025
910 12404157687 12010207013
911 -8164971916 4976055299
912 2331196723 301011540
913 6444520940 7245725615
914 13645521656 14529169531
915 2662015440 646519461
916 3793188364 15252319771
917 3383464050 8291871692
918 3931275660 2077040873
919 4263516576 6632804839
920 2223148162 -3569751402
921 -303247166 11423735880
922 -2221718760 -5643862844
923 2771680520 1347303669
924 -2206398669 13485581231
925 13182872912 -2125326543
926 -2206398669 7006101332
927 -3174536266 5099478527
928 14172515643 11818644806
929 6958652797 5583241946
930 5429542289 -1906712897
931 9864363977 -4890449287
932 -10329254080 6956098381
933 -5002049925 -13130928067
934 2399416757 -266482829
935 13923146179 6232724282
936 517769808 10321478191
937 1526861596 -758928611
938 4394597667 4787708153
939 8593618066 5373219448
940 2497034303 1262217066
941 10621660397 4852964854
942 2272604482 7957312199
943 4098189179 3085657206
944 6521595681 3652031019
945 5205806302 6215897215
946 675129624 -5908784932
947 7954594610 -11443020527
948 -2856969102 4377478813
949 1080120517 2921493868
950 12869694258 12420739706
951 -2206398669 4598763937
952 -2206398669 -927378992
953 3993831298 6090238052
954 1295397793 1660317685
955 4234096949 7989552788
956 8951228098 -1283138893
957 1901818551 6329948899
958 4209780252 -1497307367
959 2277755117 2425994656
960 366153845 5625031804
961 2496978763 9500708512
962 13708727007 7706187254
963 -6545292626 6467879654
964 -7885804578 6484405275
965 -5386768599 3012400258
966 2711610866 60390636
967 -1290107604 -5933757093
968 6837316637 -595220431
969 7954594610 5307606665
970 2666998375 1564817634
971 17963770723 1460147922
972 -416531942 -5000849813
973 5846378850 5554237722
974 4104714296 -1292811819
975 -171550566 7888473793
976 -2206398669 5304569768
977 2864224491 4384587842
978 8769837226 5349288374
979 -2206398669 13035336550
980 -2206398669 10376814145
981 11798215301 12335391730
982 -5595320316 455941192
983 -8690139625 9819566521
984 -7607313366 -2018040766
985 -4048431106 2082890960
986 -2206398669 -16978051150
987 1465417405 4038811279
988 1043772660 533883903
989 8805546724 12510492260
990 5397952585 9983492642
991 -2212639339 18750733427
992 7391876145 5963257928
993 -2206398669 7585635967
994 680345632 13342424536
995 2656854398 1621953934
996 2688053510 -498335447
997 -2206398669 10907120538
998 4620898188 -5077030222
999 13613709192 10920260043
1000 14739026142 3712781171
1001 199433560 11961317630
1002 7759042913 8067053726
1003 6608864654 20011284081
1004 -3911934155 3616187449
1005 4966994427 -801321707
1006 5856672628 -5276454561
1007 11574994117 4498999444
1008 5901356206 6284925072
1009 8527373450 -1697820869
1010 -2206398669 -4581935473
1011 5200991848 6550406773
1012 7141037142 -2142280562
1013 3674788329 145995059
1014 -2206398669 752604575
1015 3733189839 1842194201
1016 -2206398669 9997031024
1017 7436871230 6209225619
1018 14987818902 7004274823
1019 12856496822 11410686337
1020 1846036340 -5298434905
1021 3574532926 394563973
1022 4851072973 10000000000
1023 655323448 10353888552
1024 1715910842 -11851646260
1025 9667037104 -1562127841
1026 3237651619 6519976661
1027 7934123792 5019314188
1028 4364800293 -7546387624
1029 -2206398669 632578521
1030 14696012243 8821433101
1031 -13272175395 9720658205
1032 2625112820 1439267550
1033 5863985466 19640835867
1034 13744522105 10265094427
1035 1628383660 895405520
1036 -5727530082 125584430
1037 3102695937 14958724560
1038 946584165 8641790260
1039 3908135569 3541865434
1040 7954594610 -11589616486
1041 12657280827 15384197369
1042 7954594610 5987550655
1043 -6035921893 5889783474
1044 12415616068 1288326726
1045 1287191708 8943945506
1046 2678047588 6881065764
1047 8899030108 8814180220
1048 1734267805 1572563702
1049 2252681482 954253166
1050 403331223 12471206050
1051 1606654298 -2227892766
1052 4656605008 4091625616
1053 6417262233 6900305247
1054 -2206398669 12129948602
1055 3503729405 4301185717
1056 4962682160 9407079298
1057 -5386768599 3012400258
1058 6604711194 5958630028
1059 -8135474296 -1665277939
1060 1166108543 -5164235872
1061 -5386768599 4112035359
1062 -2097443742 -5286647157
1063 15804850752 13955828808
1064 3672504301 -8054139717
1065 6245546832 3638631941
1066 8738831628 -1610999360
1067 13663448062 10754554748
1068 -6794272359 6211933395
1069 2687469039 9280901124
1070 4703103722 8445558062
1071 4657366233 6269072399
1072 13645417246 10743403187
1073 -2206398669 6359170589
1074 5647535028 4852458774
1075 6126156442 5554211025
1076 3599614419 9026678684
1077 -4237269106 4668861480
1078 7765269534 4494158927
1079 14289399074 6607084332
1080 4546789599 6769250070
1081 6982630385 6395140311
1082 14091954883 -2335649058
1083 -2206398669 -2573743787
1084 -2206398669 13606800767
1085 -2206398669 7914889767
1086 2946156115 8994830987
1087 9065343034 -1635531950
1088 6653064128 6701835747
1089 1678996524 -1150086263
1090 7954594610 -1762428592
1091 2940237814 -8176518659
1092 9771435994 5049358753
1093 2581934252 1271673637
1094 1741597373 353247709
1095 -8729129041 -2303181407
1096 3629080195 9710215948
1097 -2206398669 11356128093
1098 3520535955 15539578110
1099 4120746145 -1135841607
1100 5211401968 8549174166
1101 7515095119 5475538513
1102 7527480407 5896318580
1103 13604747419 11427254645
1104 315529048 10756855450
1105 6215921484 4995321631
1106 3839868949 1036196912
1107 2238403691 9698405517
1108 -5873945171 225846991
1109 -7135488415 6828441703
1110 -2360334482 4314368797
1111 -5665815035 6078673673
1112 -2978983257 15277206790
1113 2263280302 5827538261
1114 1881729282 -2223484851
1115 11257777773 14617329842
1116 321822327 47848664
1117 6250756534 9052154782
1118 555679473 9979321891
1119 12924032620 6790636853
1120 -5527092552 7345136319
1121 -7200256392 7934471358
1122 6283740187 -5643749766
1123 3155475610 9089623026
1124 -2206398669 10199958858
1125 -1753425113 12635656201
1126 13742024865 12101422588
1127 5425307934 4962993110
1128 14130010485 7640860958
1129 -5386768599 4229099167
1130 13846320884 11188372764
1131 4066577918 16831016849
1132 357785827 -2404694499
1133 970117311 4681882282
1134 1808230924 5616235523
1135 73114813 10789058614
1136 3356548978 320626834
1137 6599588138 5381718282
1138 1980813215 11843858996
1139 12101897125 12478991438
1140 -2206398669 1984119001
1141 2591934632 5893073566
1142 620186822 -17277056853
1143 13354529204 12312609702
1144 -1280484926 7217457774
1145 4383366200 8090720081
1146 5538795443 8261836351
1147 -1314048223 8405760547
1148 -3790388906 5180213884
1149 5128304029 -376266056
1150 3311627503 7276933661
1151 10413282331 14157100956
1152 2681232619 1051045957
1153 3705816995 6103909288
1154 1368046261 5380941741
1155 8662845372 -1283379630
1156 12975466392 721091524
1157 4216817495 -2883163323
1158 9983302944 -2335572842
1159 2984679568 7847524834
1160 9084918740 -5697042089
1161 470522307 1721397067
1162 6400406442 5490604174
1163 2568600608 7031012042
1164 6972862445 8873293102
1165 10558465423 5877889342
1166 12784932261 3128446761
1167 6494953751 458119912
1168 5524807626 12047716012
1169 1520216261 11127669836
1170 -8216777289 -1610975032
1171 2296638867 -476851256
1172 2521740695 -3909679421
1173 1341341441 7705018976
1174 11922304385 12063268028
1175 -2206398669 6814128583
1176 2305880024 44876381
1177 -5972428372 3877320643
1178 12827195776 -906364665
1179 5966469238 8101421275
1180 -5386768599 19932724582
1181 4452669067 7668266225
1182 821683453 1930069578
1183 2467463375 365464819
1184 2701948156 1540423705
1185 5335485013 2427419300
1186 1916221810 2276432903
1187 7323578160 -1116313321
1188 7212813572 6313678905
1189 471547134 14409595185
1190 3284777282 497615967
1191 5653394247 6952773156
1192 361825691 3782289
1193 -2206398669 10560575371
1194 480125125 554546955
1195 -8231275148 -2102255208
1196 7041425021 6114756508
1197 4708955287 10000000000
1198 1146572832 10318524707
1199 -2206398669 -1380190552
1200 5768275537 2426375548
1201 15535873461 5714505644
1202 -2206398669 -339896171
1203 11735518714 3962841310
1204 8065701884 6157564294
1205 2591262341 1133704039
1206 5877607369 19349884724
1207 10459399727 6451300071
1208 13913799663 8015963673
1209 2421004595 148589208
1210 2008225354 13752154315
1211 3265421756 -412868446
1212 1250792545 -1049647558
1213 5440463768 8436395532
1214 11732535349 -550406224
1215 13517529142 9898583543
1216 -729615402 12470148926
1217 13191833708 13682287326
1218 7745907671 5858144723
1219 4081327550 6524766777
1220 2754075867 8697348271
1221 12643601134 3778873544
1222 1839518161 11625788513
1223 -6377623946 6745492630
1224 -7751822541 7253941998
1225 7342882743 5461903538
1226 4013267874 3797679378
1227 7445025730 5370984333
1228 5558224680 -1313561420
1229 12660233307 5837713233
1230 3240600279 6954424864
1231 211566125 10687191211
1232 5219716487 -1782258763
1233 6124217973 6565056154
1234 -2206398669 6456815789
1235 6755640410 6499154421
1236 6373971747 6489558727
1237 602374813 10096662220
1238 -5386768599 3012400258
1239 1699891923 5968792138
1240 2164970599 -4791486897
1241 6090052044 -2526075496
1242 4245138206 7058989896
1243 4065109519 7067152792
1244 -6343020653 6230030507
1245 1544682770 -1209571734
1246 -7963215724 6756495415
1247 -2800527287 4752308314
1248 17697376945 -6556859153
1249 5695567028 3650931958
1250 7954594610 4695577388
1251 1659444434 -1036298301
1252 790245666 9935405585
1253 13204328550 5187689391
1254 6523238088 -1803535372
1255 15855013392 10975912666
1256 -494250320 -4984719401
1257 3305250766 2063518914
1258 7115265187 6657181094
1259 -3489588557 3362546861
1260 7425561646 5876673536
1261 7954594610 -4408557687
1262 10490601580 -14508527811
1263 9627595433 -1892240946
1264 -4278581530 -263371366
1265 5826594472 18860456153
1266 6563896837 6595295883
1267 7954594610 -1220741392
1268 5410858910 6554169868
1269 3932297516 3774315430
1270 5322351199 1285243432
1271 -2206398669 12731367087
1272 9249425279 -13674356011
1273 367635111 8090530943
1274 2945988841 8181571932
1275 8454074110 -8468553178
1276 -4853208716 1184246794
1277 12307687566 12719147376
1278 5873064212 -1228951848
1279 4979378430 6404513331
1280 10190682539 -2631023685
1281 11349089791 -1563241998
1282 7265489124 6311030869
1283 10079954310 -1318396016
1284 3104516183 6380294807
1285 848055422 3213374065
1286 37575914 -5147798869
1287 -5795025114 6951338101
1288 8670802021 -1500613785
1289 13728021772 12011756760
1290 1690423453 -7716206907
1291 655856118 12745907179
1292 7300774077 5899861335
1293 4545474081 9075076122
1294 7778884358 5075765493
1295 12586628123 12383779620
1296 5773211247 8306742871
1297 1951018833 -2145198778
1298 1506500182 -494567661
1299 2749539141 6192219663
1300 2063025897 8385926804
1301 1507060565 9456935187
1302 3836706716 3071392462
1303 -853595623 -6110422108
1304 325709471 12907291459
1305 -2206398669 12076817807
1306 10047114893 -1711815620
1307 1870493574 -2278866614
1308 -9670734256 636178335
1309 -8052874529 -1592321409
1310 -2206398669 -5754689355
1311 -619275398 -8003695399
1312 -7666577414 5091403262
1313 -1849485558 6022984123
1314 11785532957 5292031061
1315 3037704792 6282645217
1316 -2206398669 5122467432
1317 13114043727 5058284935
1318 256564044 10625852789
1319 2166124106 147876017
1320 5876745540 6053640339
1321 13059433124 11213085905
1322 -2206398669 5724591279
1323 2588567240 3757719714
1324 -2206398669 -10444248342
1325 -2206398669 11773506915
1326 283290498 7435342805
1327 -4078623145 1623128704
1328 13634849690 13870793731
1329 10870482234 -4666929181
1330 3824400867 -5579430609
1331 7660123287 5412468260
1332 2214912503 287156456
1333 -730509863 -4525367231
1334 5298586450 2056701169
1335 9472057271 -3078694427
1336 1006925867 8719586986
1337 -788571562 12490780340
1338 -2905346358 -5609249057
1339 4044226504 494456079
1340 3410652801 6845672982
1341 -3380126694 3711948628
1342 430470694 -6108309374
1343 77385164 -5308226817
1344 1773808000 2913304131
1345 13826648324 11680554239
1346 6568184114 6668427216
1347 -2206398669 10169612590
1348 14323721383 8483198342
1349 -5147084319 3726308050
1350 6702437594 4560850812
1351 10861601536 4571553428
1352 -2206398669 6133093575
1353 -2206398669 10922255574
1354 8570844831 -4781734908
1355 1611788836 8536253455
1356 957407246 8728847156
1357 -3122039787 15099922143
1358 -5253437846 2863773540
1359 5958062066 6240073338
1360 -2206398669 -5461574017
1361 6500138905 7266697245
1362 2986780892 602339091
1363 11547314464 -4810240823
1364 -5386768599 6179318960
1365 -4124765837 4842350677
1366 6484328094 20684784787
1367 7954594610 12795339021
1368 5261128518 6370684995
1369 2002050974 -4946140175
1370 9888628028 -1711196487
1371 4572799427 -3547444245
1372 315408627 10964277175
1373 5503464748 3134530761
1374 2049633474 297625042
1375 -2206398669 1795794403
1376 2643074984 7119662542
1377 4698175981 3700703512
1378 -553539365 10629528021
1379 6954267404 21407783975
1380 -2206398669 -4836979377
1381 6201067166 6837253512
1382 1213794187 1637922695
1383 2025315202 -4573597926
1384 -1425481437 1233595269
1385 2657544228 12877835935
1386 4190405581 6965117362
1387 194425140 7469518114
1388 -2206398669 5146157911
1389 13274953494 10512892972
1390 8320267598 5903070657
1391 -2206398669 16117981306
1392 6281556120 -15221831889
1393 4579850280 9198804487
1394 1251102145 3711676497
1395 156939456 -8619502732
1396 1641261961 3927732694
1397 6551656827 4111562964
1398 7093438839 -9100363591
1399 7954594610 -2722115193
1400 -4365381061 2302630000
1401 5944924209 6186078385
1402 7954594610 -13210650752
1403 4138282454 -6640519970
1404 7954594610 13317390955
1405 7092019555 -1358297129
1406 781433819 10372347361
1407 11147687063 -824712129
1408 -1149640856 -4704700553
1409 13027872621 7074982223
1410 3957631369 10362168074
1411 5441175461 1942112747
1412 3266044389 1014237550
1413 6341174497 6518216199
1414 -2206398669 5279046328
1415 4261402816 8129231473
1416 2320069011 14175376226
1417 13633249737 8770301260
1418 3266607449 -3143277109
1419 12656145132 13655740305
1420 -2206398669 9194037880
1421 -5708501593 1638868513
1422 9677102064 -1617782252
1423 5608855809 -4524600626
1424 16089430173 10282732993
1425 5161765641 8140629009
1426 315470901 10703946382
1427 -4847477529 5374571783
1428 7266521160 -1320722077
1429 3727631116 10663367476
1430 5387149927 8552852782
1431 -2206398669 5949396835
1432 3440367900 727206941
1433 5652115681 7020208146
1434 -2206398669 -224984731
1435 960285330 1712966547
1436 1823735903 7414740597
1437 1379181803 9551654020
1438 -2206398669 17283347379
1439 -3931998823 4064828379
1440 3810477154 8090876096
1441 -5386768599 3129851848
1442 4504858872 -7443664167
1443 7057312628 5461394417
1444 -2206398669 22214132467
1445 9758538528 -1768718782
1446 3505370647 -4370714157
1447 -4069780875 14959115776
1448 7170728068 6071308408
1449 2703409148 672861316
1450 3601984315 7325000727
1451 12356890997 -1306017030
1452 -3705993710 3376341637
1453 5081254802 -8113732982
1454 -2206398669 14848734741
1455 6642877478 7811813950
1456 -443972553 17263325776
1457 3339527272 2094680170
1458 3778988 -5526535392
1459 9692990640 -11664692052
1460 -8554660838 1913731228
1461 10430647123 12949116707
1462 8308025239 -5248239603
1463 10965699091 5398254089
1464 6493202049 4867956200
1465 7954594610 12111063608
1466 11865235232 -2654174391
1467 6500202575 5965700192
1468 7863212857 5441020781
1469 -5386768599 6640589244
1470 7329039913 6524711223
1471 14103794968 12880896977
1472 -237062245 19889273097
1473 1781298681 -4443598756
1474 -4660687501 1629325875
1475 222317632 -4360836037
1476 12424464322 6246309682
1477 1812224906 11955904589
1478 2587006362 3129226990
1479 7176221889 5547780716
1480 1545270732 12637626710
1481 -4248926518 2350991384
1482 1613080979 17936382880
1483 1758200487 -4591538619
1484 2283238062 -583345099
1485 1860444782 11760023932
1486 6263535136 5674115178
1487 12008734790 14080129317
1488 11231976950 -1723635180
1489 3227571538 17613693103
1490 3132840432 5765124957
1491 -4541758112 14164596112
1492 -4999577608 -194793348
1493 829312470 2643855828
1494 7110068495 6511240919
1495 12858453452 11520063328
1496 13493860727 10805089352
1497 2794429927 1082048536
1498 10864852786 -2038786685
1499 -3131718618 4054148935
1500 -4391050964 3318216446
1501 2585030305 881625089
1502 10888672219 12597442180
1503 5092205542 672299196
1504 7903805817 5135757522
1505 538643614 6845359597
1506 -2206398669 5222375264
1507 10696844163 13256346853
1508 5646914495 7903471821
1509 6039458699 6044200342
1510 -3071675957 -2484346759
1511 5230667 10018688638
1512 5676044272 9271800669
1513 -2206398669 -4123208595
1514 2136894481 844341335
1515 6547733485 7282552872
1516 9925201542 6542591548
1517 -2206398669 7115555950
1518 -986281762 -5698535819
1519 -3910389569 2381520867
1520 -2206398669 9003049698
1521 2533553164 -4106035975
1522 -2206398669 214482026
1523 5769014780 -6516491662
1524 6607739695 5330647088
1525 2609353369 1298402522
1526 12414749839 13181353181
1527 -10507024279 -5061176268
1528 5252175887 7271915143
1529 6652371785 4589367324
1530 -2206398669 5468258213
1531 -2206398669 11394667048
1532 -5386768599 747092926
1533 -2206398669 4606797904
1534 13747865341 14987200774
1535 5304848907 7776194142
1536 -2206398669 5059293370
1537 9745484506 4889256273
1538 10500877289 -1780892908
1539 11843925363 12538872610
1540 7021783914 -9596473961
1541 12265383391 4028631639
1542 -2206398669 9652332877
1543 5681536104 5224752007
1544 -4637669555 2366629318
1545 1186935218 -2836041858
1546 -7158216582 6806403374
1547 12957555197 1364812596
1548 8566102781 -2097963907
1549 -2206398669 6809776760
1550 -5386768599 2196245397
1551 1243993718 9418198231
1552 -773888019 10859902691
1553 6423552289 7130248378
1554 138940566 1309080654
1555 -2206398669 -5375884475
1556 -234563786 -648020782
1557 -7197859600 7805353038
1558 11150911761 12972863197
1559 4358752840 2170762559
1560 2652942924 3793486668
1561 3726148305 16745026894
1562 -1067780548 9888759274
1563 11666680159 8616718898
1564 -378555133 1623120763
1565 3823388448 507239216
1566 2553925311 3681040334
1567 3950394243 4381068118
1568 6704698050 6715496707
1569 762800537 9741233668
1570 5607981900 6590847834
1571 -2206398669 2027766595
1572 13119858336 12413655780
1573 7844246170 5493082432
1574 -4843248404 2521280011
1575 12720413954 2074468273
1576 9035952931 -1739401859
1577 7954594610 16866183229
1578 3656012072 9373912496
1579 11219497924 12584928193
1580 5893149401 5005999224
1581 1832249402 10372523352
1582 7703239713 -8245371800
1583 -2658580567 -1896533917
1584 4525204141 -6412954620
1585 9112763344 9540368812
1586 13668133775 12752995192
1587 10637426757 4950574864
1588 2043461666 -1938391217
1589 12640257566 11386203646
1590 950179050 10591145445
1591 5848066919 -5801072531
1592 7750157313 5130438813
1593 -6699522579 3606789882
1594 2105180637 1644708248
1595 96197528 706324519
1596 -2867918562 4151667983
1597 1588485397 12108381468
1598 2955494497 -88745176
1599 8190083845 5417895878
1600 6982519156 6961795946
1601 3300036096 3195393227
1602 979635650 10090299053
1603 5265318947 18713166102
1604 3782621310 2431600709
1605 -5386768599 5544349886
1606 7382966345 5756173347
1607 6278441244 9866508197
1608 2879760151 13933973785
1609 6920700266 8996300414
1610 3363493538 7964691391
1611 4245401563 8729600510
1612 -6232647314 240440381
1613 4057502120 195326219
1614 4750365382 9101841673
1615 8106600120 5044409645
1616 -1256415510 -4715707107
1617 490706423 -717005336
1618 -5386768599 4886800255
1619 -1547059895 -5967711780
1620 4137391761 -1063862218
1621 13387643795 10758117707
1622 11207212954 4924923915
1623 -5259830501 2210564295
1624 12686876424 12101930673
1625 3385630403 3314269708
1626 8033582252 4728461640
1627 5688933868 15352338811
1628 -208215245 -5036238241
1629 12274788895 13638636810
1630 9565093251 -2324108427
1631 1726489556 11655458311
1632 1493965231 -971788601
1633 1456155079 -623855381
1634 -2206398669 219902564
1635 5034966879 8824641142
1636 -2206398669 -4323883117
1637 5687361430 9572455475
1638 12344935181 11968864248
1639 -2206398669 8104975118
1640 5103606855 -1409421447
1641 7954594610 -2610336136
1642 -581074655 10885714101
1643 9973726342 13555993113
1644 12986956583 4928937942
1645 7632301447 6170118761
1646 2646749263 817487311
1647 -2652405688 4939867493
1648 11995698804 5865019660
1649 2946377867 1352020404
1650 3128877971 4671805184
1651 10477921396 12820161703
1652 -2206398669 5964410850
1653 7856938 10421368222
1654 15476915514 12273337620
1655 2562448610 1213255123
1656 -6738869132 8427160090
1657 -739935549 10494169718
1658 250977904 8179791460
1659 14657661193 11698317003
1660 2050079792 -2805934131
1661 1985628455 320417360
1662 620169548 807507857
1663 -143504963 -3443463437
1664 1345037900 681393548
1665 7145278114 6443107488
1666 5283581770 3799657474
1667 4174073123 -455185358
1668 6537694213 20601630957
1669 1283547190 7040878964
1670 1955803404 13248009462
1671 -2206398669 2205888004
1672 6916882794 5642619236
1673 3212410234 1346869159
1674 2394651902 9534336761
1675 10066728064 -4722465929
1676 5551505148 7131042208
1677 8594527134 7677870298
1678 10547100742 12744745493
1679 2373766673 8751487752
1680 14053826161 2929907988
1681 3464760949 -495171141
1682 2823474351 6904711825
1683 7954594610 5753876332
1684 969848642 2086902167
1685 13036660467 2731046157
1686 5828370550 -6472958236
1687 -2206398669 -6744334297
1688 1005535321 1127190268
1689 -1119563575 -5777221291
1690 4668433838 4636052309
1691 3119319254 11392935599
1692 4500299806 7840877450
1693 5967324921 24033310589
1694 13790852739 12454560064
1695 8653049588 -6275217087
1696 607940644 2082116298
1697 3713980477 5275438288
1698 9094437395 8297356192
1699 325939424 5649199085
1700 4773514122 3675558539
1701 4352037834 7914831018
1702 1135787591 7983961793
1703 -2206398669 4906335791
1704 12243450249 -1651634777
1705 14438363751 6682356014
1706 342488538 298384465
1707 779865734 10060706945
1708 1425303816 1083170886
1709 8533408788 -2832964789
1710 5403435638 3365686676
1711 2434832296 1015797522
1712 943249526 10082373637
1713 6208428032 8601326986
1714 -4797819889 4113691433
1715 14438992727 10794916993
1716 -2826852409 4781461815
1717 713101131 9634265811
1718 11374598566 -3405785821
1719 487203117 -2564928713
1720 -6609952546 7317341924
1721 -2206398669 22850114412
1722 1420542267 10737943564
1723 3994541208 -6507731946
1724 11357894551 4778893427
1725 13339888585 1735188759
1726 1813705565 -514674758
1727 7341656537 5309063592
1728 2740012251 9659522566
1729 1043444636 1023729712
1730 -1640167973 -3285091374
1731 -2206398669 5646208335
1732 2543904286 1430034212
1733 6579726605 -3310404046
1734 3372910200 -330703467
1735 7966078481 -10997045042
1736 8978979894 -2883596217
1737 7522086268 5480402727
1738 7996716000 5852140707
1739 -3255060957 15474605766
1740 -558518175 -5617468892
1741 -5386768599 2700505801
1742 -2206398669 -5465766201
1743 10474246093 -4335341680
1744 6515546612 5815219554
1745 -5168537418 4285155722
1746 1361024251 72161359
1747 -2206398669 11026104317
1748 6895662313 6340881817
1749 -2206398669 9262311500
1750 7954594610 5025515361
1751 9483567448 7673670251
1752 -2206398669 4699927802
1753 104677767 9386132259
1754 12493248839 13719912450
1755 44160791 10804158833
1756 -5386768599 3294739166
1757 7863165613 6096036916
1758 7954594610 5738899366
1759 10548195271 -1883016153
1760 8538536744 -1893016729
1761 7107955909 6434045728
1762 14196735929 2049189696
1763 2144675115 -2435310686
1764 -9355154440 6460860601
1765 10179555073 5007988945
1766 3975388779 15756974971
1767 59057488 -3015272887
1768 1153455820 9489396778
1769 11058300765 -755741683
1770 165373417 -5876925898
1771 4756447353 -3231765687
1772 3171110178 3571229986
1773 1414513530 9401979127
1774 7954594610 -1007263472
1775 5526596705 7472401849
1776 614031864 -3035116964
1777 6384739816 3261884996
1778 -2206398669 892011484
1779 2207944378 -272876762
1780 6333755481 3901466185
1781 -2206398669 7416658731
1782 8325426414 12925401649
1783 -5000296800 3744570671
1784 9630286402 13681229408
1785 -7703647104 5502990807
1786 6831261391 5766179077
1787 -5349959549 3783972533
1788 8638950784 4993432566
1789 12606278830 800567547
1790 -2206398669 7521540588
1791 2341512299 8400112225
1792 10077143249 -1443926164
1793 -5386768599 990166226
1794 11902904455 4616982106
1795 886884226 9968717292
1796 8809355342 8698613869
1797 9322654178 -2731539063
1798 -3643684954 4613215633
1799 2961055967 14800712122
1800 5689948102 18253964796
1801 6276379434 -5658869232
1802 2799460839 606439900
1803 -3749368462 13638547071
1804 3531730922 500685410
1805 2665709105 2200562842
1806 4782957984 9684402107
1807 2247933948 -328119047
1808 -2206398669 892388207
1809 4216686328 -7655019158
1810 4809359563 6135722689
1811 750454350 5133527594
1812 -5386768599 5914295145
1813 4606323812 2046364992
1814 14921206653 2086804270
1815 1086835172 4900835577
1816 2873778997 1134592450
1817 1197194453 2454673127
1818 3897168946 388077019
1819 13734219983 -403961354
1820 4436425217 9640785979
1821 14686004631 7538241770
1822 4502743757 -704019849
1823 -2206398669 -265178308
1824 1700328849 2850043859
1825 11728727280 12672505463
1826 1196374921 1157211589
1827 5398365734 3001908422
1828 6671571439 6296882474
1829 -6694103072 6255914035
1830 5790618110 4005934277
1831 259340687 10904252872
1832 -3002202546 4846198996
1833 3930420230 8453991875
1834 6763902837 6339290298
1835 3530455431 9358469227
1836 13414275094 11264999665
1837 2572195455 951232359
1838 12067341027 14497903422
1839 -2206398669 12830411342
1840 -2857337234 5388609807
1841 -2206398669 5044027759
1842 1870047076 91707682
1843 3989689454 7073370030
1844 546996426 -6135314217
1845 5464959691 8248806756
1846 -594159332 -613817614
1847 -841715149 -590271179
1848 -2206398669 6582019198
1849 4974695644 4076414152
1850 -3720462755 -448707720
1851 4460850819 -433120806
1852 -1451808975 12019233283
1853 11624351318 -644798703
1854 6721522660 5624493593
1855 13474145761 3729799315
1856 -5953521744 10102794663
1857 -47823596 -6040992606
1858 13298499602 -2301338083
1859 13985726624 10790137695
1860 6673394727 3560764605
1861 2412036272 458681058
1862 491861189 10128453991
1863 9524631205 -1697190688
1864 -2464874763 5526690568
1865 1678741061 -360780994
1866 1761443077 -205483289
1867 4710230207 8777209987
1868 6776610499 5337858136
1869 2867796574 1985449041
1870 3535988554 16142522902
1871 6395853651 -1533468764
1872 -5386768599 3012400258
1873 3534651352 3517101558
1874 2631222529 2417202542
1875 2098201085 -317297649
1876 11112312477 -1135028847
1877 -2437024118 5874429671
1878 -2206398669 8446809637
1879 7954594610 16276069848
1880 4399277984 18002088102
1881 14219917549 49283672
1882 -2206398669 10221090041
1883 15228512720 5883921125
1884 2637833608 1464687909
1885 -703968003 10488012612
1886 8232368730 5806207714
1887 6797421633 6110453599
1888 496168795 7207415532
1889 1330429129 4916503988
1890 13913309661 9066786864
1891 -2206398669 2528479999
1892 2414696930 1138346969
1893 255527803 -9997812076
1894 4098938365 1780247571
1895 4830851140 7833407058
1896 7377420888 5773842303
1897 6185727337 6882315925
1898 4283700307 7959323991
1899 1842954251 11886471973
1900 -2206398669 12816117625
1901 -5386768599 2756697789
1902 3382779315 8283225475
1903 13746427239 7759565118
1904 2946275463 9870183833
1905 -3631364650 3698087719
1906 4213052785 1525190509
1907 2148204629 253153551
1908 4037678856 6842075306
1909 3273717486 8660461918
1910 6492962929 6427967860
1911 2702543931 -699137357
1912 3258658485 9403217875
1913 -5799871786 13136855934
1914 4552106398 4644215316
1915 2897469527 8017471527
1916 3264333179 7678478036
1917 14051800270 2379712231
1918 1696987271 6197780507
1919 364736420 -6018683796
1920 5952691538 22393604
1921 7361321492 5172360711
1922 6429593034 22033928816
1923 -2206398669 7462590139
1924 6477580885 5506076265
1925 13300256780 6260457372
1926 5953960791 3725393325
1927 -2206398669 12431610782
1928 7546005354 -10755428267
1929 -4117750366 3230279194
1930 -2206398669 9564525609
1931 -2481111826 6152956191
1932 6327597192 6201914043
1933 8357686802 -11464581044
1934 3247783205 8730858920
1935 9922660157 13495835290
1936 -2206398669 -10706738442
1937 6565478944 4487630190
1938 9376087054 5117454721
1939 -2206398669 -2674737909
1940 5441175461 596697613
1941 12612646916 13875543687
1942 6534147811 6244451386
1943 622185069 10433722189
1944 7241740540 5522159650
1945 -2206398669 -8709701744
1946 3058829903 2766519547
1947 3131028121 -388720378
1948 7453668275 5765544095
1949 -1869372921 -5167044398
1950 9676636004 15920833531
1951 7954594610 12760933246
1952 2377279275 216218775
1953 -5386768599 4172029622
1954 2601023646 1111007413
1955 2349419803 5950018060
1956 1318057166 -1238996233
1957 2368409163 9715201422
1958 12280571559 3381969158
1959 1975971506 7820055447
1960 14706170539 11119777239
1961 3205660750 -4169963932
1962 2894698076 1157280767
1963 2062889830 571668495
1964 4116838231 7829901318
1965 2470595586 1644501622
1966 -437923739 4752480277
1967 -6343455415 13207303064
1968 9507290368 -1754186088
1969 -5271273435 3349609895
1970 -2206398669 3656021820
1971 923910250 -4502971446
1972 -3984711042 15616036828
1973 6687403610 6957073244
1974 794535076 5375793378
1975 9754547541 8012226864
1976 7605052970 4875452153
1977 -3971716217 3082077909
1978 7954594610 17302320694
1979 254502398 4688359383
1980 7134372840 5210644292
1981 4069615318 11530424335
1982 1725433244 5335404788
1983 5541979769 11568112448
1984 875003728 10774254997
1985 14789056002 12555226299
1986 -3694760689 5503371578
1987 1764391776 12742032170
1988 2917818913 552033378
1989 13905689377 9371938977
1990 890051545 5228635719
1991 -2707494392 4821138075
1992 -2869961965 6023603230
1993 3089955221 3438476213
1994 566404388 1311766865
1995 -5386768599 5553345885
1996 -3777823934 3970722450
1997 3641556672 9128141687
1998 -13382297895 602534621
1999 1927845004 11882457321
2000 6925455247 5359572707
2001 13672131253 9255375513
2002 7954594610 -1071807254
2003 -7061671648 6386973560
2004 11315634567 14238252600
2005 3160353223 270364236
2006 6490661047 5671842099
2007 13291377350 6560303566
2008 10565075062 -1532568392
2009 1128859293 -1447231816
2010 86533991 -9382124031
2011 5223105020 4003128671
2012 -2206398669 -2565682298
2013 -2901312697 4570117159
2014 2642059337 6112621289
2015 -2206398669 434283731
2016 12257045985 14932560793
2017 7954594610 5680756613
2018 12587223597 12986002448
2019 3900546721 7680090158
2020 1455228140 1098945941
2021 -755035938 10860008177
2022 1081804577 10000000000
2023 3070993139 393288559
2024 3039798019 14236640338
2025 11981025219 3968539885
2026 -2206398669 5626616130
2027 6707183193 -616322791
2028 2923363025 7330931904
2029 1374085443 11825910629
2030 -2206398669 20244545671
2031 12964051607 11353131537
2032 709367152 -6488571518
2033 4103557045 63954459
2034 12689504397 11514294119
2035 6355293670 131732327
2036 6454959874 515039656
2037 525073714 9857787646
2038 5506995840 -1194133014
2039 2047857271 5006527062
2040 13571410369 11051242355
2041 -2354006668 17058099197
2042 -5386768599 1643688873
2043 4602278215 7925588410
2044 463390710 10071300025
2045 -10205531391 -4494403702
2046 -5386768599 3012400258
2047 -2206398669 9798530382
2048 -2206398669 -2344693872
2049 2344261911 -6271859846
2050 4838914042 9393414357
2051 -2206398669 11496106495
2052 3759017697 7453193197
2053 17247625183 -6662529342
2054 -443972553 14928860163
2055 10189912690 8567301246
2056 1990878333 -158979794
2057 897903378 1471735772
2058 6425736283 6274294906
2059 13448926682 4582524381
2060 -1249706817 -5312004251
2061 2220070675 2487104783
2062 683182354 2665938
2063 6457678096 7156451623
2064 6280771563 4608151961
2065 2482714645 10032407447
2066 4813998358 17862850811
2067 13115374713 11050022696
2068 2283246186 4317623849
2069 919010683 9469270792
2070 9282259722 7602330478
2071 5012136003 1501198201
2072 -1260802646 -3802338076
2073 10776049159 16163986340
2074 11227530371 9482453592
2075 1803551475 1386236832
2076 13721891961 -334174006
2077 473223626 15174391190
2078 17841546834 12012123171
2079 6728541487 7351127419
2080 1326727746 12236909896
2081 2791539446 21835564
2082 4248387111 -13028903298
2083 -2206398669 2084308410
2084 6249007790 8500535854
2085 -2206398669 12109290093
2086 1483489121 3815952639
2087 1422346448 8466677132
2088 -8293122464 5129466561
2089 -2779464787 4847124097
2090 3456174177 2111789903
2091 7081869755 6773051552
2092 3830166836 3094571665
2093 -395867735 9691808967
2094 6356816873 5745332443
2095 -4503490266 1494211930
2096 5610455649 511586472
2097 4138641371 10000000000
2098 12563268662 12586042615
2099 7378397590 6260633267
2100 1378653924 -2131812992
2101 12345481571 5364442254
2102 -2113675679 3525992867
2103 8639559705 -6867141151
2104 2440411816 2607243107
2105 12223876263 12056493888
2106 4404665066 532947464
2107 16357854504 3565660521
2108 1977519853 -337480277
2109 750868051 9827047328
2110 5237954788 6451482459
2111 7954594610 -1760508729
2112 2258504589 2750681857
2113 -4876921181 1634494258
2114 457276975 10419400992
2115 6650216207 20958741130
2116 1909211007 8749887114
2117 -2206398669 9637048787
2118 2919671395 6709232190
2119 14114362381 8516687057
2120 -2206398669 6660177719
2121 -5386768599 3012400258
2122 679743788 1253601890
2123 -5386768599 2607898156
2124 14391621641 10596996077
2125 1768791517 11490439438
2126 -3721076506 5201203685
2127 12904759499 1149275205
2128 13328462426 6288115872
2129 2796652649 744167481
2130 1819276511 2767267262
2131 1645002361 1339464211
2132 1814034599 -1570263450
2133 13592519163 7450944939
2134 -1350213278 11656251634
2135 -2206398669 14628770282
2136 10820520472 6110727582
2137 12367020533 11751089690
2138 5766652151 8688108896
2139 1006475110 1309678271
2140 13603907178 8802539683
2141 12433341693 5818932205
2142 13056133401 -56524250
2143 6543407304 6347550282
2144 2893095753 16832750358
2145 -8612804501 6258276711
2146 12173217404 11839800754
2147 466281036 10032304237
2148 6347198568 6406838990
2149 -4947430257 3012400258
2150 -1335083785 11466474787
2151 9032318005 5261628281
2152 -632560481 -8674633810
2153 764636269 10377113071
2154 7324597381 5209827036
2155 -2206398669 -4386255448
2156 -2206398669 -2512367370
2157 561089552 10342262202
2158 5772991720 1463656385
2159 5186302992 10000000000
2160 4607486401 9186109525
2161 6939234640 5121917917
2162 3233422546 7973915724
2163 5930841102 9115412921
2164 11436055650 12773167371
2165 -3223914915 4869145560
2166 6435660655 8039464222
2167 9906532354 4913253415
2168 1569023064 174322487
2169 -2517195239 7836505866
2170 2255999201 253703813
2171 50730258 5358060959
2172 6908645160 -6536022396
2173 2673377873 1341765204
2174 4802440240 -3109329898
2175 3790522944 3885395673
2176 2559999675 18117820669
2177 4338126934 550126326
2178 1684320252 986179255
2179 1703626766 -9049878310
2180 12185347583 5540460051
2181 5644306088 6183030169
2182 2051382390 4091724231
2183 13292471332 4810754897
2184 8290281506 5627105876
2185 -1509358156 13473726589
2186 -2972850288 6521637274
2187 2889393340 18892575463
2188 14874757889 10100030007
2189 13357708374 277268702
2190 1506739638 3724980491
2191 -2206398669 -13771871356
2192 5217841139 17573031380
2193 -5386768599 6392184543
2194 1422021975 -519135989
2195 271037125 2744435393
2196 2746449256 49223948
2197 -2206398669 5139132176
2198 -4405854868 14760366717
2199 2815315791 94417460
2200 5083824219 17879296165
2201 2723057468 14954555365
2202 7261090597 -3516213067
2203 -3074839588 3912490149
2204 795905795 10356985960
2205 -5386768599 886968346
2206 3372430489 2299871004
2207 -5750413376 7255198112
2208 14723990171 3256467768
2209 -5386768599 6411866529
2210 7844633561 4929109650
2211 783148940 9838091187
2212 3889492186 288249617
2213 6962898632 8417339585
2214 3315738154 -8315803457
2215 5936499425 -1234985530
2216 447922566 -6132104177
2217 1095327259 -3121351484
2218 2413905077 10800167997
2219 6160354747 1543873152
2220 3927841633 8998244898
2221 3127311624 -5683622170
2222 3843675637 -6369101546
2223 8806819936 -6702389534
2224 5180150753 -344575564
2225 1316088935 1523417937
2226 9694444090 -1511467136
2227 -5386768599 3012400258
2228 -4167375521 4351187949
2229 -784788844 10659818540
2230 13491146755 11009450584
2231 1274575951 1288184213
2232 983896866 11662104497
2233 836454414 12447674312
2234 602032287 11937955685
2235 -5989330586 273198982
2236 1536807275 3869555459
2237 -691154682 13785529340
2238 3935517102 15595016613
2239 3238104835 14224611305
2240 -443972553 17136814869
2241 4954867493 1188070315
2242 1250014104 10445562478
2243 -2206398669 -8559731784
2244 3834822043 6221514351
2245 -5386768599 5816283306
2246 5110277706 18998168085
2247 255926278 10098654781
2248 -2206398669 11025604588
2249 7442844102 5167534042
2250 3228231361 494814602
2251 3093757672 10247680794
2252 -3770317479 15411214060
2253 10908901594 -1060999393
2254 1116912004 9430285692
2255 9961363470 -6431818909
2256 638850752 4461025302
2257 5983942402 6060654072
2258 2431962267 9730481185
2259 10102979385 25928656655
2260 4557301285 5348583857
2261 8529474346 -1241813821
2262 11795095268 5450905379
2263 4302381371 -3082388808
2264 8296730956 -2622572656
2265 7993289004 -1430618428
2266 -4607792238 13959694626
2267 9284239905 13977889521
2268 7111946980 -1056605001
2269 -2206398669 14040494645
2270 7391028455 6626738452
2271 7954594610 17302320694
2272 259105032 1382509036
2273 2519710385 1312440268
2274 16643968220 14363668359
2275 9047683964 -3316507724
2276 -2206398669 13080225304
2277 2528090910 7722174039
2278 3386925505 8265562374
2279 396637231 -4060639648
2280 7344397199 21749529601
2281 770280307 6245670949
2282 -8088363448 6584990751
2283 10718693418 16002817253
2284 -7941012603 4431217650
2285 -443972553 -9311433548
2286 1330243214 936741295
2287 -176584366 -5037220920
2288 8690761814 5583743738
2289 1943819280 -2097414228
2290 11676083654 4174348650
2291 6658176603 7188925773
2292 -2879153922 18266717377
2293 5353478647 1147238025
2294 13915301481 10968070930
2295 10718609406 13090284999
2296 4394688126 16593118690
2297 -5386768599 14602701053
2298 13894802397 10852124720
2299 1614928063 12339387518
2300 6101868667 10000000000
2301 4952245971 6428411610
2302 2293538050 862052829
2303 2542820092 13026175736
2304 6639519079 5299198182
2305 817777915 8364062506
2306 -119993171 10496812808
2307 -4101989393 3531068877
2308 1292697003 920454217
2309 7669621340 5205226757
2310 2700221922 6194936502
2311 9061808087 8527843190
2312 -3022193638 4926629820
2313 2364820789 5859179052
2314 -2206398669 -1386356025
2315 3152381957 9396594267
2316 1679019092 11397376494
2317 3898564216 -1894819720
2318 3701537608 8425975939
2319 -2206398669 6509984444
2320 -1842319743 10671674988
2321 913052457 -6302549512
2322 4968928746 -3062640763
2323 8453440161 -4762040699
2324 4303365757 9527653611
2325 2628538771 4066906129
2326 -4168637762 2409325173
2327 -5386768599 3012400258
2328 3427362099 -1431115696
2329 5939763466 -6182660377
2330 -2206398669 15330091113
2331 -4965194305 1479788803
2332 11758024651 5498557873
2333 269810636 -7163563935
2334 645229664 9824338165
2335 4280232788 7752426899
2336 -2206398669 6578783128
2337 -2275538632 -2383574038
2338 13574730494 11472743895
2339 7075276334 6499102940
2340 7308800025 -7364204196
2341 125403600 10000224663
2342 3843778602 9082638232
2343 -6171312079 6714172889
2344 1801696407 121768689
2345 8430261334 -11644519204
2346 2921729434 6075098852
2347 6323672819 6350599818
2348 12954428178 13178451607
2349 -4255597186 2015739365
2350 9356629504 -4459755383
2351 492230467 -4408960137
2352 5967519431 8968916967
2353 435007116 11121867887
2354 2388016737 -6504562616
2355 -4710097867 7256878576
2356 4854258816 -6450668833
2357 6340029327 6591874647
2358 2358691115 132167695
2359 11906685631 14796847171
2360 241261550 8571303220
2361 1185288941 8161173062
2362 12737346411 953205419
2363 7954594610 5692618550
2364 4934916108 2574739115
2365 -2206398669 9552422651
2366 12534568906 12000987949
2367 2670297232 -864494462
2368 -2550059246 5248560407
2369 6629762332 6573681563
2370 6555208833 6600804149
2371 -2206398669 6419421115
2372 3098403948 1484956254
2373 179513832 -4383849804
2374 -2206398669 14711746365
2375 7954594610 15133316488
2376 3416560935 6290587924
2377 7768023212 -1314235916
2378 -2206398669 6802277423
2379 -4100898475 3645796600
2380 12726448656 1920777268
2381 14814469649 12177917349
2382 -571937938 -7179536663
2383 -4122013043 5887485486
2384 -2206398669 890823019
2385 3535949516 -1720298053
2386 13925020266 10858714811
2387 5366607913 8107050510
2388 5416370196 1734508390
2389 3880876863 8302295869
2390 8440237179 7440321763
2391 7043527948 5275093094
2392 9805878165 12981947894
2393 3868645594 9168552736
2394 2543599590 686258453
2395 3349657491 108966146
2396 7954594610 4987026909
2397 8501712378 5253350607
2398 15930980155 11232060733
2399 -2206398669 6627408883
2400 5535148664 9884134067
2401 4323735283 15964928534
2402 8545875197 4844693873
2403 2982440323 922698960
2404 12294895199 -727154377
2405 136202771 9982547375
2406 -1630657760 5859345485
2407 363007937 -2179125750
2408 -1872405797 12536625783
2409 -7142633153 8216039913
2410 7954594610 -1547427387
2411 2664453085 7182301101
2412 385321132 10415253749
2413 -641583193 13011645554
2414 -2206398669 8602801202
2415 6287526075 6190225774
2416 2839921559 6723484832
2417 -2567857364 4740677501
2418 2432186121 2432924893
2419 1169986621 1226787218
2420 13535068959 10914054681
2421 1873141668 11918695087
2422 439385806 10461453675
2423 232533981 9932698206
2424 4536984178 7710733362
2425 -3286855345 3562081167
2426 1704540400 -158101399
2427 4231522018 7356971163
2428 5791839762 5966965707
2429 7954594610 -1327611746
2430 7954594610 -6008803876
2431 -443972553 11887014150
2432 7105388240 6361603708
2433 3830853799 -6895479649
2434 -2206398669 -5345188298
2435 1564675126 -319920091
2436 3695055930 8568059569
2437 1454828239 1263643134
2438 5517421475 7258523327
2439 5596809911 3271493804
2440 3347739183 16227854929
2441 -2206398669 7357694933
2442 -5204443037 14667928246
2443 14154109013 9057570572
2444 5387871913 -1182802463
2445 7924297612 -1936160911
2446 2585820710 903220199
2447 5534722072 9232697258
2448 -3741970038 4633192916
2449 -4004583369 -289432882
2450 12383352922 11720116559
2451 -5386768599 1879796878
2452 -3647692618 16543989444
2453 12665552308 6200427692
2454 4252013440 1812915098
2455 3742142162 -5302564239
2456 5607226359 16085350648
2457 -2206398669 18155199829
2458 11685961060 -688708834
2459 -2206398669 4612077197
2460 1703399179 11305088055
2461 -11983033969 -9380622630
2462 -2206398669 2070833318
2463 5500968440 21305468600
2464 -4908883531 3808391910
2465 7558869130 -3014676870
2466 6274232675 6699208195
2467 7954594610 5966929387
2468 4498589760 325307517
2469 -9527432681 10442729560
2470 3643094259 8988511087
2471 -2206398669 14134428534
2472 6765119036 6999779757
2473 -732388072 -5069234836
2474 -2603294724 4764346392
2475 -2206398669 659678620
2476 -2206398669 6770575713
2477 4862609112 7824108989
2478 -2913894258 5058486973
2479 836319016 10353154476
2480 2503967502 812085368
2481 6728522108 6681138058
2482 6623614528 7304166836
2483 13497943446 10556724167
2484 1691592541 -46035265
2485 -6194071965 6819278706
2486 177735346 11142115420
2487 2680132407 765376481
2488 -443972553 15757114206
2489 -7198022160 -1303641461
2490 13537131543 10540419381
2491 -2976211346 5619482431
2492 7150775982 11511820299
2493 2531928173 1374299257
2494 1072528196 12442508551
2495 3010206954 9195245806
2496 -2206398669 4564199808
2497 3309409681 -3581203071
2498 9314093166 8490326052
2499 -2206398669 6472444737
2500 3513501081 7404788689
2501 -656749338 10765649082
2502 -2206398669 10082860618
2503 12766833673 12182232866
2504 -8577659445 -1369939011
2505 1407236895 -5897300493
2506 11215258154 -1473459491
2507 15785855902 10592916642
2508 -7589810545 6819852056
2509 9416629941 5699524210
2510 9706848822 -1451115899
2511 4127009720 3230651405
2512 1913486129 142908547
2513 -6000177785 2069910590
2514 -5329706019 12990182358
2515 3881313083 414027543
2516 -2206398669 6048840424
2517 -4331678727 4745914670
2518 8387447242 -1295778962
2519 7954594610 5829339524
2520 2448794287 -451692670
2521 11520803284 -663837437
2522 6620668161 7059937883
2523 -6476949798 -54272118
2524 4832902292 7135126074
2525 8453964565 5033342363
2526 3988832616 8140600513
2527 5302394119 -1312052186
2528 14044139793 8420515263
2529 13856716544 8285520365
2530 6605605729 6997222499
2531 6653658259 5537410368
2532 6081753277 2628736036
2533 823589700 -1662855055
2534 2181565132 2734844826
2535 -4677592265 3381347057
2536 2140083733 14428009464
2537 -2206398669 6138395134
2538 4247406250 4692119997
2539 -1181851818 11939715891
2540 4125577938 18184625548
2541 834942769 -1615251999
2542 -2730931380 -6793440110
2543 7660689499 6064825051
2544 2984132004 7605078866
2545 3981255819 7401523412
2546 232155492 10398977897
2547 651091500 761104435
2548 5491307164 2298799133
2549 6545588567 4361231215
2550 -2206398669 1121531846
2551 14380688703 12926361009
2552 6141138577 5556879113
2553 2090500871 -1034881920
2554 -10289077162 7306627941
2555 -3570603843 4355283198
2556 6089798656 6919593368
2557 3603810596 8121818372
2558 239898224 10620988569
2559 13036985379 2764439453
2560 7013325267 5048906107
2561 3265637158 -5987879002
2562 -4000501034 3308002608
2563 6443942327 6145423610
2564 2711197416 1041710352
2565 12998733763 11905093227
2566 -2206398669 1460849792
2567 8728933183 4998767421
2568 -155708232 10682346848
2569 -5386768599 1385276471
2570 3601703975 -230264905
2571 875306830 1770283505
2572 16038799581 17944086216
2573 1613858123 9594020268
2574 6523954232 5962579506
2575 1867435188 94928842
2576 12006210264 -351418611
2577 -1017599970 4297205165
2578 12987725461 13900367591
2579 3542381790 5429346351
2580 11787856421 12962986720
2581 7954594610 -2914424164
2582 3255928098 3538411138
2583 12031056079 3234661249
2584 960497418 7723086178
2585 13470312428 11014747557
2586 2534675071 1021162749
2587 1600373687 7087912750
2588 10121872278 -10913715447
2589 -2206398669 11504457261
2590 -1013586833 -5244368352
2591 2342359729 936374303
2592 2798047705 1490444350
2593 6205490874 3158391639
2594 5728261334 6134751314
2595 7954594610 -14507528040
2596 9168448208 9736869479
2597 13571863410 10401894169
2598 717724103 -4598469102
2599 4533790691 7833946105
2600 2544720414 -2256665217
2601 2112581022 616766001
2602 -2206398669 6192010741
2603 811086869 10921526199
2604 738604552 9778219234
2605 -4176310864 15602141964
2606 -4301869042 14388998288
2607 12354020226 2372639084
2608 9366887547 5855431479
2609 10356077425 12803876820
2610 7805276930 -6895878982
2611 -2472725780 -9618956848
2612 1462911450 1267361339
2613 6445499238 6493136250
2614 1839665995 -1442960752
2615 5333367655 7532726477
2616 11999521666 3635950053
2617 -3709859304 -7266528110
2618 1705810222 2711198912
2619 -3676106242 4252077569
2620 -5386768599 3884895972
2621 2437477144 298692624
2622 5113275085 -638285415
2623 5998571442 3849167120
2624 138544407 -14566639830
2625 4926331217 -3735229436
2626 3709942754 -5621289962
2627 5030264648 3811346569
2628 -443972553 15935041788
2629 3396793609 -3867237016
2630 -6048025930 7185248829
2631 2144842725 169657657
2632 10901568879 -1226159846
2633 4885172738 7049642607
2634 749296460 -3155467316
2635 2332208472 -4486705830
2636 8999421490 14137415972
2637 12887019626 1257207826
2638 4985470667 -3872884197
2639 12683948061 12584521570
2640 8241254338 6983926619
2641 12486614170 15022453914
2642 -2206398669 1261810343
2643 4578041522 706361134
2644 12001710714 38012618
2645 8518868729 -6080067988
2646 13135156050 12183823292
2647 -443972553 18123334326
2648 3030381083 1144373805
2649 13107165676 2962652509
2650 -589717186 1225632124
2651 -1493670198 -4386894385
2652 9151562019 -8898376464
2653 8637757497 5649528037
2654 -6090595242 1031478000
2655 13037702515 5441980243
2656 -2206398669 10000000000
2657 -2206398669 6326899525
2658 611582671 3239897739
2659 7832884119 -2455727113
2660 -6351729682 6479389547
2661 6687403610 6957073244
2662 4557683251 4445397523
2663 7831359402 5736193367
2664 13025717197 2881041744
2665 6183309803 5500656594
2666 888226497 -14608653634
2667 7742753537 -3087007629
2668 10870951549 -1760454954
2669 6275317432 6184575775
2670 -2206398669 3797662045
2671 7222099715 5469050896
2672 4537837208 13396417046
2673 14186807679 10967069195
2674 9990320659 9447957149
2675 -752372972 -4563175564
2676 6451483318 3851742285
2677 1660902798 15735904889
2678 1837719541 -4587839484
2679 2940364743 728323946
2680 6114245386 6432502997
2681 2066888800 389389122
2682 7113629787 5088435143
2683 -2206398669 1656479295
2684 7954594610 6008042077
2685 -2206398669 -4536662948
2686 8203905166 4908268465
2687 8393023122 -11552192389
2688 1125492077 11755199751
2689 -7103163326 6065042650
2690 2322637206 549701090
2691 13503000882 2915314219
2692 4711411457 9814379059
2693 1119725317 12215726688
2694 7494849234 4734755856
2695 7229529658 5698441136
2696 11147254849 4377905347
2697 -5386768599 3012400258
2698 -349815409 13582418946
2699 4888367345 -386456090
2700 1521311006 995922411
2701 -5386768599 6166067200
2702 13358171113 2215442853
2703 9212035735 4970287916
2704 7495875290 5462165979
2705 3085918897 10000000000
2706 2765060121 1169891329
2707 12268474884 883258910
2708 -2206398669 6255083571
2709 -4261689493 3017926172
2710 -438045724 11758442335
2711 5701166788 8344546215
2712 697713247 12413391105
2713 14241793996 8916120874
2714 3257568920 3085782243
2715 2656151782 312740071
2716 8201984188 7695952374
2717 -3364036752 3934137272
2718 -5599754607 617035863
2719 6570781316 7302410014
2720 11818882367 4426283240
2721 1066735594 11809101499
2722 10895660769 12628696108
2723 -13458344826 6282438269
2724 11926843502 12150677435
2725 11253049408 -1257815438
2726 -443972553 15861364890
2727 15014757835 7768590435
2728 -57145480 -5677109436
2729 -2206398669 -999960561
2730 12500341862 12786436119
2731 7796065829 5671028824
2732 -3269363573 3821070006
2733 2990019195 8826168333
2734 2150630344 -2117472342
2735 10288733606 -1579772748
2736 5717286302 6035867049
2737 -4687805249 3345507524
2738 2129441941 279273990
2739 606330504 7398343990
2740 1634093052 11061412595
2741 7194046097 -8861658765
2742 4028371453 746451893
2743 4119505579 5279880914
2744 10397012622 -1491204811
2745 -2787004011 5428751736
2746 7204033616 6638078960
2747 12646011007 11910452635
2748 6629106773 7228130379
2749 477618830 11334171184
2750 8474929332 4886330693
2751 13696487801 8569843810
2752 6349607468 -5902117479
2753 4913263825 -1137659801
2754 13550626087 11637031736
2755 12020672345 13515150830
2756 13963279344 8481746327
2757 1736937999 13394645803
2758 5593359728 5875652395
2759 2466122286 -13485385313
2760 1653379417 14964215679
2761 2333640635 9144784214
2762 2604825452 1540235637
2763 -2206398669 10968694551
2764 2392003386 425483211
2765 779228771 7944797668
2766 -2206398669 4982923810
2767 -3855527849 3556052873
2768 11730856521 -1687080249
2769 2058584066 302375413
2770 2861964250 1261140285
2771 12805743119 -1413728934
2772 13509046614 12300683486
2773 4096112467 9723783316
2774 4802902407 -5544463232
2775 -5476947869 7412732348
2776 1448400418 8909665445
2777 653866753 7775129253
2778 -5630482544 12757681885
2779 -4036625739 4287339801
2780 3395071839 7331473831
2781 2667895464 -3063087837
2782 -5386768599 14330405688
2783 -2206398669 27759359
2784 3675009727 145446135
2785 5896327521 -6423116413
2786 5053116425 8053218442
2787 6147967674 2685221934
2788 4103818577 8511708655
2789 2611417962 887121114
2790 2398515571 12975499097
2791 2596777460 -519900179
2792 6517180490 6737016553
2793 14377922611 6810753502
2794 7954594610 -1549902868
2795 4344530152 3008938187
2796 2489687739 10000000000
2797 2917432022 7909772435
2798 5373098392 17876127174
2799 1373024237 -2442366098
2800 4456406945 596697613
2801 2691269926 -8353587889
2802 -443972553 16942938088
2803 847623 10325625144
2804 2591268700 762350697
2805 -2206398669 -11221018998
2806 8198599333 4782596903
2807 -2206398669 12018889913
2808 11521340577 -2202364237
2809 7954594610 15877043827
2810 6680484033 12942874022
2811 13820218576 6888154969
2812 -6453566017 6805398406
2813 4174522407 -581779952
2814 -6733195315 676032482
2815 -11737736149 -2748612877
2816 4384750777 7770445642
2817 -3079862092 -1322136459
2818 -2206398669 8002091409
2819 2454626910 1276858003
2820 6353190527 6021683634
2821 13171399442 10873818519
2822 -4782014284 -5662922036
2823 4248387111 18052763927
2824 6912160103 6946708763
2825 8601821735 -3276973354
2826 6319352570 8417708447
2827 892656252 9958241946
2828 2503260853 1110716654
2829 -2206398669 -4965198071
2830 11897066648 8578566628
2831 12676482302 -5738549879
2832 4443346221 -1759534164
2833 14766552080 9305368764
2834 1359270016 -1967491584
2835 6607951693 6655947397
2836 6996969447 5681561992
2837 11590599640 5791942969
2838 2868490791 5651242821
2839 15934640294 838997336
2840 9567407442 -1594450754
2841 1094286479 -3268439543
2842 11070538672 14695994706
2843 -620494549 15077940891
2844 1808453772 10596807611
2845 -300375908 -5882352142
2846 12270974206 11981861134
2847 4248387111 -15536787177
2848 6433573093 5043437354
2849 -2206398669 4332833665
2850 1999244237 39793284
2851 2582145456 757351235
2852 2592681573 1050982500
2853 -512032662 7771848407
2854 6451788140 6758018661
2855 -2206398669 -1174545899
2856 -2206398669 -10097912325
2857 5173475994 12607755162
2858 4418618425 3058056845
2859 12673704728 12424526526
2860 -3341254962 4717347213
2861 4765614455 9075451667
2862 1190170300 -6627066209
2863 5706453667 7874736994
2864 3022207152 3825150760
2865 6464291966 5484882378
2866 12242516494 11975900352
2867 13504982435 12130054513
2868 15329893956 11519517623
2869 5618565969 1746523790
2870 4086827260 5422542686
2871 7365725900 6108765581
2872 4158759151 -4645614975
2873 13599948125 9120615473
2874 13509984532 10703077180
2875 -906092417 11412998720
2876 15453574785 10742574393
2877 13440350246 5068869108
2878 3921644318 8550938624
2879 974941313 12599020048
2880 -5386768599 7275101121
2881 -2206398669 -4431083995
2882 7776829188 6240565632
2883 12203161062 12226933908
2884 -841526832 15980197652
2885 10420636247 -1349428587
2886 2344411817 279136813
2887 -5386768599 5268143626
2888 1210354074 -1167060493
2889 1163428550 -3286306265
2890 9923010882 5209883066
2891 1686477723 5581282465
2892 12083508618 4991808129
2893 7190043687 5357814758
2894 5931181393 8082674843
2895 7954594610 12684092448
2896 12342887230 12666915655
2897 -2206398669 11490748601
2898 1791415362 11358316758
2899 2853585068 6692890485
2900 711919484 9665442079
2901 14222998827 8220531649
2902 -2206398669 5316910471
2903 12090924159 295053860
2904 7850720686 6361921303
2905 -2206398669 -859022257
2906 5780855839 1016841436
2907 -6240284086 6625487890
2908 1180251884 -1154475592
2909 -4270682802 16312840353
2910 6029886004 6393883116
2911 -959693602 11109396900
2912 -6082391910 6968414346
2913 12822120336 11207898888
2914 8978956150 5869632169
2915 1024794261 -1766211891
2916 -2206398669 7239045727
2917 13679664531 10667214563
2918 2640857443 1437960082
2919 1829274102 7077986780
2920 13549633386 10964798478
2921 -408703508 -13073785552
2922 1389397120 -1286644748
2923 -7774704783 -2842946774
2924 14853893356 8541247059
2925 10699187885 -1293531188
2926 4304539319 6104279102
2927 790408896 7627660126
2928 7789094918 7815215776
2929 829994860 14993967777
2930 1723667485 -3334130264
2931 442422269 -6124604782
2932 7884143474 4818020691
2933 1742431902 -5901938592
2934 -2206398669 12755670636
2935 5814666467 4850910633
2936 1223615771 12351484355
2937 2031765833 -822470150
2938 2805195590 7619278527
2939 5868937498 4533418649
2940 13976174338 11008887389
2941 -2206398669 12095706718
2942 12123843520 13319406842
2943 14208886203 10770185097
2944 4431746727 -6168042107
2945 3462985348 427029763
2946 11090124730 4978592215
2947 8121910492 5897740978
2948 -3178089648 5419153040
2949 1089898910 12470994339
2950 13460082439 7778815766
2951 6242011935 6237013506
2952 12162013047 6011924047
2953 -7317967442 7167002122
2954 3767890182 39938977
2955 6060298632 9877253231
2956 -2206398669 666621587
2957 2256334030 -909972450
2958 693653964 10091832320
2959 -3238794357 5143568957
2960 13814608730 7594773766
2961 -2206398669 1259089373
2962 11016156580 6346331126
2963 5756392318 6767337061
2964 6969959473 5279029139
2965 2983504988 11851010342
2966 6849686395 21232012817
2967 -2206398669 13490415418
2968 4222230203 1729996055
2969 11300682497 13730196168
2970 1654500398 7207415532
2971 7448760947 -9211029558
2972 1670254290 9377654176
2973 5489877384 -2403448316
2974 -2206398669 5691604473
2975 13724431772 10976636530
2976 -2206398669 7867456161
2977 7390433903 4873000354
2978 6083469114 5973334057
2979 -7425969747 -2139161591
2980 1808242576 -2517344105
2981 371805330 -3549843666
2982 69600685 3870151492
2983 8750006074 5005598047
2984 12618943478 12645466129
2985 13305192680 12615118935
2986 7774218974 -6403744347
2987 5562721782 10304596510
2988 1562591302 -2049617424
2989 -5347577053 15119346538
2990 6672116343 7317478462
2991 1518852646 9392054843
2992 -2206398669 6792229363
2993 -5386768599 3898507962
2994 -2206398669 -2460245542
2995 5917587789 -1067282548
2996 -2856133406 -6362536439
2997 13708840625 10460092875
2998 1614394362 3617593324
2999 6515062173 -6384822302
3000 -5465200804 15494809137
3001 6420668160 6168019387
3002 -3382096655 16625425959
3003 -7998953491 6823872571
3004 -10800800514 -4981195991
3005 6276072489 432735842
3006 12657400866 6657818743
3007 3122804057 301850759
3008 387588469 6567234355
3009 -2206398669 -1386139973
3010 -347969642 6759820645
3011 10741253058 -1820031816
3012 11716287011 -2709856253
3013 13776630867 10564557571
3014 13188208576 10572562336
3015 8887694816 -4609655541
3016 -3357981353 4958689585
3017 473339703 -6725875053
3018 7122583969 5334108441
3019 -2206398669 10807960091
3020 -6252758377 12313627592
3021 11325469205 4666525953
3022 16680181906 4876874574
3023 -14508209798 8643490844
3024 -2206398669 3625470842
3025 -7143683443 -2046188142
3026 8328084000 -5146471604
3027 12517428001 2771980360
3028 7543836873 9546856714
3029 -528206795 11028621781
3030 781094012 2799739155
3031 2597819774 12200384706
3032 -2206398669 9437751851
3033 3492197668 -3118339936
3034 7954594610 -2078162835
3035 945369869 8392878499
3036 13566241855 9354745370
3037 -5386768599 595002776
3038 2618357187 15529679718
3039 -2206398669 14540920897
3040 12685711128 2065403204
3041 2342627397 -583779087
3042 12806492737 11478496883
3043 3655765929 14941580800
3044 2061297736 11936108054
3045 -693204695 7544235049
3046 8602789614 -1533562005
3047 19156838617 -2492446815
3048 12225306589 14210639106
3049 422199158 -3342442636
3050 -2643590730 14583856501
3051 2245962837 8840976460
3052 -2850708781 11876710221
3053 9934594362 4814233942
3054 11824010356 -2988526311
3055 7349988325 5360662557
3056 63084312 7356227575
3057 5028443178 5118806487
3058 -5386768599 7253659574
3059 3188059560 1032401482
3060 3559639754 405507733
3061 8094145059 -4408729381
3062 -4510276644 14656605608
3063 -2206398669 8094530970
3064 2319704286 529564619
3065 4358384577 8923966367
3066 12292920403 3077533438
3067 3716072021 3375029440
3068 7470226642 5444320481
3069 2180928925 -1815315047
3070 2574648520 1368127045
3071 556517620 -7295660823
3072 4148116867 6192418450
3073 -2206398669 9219444059
3074 5724782287 6769779055
3075 4267856716 6352063710
3076 13284669539 -736812918
3077 -2185695996 5964225638
3078 11898770562 -515750776
3079 13551348362 9276623134
3080 5744571808 2546534596
3081 4831460139 6155020793
3082 985757189 4029911128
3083 -2206398669 9440856402
3084 -3543206083 2873348738
3085 -5386768599 7048868197
3086 5994572599 354314516
3087 12685486083 12864717718
3088 4209564500 4888423397
3089 -2206398669 7722684460
3090 2617697168 4985133600
3091 -592283104 -5686275522
3092 -10867205873 -7602373275
3093 6422418246 5915056625
3094 -2206398669 7194631585
EOF