NAME : 3104
COMMENT : tspgen
TYPE : TSP
DIMENSION : 3104
EDGE_WEIGHT_TYPE : EUC_2D
NODE_COORD_SECTION
1 4145130246 6561946246
2 1986590636 5327555877
3 8693451071 2789399123
4 7272243051 8613878988
5 -657545424 8223108388
6 2332091295 12266811085
7 -2271007918 10629082686
8 -2138489467 2632652046
9 2334028675 5373546963
10 -4595521952 691618190
11 8674918115 8661418477
12 9831849249 3363957823
13 12259198537 6371519531
14 7293156104 2091144549
15 -8634302579 -3357490393
16 -3086165925 10388430697
17 -4424891254 8640626273
18 7162855881 -698865357
19 4432131907 12385425562
20 7284128046 2017834012
21 7539711723 8315420093
22 5286566143 0
23 6451038084 -52595581
24 9107389152 468790375
25 6379030194 1652484569
26 2092306622 2613731634
27 -797619882 8687637396
28 -2559985126 10051892710
29 13855546347 6370359353
30 1345660419 1958935694
31 1257844691 776844946
32 -6979156197 3964973713
33 1710036885 4792607874
34 7034858747 8886065939
35 8850055783 3586289146
36 -661026172 7325239372
37 4264251364 1778254139
38 10518480954 3930481719
39 2759784894 5996940676
40 6918291412 9113600013
41 9251848069 5861527695
42 2376369169 8982562330
43 9343138124 3462591890
44 8904417631 1208410467
45 3134275434 -275117097
46 -2878122231 11898917794
47 2833133447 0
48 -3086483406 10483750520
49 10000000000 3201808981
50 -1327567173 -5492563652
51 -691460657 2443115208
52 9982207652 2361976976
53 2435648366 9403649789
54 -3156977924 2506838352
55 -8534804414 6384026664
56 550497087 4480939431
57 799774305 1247220233
58 1823663697 9908222204
59 -1624406243 9324678572
60 12938216 3149497676
61 1794531095 1613441160
62 6941232064 8396677907
63 4341750760 -1239956361
64 -2068571242 10220702623
65 9447694656 2723179573
66 -4875279020 -2225114499
67 5120408260 811209461
68 11013080104 -551257444
69 9574778739 9138687945
70 6316591216 7986804299
71 -783230491 19510742879
72 407283532 -632616560
73 274687631 -1440783100
74 6457743895 -6979624838
75 5415765533 1774269469
76 8431257062 10979183790
77 -939939036 7528400275
78 -8534804414 13553269714
79 37023912 4649699795
80 -1336455581 8394310052
81 -5598467822 -3675576941
82 10000000000 3318570259
83 1911553454 5096329353
84 2814169611 1179383901
85 -3948548806 6827017624
86 6260731086 7998104649
87 1256346867 4538121303
88 3620349740 -1255685737
89 1937248789 2139671698
90 2815562802 2124176718
91 2758176867 483595006
92 -4879606103 21259523688
93 10528346710 3646252089
94 3959296035 315939796
95 940189597 -206025468
96 -3544997090 13199129722
97 5227801979 16770893466
98 4696752962 480853557
99 1779717201 4354633221
100 10157660711 10507217458
101 3132357793 5913720794
102 13145086879 16117162385
103 -2133784057 2574978712
104 198938849 6618304421
105 7179337688 471091696
106 8921319807 9668384911
107 1979024363 -3265106418
108 -8534804414 1061765458
109 457507699 6697271737
110 10363727798 2681864357
111 6643189573 8632272010
112 552001109 4204225311
113 -4424891254 8194399804
114 8690058028 9393850762
115 -2604947694 2532153417
116 11315841701 4627523293
117 1809932328 1647813515
118 2353856691 1299239201
119 7745613433 1846846478
120 2806625524 385858441
121 -1554905453 8376037572
122 919635708 6006077428
123 1224425137 8315748428
124 5578353886 7502391538
125 -6033488933 5044814280
126 9469630308 4762473743
127 8823125341 3022476280
128 6813918535 -7273337939
129 7218446510 -7456207837
130 4621448734 -14472190195
131 3795731494 -1609487296
132 -2367147952 2288753144
133 -1740541969 5730452014
134 7824128636 1436202743
135 -4424891254 4288726578
136 8829476103 9992686130
137 -5927152768 -10007327744
138 -3942349528 12414904502
139 2617233850 1235885632
140 3868998878 265691035
141 859581240 4978102260
142 4127709651 -825517422
143 -6582056417 103979101
144 8395755990 8117916895
145 6718991779 8328787986
146 -1382903318 8461300158
147 -793152952 6912458794
148 8432767591 301139338
149 7748344279 8926284636
150 9996672978 10401581358
151 7410648945 -5437415186
152 -2224249888 -13594940014
153 469940645 4150379299
154 4725450744 1942780502
155 5558442661 -4163070444
156 8473805670 9559829014
157 -4424891254 4762473743
158 2297364504 8975332178
159 -8534804414 2107770557
160 8355069586 1737709988
161 3361374601 -733249360
162 -1962843398 3409621305
163 -3517808388 -5699541441
164 3010341511 -25102405
165 13965078580 12630988711
166 2691538222 2971042572
167 12533380227 10167262888
168 13601415130 7251071961
169 6892329961 9265117535
170 10000000000 4690753158
171 -371231062 8313524708
172 10037927296 4261267009
173 2977723035 9146453094
174 13145086879 7195985633
175 632776109 5203314014
176 -7464324808 1512430166
177 9344995748 1645448304
178 15376472926 13741575727
179 9704796529 1032961148
180 8202820092 8736162817
181 6067906391 656315903
182 9064884527 3737681484
183 9739719556 -3038437527
184 3005819671 3030831616
185 8569171781 198690907
186 8728892001 9569695379
187 -3244236390 1731056143
188 2376319768 5427780781
189 7872085765 -1342785528
190 6930666830 8648402559
191 2781046756 -177455817
192 6978158370 8496666796
193 9877832745 4125118849
194 6862351401 1547241357
195 779416203 -690308823
196 6587923899 -176876212
197 -215628621 3700525995
198 8001071186 812560000
199 -4071507710 20568273965
200 -4373086512 12154117106
201 -2561796721 4762473743
202 2563777222 5524302179
203 -2211534443 6606294137
204 3860260986 285108296
205 -44076582 5073112166
206 9322570473 3661349373
207 5150974976 870110515
208 10270494543 5970265722
209 5196742093 899701397
210 13173091672 12535342400
211 9347527212 4307257977
212 9916955338 3451146433
213 -1932915172 9947040579
214 -4176667630 14473412921
215 -4424891254 6804480293
216 1367375091 8227129735
217 3051013942 5844014655
218 7437569592 8535144996
219 7699874402 2098990118
220 9759564855 9417281983
221 3822790751 914889780
222 3289705379 8566543154
223 615058117 0
224 1057533703 7206653720
225 9118516718 9825357316
226 -3742750677 542335587
227 6196499847 -6452611339
228 96635817 1622378414
229 3807317145 12890280081
230 -2830525402 11641672110
231 12511501907 10575738190
232 7537216280 2126255670
233 -2283165149 12952151692
234 -1035359213 -2257780353
235 2769103617 461552229
236 1757185683 3290366561
237 8745237020 9637300962
238 1986938935 6297363728
239 7354964952 8587781932
240 9352826499 3058004796
241 13145086879 2606638293
242 7134260561 8523338350
243 9049837904 -2412083898
244 -2198240701 10482287742
245 -3927756866 -7572205538
246 12768362908 -5788187064
247 9594278481 10080655831
248 5199013536 8534247762
249 5153237611 1513225128
250 668501564 4161867547
251 -2381282331 24929773843
252 6883056072 -444831023
253 2918636372 2584843804
254 -8534804414 3273030879
255 10419368681 3676391177
256 1424140236 4914643535
257 1852442215 2310753910
258 9026985121 -2391335523
259 -1533799181 8402744592
260 -5693059775 11046940856
261 2938682356 374538712
262 -7116192586 7985740134
263 10000000000 4084478651
264 -4424891254 7779820096
265 -4424891254 4041842831
266 10000000000 3409590806
267 7942883614 9053936452
268 -3614304116 1470400648
269 -8195772962 8270491793
270 4129118155 1856949314
271 989054069 20332733255
272 1396023148 3049730469
273 7864944046 10215473003
274 -2129556409 5312363724
275 -3814804791 11859284787
276 2082730073 1731957647
277 13794002844 -6719380543
278 2847129640 304148576
279 -423713708 3563985797
280 11446504891 -1206254165
281 9352567801 286528633
282 13145086879 3903123641
283 264851430 3976461246
284 5064566747 13753198369
285 702403430 4304221274
286 -1166561393 5799819661
287 214912283 -953380051
288 13145086879 4440035319
289 12975970835 11154578495
290 12770027333 11939753955
291 2242847200 12527465381
292 9484034084 4135317732
293 2358048377 0
294 -4974214122 8086077224
295 9904970877 -3188471615
296 3228960835 1715784079
297 1208956145 5120043790
298 1636949380 10710799040
299 -295334220 -1447930914
300 -4424891254 4762473743
301 -4194853612 2042537697
302 5091973881 -111382538
303 -8534804414 -4383489154
304 3336466430 0
305 2022248244 6196266282
306 8610956066 39427630
307 8218969588 1604028458
308 8557906042 8469862784
309 6392933395 -5686465455
310 -2972467647 4665246389
311 3996671135 -1203359516
312 -678964467 -960835763
313 -2381282331 18493515081
314 454007872 -3359186190
315 6296134182 7973380908
316 1164163639 4605910961
317 0 0
318 11293991088 3455804782
319 3276627253 -749019584
320 10778891387 5476436144
321 9913222609 -3195963482
322 -4424891254 4735373148
323 -123960664 2225447761
324 4232490035 9620790152
325 -4077410023 1924187879
326 13145086879 4563708654
327 4280402432 1440692544
328 13145086879 6091573498
329 -16892164190 19653380621
330 -4424891254 4747668871
331 2253017057 5600766783
332 9374038050 9967023414
333 -4424891254 6931861146
334 6871995872 -434789306
335 -46321329 3811621180
336 3254619228 2071728678
337 2703315752 6678833565
338 5503825017 -2687180737
339 2305094708 1397607846
340 -466113551 6988028650
341 8030828614 -324408677
342 -1839466869 -3469469120
343 10000000000 3664673623
344 1935742344 4784631262
345 3420709949 9793048247
346 13145086879 15162842719
347 2985627939 5801110006
348 1969294127 6796436740
349 -106172371 3772348432
350 4193328541 1467081244
351 318909295 4051276327
352 5875213416 -5500440624
353 -2919102216 10568249027
354 16528943486 -6554210272
355 3769691351 -3820842097
356 -602843725 9180938382
357 13145086879 -6130220260
358 8756329875 1686603417
359 1381057584 5269468180
360 -1460816394 8023936783
361 1630509898 3518196424
362 4764241725 1633563050
363 9966615491 4238791050
364 13145086879 4762473743
365 12227585362 17314931602
366 9545140426 -2861776292
367 2278159780 5928190967
368 -11299386813 -7034569551
369 2655085602 637202315
370 4056228757 6503611325
371 1756898733 3229155831
372 2598514891 6079375258
373 9082940844 3698072183
374 2961216485 0
375 4492078484 0
376 9882285179 2844129961
377 8783832836 -2170574011
378 6835674524 8646338474
379 -991528045 8047959136
380 7586470234 8998127063
381 1537860221 139705630
382 6708113085 11284152431
383 -3102589672 2334861894
384 9483711372 4796500834
385 6403445067 9306450919
386 -4424891254 7047167175
387 -8534804414 9577758146
388 4011961567 9243387013
389 8175753524 9206739828
390 4720962099 1833073964
391 -2371950388 7247799528
392 -1201886709 -5464806634
393 -3012928522 1865008182
394 -85056971 4814121816
395 1953223492 8584345472
396 -673426492 19118628930
397 -4424891254 8660522484
398 -2124953927 -3316053115
399 11669156440 186431121
400 10000000000 4001677883
401 4919630087 1145090479
402 13145086879 4563708654
403 434056272 5076975520
404 6047107398 19009148672
405 7355104518 9031501541
406 2324577248 1805176169
407 7801825952 8961377964
408 -3958543152 14033385501
409 -4648330263 15833757507
410 10000000000 2420053197
411 9289784901 6193791907
412 8597834669 10395857560
413 -4424891254 6839165058
414 -1474991547 9023260942
415 -8534804414 6116845731
416 8487922240 9906546174
417 13145086879 2751368109
418 9048462947 3727671879
419 11789519478 11578002123
420 3442555525 1118190774
421 7584017804 11366400611
422 9052722818 3390617221
423 3132256035 1200833566
424 8182218996 9210982308
425 1755988612 -14027536030
426 6273166010 -6607271714
427 2058325049 4049243070
428 8150797468 9190364292
429 8957535114 9719725237
430 -2311847553 8000816408
431 2480619101 2660767498
432 2891725002 3137480130
433 12894277801 2132867142
434 -4040942770 10249618431
435 6577481126 -8057587034
436 2342808829 2568028534
437 1650539919 5691830285
438 -5796838702 20485321318
439 -2374640199 10838142420
440 1308651526 -754157350
441 350361795 5431283673
442 8361331627 -1786978992
443 -681756798 8231126226
444 3199768294 1916746619
445 -1497824245 12072214035
446 8126659539 2634902879
447 -4003809194 14124701707
448 9525926864 10032955023
449 -9102602838 -2130882884
450 9810029182 4257179433
451 -2046026107 10175221815
452 9587333458 10132983064
453 2800504180 5790358629
454 10925335328 7920760613
455 -1074374092 3137038824
456 9639240925 2930354770
457 -3062898346 12226581073
458 8835608075 9715954728
459 -2485579172 11061942108
460 5712265690 9032947449
461 13145086879 17443340554
462 -289392221 9446650290
463 -731885611 5061569483
464 10693536292 2623216614
465 4723421135 1637351355
466 -3048348206 15784702219
467 981914218 9892322265
468 961917475 10971928316
469 -36214231 3818253204
470 1464782553 4527917173
471 -2709041357 -4911717807
472 13145086879 2576187545
473 7536713799 11373456951
474 -5237838512 405078227
475 3211662323 -2128879695
476 -5298357447 27221339
477 9646732775 10171959402
478 1894037315 2226843179
479 2508459440 3886384298
480 5124661007 16489123306
481 2613130613 -86051989
482 -929434450 11863502970
483 3659013680 21827623496
484 9600110445 779498489
485 10000000000 2731601771
486 9556833395 3414626899
487 5011734240 8541449932
488 3515756855 1069104646
489 -5401670338 14229795961
490 4594596148 10473701000
491 9092353918 -621955985
492 8886728902 8405567793
493 6895565320 9399012942
494 6264756359 19603742467
495 -7291038634 4762473743
496 6517281777 8118492396
497 2224825187 -3198870641
498 2466174328 1072658302
499 4020585347 6480223016
500 3813193454 1764190967
501 792869385 1113568326
502 -4424891254 6463219969
503 -3692323331 13270835060
504 13145086879 880632116
505 4241258858 -2508259678
506 13145086879 3739742164
507 5085030289 1111008728
508 16489457636 8212557859
509 -4424891254 6103693611
510 554431081 5464280987
511 -8534804414 3636019140
512 9235301418 4012579629
513 2114655994 1982428662
514 6663350704 8214339151
515 -4424891254 7539729764
516 441383248 -2801493447
517 9362320177 4370208457
518 2605108946 792382370
519 387410578 6870988217
520 8534166366 9441921317
521 6554854595 9152034070
522 -2748431674 2500095947
523 -5341110435 -3442812526
524 -1653363694 9383095089
525 9641468603 9468526465
526 -2434703343 11520432835
527 1106567537 3500912836
528 12884545722 458301987
529 -4969512851 581146774
530 2233891796 8989179321
531 9324271572 9454217721
532 9044378173 -23622168
533 3953617171 7449564194
534 9402715887 4500687909
535 3247979277 2243052770
536 2106720419 10613599530
537 13145086879 2808492081
538 -1313918345 8698324347
539 6810721788 8846387126
540 -1208588674 6409920504
541 4575821639 7229724296
542 11277410900 2539476548
543 1517988619 5703115633
544 -2094331695 2467768307
545 467845484 4149004507
546 -662383813 3407376479
547 854519100 3931952900
548 8004646466 8780415658
549 3103511063 582245875
550 5157101708 8191938094
551 -3102912212 11628690468
552 2887347279 1391355151
553 9338960251 3487172880
554 -1490959835 9055474129
555 3224278835 1246809951
556 9247635591 5770651835
557 -3835689342 2117716886
558 -4951089893 17407411476
559 2389697868 5410075687
560 386642908 4307914378
561 -1131654270 6689712512
562 2661094395 5588159259
563 13207369509 13794749329
564 453461376 -2262121763
565 -7958797500 1187768814
566 3138686386 2764104146
567 6845999158 1739487576
568 9668701009 40994870
569 403211574 4106593362
570 14269935501 11652737257
571 13860403149 12936863883
572 -32800484 5583162229
573 2176011367 1926902424
574 13145086879 3197144896
575 -8381747348 3277725075
576 14035884818 7023914253
577 3938046811 1131529771
578 -24187401 3560354965
579 -437646378 9237135499
580 -13642649525 9707167717
581 -8534804414 5588170695
582 -2586614428 6285656028
583 2133410123 6211555939
584 -3166672490 6104804976
585 1828548897 5661875338
586 9525133847 3014134567
587 -2381282331 18321197162
588 -8173585418 13938060821
589 2011250765 3843326263
590 2558078896 1499541397
591 7981286133 9079135219
592 165497203 3950611173
593 2323432388 1447060028
594 8304554166 8311122347
595 8881777284 2514542575
596 1828669389 2358711366
597 2984603521 2623864201
598 3162367305 6564190745
599 3163121725 6752168308
600 -8534804414 2025250061
601 -8315384879 -147350511
602 7162855881 -698865357
603 10305818355 6418882212
604 9673828233 4395327955
605 -4424891254 4849262216
606 -4424891254 3938709824
607 407297742 4733216981
608 12562694486 -5601457700
609 8309074065 9365416944
610 2748002732 6310401051
611 2125508 3843410777
612 9394249423 1781569880
613 9303268094 3404347351
614 5987117350 368604828
615 13145086879 2503919303
616 3187281491 9060927141
617 -1087577518 8241721901
618 9240300876 4489376251
619 9195099393 4048456725
620 -1912364538 -3435172059
621 8814511691 3522910998
622 1621093671 1831597706
623 -1290338434 8650756061
624 5264705197 802142219
625 -3550313002 11473241535
626 4392208040 -207037153
627 -5318291906 14815036926
628 6886645185 -448089632
629 -8534804414 6633890001
630 -1755042828 9588214695
631 -4241582810 2672802992
632 1648898947 1481978989
633 8226226355 -1664314942
634 -5438486250 273418229
635 -2645373824 -6960803597
636 3407341668 2441755410
637 2044404572 1923503926
638 8507715826 10384304125
639 5538713578 0
640 8805176951 8314541452
641 13145086879 3487921743
642 4767258986 709516970
643 -174927632 6400612742
644 3584276030 -1197170515
645 9324644879 5879842746
646 52121960 3876217190
647 14424914449 5242209313
648 -8490785101 400759405
649 -1485221081 9032672926
650 3665277817 6984194580
651 1096995141 -7161740131
652 8139752747 9183117024
653 63504397 -1231680943
654 7868041284 1053555919
655 923965477 -15676093945
656 953308053 11538165357
657 1633507609 8632009198
658 0 0
659 490688570 5183247697
660 2485779033 5779124028
661 4638484795 9427437938
662 8934255684 9704449861
663 11061291877 6848223710
664 5033935557 221812239
665 7228143626 -758141054
666 3611377367 10172361380
667 3073271579 1963851324
668 238401342 8658708678
669 2294696139 6259174154
670 9628069677 2743073707
671 2425171624 847936206
672 -4365453858 12055387115
673 6062413864 1369493109
674 3051578794 8758917053
675 3571275834 2256961802
676 2648894693 704052397
677 2729167277 542116706
678 322623795 5167148905
679 1914468994 7794626676
680 5255807651 661198834
681 1915055121 5128783671
682 369232947 6096526814
683 -2386264332 2276209456
684 2706866560 5991570856
685 240155810 3305508215
686 -1529946029 6306696210
687 2525548261 -1267143729
688 9502312416 2134438832
689 7083100573 -7202693989
690 7490593697 1619150408
691 574102506 4218727691
692 7436628250 11321231353
693 6986168170 8426163849
694 11779970447 -115745017
695 8466282642 9136603990
696 2417438002 4063169677
697 1747724558 4988828953
698 2795310602 6938503301
699 8024695808 9107619555
700 10164499798 6353759011
701 11969897791 11735390960
702 8473235844 2732275418
703 -1470553458 9841760763
704 9192495654 442921191
705 2489034094 3294916571
706 10718314308 -1324238297
707 2199945489 5285564950
708 -1235133818 19356842383
709 5583477123 1453160263
710 -4769465419 15669277245
711 -1846754471 8844716337
712 14834972717 -7726308703
713 -8526756485 279095743
714 8981293193 9735314691
715 11071198416 -484093350
716 6667948650 -3249912293
717 216931992 3984361387
718 -182019256 6414918834
719 10076205152 7724265411
720 2643353485 3040776211
721 8943792793 9724653278
722 2157481768 1695390753
723 2598799644 0
724 3955482487 7144864882
725 12296970157 6492194636
726 2144791107 2115741563
727 8417907162 9175703984
728 3850725276 2362632098
729 7722214696 8909139061
730 8137271803 8931517425
731 -4424891254 3509419112
732 3912488368 388283645
733 992228330 4493091337
734 8004327984 9480401212
735 -2621962292 2218349748
736 1867720928 8689898376
737 2160159713 1656956813
738 -4065372019 17622015736
739 -600493223 6175273443
740 7695129814 8891366643
741 3649033425 14920136956
742 10000000000 3427832592
743 3466979404 11960513594
744 10466481154 -3698274997
745 11593321601 4857908879
746 640171459 4957384563
747 8343525772 1049778503
748 7909685357 8730864945
749 9584112470 85016917
750 8306578214 2847153166
751 3693259230 7871493966
752 2969143380 3080378161
753 11161353957 5599520767
754 -1946637026 -3215398455
755 576366933 10251830194
756 513680232 -1543234723
757 -167501429 8824785105
758 4382610018 14461918982
759 -4424891254 3488367844
760 2566988078 401759384
761 1310767986 3239299749
762 -3540438628 -6037870795
763 531524227 8848617223
764 3482136184 6126906223
765 10186828972 -14502392108
766 -4424891254 6941895677
767 5219522373 1187753785
768 8654525812 8372898644
769 231279824 8139051987
770 1596175879 9796486070
771 4190706996 684305448
772 -587915165 7593339668
773 5214074413 8416293877
774 2649274715 833741527
775 2686376989 9141468100
776 3356109347 757597411
777 8312613902 9315478836
778 -354534385 16810052982
779 -3643923348 1450744089
780 2290657433 2527567903
781 10000000000 3269619988
782 -4612036361 4153444067
783 -8534804414 4891475290
784 -2184819251 10054186108
785 8508811313 9425283969
786 13145086879 6121110181
787 5181472078 1489881752
788 13145086879 5121716519
789 3509303597 10068217719
790 5029828922 10004194200
791 1187202431 8842458093
792 -4188050553 5124361173
793 -4817721931 639271308
794 6415678981 1424574291
795 8013172614 -1470880339
796 9673223712 827424082
797 8196226552 9220173714
798 2140328043 1964910561
799 9544109413 760974548
800 875372196 4566610641
801 10000000000 4141523329
802 13145086879 -1267216829
803 -583749252 7482024631
804 3145706835 5939924527
805 6784308336 -849185916
806 3757466486 371703355
807 5359112636 365553563
808 7658068297 1858755176
809 5018412124 0
810 9645680780 4637957644
811 1647183247 3261269266
812 -1434978650 8755991693
813 5507006137 17533649510
814 0 668207853
815 10000000000 4111641336
816 1242846740 1937248477
817 9640608237 5888099666
818 873378906 2858556243
819 3121096435 2794091817
820 1221578382 5859483289
821 8794915520 12285373511
822 -4424891254 5009787043
823 3827719100 2031881951
824 10504688341 10804859289
825 -410755261 2614446726
826 2362542756 5941359128
827 7168080688 -703609035
828 9473726476 3584759539
829 258454483 4011607401
830 -4043768757 322570587
831 3191377352 9680205561
832 8272646416 144781712
833 7690711440 1545591207
834 1375212862 6486239241
835 9346601520 6222411977
836 3032079529 12045441925
837 3820991805 10666700356
838 -4340999149 8109527062
839 7650957778 -11885728567
840 8261452512 -1696297285
841 10467976729 7508935759
842 2009809451 1993293442
843 1958479413 -12667027298
844 8943823395 3419268885
845 8554701638 9754269494
846 2528108736 947716626
847 -1154042450 7086920571
848 8425695748 9378685222
849 12639452543 10364650877
850 12721320671 6559718141
851 -2316973967 9359752573
852 2675346151 650691274
853 9035818781 1461424860
854 5655967090 1611144016
855 3308554053 -626693278
856 8988118046 2792214633
857 13145086879 5024994180
858 4504244797 1808182180
859 -4424891254 6500977998
860 -1997049555 9412655203
861 10000000000 3392853197
862 4758523758 1674578940
863 -999183812 -3465791751
864 -1279063423 10754263122
865 7283301955 -6734794313
866 -497559041 7108048979
867 -4424891254 7055155397
868 5378568257 1670389581
869 581638298 4925340750
870 2276774197 9863545608
871 9909506473 1086300669
872 5401875421 0
873 3812539758 -983722570
874 -8534804414 1249103618
875 -204564993 13645500269
876 6046253295 1341271225
877 5288069698 -6992469410
878 1018489231 4510323079
879 9457853124 4091498723
880 8654785240 1096899595
881 6770943037 398283739
882 -1314290894 4911340479
883 5253580605 1727558719
884 -4629344517 591673999
885 2652594008 5673613585
886 2371325926 2481093237
887 1608102309 9796218115
888 4490733309 1912923827
889 -4424891254 7724348239
890 8422795229 -1842782695
891 3795994665 1020688625
892 8948749846 1381293057
893 1873079777 1145361071
894 6651434397 -234538322
895 13145086879 -2984856234
896 4041084025 1852054604
897 906127327 -2658114998
898 -1851619127 8885052485
899 971276265 4479343119
900 2394367630 1450077365
901 1222721388 -4814457106
902 2458411680 5455163961
903 3011430521 2174668054
904 -1082047167 -5839423537
905 1470997021 12506591419
906 4775239391 -504576335
907 -8534804414 12762960414
908 3111942058 7352473599
909 7388401492 8690099235
910 10906550119 5601658934
911 13145086879 625804534
912 1949497620 1731192718
913 -8534804414 6953770395
914 2397994988 1210198019
915 5805946501 8850751150
916 -343083523 8172313317
917 10404993251 -14942499819
918 2885969435 1844838247
919 -3503782780 8716063975
920 700422211 7948438138
921 6441020445 -5721577642
922 -2153130444 8333879635
923 1675292838 4941301081
924 -5105829213 9414742371
925 2402542396 3885281577
926 -4424891254 7701799357
927 9782029043 3944956952
928 -2752860942 10571055414
929 554814981 4372836731
930 3158619830 -324227595
931 5372624645 -345461081
932 2524397210 955203971
933 1026555287 6340448150
934 2588205968 3859926762
935 9625575619 4516599022
936 2199539629 2118472895
937 -1035413758 6327228468
938 2214120158 5228592639
939 -523228869 18542423805
940 -764033472 8719219889
941 9671122005 1168076270
942 11363160625 7038769327
943 4703715856 213040762
944 2077213189 1857318364
945 -4158363757 2507532079
946 -8534804414 3059264820
947 7881875110 8877848766
948 6379030194 12781433
949 -7310708238 8037045860
950 7173559458 8549125298
951 2168277486 5773092798
952 -6730965260 4054575975
953 4587123155 6851970872
954 -4506505464 567876443
955 2393449009 2467904190
956 2669820830 11956651268
957 2406216973 1193611624
958 1864657448 2286111845
959 6282748192 8029176225
960 3576667037 -1405052743
961 10080792156 4758906232
962 -2019457603 8145756024
963 11238181254 -8213757812
964 4050980504 1939743849
965 4152474317 13833212741
966 6477718644 17697139355
967 -2693979723 -6972070367
968 4162038310 13859340552
969 2160091092 1690126904
970 9737896842 2915370622
971 2150720606 4342753974
972 -1721608931 7251752035
973 7747300060 2165224077
974 1807304280 2059561018
975 9080216060 3198516830
976 13145086879 4762473743
977 2711197052 578368446
978 6585241075 8617319080
979 9348692057 6102149908
980 -2099010962 7720167539
981 13007408552 10498525750
982 -8534804414 8582557418
983 6090291929 274931121
984 366657285 -4252148764
985 11745848718 11549346469
986 9826954964 2450063636
987 1817079322 3897435758
988 2326481988 325277270
989 -6956537549 -2570262299
990 -4424891254 7312483089
991 3950133074 9087152183
992 1378473063 16600299949
993 867636836 4411337534
994 1153894671 5078646646
995 3886319231 12322948945
996 10568662753 -1562000193
997 13145086879 3200287875
998 5437001271 1296386545
999 13145086879 5346140891
1000 -8534804414 13553269714
1001 13145086879 3169196673
1002 6814338369 -7518060424
1003 3300284701 -610011328
1004 -231559066 7309624219
1005 1575522539 4875834321
1006 5042923615 1222239927
1007 2522361241 7090440681
1008 500614277 4170506564
1009 -8534804414 4762473743
1010 2570338516 862525541
1011 7808066140 10108656286
1012 8546876925 -1955438279
1013 3999976319 6542530925
1014 450801452 4444540028
1015 6179590703 19186316751
1016 3441799667 1854079009
1017 3312624024 2021689082
1018 1916314349 3842257395
1019 2295650028 1416660812
1020 -4532523229 601619481
1021 5201426937 1762350993
1022 2316197387 1375210162
1023 -1233207825 8535505196
1024 -3052399995 -5402713586
1025 7952686858 2347556991
1026 1694080853 3358043051
1027 13145086879 3638275641
1028 6794151695 8300167470
1029 -5087397491 6913271328
1030 7571482137 2227703617
1031 8986548463 7989064539
1032 6724078876 -300493305
1033 5293708974 -4631390988
1034 5112232555 1802961258
1035 13730729972 12856314412
1036 -490474084 5018417058
1037 -2951507623 3323541313
1038 4900505314 1875421217
1039 7368615723 948574538
1040 8133642200 2254902410
1041 8605771207 9488906612
1042 -8534804414 6596693641
1043 1982177251 -1629706639
1044 6582171824 8161071612
1045 2014684867 7432050089
1046 9576005977 3288167576
1047 5073874507 10302748043
1048 -8534804414 4762473743
1049 10000000000 3919842702
1050 10066404213 7557956973
1051 -1144101864 3091285214
1052 7078206117 1422765362
1053 1594986580 7118580855
1054 -2022384432 10005689300
1055 -1968391398 6210661653
1056 9806296542 3556652424
1057 2014341483 392871497
1058 8487988491 752922655
1059 8506624889 -1918892867
1060 8283031550 12762960414
1061 5595204506 1025384154
1062 3966317696 7957093867
1063 10826173522 10729681287
1064 109468491 0
1065 5673823077 17661619424
1066 -8534804414 4762473743
1067 13145086879 4493708768
1068 -4267503093 14262402938
1069 1566410121 -12578397278
1070 1603327134 10830215839
1071 5602228895 10217026148
1072 9261297194 431972264
1073 5341231566 -4134927044
1074 13145086879 3976862724
1075 -2318394887 7997570852
1076 0 6898431898
1077 543695434 4770472824
1078 1723547610 2432379825
1079 2789382789 3002133253
1080 1747915506 -5329397019
1081 9030199057 2296311752
1082 -1931593290 9944373916
1083 10300311049 7446664182
1084 10599922173 -3819428047
1085 -3335121698 877066134
1086 -4424891254 6487659652
1087 9071863552 12355461182
1088 6997752178 8433764984
1089 6503123279 8294661499
1090 -4899299080 294530085
1091 2478892071 8996705451
1092 -8534804414 1454764157
1093 8005462894 9094999401
1094 -2074868223 8118288616
1095 6169133883 7890046507
1096 -528732975 7114352225
1097 -2374640199 10838142420
1098 2814991684 393434771
1099 2348967823 5527121879
1100 8900645375 7048951408
1101 1745701914 5268256457
1102 1579225424 5041802856
1103 5966517083 8875905749
1104 1307066821 2965746819
1105 -4180648684 2476778533
1106 -4398082476 13512658092
1107 -1528316366 7506184181
1108 2601112062 9348068674
1109 399956376 4104457383
1110 -808530724 7678794522
1111 9176970713 3501051202
1112 13145086879 4563708654
1113 4941626545 1394813198
1114 8999257431 -2366161148
1115 -5046460252 530655826
1116 8672482609 -4574594252
1117 -494291958 19343213308
1118 5599812780 1630562084
1119 -921051798 -8107473644
1120 1591729003 2835683802
1121 13145086879 6154033733
1122 -1599004540 9273435145
1123 4086913875 -848598062
1124 4096930054 1014132986
1125 -2820891735 10466021666
1126 3046914832 2912633259
1127 6982076670 8633730256
1128 8966467071 -1295684206
1129 -2849550978 12569962021
1130 684609260 7313330535
1131 -6461645775 -660650123
1132 6256870437 8756965166
1133 10000000000 4118276224
1134 8739306302 3061101922
1135 -672563507 7404504794
1136 -3983368397 2423938260
1137 6030748072 8487615122
1138 7415258095 -1006310051
1139 2308619831 5449777791
1140 8811590223 9745437162
1141 -4424891254 4514166014
1142 13145086879 3024748102
1143 1427136760 14518290266
1144 -3482944923 1556595245
1145 2857657219 2306408571
1146 -3396586273 937361402
1147 -2216608433 4242583856
1148 3038599818 1956414385
1149 3110690918 2826215152
1150 -223518172 7387509578
1151 7152405761 8541218538
1152 1411323651 4768091142
1153 -2130241935 3618002191
1154 2736760971 675113583
1155 9936955702 7618072978
1156 3240560641 8791801658
1157 1900811455 456351010
1158 6993198270 1969284664
1159 -404320570 20217066278
1160 17408855 9136835202
1161 4369169738 6708955323
1162 8892656420 3519439232
1163 8322460232 9924557721
1164 -5763231250 17674023427
1165 3764479350 994618248
1166 9810718217 4349923102
1167 8616955374 2408893354
1168 6790480543 8819753718
1169 -6404378211 -360375772
1170 5197058900 345985959
1171 9247785471 6159907092
1172 5448093479 1231516342
1173 -3749828308 13612340349
1174 5479374698 1589244564
1175 7529630535 10688496331
1176 2916246176 164718232
1177 9607813457 10146421525
1178 11944955603 11662031497
1179 13569683180 11093908546
1180 9830481325 1772638101
1181 -3635666933 1456382905
1182 568923636 6904915063
1183 -2660498019 15197095318
1184 6904629608 17000657571
1185 -2945508917 10555159052
1186 11636213852 11477406828
1187 1092548939 4558919197
1188 4293951245 1275473650
1189 -4424891254 6963999273
1190 5987117350 1025384154
1191 3644715506 -1304839345
1192 -4424891254 8335119775
1193 9346354659 1960073297
1194 2584312551 2009060303
1195 -4424891254 4171269727
1196 1533088156 4847989947
1197 7122627565 -662341481
1198 1681121256 3637814819
1199 -1981558788 9556706046
1200 3423519866 8992148372
1201 6665825205 9324352710
1202 8090101689 2598373705
1203 13145086879 1653863664
1204 1860502987 5525421991
1205 1507131784 2910701350
1206 1648929118 4924001871
1207 800034821 4480863558
1208 1853323018 10472678696
1209 -980197114 3198835387
1210 9352682547 -2687040972
1211 9707355974 5762780555
1212 13145086879 -6130220260
1213 2017367891 6117837709
1214 1310758018 4702102504
1215 9420634126 5656603346
1216 9771681183 7102533061
1217 -2192043925 10151683803
1218 2621965298 6402902660
1219 1556806632 6993395121
1220 8414573291 9305781758
1221 8510858533 7784074018
1222 13145086879 -3960313277
1223 7346478148 1435344242
1224 -1464163218 2881269006
1225 1247067902 4660310652
1226 -3451248929 13579921532
1227 4200262973 9497728966
1228 9327456424 5816344185
1229 1259388968 -1005891589
1230 10000000000 3111215928
1231 7151925473 8491645806
1232 9185754957 4078102547
1233 9700381534 3564037967
1234 8638618238 1474223414
1235 3981287619 188515177
1236 6552832376 8880437880
1237 1447024598 1399754859
1238 10255221547 5907578383
1239 -291652485 6636084414
1240 7524588271 9224935773
1241 2152861870 1704710577
1242 7560552958 -2504763192
1243 -2299158207 12141217998
1244 -4160971432 9952646311
1245 9831684085 3708085482
1246 2579188984 1890617766
1247 3037922810 6015782926
1248 -8534804414 2588725360
1249 5846968842 18179427282
1250 5170352423 -1811007871
1251 8469985224 8860996082
1252 1739204010 -1780003116
1253 10249389463 10567407557
1254 5150387689 0
1255 7638578095 1672240127
1256 -8534804414 12762960414
1257 3802081868 6336846531
1258 6650313839 17201407591
1259 7223798456 9194299609
1260 -5485533713 18103243505
1261 1233746742 4651569642
1262 8405304549 2959807014
1263 9182608002 9867412403
1264 5554454495 932941000
1265 7837397415 -9144970878
1266 1952851840 5123428314
1267 -5317486501 -2618493766
1268 10717865643 4879810370
1269 13145086879 -6301239337
1270 1243276543 4657822858
1271 -6907530735 -1914370447
1272 9996263483 8816637813
1273 8859503217 9603964873
1274 8587881206 8534502249
1275 2936260382 1350143449
1276 -6472652329 -390082691
1277 -183336626 13606280516
1278 3247138195 6564146687
1279 9040390367 3470300964
1280 1923929141 477653957
1281 5724281439 -1621872272
1282 9024709308 9763803253
1283 631761072 4256561792
1284 8556065328 1679452280
1285 -4424891254 7755815216
1286 7076433840 8581972507
1287 7478944778 -985847083
1288 -3495906297 9902609716
1289 6097003347 268837726
1290 -3798649879 1349437596
1291 3562264963 -1072322614
1292 3073379763 972381005
1293 6231464539 1547122493
1294 6483960200 10896317551
1295 1972504372 5136323812
1296 -7525657 -3414199516
1297 7560552958 -2504763192
1298 -3261608507 12627443554
1299 2158116496 5584237348
1300 9182310311 6894016477
1301 7946033017 -3123920743
1302 5732131680 -5672169954
1303 5145501635 7218364781
1304 2958828953 6737943632
1305 -2213073842 10512210971
1306 389231686 -1510008229
1307 875807390 4416698845
1308 -4323172148 -1735879109
1309 3423740570 -859061632
1310 7046836292 1887433340
1311 8165490006 10188395971
1312 8799705325 9722422487
1313 9731969417 10965402692
1314 9898671319 -2626462459
1315 13854992290 12933313414
1316 -4335544539 12807250167
1317 2624325379 6239185890
1318 6379030194 1338934362
1319 2840272201 7322568702
1320 8365960724 7849280111
1321 4379967634 1532996821
1322 -4754411047 722291165
1323 -356240820 -713507936
1324 69009716 19508796717
1325 2744433232 424700594
1326 3395669007 1818147304
1327 -4390188094 1131017847
1328 -1680233787 7982696903
1329 6998677307 43541786
1330 13145086879 21398827844
1331 10000000000 4730265054
1332 -526810249 6372677616
1333 9547194889 2439867097
1334 -8534804414 3374338939
1335 11220854026 5667719388
1336 7322302236 -8723717840
1337 8584756366 -10184815134
1338 1332696527 4716498001
1339 7880044539 842256457
1340 790873915 12438720260
1341 8041015442 -1496159249
1342 -8534804414 7023161448
1343 -3652054556 10204919744
1344 1693647388 5796116522
1345 9248121544 9490015840
1346 7313705853 11177654107
1347 -3936777319 7147133033
1348 1311956108 720358068
1349 4097228064 -3397680583
1350 952333874 4466913598
1351 -1233207825 8535505196
1352 8857623943 -2237570035
1353 6566385773 8824896295
1354 13165261225 13778169270
1355 7885923007 12287776180
1356 828877054 14440235196
1357 -556109208 3969305650
1358 3454756544 -958700912
1359 -2810232681 13442084095
1360 2064917067 5814411834
1361 -4424891254 5170923926
1362 -208548306 6489562108
1363 13145086879 -6130220260
1364 6894380387 8858606355
1365 -881922376 9525730877
1366 7149795615 9050483149
1367 8182899617 2575765745
1368 10000000000 4752031083
1369 8318773002 1721113608
1370 2896671749 10074489828
1371 13145086879 2559202529
1372 -8534804414 6980918543
1373 5411818028 1437926675
1374 2872093167 1946304720
1375 -1101996723 6028221998
1376 -8534804414 7210962897
1377 3041467099 7420702773
1378 9480548961 10062913765
1379 2191534699 8767133250
1380 10000000000 2234335148
1381 -1690183708 9410748897
1382 -1852512410 2626444038
1383 3658837196 9505280023
1384 721026113 4315135266
1385 -4424891254 7871751459
1386 -3455547209 1574572936
1387 9608266415 10146718744
1388 3481458550 6709478799
1389 9997592762 3394637035
1390 -6470172428 -430544487
1391 -8534804414 2640679723
1392 877979515 4418124139
1393 -3617713046 14132197368
1394 -8534804414 13553269714
1395 -4324235358 1614805237
1396 2141744133 754372915
1397 9296868089 4672098273
1398 -4164831660 14349793777
1399 2454562671 9194698834
1400 3158832948 -150170683
1401 7175987707 8550718653
1402 1226665406 4646923048
1403 4742221720 15498705675
1404 13145086879 -7146477752
1405 7682111577 8882824402
1406 -541868210 -3873081204
1407 6249018255 7942464623
1408 -3220213192 12886400494
1409 7799412430 18625548550
1410 8676027502 8315412970
1411 1471025454 4666880297
1412 -6940976149 -2635402901
1413 429641470 5439798945
1414 -236131332 20372180091
1415 13145086879 6787201258
1416 8100746907 9157522373
1417 -1820102890 8575477133
1418 6165858177 10569684348
1419 9290087156 -2630209703
1420 6254163774 989098400
1421 5529204370 1347669663
1422 1704195359 5857112253
1423 9859550634 3958706891
1424 8420221043 10293078970
1425 9688549304 4390331834
1426 3392382089 -795801462
1427 2078245991 5205708801
1428 3816278298 15264059187
1429 6972600226 -795299452
1430 -112091449 4540860561
1431 9372327624 4976351695
1432 -3783729063 14266319860
1433 4089331542 -770156687
1434 23355483623 8680378140
1435 1935363904 2143474119
1436 7522349091 8554612412
1437 631454519 5016706635
1438 2718803289 1699737640
1439 8171272881 8910078353
1440 7856158870 1075917428
1441 2178990070 1314759724
1442 -9538242512 -6855078664
1443 8003978278 9925193457
1444 4806395371 6995851783
1445 3700017735 2141095538
1446 2214944429 -630873059
1447 403476585 5400711227
1448 10000000000 3773609074
1449 8550035131 -1958305660
1450 -1522902660 9119913110
1451 1333074207 655914493
1452 -4424891254 8362158138
1453 8290942580 1976217102
1454 8387020956 1142432768
1455 8020300361 -1477351725
1456 3894341796 0
1457 9253964107 3904006120
1458 -3118111541 1819471267
1459 -961872978 7988135302
1460 2598196781 806326437
1461 12842012443 9452598184
1462 13145086879 3419633458
1463 2087808493 1835944219
1464 1786352222 5386922194
1465 8016348745 9380258956
1466 2897477827 8932419626
1467 204590228 -100407457
1468 6200337940 175018740
1469 9494179237 3485972179
1470 8687843125 9649939019
1471 4295183415 1561341286
1472 10000000000 3488375745
1473 -4424891254 8015846027
1474 -1882273075 2606915838
1475 2033352695 6579743334
1476 7456725510 8744199622
1477 446363032 5333549273
1478 7837583820 9345442141
1479 3914158805 115186688
1480 -1913077274 3640177617
1481 8215866650 2370867708
1482 -4888456323 15909320276
1483 4342134869 -2711759125
1484 8987909362 -2355858070
1485 9180526963 1065150557
1486 9742180256 1815049654
1487 8272208536 12762960414
1488 955462573 4512162537
1489 -4680698809 5615008486
1490 -821859897 -3337771055
1491 1859611580 8582893688
1492 7668410132 8873833859
1493 8448416144 1933506171
1494 2574313483 6583587609
1495 10000000000 2055548510
1496 4722315314 8003888939
1497 8550746809 2045525629
1498 -6817182509 15589044407
1499 4163042635 8383875340
1500 -952384 6050684466
1501 3565777232 640370857
1502 2983520823 6332540516
1503 8163482765 9198688065
1504 13145086879 9891916699
1505 7388310621 8690039608
1506 5383561551 1337960897
1507 -4326259833 12820108940
1508 2553692032 2320080154
1509 336066507 4062534458
1510 7765911607 10088652241
1511 5244162394 903347274
1512 11880308610 11637575667
1513 6977658795 1500932761
1514 -622809539 3331711685
1515 2323743071 2642349232
1516 6106826101 -5389555106
1517 949643750 4465148407
1518 9918241506 3509230241
1519 9555280874 2841778307
1520 10000000000 3396224004
1521 465273569 4920607679
1522 463466774 -4435389070
1523 7430177466 8899002851
1524 7883181049 9014761132
1525 9832621999 2412843187
1526 5857221170 10623449561
1527 1907511876 3754411041
1528 11664355430 7435684529
1529 7738626594 2362644943
1530 8550085501 1937494307
1531 3958462715 13999095878
1532 4427498756 10294872818
1533 -5297560749 1439611247
1534 9347220261 2344447695
1535 2833418135 331809103
1536 1643668278 8980533040
1537 9648663107 10253880463
1538 3413127339 9215551464
1539 -1428862629 -2263317708
1540 8033484072 10474151174
1541 2183759302 5274943981
1542 2816429523 366080613
1543 -6903901489 -1572665420
1544 6842127528 -7755050593
1545 11311193413 17228780003
1546 9437051707 2333785056
1547 3031653978 5831311134
1548 3844439463 1934821164
1549 1070010199 -7872835307
1550 7028655413 1846573561
1551 -3290275424 -7079361927
1552 6770943037 711833947
1553 11372503740 -284881777
1554 -8534804414 4762473743
1555 -269791392 6452095641
1556 56602261 -196078240
1557 11517062256 10958458176
1558 9623287199 3990126268
1559 9583681127 -2896767958
1560 8815911292 1308798461
1561 6100693948 1536834076
1562 -669314371 6023217108
1563 3082093738 555211501
1564 1177281341 4614518467
1565 605654230 7962387647
1566 804975445 4418813158
1567 7991126442 288147327
1568 7886254676 8422759021
1569 13145086879 1899867465
1570 13145086879 17394139082
1571 13145086879 -6130220260
1572 -2564463326 10744045851
1573 8388972641 9346648848
1574 -919196109 -3111052910
1575 2271293276 1465796236
1576 4059831824 13580123309
1577 3500387452 924994016
1578 4598142734 1731350447
1579 -509907062 -962305701
1580 7409094530 1991794239
1581 13145086879 1387400457
1582 6922716457 333135987
1583 9800676077 4910571686
1584 2757913813 245017448
1585 3121563323 2031217856
1586 11749255858 11556758900
1587 11537500405 3223070065
1588 -44065752 1745309868
1589 1308983287 4822770426
1590 9096210798 3024990546
1591 5301740717 1280368632
1592 9513390151 3267028794
1593 9696164905 4505126725
1594 8991747177 1580875059
1595 9750237239 10239876427
1596 1630983232 4912226232
1597 11127244187 2795392113
1598 10000000000 4074611912
1599 1057447337 741324624
1600 3173248355 2437046213
1601 -571656715 -2765412520
1602 1815769225 5033478152
1603 10607051925 6417042148
1604 8051915370 1396411080
1605 8359823205 10771249875
1606 5227159289 1009085541
1607 3149227763 -305280766
1608 6770943037 1338934362
1609 11616877304 11464718672
1610 1269878341 224979046
1611 6597319595 8171011198
1612 -4424891254 8286619067
1613 6335834111 51999787
1614 6379030194 398283739
1615 2914697230 10128762958
1616 2938910819 7142372327
1617 9255218893 4310781991
1618 6241703522 0
1619 7705301495 2060705703
1620 -3759521276 1375112801
1621 9101150226 -3893540017
1622 3301816329 456045227
1623 -4070045111 12938859975
1624 5219680755 -4482052196
1625 3353154689 833591483
1626 5182509164 1705169897
1627 7317236854 9051835200
1628 13145086879 2432086554
1629 5491071561 1670253353
1630 13145086879 1968552166
1631 -4424891254 8069367494
1632 2751575664 7067439078
1633 9280341196 3857284614
1634 9577874394 4588508489
1635 4230509108 1456819849
1636 -4968842001 620771580
1637 9669862571 7011269238
1638 7363404415 8673696782
1639 -8534804414 13553269714
1640 10000000000 -3274749943
1641 5880662563 -5154169819
1642 -4424891254 4762473743
1643 -10274776197 15180604269
1644 -3777393390 3072800802
1645 7764532833 8752894812
1646 -609503105 9332544077
1647 7008028 6811890698
1648 8280399384 8985403144
1649 13145086879 1855229446
1650 7818464946 1992794735
1651 -2970262333 8569964679
1652 7071450121 8684341020
1653 3097697617 -201327845
1654 443308538 6820319151
1655 -7792277724 -1271080512
1656 13139960266 -6125565733
1657 7864575051 9002552343
1658 1961868575 2580820800
1659 2545234789 7175521250
1660 10857990426 1471062641
1661 10000000000 3866322678
1662 7162855881 398283739
1663 -8534804414 12762960414
1664 14686393813 21840639588
1665 2175502557 -708250637
1666 2304274050 8233357970
1667 -315102415 6683390486
1668 8039178719 1873286044
1669 -4039847223 7191309145
1670 6715073557 8288549551
1671 -8534804414 -6458167858
1672 618773939 17617631992
1673 5583967969 1337984156
1674 3296508055 2166790247
1675 -3705591289 1992463831
1676 -4707947130 13244203472
1677 1181938189 1711895124
1678 9332810725 4276889140
1679 2594672910 1185181717
1680 3144335764 8915735743
1681 5735685523 7634154393
1682 2886432561 224861908
1683 8608622813 9157724685
1684 10000000000 -3274749943
1685 539927335 4388519947
1686 9978617222 -2499446810
1687 155446194 4482823418
1688 3704782490 -325244914
1689 -2159919401 10240446271
1690 -4931747171 1518088604
1691 3372677388 6688362781
1692 -12021622979 9279603445
1693 11150581830 4085016788
1694 6270207960 0
1695 10437523540 4762473743
1696 -8534804414 13553269714
1697 13145086879 4700878199
1698 886521262 7458436295
1699 6574405458 1099662462
1700 7634183026 8851374893
1701 -2278710337 8017242744
1702 9197240730 -2070270614
1703 1466140314 7814642868
1704 9425590054 5826117854
1705 7280166800 10547886362
1706 2859806640 5718549235
1707 3295262465 1002419461
1708 10000000000 3269309617
1709 -4424891254 7699401336
1710 2644111020 713702607
1711 9491790243 10070290011
1712 -2382412930 11081054174
1713 300828521 5131547821
1714 4473478256 1737561619
1715 8336134256 -1764101931
1716 13051953328 11121436263
1717 6900762750 16696162650
1718 2509157922 1956819642
1719 10000000000 2071148013
1720 10000000000 4118958251
1721 1915022922 2184508441
1722 -5490713560 452724138
1723 5125538029 853654218
1724 4764985175 1472972539
1725 5147695942 11372772172
1726 1732902969 16263661333
1727 9618367734 3154050911
1728 6596106591 -184305398
1729 -2395078145 16387570804
1730 3033749921 2786838397
1731 10041060143 -2400239372
1732 12689807706 10683933236
1733 10000000000 4719296662
1734 -2578455417 2150098502
1735 1224366008 1983957316
1736 -2250537637 7272119683
1737 6532925679 19554102491
1738 6070020452 8610205142
1739 2169758310 6467601584
1740 -1097216139 3387735666
1741 7334154112 8999612055
1742 13882376878 12951282491
1743 662652824 4924587858
1744 1567211713 1999191069
1745 9399256138 6789190557
1746 2079665026 0
1747 2555967124 891517274
1748 3965027077 2148433123
1749 9806826467 9417495210
1750 -4424891254 5706804182
1751 5183365359 1747685743
1752 3642008816 -1299379078
1753 9662321791 9606989056
1754 8330949942 9308575813
1755 9809901257 15545919844
1756 5085866316 10506960053
1757 7832403865 8981442421
1758 8837520664 8708589532
1759 -6484348380 -371170844
1760 13143173309 12466235708
1761 8863788916 2967160175
1762 233563002 6712892576
1763 4308122086 6668897390
1764 6556597327 -3532447577
1765 8370158425 9825178852
1766 3173630568 -354509095
1767 2687972706 5605796131
1768 5520865027 964880492
1769 11978201836 11126633881
1770 13593381831 8006821025
1771 -8534804414 13553269714
1772 -2000755906 8881322063
1773 3829795192 2193106275
1774 2556469097 8419932395
1775 2457921997 3807625140
1776 -4424891254 4473771163
1777 10367535131 10644931772
1778 8871561838 2666675467
1779 13145086879 18550889858
1780 11531531689 6402141246
1781 -4392709812 2293032234
1782 1336638687 4719084748
1783 2723627190 9929754461
1784 11885880621 7893567783
1785 -11701794874 334168580
1786 2268020235 1472399015
1787 10243479194 7836180955
1788 10177575474 4125764473
1789 4460215161 6768697039
1790 6989369230 1104875013
1791 460313511 4144062216
1792 9717368256 -3071826713
1793 -641512406 5990665784
1794 4245759735 13904975949
1795 -2825871871 -5351197814
1796 13674929424 -1062546107
1797 8624222974 9501014198
1798 1151392618 1735720370
1799 8872184771 -15302540670
1800 9215237002 2101510132
1801 -2050333134 10183910478
1802 4579048308 -4152430837
1803 869167449 7143392860
1804 -296111421 8021480565
1805 -4424891254 8246870562
1806 10000000000 4719197478
1807 1703019066 3135193837
1808 5632350483 376446309
1809 -4905017674 160735682
1810 -2395785512 10827660549
1811 9666538379 3588087231
1812 9442482099 12762960414
1813 14879067240 4425024683
1814 11487555181 5114075983
1815 9781656009 3163445165
1816 -1371808820 -2433072526
1817 10498347719 -177428690
1818 4885759554 9591913815
1819 -4424891254 5876160051
1820 -1950419621 8558191095
1821 -3655320467 846180393
1822 8315543379 9340650210
1823 -5479873039 313647438
1824 -576793458 6671617344
1825 -4424891254 7035111266
1826 7613684186 -1108178960
1827 -4236856141 1061897673
1828 3239642872 -487677203
1829 8746215649 -2136420818
1830 3865651901 1892153702
1831 2677995851 8356247100
1832 13153284457 914450913
1833 1984901064 5311769591
1834 5259893839 0
1835 -6664356989 -530967305
1836 8891610810 1456905766
1837 256414465 -2429793818
1838 2610787400 6181922263
1839 8926823631 2167647740
1840 -8534804414 4084185934
1841 3414861971 6082762578
1842 9753711375 11158644704
1843 -4200191611 2479032149
1844 -960226404 9014215045
1845 -2607868954 13678149221
1846 -3584789875 13279404603
1847 13145086879 4970127377
1848 -4547165961 1511718093
1849 7172753341 8517033512
1850 221485771 4453847302
1851 13145086879 1670598004
1852 9277694718 4470337664
1853 -180603325 -901613476
1854 4248718855 9757868817
1855 -16192086431 19649652443
1856 13396633346 4684562582
1857 509723899 1889330849
1858 1422410297 8384592243
1859 1917771493 1777263881
1860 9588492106 3489330579
1861 -7292518863 -592529755
1862 -5541627170 5826269475
1863 -8534804414 5267694927
1864 10126052567 4358051905
1865 13145086879 2522656234
1866 4233399051 1489076779
1867 1695915228 7994691476
1868 4887615787 1303086195
1869 7943336385 -9420589523
1870 9953114814 3922238265
1871 -3822384418 1333863589
1872 -1352883338 -2122245493
1873 9931767459 3263775354
1874 8131168438 9121806347
1875 1205871444 4633278573
1876 -6191274336 7741782379
1877 -4424891254 8634198731
1878 2838265174 2107969070
1879 3454899880 -921920009
1880 1243384893 1585230075
1881 2055124754 191934647
1882 -8534804414 13553269714
1883 -2418365982 10926351426
1884 4534147667 1773428642
1885 -2285641982 5417578923
1886 8611996038 3115135754
1887 7923120653 8632487767
1888 2978520705 1012239726
1889 7338571275 8657401900
1890 4401763394 -2668114387
1891 7162855881 1338934362
1892 2136533275 1737650618
1893 4927022282 563877033
1894 -587403122 7232708832
1895 -442108226 14965579622
1896 2451038496 3921001328
1897 -4424891254 4660625321
1898 3562934355 280101442
1899 6863225044 8394608923
1900 13387857762 6339218122
1901 6453374478 9735619664
1902 13145086879 -6130220260
1903 619864240 4248755390
1904 3274197839 -772488031
1905 11528260068 3068052734
1906 -799913976 -4062238171
1907 12973321328 11379505252
1908 1904695177 8342137883
1909 -8534804414 2649169587
1910 2926109274 5928372923
1911 4987706171 1277673377
1912 4842753801 10553767439
1913 3263910155 5983711794
1914 8785701921 -11675866967
1915 8097553337 8832755723
1916 -4409136837 12044617055
1917 9688724901 5548336930
1918 -8534804414 8881761752
1919 9673806460 13161769390
1920 11363872917 6472796178
1921 2900950483 -2007058244
1922 8154042694 1234339171
1923 -4424891254 3787852091
1924 12216960599 10968791609
1925 -497414813 7051173390
1926 4150930691 -814006600
1927 2912381431 172514669
1928 2858581906 0
1929 2621822012 2567164427
1930 964830038 1395278354
1931 2089928463 1831667555
1932 -5338687792 6123533004
1933 2915860506 165496253
1934 722671218 4316214742
1935 -253088009 5801084250
1936 8670377972 2525575610
1937 5456440692 423003941
1938 -774786678 7610721898
1939 9864435137 -3151668624
1940 6390506870 9805156623
1941 -8534804414 9889819242
1942 3374112870 1074704181
1943 2510880999 5489593008
1944 -8534804414 6903002649
1945 9725514391 -2128596899
1946 9381914511 132077966
1947 820352988 4797810193
1948 3798031061 -1043452119
1949 5581564228 642516631
1950 557764509 4208007109
1951 2546901972 6071909248
1952 224251206 10320794441
1953 9219617805 3960765527
1954 10246496147 5358935226
1955 762908905 4703461270
1956 9974763353 -3251837223
1957 13145086879 3538797421
1958 6746082795 8268625867
1959 5505006592 9151443885
1960 4327313353 2031369334
1961 -2820622987 11737833538
1962 13145086879 -6130220260
1963 9035079857 3761619607
1964 -5900973221 10849298183
1965 2506340192 8664132048
1966 10000000000 -3274749943
1967 9286126520 -348781404
1968 6387697871 8790718748
1969 2724044916 1446582954
1970 -437640441 -310212985
1971 7752775637 8929192381
1972 9933604674 1763874574
1973 5487238913 1508381299
1974 -1208034327 8484722133
1975 13145086879 192893340
1976 -2374640199 10838142420
1977 12629184337 12128969077
1978 9377434247 11712178782
1979 -4443446002 216727495
1980 4313513873 14688122240
1981 9911449212 5613800402
1982 1002048247 5363455507
1983 1215251549 4639433562
1984 11335864339 865454016
1985 1002280414 4499687262
1986 9878316198 919217956
1987 3286167813 0
1988 -3946486579 14009063505
1989 8678159923 1484905497
1990 69761587 3887791870
1991 324855293 3797742632
1992 3481844095 1760604816
1993 980584844 4485451174
1994 6910315809 -6360232780
1995 6936762672 1787223792
1996 -8534804414 2268963716
1997 -4196777887 14087103914
1998 -2521853093 10765168022
1999 13145086879 3324841451
2000 491176331 4760658997
2001 2223512055 1457080981
2002 3797752714 21456325583
2003 2696432061 1115593647
2004 13176940466 12714416057
2005 974680135 3798662812
2006 -1477847222 9759720684
2007 1526619916 -86618070
2008 13145086879 2631146262
2009 4171272893 1904287146
2010 1113216692 5664147074
2011 9670072209 2306281888
2012 8741661087 8726646148
2013 15643386223 7558451146
2014 9366037682 4426783272
2015 -1225197768 6893440646
2016 5632037655 990394192
2017 -775968589 4579044960
2018 -2374640199 10838142420
2019 3967597311 -909153937
2020 11528260068 3068052734
2021 8502278209 640995167
2022 9984359634 9605975980
2023 -3469529332 1565398219
2024 1967016811 2079619998
2025 7325336009 1967799211
2026 13145086879 3571549726
2027 2251795227 5949714436
2028 2423359150 6972480894
2029 2760378330 520104541
2030 9217496342 3904046411
2031 4726865817 0
2032 2220138477 1568991964
2033 8481720489 9739911691
2034 3066648674 5854273773
2035 2941951341 9295275408
2036 5267492660 8501025276
2037 -1608735078 -14910373262
2038 6626176520 1229087147
2039 -3983128953 13707248212
2040 9146872123 9843963419
2041 13531734647 12721199882
2042 -204903727 9328494
2043 107870850 101387180
2044 9293082117 8732604600
2045 3774240436 764784413
2046 2097303229 8763067721
2047 1089291634 -1140343448
2048 2113702332 -1618166117
2049 2246586328 1515638118
2050 14806672348 13557781923
2051 -2347885761 -3768534823
2052 -3538811307 13072991176
2053 8583843784 8190690077
2054 7023392019 1202805270
2055 9113602585 -2469976784
2056 9754593155 3788477475
2057 2607879391 5553240913
2058 7299403849 8644647498
2059 4680506429 16244429041
2060 4449792785 1296784417
2061 10659129975 -3873183675
2062 -1774614911 8152904492
2063 -4424891254 3781245232
2064 322175945 13221980297
2065 5275119492 1743243496
2066 -3768984184 1578847991
2067 11595508439 69421389
2068 2389325819 1227686530
2069 3013374689 5819316724
2070 -2236843089 9899327692
2071 -8534804414 13553269714
2072 10000000000 -3274749943
2073 5575289254 -5199429225
2074 -8534804414 4762473743
2075 -660424462 7999902521
2076 2454129482 1096956641
2077 9861975836 2296137204
2078 1306941913 3910397856
2079 464347325 5776672807
2080 9562334247 3347791366
2081 4429792549 1460310319
2082 8350759186 7931309544
2083 2730422685 8405787562
2084 5094520893 1712784633
2085 6384132055 -8744800688
2086 -2277307830 10394057755
2087 1543545816 4854852000
2088 7845348738 1593597813
2089 -335251206 6724037097
2090 3032196496 5881652741
2091 -1824052664 9727429791
2092 13133948759 11047155546
2093 7571481148 1821230365
2094 8035796913 1040691665
2095 1998010391 6321542079
2096 1871136635 3097304491
2097 7659151427 9204560873
2098 7893725130 8932828581
2099 -86683109 -2863369223
2100 13145086879 -4348501770
2101 409082717 444369803
2102 6938050129 8394590001
2103 -2510101221 6551072195
2104 7500468089 2126150828
2105 4113588802 2048755823
2106 3966385574 13324838099
2107 5045038446 403861215
2108 297645316 7629312147
2109 5739824843 233675998
2110 5501048863 8560668528
2111 1830851826 9738383535
2112 -4854898950 656353532
2113 1921237578 2171971475
2114 9359628118 255535508
2115 7864572815 2294951994
2116 9677815067 14545253405
2117 10997438263 6245473429
2118 8130271309 861209579
2119 4137238457 6556767852
2120 1072017271 252460622
2121 -2727109049 8951461240
2122 -98975833 6387329156
2123 2637715370 -71762203
2124 8942265028 2800232993
2125 9545074818 4762473743
2126 -4424891254 6168510854
2127 6820416164 1396459691
2128 12695882163 12172734512
2129 8866221916 3553714100
2130 5832710147 1005829676
2131 2460951005 8023867641
2132 2220673089 8889273605
2133 -2806203264 5241490481
2134 9137205844 3823241582
2135 1626608902 4909355907
2136 8381165876 516641368
2137 8781051622 3156254146
2138 -317368250 6687961406
2139 6341231910 -8545015884
2140 8790130361 -10731165590
2141 7408125049 8703041337
2142 7510378805 1321921495
2143 -4253233029 1665783357
2144 10917170554 -418009386
2145 4526895489 -11160978550
2146 4378634149 9817980923
2147 -752522882 7565808640
2148 5946851828 9148432500
2149 1333655618 597650629
2150 1383345269 9828286012
2151 3095618340 0
2152 -2259593233 3186331870
2153 -2182108600 8065128858
2154 7131466980 -7555159134
2155 3083273785 1842816113
2156 -3444060 9318100490
2157 9507479374 6996251237
2158 -1153840277 6127257317
2159 2096787780 5948380337
2160 2333022906 4404767923
2161 9439263404 4435480934
2162 6897829521 8368198251
2163 8511712605 -1923512079
2164 -4424891254 8681243853
2165 1753401788 4992554209
2166 5766014797 10244566710
2167 12410318834 11985355040
2168 1976799131 2059885903
2169 6413664103 1450592891
2170 9926197338 2534524058
2171 -4424891254 8714990727
2172 4051030806 2122983477
2173 -5252877682 12101304228
2174 4909007162 1260114432
2175 8235091862 8952946785
2176 8860146378 3561876443
2177 13145086879 5680288194
2178 11071198416 -484093350
2179 7303648990 -826693477
2180 -2695069493 8364693952
2181 8654931173 8555882006
2182 2548450651 925331322
2183 5511018622 9225463256
2184 -2734461848 10621021428
2185 2569820924 5528267904
2186 6601456704 10927518658
2187 9420751535 -2748841802
2188 -748816382 -3896396085
2189 -1984076140 10050248751
2190 5862120746 482091071
2191 1031738842 4347286296
2192 8605553852 -2008711918
2193 760771668 5136121877
2194 9159304480 681856835
2195 9405467268 5206546923
2196 -890571227 7844296674
2197 3029926631 968332706
2198 4168258412 847921816
2199 2490551819 2081039091
2200 10000000000 2319613290
2201 7808614356 8969472662
2202 -4424891254 4762473743
2203 685436577 14099644008
2204 8936611270 1092322874
2205 8308573395 2789565769
2206 -2434633443 2244470863
2207 -2098868206 4247272874
2208 1959417706 311686323
2209 -3093238400 1299350107
2210 13231211304 13350273155
2211 8824177128 2143667032
2212 5059015304 16309786233
2213 8195532546 1162032708
2214 -1885973764 5781031703
2215 3104089391 1646177792
2216 8505811187 7839994547
2217 2173700860 1662671613
2218 -4171556121 1104745903
2219 13145086879 1898060839
2220 9905496592 6362502958
2221 13764710141 -6692785271
2222 8939481637 8016773150
2223 -244330517 6540620744
2224 -142965843 20622198441
2225 -3563440828 1503775858
2226 9033333801 -2397099582
2227 8210113185 9229285773
2228 -1272218265 8614201837
2229 1951701605 3581904008
2230 -3430345925 639710413
2231 5375523418 860743898
2232 -1970786603 7035507474
2233 -3220800846 12588311802
2234 6333982182 8506659741
2235 8194514491 2609370636
2236 6534568143 1737177529
2237 4590596664 1294675541
2238 -4751056434 4032322938
2239 3240772826 535924171
2240 2078753438 2502645193
2241 10596854422 4156202416
2242 2985525818 9599190700
2243 9417098751 621277512
2244 4684638580 1341023422
2245 7878950392 8663269477
2246 9733435950 11104698376
2247 2233710499 1541612817
2248 5822296747 734749701
2249 -4424891254 5370343062
2250 328466167 4241669245
2251 6505744782 8110922110
2252 -6602199512 -99509229
2253 -2111819927 3808974169
2254 1036795181 4522334983
2255 1069483800 4543784433
2256 9172565936 2948765637
2257 7757947210 -1239157466
2258 657601241 4991730957
2259 1636690273 8033381104
2260 -4099379628 16612853021
2261 4620213489 8690053207
2262 2193472491 1622785856
2263 8697886406 -11210741825
2264 -8534804414 7167649649
2265 13019342714 10368018210
2266 989195126 14381266171
2267 2671524569 2954693058
2268 11408220713 7223541574
2269 14897936002 13132180280
2270 13145086879 2754424657
2271 10000000000 3269984429
2272 9212088581 3093186452
2273 10998614101 7558881747
2274 2980363875 420300456
2275 -312592735 13992268305
2276 3586369007 0
2277 6006240947 1537120790
2278 4618899091 559991505
2279 492682313 14163644403
2280 1871607857 7697667634
2281 3440669681 986610447
2282 8395309218 9350806750
2283 8201649481 9761745197
2284 -2685893744 3362984381
2285 7590583793 8690461804
2286 1816517354 -84170624
2287 9277953750 5838955640
2288 310258651 4425134217
2289 4549666357 51728751
2290 6809677064 1159437978
2291 316074777 4079275024
2292 6171949294 200793207
2293 -2325900973 9890437549
2294 8533087681 9610589035
2295 3788501871 10550033213
2296 1533157886 3219387992
2297 -2934309150 10074289254
2298 11423538872 3269556169
2299 2126013326 1758872749
2300 -2635514369 -6500969458
2301 4297688339 1827183722
2302 -673876118 5324004779
2303 -1023486010 6006697310
2304 10000000000 4028013645
2305 9629817203 2134618271
2306 -260727751 6573699254
2307 4496810437 6792709939
2308 6986520358 -1132578015
2309 -7976864067 -477871244
2310 -8005229699 3962858910
2311 10004721670 7596698554
2312 7437588353 -948298981
2313 -8534804414 -6498143554
2314 -2102038251 7240411640
2315 -2233658603 7727306158
2316 2890035018 249153442
2317 12316942083 11032048355
2318 8462842187 10027293319
2319 1952208360 5123006079
2320 -755518778 -7769499448
2321 3584019626 -5229540847
2322 1117212415 14144227078
2323 2151958852 2030115184
2324 -4424891254 3769832938
2325 7951339074 -1414740765
2326 1541203551 3098416412
2327 -3610949192 13332176382
2328 5451219024 326909192
2329 3384586219 -384100519
2330 917728513 4444206431
2331 8247574072 8450385837
2332 -2642897838 3584935054
2333 1932357144 2149539724
2334 8110934598 9164207280
2335 -658759657 -1739304563
2336 -2676634404 14231723766
2337 11858073870 11674019315
2338 9743271993 2142489423
2339 9292617138 9787653835
2340 6456593799 636212416
2341 -1246168098 7819656781
2342 13145086879 6762312694
2343 -2381282331 -5913766836
2344 8686735249 9542033179
2345 -727663866 -948875515
2346 -4317020242 3242083814
2347 11528260068 3068052734
2348 8421820529 9368202806
2349 -3060828044 1833577721
2350 1705291471 8492243722
2351 13145086879 1467897561
2352 -8534804414 4960185422
2353 -3345817045 12797319333
2354 2477013909 5467370276
2355 14132258513 5789460702
2356 -9347595574 -6931466692
2357 6623431239 -209113845
2358 1305214109 1438367307
2359 2956073612 1091660267
2360 23720335206 11198828033
2361 -3461872655 13031440928
2362 -302704192 2124628214
2363 562984540 11394101599
2364 -3710401183 13699629612
2365 2543854118 9764198749
2366 2418104969 6162910378
2367 13145086879 3480299149
2368 -779948885 3381051664
2369 -11132395630 28505359595
2370 7074565271 1772205935
2371 -4424891254 8326204981
2372 -1049905641 8758235014
2373 660155992 4920280652
2374 5089892562 -2990505149
2375 6952823164 947965083
2376 8037488338 9116013692
2377 -1340480025 -8240998915
2378 4308567212 1470592016
2379 -636721850 8819789932
2380 -8534804414 1319136577
2381 1870811734 13833538372
2382 683619666 8114792373
2383 8364444721 9632191940
2384 5488242984 767446384
2385 4049608769 -3044527223
2386 9174486303 6409126187
2387 8814210969 9625679539
2388 2534102914 935624437
2389 3036303149 -77475401
2390 -8534804414 4762473743
2391 10118027635 1839633917
2392 7038175947 -3283990562
2393 3801696126 -520614967
2394 8979142982 9733903777
2395 -4424891254 6853154444
2396 5614362319 1527839355
2397 2404106942 1197868237
2398 10014537475 12367299984
2399 8472430940 -1887847681
2400 10236709070 2189339950
2401 9947659550 -3227229284
2402 3476606678 6123277901
2403 3086839190 -570329685
2404 10000000000 4644097762
2405 9350202253 2638443447
2406 5559094430 10876408288
2407 6747394283 1572099069
2408 6758308608 1762094814
2409 451256644 5272191828
2410 2634833797 2178600777
2411 6614144802 8182051475
2412 9985234187 6037127079
2413 9895165553 1070976685
2414 5006138353 1693759270
2415 -193668792 -1302187159
2416 1168403483 -263309536
2417 6443475550 1775746503
2418 10947359937 4185814721
2419 13145086879 4563708654
2420 8666899346 2858006726
2421 3308997019 2484078136
2422 6954669527 8405495232
2423 5736643391 8642454267
2424 9470757209 3926812617
2425 3313684570 8841576425
2426 9304956014 2357929674
2427 -8534804414 4762473743
2428 6199151482 1053848566
2429 -234826736 4750704818
2430 143024079 3947427242
2431 849705749 7513595841
2432 9813948009 -2761068309
2433 1912516645 5121821804
2434 10000000000 4591227079
2435 11555865082 11424683987
2436 2342802529 11554409863
2437 8706263613 12147601540
2438 6681364745 -7430740212
2439 12472728267 10122521743
2440 9429482121 3089732946
2441 8098903440 2392702305
2442 3750347450 1435621922
2443 -3891280388 17537380639
2444 2017254848 2261564486
2445 5850853655 8413534069
2446 2571291202 860603666
2447 7043059168 8674589467
2448 10491743755 -17509774402
2449 8443778986 2390330855
2450 -8534804414 12652205322
2451 4862627762 -29319549
2452 6067826156 -6193035004
2453 -1833318640 2639038507
2454 790965983 4361028049
2455 -2381282331 -13882776626
2456 -5209730980 18990749215
2457 8211921426 -1651327288
2458 1755461403 9777762851
2459 10000000000 4705010971
2460 2878974706 239906807
2461 4293145981 574630029
2462 2169185134 1671781289
2463 2750859017 498357471
2464 2698786955 5800464866
2465 2322532542 9456695243
2466 -4380954901 1893525799
2467 -2009142802 -5389599687
2468 -2885900346 -4316887530
2469 4020959359 0
2470 5703970719 8574275292
2471 3739170267 9041572293
2472 -350927148 3611746506
2473 7780840219 2010287266
2474 1061982877 5429983442
2475 1851260122 0
2476 -8534804414 9377631365
2477 -4048982288 14215830406
2478 2492237490 6138414028
2479 -4167579671 1508055854
2480 2841305019 5706408936
2481 1880989898 10979727079
2482 9775858471 1424992952
2483 8318942728 9400018702
2484 10000000000 4403639918
2485 -1587676132 3230966166
2486 6392003259 -5543949838
2487 13145086879 6326469640
2488 9917552332 -3199894501
2489 5086753663 7179815840
2490 -4424891254 -7096948057
2491 7582413723 2095501813
2492 10000000000 2850795606
2493 12368825784 10386226565
2494 6980773972 8981978675
2495 1600156516 4891998517
2496 3552261949 11831120117
2497 13145086879 -6130220260
2498 2820322976 1421466632
2499 -6821124819 2562298821
2500 9501510593 141035134
2501 13145086879 3123595383
2502 9199504739 3059132253
2503 5650649231 1355833963
2504 1819480146 8108739889
2505 1802923469 4898467972
2506 3794120399 12854227977
2507 2839661326 1030701578
2508 13145086879 1332464228
2509 -1352151646 12523923263
2510 8068508153 9136368114
2511 -2447522930 2236013106
2512 8494836826 2006565662
2513 9238414312 3645663395
2514 -6819714390 3795682890
2515 -91687792 -1496315169
2516 13145086879 2318631725
2517 3731782403 809121204
2518 10000000000 3437351201
2519 1345001141 3770172007
2520 -2608936529 10722000192
2521 17522648850 1770815541
2522 8808078409 10357678323
2523 7616268854 9103000251
2524 1927756205 7841724253
2525 3194790679 6826848394
2526 691257493 4861220913
2527 7899408666 9025409285
2528 2709976110 -7617821054
2529 2342026335 1323104844
2530 7659253907 8910452922
2531 -4557204459 13894839131
2532 -205791306 -568746160
2533 7386349993 8688753093
2534 12098646259 10999476429
2535 13145086879 6672289368
2536 8290068205 185324290
2537 -3389485408 -6328333411
2538 7027942128 9635518263
2539 8232307457 9741994761
2540 -2322012071 7995777790
2541 6462696790 9511740923
2542 5305243907 -417336227
2543 -2759413591 11506261099
2544 -746944752 7554555753
2545 13145086879 4422454143
2546 -4424891254 4007729843
2547 2469114640 1066726745
2548 -2313807434 6413870729
2549 6815062708 8785824517
2550 -4526434660 824904016
2551 8621419016 2829450841
2552 2222634835 2753992208
2553 528405411 8648252317
2554 7249165419 780487376
2555 13145086879 34663238990
2556 581683470 4223702129
2557 9108718445 9674497847
2558 15684105548 19413819528
2559 2311575820 5358813965
2560 -2748047019 3914580807
2561 6305853913 1819151535
2562 6228011745 1031085287
2563 6849635727 8336574695
2564 9338747413 2849470845
2565 -522870883 7102526495
2566 -8347704304 8310565420
2567 10515283393 5225627551
2568 -4424891254 8762033880
2569 9425338625 4801832749
2570 -5207733717 9078631990
2571 13033481177 4613434039
2572 -3818012386 1316317390
2573 4399046316 -1589360282
2574 13145086879 4610253302
2575 5248310995 1129975224
2576 7740633466 2040314059
2577 888804389 14177966804
2578 11472108833 10582948882
2579 13145086879 4762473743
2580 -4490885991 733985046
2581 4353388142 1027064755
2582 6797224442 8302183729
2583 -2315135484 2322882416
2584 5480802793 1197272923
2585 8155517253 9193461296
2586 710298600 4174248686
2587 2184231252 9422395395
2588 4135384648 2020839454
2589 8491277200 3024029616
2590 3464506301 2460956221
2591 9721332187 10220909659
2592 3146294606 234590568
2593 8457499832 8642616305
2594 2090048339 -14703588050
2595 -2381282331 18726805087
2596 -392515272 -3582928957
2597 7989392379 12237851607
2598 9210912638 884423963
2599 9294081070 4324604383
2600 10000000000 4179814391
2601 -8868676102 -1977386046
2602 3860357551 -1355506389
2603 4249923551 1924686206
2604 2873483846 531561893
2605 3316141948 2009256255
2606 3042096462 2123441032
2607 1952640906 1039081487
2608 331288918 694218328
2609 4147732538 9127079585
2610 -2078300271 10083486321
2611 8021182182 -10133584088
2612 6968129719 1984678358
2613 8315962400 8933937331
2614 -4239833780 11077704443
2615 1705808928 10651043626
2616 -2075510338 8117970316
2617 -7852326991 -623528250
2618 6864481386 682575195
2619 -2893769190 10580806774
2620 6743739797 8629140974
2621 6760041867 8319843554
2622 5758498587 11784677964
2623 7320336643 9642224843
2624 1678317624 9544812138
2625 14012573656 -1712237625
2626 -539639287 7038586026
2627 8750724385 9584021241
2628 7262767436 133008814
2629 10000000000 4238714891
2630 614575632 3836548539
2631 923919311 6256716407
2632 13145086879 6946838828
2633 -3385872020 10183062714
2634 432995831 2805564361
2635 3746642463 223205028
2636 2047839484 0
2637 -713143108 10243499928
2638 8183533148 167755919
2639 -6911771805 -532980052
2640 3293989452 235460135
2641 334622865 4061587177
2642 8233543152 940904731
2643 8198472692 9221647575
2644 8786885082 2765022883
2645 8758376576 3424684126
2646 1816739371 -2942431873
2647 -1195212739 8458856856
2648 16271382105 -914669343
2649 8823528154 9631793242
2650 2388853549 9331127110
2651 9724514069 11393158560
2652 9956966488 -3235679189
2653 -1981581246 10045215746
2654 3764251875 917811648
2655 7076831048 8485654549
2656 7622625319 2133369747
2657 -3762686848 11054334308
2658 3950248856 9661522048
2659 10000000000 2850194779
2660 9014304712 9756976019
2661 13601856945 6758094287
2662 8604083895 3196161988
2663 12260559841 11611657476
2664 9234995299 3518882827
2665 13747764850 2034914140
2666 6416850895 116649442
2667 1374036088 4743623981
2668 -8726622519 10977520204
2669 4594990889 6857133481
2670 13145086879 4762473743
2671 9848314494 3510833911
2672 9528565602 7233153278
2673 908573043 4438198843
2674 -18709020 -948053156
2675 1240076118 17029690326
2676 9513225667 4013552988
2677 9421024888 2855548162
2678 782911815 5309809577
2679 2528179305 947574266
2680 10000000000 -3274749943
2681 9124793894 -2480137536
2682 2584161449 6479929566
2683 9323306291 5099269959
2684 50673773 5330350264
2685 -204227101 1658429281
2686 4883062289 1091916636
2687 7058939302 8749333672
2688 6795925009 8596256839
2689 3529866105 1528079331
2690 -11418204857 9120445021
2691 -1397466995 -2324936696
2692 -708684962 -7077978781
2693 -2295782316 6533995581
2694 8210465424 9176547453
2695 10000000000 3652786640
2696 9147683597 4259249378
2697 5198923076 631277544
2698 2396066428 1848716462
2699 8394048934 9349979784
2700 1914782927 3695079483
2701 -176546313 3726170823
2702 9671401430 4101226397
2703 10820328833 4111377941
2704 11645266299 2995951604
2705 -3634407337 16573670988
2706 -587735230 3062633419
2707 -2825852455 3191748671
2708 13145086879 5042881668
2709 -2639629548 12098298704
2710 7632506937 8850275086
2711 4914017061 7066470428
2712 -2705752485 -7643965189
2713 5229822618 -4502511603
2714 5822672120 8702974776
2715 1286431821 663833550
2716 4086939938 10766880557
2717 1903567604 823876531
2718 -681080546 9686087282
2719 -231138002 5433378987
2720 9259774908 2258187527
2721 5356137645 1659854375
2722 -4424891254 8053925814
2723 13145086879 -6130220260
2724 6322093230 7990414582
2725 8375538056 -927656240
2726 -1042694658 8802122517
2727 4064701489 1342421264
2728 3248450482 2488870596
2729 -404299743 25016359236
2730 941848136 1022048926
2731 2130966988 -5751561856
2732 131955979 7406343242
2733 -3141885818 12385924277
2734 7947393044 9056895427
2735 2583499959 1309900057
2736 9692719561 3613383198
2737 3190741788 744086196
2738 2932775436 2748563900
2739 13740964369 -6671226137
2740 11701770802 2574337036
2741 7493115485 8997556065
2742 7559233704 -1058742572
2743 1694059370 4334195220
2744 5023678854 1627239364
2745 4671761656 366989819
2746 -4549270444 722942931
2747 94986089 87529942
2748 6140948563 228939223
2749 13145086879 3354931654
2750 1473509804 4578104833
2751 -3495436847 1548398359
2752 5131465260 10382882297
2753 -4499727243 15125128352
2754 7817889766 9329324355
2755 2323751859 1359970355
2756 13145086879 15050453373
2757 7521351452 9087915024
2758 -8624218365 -1816979029
2759 8411537735 9361455495
2760 8571727320 8600079283
2761 -159175251 20789553833
2762 -1082463784 3395506838
2763 4256234727 950479182
2764 -1807194606 -6640065274
2765 2552709959 1381425109
2766 -551741362 -2267232509
2767 13145086879 7165591301
2768 7300941285 8628875455
2769 2335237509 -311793792
2770 10000000000 -3274749943
2771 -55269103 3805749877
2772 4646006985 14180784934
2773 6477783367 -8658109099
2774 -2404575511 10418427266
2775 4613676473 228275229
2776 7353199854 -8786048301
2777 3130011381 2026893294
2778 9491528917 3423349199
2779 -4424891254 8793744411
2780 16895823843 1652296463
2781 1516289745 4647599024
2782 3273770438 -9402205841
2783 7445664673 -8972579662
2784 10106485802 4189679795
2785 5628262018 1613297438
2786 1151832736 4597819733
2787 4140048493 8105629850
2788 9377987859 6312538345
2789 -10201325 5126757909
2790 3723218933 7280277464
2791 2629521006 6570376825
2792 -882525828 7004720839
2793 5567684310 1432740915
2794 -1506413301 9697789472
2795 6102778583 -6263545324
2796 -860603615 2914186773
2797 -8534804414 6725644445
2798 4574198625 16004986975
2799 5745371372 1667297009
2800 -2374640199 10838142420
2801 -9200089520 -2368733909
2802 185043753 0
2803 1890570509 5994693419
2804 2977797408 5939442992
2805 12399791096 9212569691
2806 -1954101726 -4371050379
2807 1862192662 5063940043
2808 6383556273 8456752591
2809 5128751386 1593002492
2810 7306203592 9133779232
2811 13145086879 -6130220260
2812 1501764141 4464727610
2813 -1985636241 10053395980
2814 -4424891254 8650699493
2815 591249014 4229978799
2816 7979842770 12535067532
2817 -920280954 5843401782
2818 -4473376381 -407724300
2819 -82760185 -518359485
2820 2572731336 857698452
2821 2562398429 878543258
2822 13145086879 112601669
2823 3763169307 -1904007290
2824 -2444011411 -5126862064
2825 3349995031 47617816
2826 6134568683 7867365692
2827 8205340136 9470224367
2828 7589529439 -1086248512
2829 8014112496 10340220499
2830 -326657235 15666358754
2831 853984593 3583533953
2832 -4424891254 5689294814
2833 -4753050881 393311756
2834 -11072044239 9029141203
2835 2084022831 479488339
2836 8580770510 9984679967
2837 8319927183 442320446
2838 8919128463 9694523759
2839 7672672377 -1161735200
2840 13145086879 2076044793
2841 -4424891254 4403504844
2842 7680226990 8881587784
2843 6425889640 9322776147
2844 4780084122 6978587003
2845 3564638092 6181041900
2846 9180191701 3761598236
2847 2484248749 5472117596
2848 9068159692 9477036593
2849 3487971470 1663846406
2850 7744508717 -1226956463
2851 5484691907 16576430379
2852 8166945785 8601920039
2853 -2381282331 -7345946579
2854 -2374640199 10838142420
2855 6395267690 -8678781133
2856 2293080497 2584361223
2857 2202237492 8253798449
2858 -3025958138 1879311583
2859 -8534804414 13553269714
2860 4943137845 8385298113
2861 -8550044330 16325457995
2862 2965567602 -11206258601
2863 10384205476 9459405934
2864 8143103734 8677858807
2865 997527302 3554013559
2866 12648916386 11331079418
2867 2002601963 836771582
2868 -1033607991 8215575633
2869 -1294681247 8505032418
2870 9339999516 2740601096
2871 5856460220 1688963941
2872 5532103602 8261129600
2873 12808832389 3270357378
2874 2524932896 844348119
2875 7987096961 311308170
2876 1623754204 3861925083
2877 14361045945 -3030437300
2878 9111540949 -2468104993
2879 8504003152 10281222857
2880 8753933105 8063538509
2881 9966805492 4085144967
2882 3207829206 377234658
2883 10465294695 4462479813
2884 8336917311 10481133480
2885 7711979600 8842341471
2886 1223530582 -3336036916
2887 8028512129 8579236553
2888 8906713128 -2282138823
2889 2895643357 2204773170
2890 1746944306 13619529951
2891 -2395539413 6227379326
2892 12842012443 9452598184
2893 -4424891254 8330753918
2894 861959130 4407611966
2895 9528955684 455949010
2896 776552079 3363194726
2897 3719402668 -1033965402
2898 2042606868 -5543519325
2899 9717987258 10218714801
2900 3666997413 1386227366
2901 -3842523746 13123863721
2902 13425249541 12904226453
2903 3493527670 596416044
2904 4949182783 11810254490
2905 8085305042 1568170152
2906 10990039356 5694732152
2907 3328063349 -666049821
2908 1258336281 0
2909 2410085005 5817149302
2910 13146171868 12761306908
2911 -2237216470 11241525086
2912 2284355340 5340952570
2913 -3373054361 10739439558
2914 9044826502 9777003650
2915 -3055899868 10316235746
2916 2575259408 6705079774
2917 -2553573507 2843938834
2918 4994451405 720231758
2919 128940305 4716199477
2920 -4424891254 4541269324
2921 -4795943658 491643683
2922 7334210208 8654540278
2923 8492151398 1636416190
2924 7057751415 9090049896
2925 -1242645738 8554544511
2926 5106475632 10316194926
2927 9448572359 2474803905
2928 7997533288 8851324739
2929 7498936262 12547557039
2930 9762550916 4966742671
2931 2684367395 632492516
2932 14259343602 -8631541151
2933 10479297052 8099313779
2934 -8534804414 7290926003
2935 5918046016 431315701
2936 7143516296 8477500052
2937 10365540965 5305344734
2938 6691375124 10195161845
2939 -4229062213 14550044412
2940 11528260068 3068052734
2941 7472815653 8745489683
2942 3867310449 13054175404
2943 2863859782 3186055844
2944 -8534804414 6850954249
2945 3551115485 -1116017916
2946 2210805737 1587819110
2947 -8534804414 13553269714
2948 11278299016 8072113489
2949 8884689863 2773516676
2950 -8534804414 4762473743
2951 2976095089 43983673
2952 10364189857 6604252039
2953 -123961145 6297796900
2954 9593861295 13127346462
2955 -8534804414 2061841858
2956 4981440124 1486031330
2957 7893331007 1352020402
2958 961990702 4473250166
2959 10000000000 7869410593
2960 3691048175 2234303829
2961 3144034248 6069209381
2962 -1354643142 7204497922
2963 10430228653 4907500775
2964 -25655429 4707245224
2965 7146868043 8962874017
2966 1467518238 -3965928682
2967 5375244359 1533422907
2968 -7219638119 13038298424
2969 -1492596645 7853916875
2970 10000000000 -3274749943
2971 -2120352429 7546556443
2972 7545730608 -1046482914
2973 2314315187 4187108057
2974 5469679196 961570977
2975 3473766113 12583606341
2976 1916534434 5099597746
2977 1777710293 7635045926
2978 -4441886966 809003103
2979 13322664785 12859355064
2980 3819056193 -358031354
2981 10000000000 3489665720
2982 1581331322 1322686804
2983 -4424891254 8434024490
2984 -8534804414 -5529604823
2985 7645647163 9618488570
2986 3050958365 6533694973
2987 -391472406 6597186440
2988 -4430022482 2590883011
2989 13145086879 -6130220260
2990 92985047 5860523686
2991 -1998010207 11655816852
2992 49770754 5733473303
2993 -3770984372 12526858493
2994 2127332822 317489203
2995 -3957509541 13586524873
2996 -23373231 4373975342
2997 11999192205 11429334695
2998 9768178055 10251648739
2999 2866534929 1260514263
3000 5949054595 1761635227
3001 -2794685412 11571328978
3002 5789527497 -5331152104
3003 5322469577 8529206030
3004 42898347 4152089405
3005 -2553632742 11953519012
3006 2137465865 1735769285
3007 12160139315 10704186580
3008 8605335544 -2008513713
3009 1675266419 8208680498
3010 6770943037 -343041961
3011 8414819467 2461532473
3012 2143151716 5053608028
3013 4732650502 6947462255
3014 -8324411266 168686064
3015 656183826 7789768188
3016 -4424891254 4667120806
3017 10234711059 12162216422
3018 6814569874 1569167629
3019 -4740020792 731733689
3020 3796296119 0
3021 13145086879 1120709007
3022 -2012997113 6203665981
3023 7462590062 8738779908
3024 -2175875677 7183183697
3025 6527936791 8710544161
3026 14075370945 6168888343
3027 9415429774 6445647373
3028 3729302367 202069306
3029 2743999236 8388878750
3030 -4424891254 3775109553
3031 6519857159 -115077425
3032 10000000000 4430975553
3033 6929179149 9264646140
3034 6002338789 8373113520
3035 6988161488 8613137009
3036 3689433966 8944654871
3037 9448064561 8567329576
3038 -704889588 4962814661
3039 2640118845 21580777766
3040 -13141623918 -6085052622
3041 -785575548 6536287414
3042 -2513825623 11360902884
3043 2384736934 6073347563
3044 3616950704 -8770240002
3045 -5810654127 -2726068390
3046 9438492276 4121529975
3047 2234710091 2579942931
3048 1892980081 4848904841
3049 2347321823 1716278258
3050 -1541001657 10699435334
3051 417300614 5397714256
3052 2705447981 2740836039
3053 4266031290 -308120929
3054 -905043386 7651261162
3055 8592554280 714049462
3056 6871114613 1143177500
3057 -189022949 9811578100
3058 -4424891254 5010512461
3059 3790938529 12845535446
3060 2078810573 1854095926
3061 -457958884 6531620774
3062 11109030990 6366148357
3063 6929028274 8480464063
3064 7850738789 8993473336
3065 2665590298 6570390303
3066 -724675323 3254786246
3067 10000000000 4267529933
3068 8966272110 1339263166
3069 8220427377 8802193760
3070 -2381282331 19689079585
3071 -4525341646 7302373598
3072 6642401657 8200592913
3073 -4424891254 3724237336
3074 7830582462 8211337974
3075 1507965012 -15751956559
3076 7511401979 -2582852790
3077 6996075471 1241020751
3078 9435011304 11847189455
3079 2260476393 1487617377
3080 12744075286 11311319071
3081 8709454729 3170960178
3082 -2902151091 10001544453
3083 9045199167 -2407872321
3084 10098837408 12415913794
3085 3857016114 1229581049
3086 11851949419 6053638001
3087 4708043264 -7052309724
3088 -2859882619 5300027812
3089 2157906006 2149661769
3090 2725267253 2556752266
3091 6040084805 17821494271
3092 -4401043135 9833641193
3093 6809964737 8560828413
3094 9644860270 3989031496
3095 8496603953 1769297256
3096 9758917049 4762473743
3097 955253799 4902314123
3098 8649712281 1437518806
3099 4648945454 15189519046
3100 -2143575316 8084230060
3101 452169637 5292183582
3102 -2911171977 1931778266
3103 -3824202596 13248541228
3104 -2612421356 10048671854
EOF