NAME : 3144
COMMENT : tspgen
TYPE : TSP
DIMENSION : 3144
EDGE_WEIGHT_TYPE : EUC_2D
NODE_COORD_SECTION
1 10093771245 10022637335
2 10106040662 10233716730
3 10053815005 10043035434
4 10011661670 10199703975
5 10015129711 10029350853
6 10152989058 9933180136
7 10036791586 10208656353
8 10059391641 10043485862
9 10028985787 10065148296
10 10082125665 10058824245
11 9999747625 10090436095
12 10006134375 10097143064
13 10069721677 9944330643
14 10088686228 10004630911
15 10075830947 10034906990
16 10057876319 10103097628
17 10095175242 10013056275
18 10076902810 10035284018
19 10097368138 9932741706
20 9966298055 10021173529
21 10046523827 10006159944
22 10062742717 9950637314
23 10000000000 10100000000
24 9958066865 10061890488
25 10068520889 9990878118
26 10043073389 10051031962
27 10077927901 9933321866
28 10026925996 10058082780
29 10051183799 10199703975
30 10019602802 10042966368
31 10070725429 10071500050
32 10025879524 10029446452
33 10026638833 10053113727
34 10018141903 10035669517
35 10106001113 10097071504
36 10092217724 10093144705
37 10062666327 9985971655
38 10045887691 10032073796
39 10074793320 9952916290
40 10045872092 10206128427
41 10016521233 10023173961
42 9961610677 10027431988
43 10073052744 10034060448
44 10077144999 10058782495
45 10025946329 10058045927
46 10064166345 10099871009
47 9987550140 9963203074
48 10028752809 10060476737
49 10026428246 10021575845
50 10036144112 9995437963
51 10043809073 10206926997
52 10056737049 10035268366
53 10016194605 10022240199
54 10070090892 9944330643
55 10081019271 9954928253
56 10038039088 10058499297
57 10098513147 10199703975
58 10037968717 10072553776
59 10138509722 10014904477
60 10068186993 10079938362
61 10052715750 10199703975
62 9963935737 10089195806
63 10021279378 9944330643
64 9987550140 10100000000
65 10026434832 10057439131
66 10072194128 10046912142
67 10117266954 9997783071
68 10068802089 10043547178
69 10018832378 10039832332
70 10049962626 10002546871
71 10122404432 10006698436
72 10050150313 10088517219
73 10079281458 10003097482
74 10231219405 9909621931
75 10055431607 9948940002
76 10036935362 10071199611
77 10026400082 10039006797
78 10050962965 9962075008
79 10037045494 10054550891
80 10244373975 10038375402
81 10086316222 10175247240
82 10068195086 10050697554
83 10081355028 10030992325
84 10029922039 10062314195
85 10159862628 10016430567
86 10030410394 10064629925
87 10142624323 10031107568
88 10104594365 10042027061
89 10129898649 9966851950
90 10119131005 9984312190
91 10125054203 10035163798
92 10151564096 10014294322
93 10043702786 10080068019
94 9984759471 10046139945
95 10069770219 10045672898
96 10095645481 9948855918
97 10026966897 10058136379
98 10120935134 10242634481
99 10052798293 10032107005
100 10001504464 10199703975
101 10177562662 9897345439
102 10050825923 10089402575
103 10028214748 10057645071
104 10087706193 10126989474
105 10043707428 9944330643
106 10084122207 10048166193
107 10023877712 10054088139
108 10046736495 10199703975
109 10097719751 10068660094
110 10147334446 10084746909
111 10099917799 10044974289
112 10100000000 10058115260
113 10028910651 9944330643
114 10026358452 9944330643
115 10136459452 10104709293
116 10042940643 10005845562
117 10138709179 9950509315
118 10324288406 10058766807
119 10085910456 10092323785
120 10210875590 10145364928
121 9987550140 10127499823
122 10153899135 10018886015
123 10111958576 9994717072
124 9979996323 9944330643
125 10103438356 10161136204
126 10024861694 10055377603
127 10089639879 10057587677
128 10166614927 10119670472
129 10134466707 10019992919
130 10023077446 10053039425
131 10081299602 10068367331
132 9999584077 10090677553
133 10057832110 10014105256
134 10087830411 10074079728
135 10088651735 10043531401
136 10032888223 9944330643
137 10142468493 10087348143
138 10103939908 10041755467
139 10097180799 10017980819
140 10066078413 10106870125
141 10074643555 10017651505
142 10069494089 10141054970
143 10160692440 10004553326
144 10020829177 10023912945
145 10063956525 10021358754
146 10179581082 10022090420
147 10041342646 10096045528
148 10113399758 10199703975
149 9987550140 10088794936
150 10077901983 10027709680
151 10100000000 10034727144
152 10041802039 10079693917
153 10028609654 10047413339
154 10049501651 10199703975
155 10077765412 10036842234
156 10042751929 9944330643
157 10083525013 9986943089
158 10048581517 10076809428
159 10100631218 10162666720
160 10095006866 10043017126
161 9998926757 10084404084
162 10025589131 10056330877
163 10086785324 9946795467
164 10026500854 10011705263
165 9994659998 10068654684
166 9986063589 10074551039
167 10102406768 10019976912
168 10070736776 10024182677
169 10048143098 10033970913
170 10075280688 10062639840
171 10124060961 9972302768
172 10100000000 10032382663
173 9965039749 10048762424
174 10053176745 10087955507
175 10095468169 10012193343
176 10052510232 10033090858
177 10074242245 10059521687
178 10091207925 10199703975
179 10032299167 10014886384
180 10086335893 10047880356
181 10173910810 10075628470
182 10071077289 10113907433
183 10050810876 10024367205
184 10013375846 9978788017
185 10052234209 10001644007
186 10080789415 10128668403
187 10104782605 10160110416
188 10018480784 10029016830
189 10004699968 10005398907
190 10019611258 10199703975
191 10019302763 9944330643
192 10138049192 9992394234
193 10023229505 10053238692
194 9987550140 10064950430
195 9987550140 10187398592
196 10037779776 10072306177
197 9987550140 10081984597
198 10056771050 10080337163
199 10030546557 10033087205
200 10077715593 10016284161
201 10069483447 10000256923
202 10129564312 9940737628
203 10030702710 9986447196
204 10060833622 10082925800
205 10060262028 10041214966
206 9973382703 10101882615
207 10041895892 10209957398
208 10008900686 10005350148
209 10027917185 10057830169
210 10143238531 10087048072
211 10026787333 10052385798
212 10000000000 10077515329
213 10031750277 9944330643
214 10022932953 10042204059
215 10148092459 10077715236
216 10026481404 10052271897
217 10048852560 9924340617
218 10086246313 10046379524
219 9993784891 10199703975
220 10026905032 10062347676
221 10031015957 10055434280
222 10008298623 10010292680
223 9960879647 9991409823
224 10000000000 10079106796
225 10035498111 10199703975
226 10022778775 10052648030
227 9949588226 9993768009
228 10145523441 10124072745
229 10061897459 9938596330
230 10028637233 10064775162
231 10095824395 10082181150
232 10045946204 10199703975
233 10092900975 10071714788
234 10057084114 10035036368
235 10055671624 10096022564
236 10026051897 10022685916
237 10000252848 10083959711
238 10085657551 10135047880
239 10031373543 10026633961
240 10022755504 10048128131
241 10076097600 10015927622
242 10028883378 10050070506
243 10157940952 10073198946
244 10023317849 10018723901
245 10009033435 10018716444
246 10000710806 10080580865
247 10092706259 10029749749
248 10078146542 9944330643
249 10030767865 10036929445
250 10088977682 10199703975
251 10107185793 10004949536
252 10060503803 10102085008
253 10049336032 10032935902
254 9964624864 10032794142
255 10018496903 10027720877
256 10026568584 10057640254
257 10103052653 10008835851
258 10000000000 10078775442
259 10137721436 10044824407
260 10029650209 10199703975
261 10049202891 10029483503
262 10062987507 9944330643
263 10056980530 10014852480
264 9987550140 10247029613
265 10044222594 10068018847
266 10041121672 10207797639
267 10049756316 10028178369
268 10053146681 10021362721
269 10052931756 10092162176
270 10049776115 10046500650
271 10083952267 10167690145
272 10039186124 9944330643
273 10120633589 10199703975
274 10142578025 10209639638
275 10092905880 10036416046
276 10042967596 10074656609
277 10056719305 10097125591
278 10039212587 10080504770
279 9998613802 9985101060
280 10018686460 10199703975
281 10042770729 10006667674
282 10077638623 10053971876
283 10117093086 10199703975
284 10097498959 10014535854
285 10063790557 9995885393
286 10093571804 10014312400
287 10025963889 10056821981
288 10093111359 10036269454
289 10053406921 10031917249
290 10071891629 9933346766
291 10041876952 10048891169
292 10052964157 10017277487
293 10012869775 10010713652
294 10074247247 9993248282
295 10052098178 10091069809
296 10222855951 10050584466
297 10054969919 9990603431
298 10287236616 10108440064
299 10032958090 10066076146
300 10067379163 9990587302
301 10187974073 10023450004
302 10029362252 10061275386
303 10047180183 9965633291
304 10102277042 10016690472
305 10153312908 9979407959
306 10083755844 10068737170
307 10181995510 9953715046
308 10039466415 10068090993
309 10040247559 10011484505
310 10056844546 9962478474
311 10176738931 10280965825
312 10041572662 10033983537
313 10144802355 9953193679
314 10100000000 10010049290
315 10179193000 9894967983
316 10043686766 10080047027
317 10000000000 10082982743
318 10049132359 10002124839
319 10093478401 10054101771
320 10066068495 10109377291
321 10046484384 10199703975
322 10024374690 10199703975
323 10100000000 10098425071
324 10045837295 10034003594
325 10286383546 10057684800
326 10146723841 10224541619
327 10019486282 10021945357
328 10026006314 10199703975
329 10040768387 9978172392
330 10054907255 9992356841
331 10049001560 10087674520
332 10103400425 10008634963
333 10017575561 10022226647
334 10057907817 9943930432
335 9987550140 10068403105
336 10096692019 10062631724
337 10100000000 10055831225
338 10009077733 10098313482
339 10046395183 10084145660
340 10098486499 10033321812
341 10029156255 10051281529
342 10039996648 10059789605
343 10058381738 10044447394
344 10110493501 10126622396
345 9975486243 10029319181
346 10074943032 10040009795
347 10029093511 10053923427
348 10187986336 10114878164
349 10092462222 10091301644
350 10035958096 9944330643
351 9971495835 10199703975
352 9987550140 10199703975
353 10140510027 10153143865
354 10099978042 10199703975
355 10047030768 9944330643
356 10047733692 10085350344
357 10071829055 10028629951
358 10026073475 10047293568
359 10000963394 10082350462
360 10121215402 10077503424
361 10024269799 10054601951
362 10078313223 10025343975
363 10037145656 10208203368
364 9968588646 10024120900
365 10022604883 10035942511
366 10094097324 10008204576
367 10025417134 10022127598
368 10025904455 10056744096
369 10085063680 9941389631
370 10142752123 9954227706
371 10064025599 10129912417
372 10037607728 9985296932
373 9987550140 10075383254
374 10052725054 10005303814
375 10009852203 10019993930
376 10043679486 9944330643
377 10065448926 10091486688
378 10044426843 10004452169
379 10168843619 10041050442
380 9994734206 10073599978
381 10027807777 10199703975
382 9987550140 10054044752
383 10000000000 10075840684
384 10089148884 10015148705
385 10026194928 10050140344
386 10075032271 10091100623
387 10127817134 9994530815
388 10090691203 10199703975
389 10018454691 10034386054
390 10049432162 10199703975
391 10012720750 10101905439
392 10057441479 10097025142
393 10131070226 10017019035
394 10072423992 10026175390
395 10043096145 10079273044
396 10083050997 10051555925
397 9987550140 10057322049
398 10011404566 10021460909
399 10051847430 10199703975
400 10030674058 10047910063
401 10080900159 10049839028
402 9987550140 10070454017
403 10066453438 9966598926
404 10095041904 10005107638
405 10024729146 10024004957
406 10125759100 10286114299
407 10090386331 10024471172
408 10057176585 10104061740
409 10300999299 10060623349
410 10125231976 10199703975
411 10187284359 10069884132
412 10085021992 9972097165
413 10051279687 10089997213
414 9954622754 10010432253
415 10055379991 10017215459
416 10074711540 10106817559
417 10075292606 9950433914
418 9977856910 10079307782
419 10056225479 9990992996
420 10031195801 10199703975
421 10046710171 10084009064
422 10002865284 10078686322
423 10080600845 10075221007
424 10038557682 10062447647
425 10036629622 10078496170
426 10035101452 10199703975
427 10050719950 10199703975
428 9976513234 10105291321
429 10052998471 9944330643
430 9987550140 10077601219
431 10145881829 10020350635
432 10100708327 10199703975
433 10061249397 9999637072
434 10060491425 10011487014
435 10026533705 10055304253
436 10058832413 10099894725
437 10059277251 10098741785
438 10027982641 10007603587
439 10054007722 10092555763
440 9982253487 10033160642
441 10109370549 10070885545
442 10022904961 10053104788
443 10074320885 10119199647
444 10029306038 10061201719
445 10061097386 9999861495
446 10088755617 10060601506
447 10020577444 10199703975
448 10035498981 10073988101
449 10040899049 10199703975
450 9987550140 9944330643
451 10024185971 10054492099
452 10027911974 10054520928
453 10095210243 10034918748
454 9996445206 9980025127
455 10276859234 10144494975
456 10090310625 10199703975
457 10091364132 9955176750
458 10074059647 10119849341
459 9972691363 10026716369
460 10080469188 10028346209
461 9987550140 10075205949
462 10034171018 10032279963
463 10049465178 10029607324
464 10097719751 10066272962
465 10039418082 10074453104
466 10025713976 10050050009
467 10017077142 9944330643
468 10010165344 9980908349
469 10006330721 10088694746
470 10000000000 10079807078
471 10051978977 9994943821
472 10100000000 10199703975
473 10029247925 10019791880
474 10055953867 10094737584
475 9983595712 10035209803
476 10056818570 10057754263
477 10022689553 10039063956
478 10050116041 10088472306
479 10037631800 10041306088
480 9987550140 9944330643
481 10103327629 10062896662
482 10122861715 10036917738
483 10100000000 10031588474
484 9987550140 10060477541
485 10067933226 10099026832
486 10053960506 10093510308
487 10081996594 9944330643
488 9998861220 10199703975
489 10027060851 10050966409
490 10159417251 10080743489
491 10032259372 10048109258
492 10024776197 10055031332
493 10111857960 9986729506
494 10025398326 10056080836
495 10114561424 9996954199
496 10140989310 10006124730
497 9999536820 9944330643
498 10029514630 10013561978
499 10042328081 10199703975
500 10082448253 10048533562
501 10061630207 10049209727
502 10067329169 9991277787
503 10017886850 10037152313
504 10246729907 10069657109
505 10123506923 10037689593
506 10037819702 10035631877
507 10025896581 10199703975
508 10083737119 10094225195
509 10002196844 10086820156
510 10089726969 10203441804
511 10172725711 10039527273
512 10096549043 10156459287
513 10145745686 10070898425
514 10000000000 10073396283
515 10135708729 10019584258
516 10097565623 10048948401
517 10066687795 10047967589
518 10047834175 10199703975
519 10050782270 10027662816
520 10067959023 10024799183
521 9972641942 10050082153
522 10026746972 10051953210
523 10023839633 10052096475
524 10033396402 10199703975
525 9987550140 9944330643
526 10101961457 10118318629
527 10100000000 10057836020
528 10041392477 10011554003
529 9987550140 10068104972
530 10069624827 10065684706
531 10094046356 10039304891
532 10302239262 10056315251
533 10049560730 10039461279
534 10107821592 9999046032
535 10030152571 10067764762
536 10050269228 10082642505
537 10025559025 10059372981
538 10056506112 9944330643
539 10049049125 10024974459
540 10061138751 10102917079
541 10064978500 10011584180
542 10080898457 10128811298
543 9978497489 10023172111
544 10057025771 10022881205
545 10041349671 10054857363
546 10026572084 10199703975
547 10062014954 9998506830
548 10083514875 10170055139
549 10032183907 10002434570
550 10202099655 10064110853
551 10096317769 10035537465
552 10056682412 10015292611
553 10098292534 10030531223
554 10100000000 10091625399
555 10041918628 10077831890
556 10017101338 10033756108
557 10000680666 10199703975
558 10012214361 9977274748
559 10103178984 9996911953
560 10041865212 10078773892
561 10069271137 10146263019
562 10043210621 9985620329
563 10102387773 10087473463
564 10085905528 9963235637
565 10059073271 10029627524
566 10115105200 9988424640
567 10119994433 10199703975
568 10023172633 10053164164
569 10064366470 10011122603
570 10127061672 10026598283
571 10012510198 10019557916
572 10095241839 10095721802
573 10090611900 10087841590
574 10047948992 10031845767
575 10051977476 10199703975
576 10025752693 10057450996
577 10023241474 10053254377
578 10001551002 10199703975
579 10047117723 10031662839
580 9987550140 9944330643
581 10035626271 10035464068
582 9971863454 9932184797
583 10054485733 10018535710
584 10094271321 10215243491
585 10026374975 10057360691
586 10214049993 9925001714
587 10096260324 9947854885
588 10014512759 10199703975
589 10025161042 10024795215
590 10037728120 10072238484
591 10054912737 10199703975
592 9992143590 9972101629
593 10126061141 10088460782
594 10029422292 10049797837
595 10001502663 10003465385
596 10049701629 9944330643
597 10069437170 10126037241
598 10036675351 10199703975
599 10045363364 10000044887
600 10026334961 10057308255
601 10024567743 10054992394
602 10047728885 10032172415
603 10070601611 10029750028
604 10025577581 10055731868
605 10046606247 10199703975
606 10052849898 9944330643
607 10092202566 10071735857
608 10092112272 10028666645
609 10045682994 10098538555
610 10086351211 10199703975
611 10095777011 10138895511
612 10157568703 9925558226
613 10021998663 10051466350
614 10087097082 9961476469
615 10056353177 10029116781
616 10043039936 10199703975
617 10100000000 10046847545
618 10074877284 10120920817
619 10140257151 9974434270
620 10053656703 10092787598
621 10087890852 10056152551
622 10040777291 10076234288
623 10130541473 10122243035
624 10099894390 10010660201
625 10023823662 10051223981
626 10143374249 10073978598
627 10071505179 10029597168
628 10096808737 10011363353
629 10087311299 10201078630
630 10087702548 9960582582
631 10025814080 10056625663
632 10104386996 10088883358
633 10053426920 10092811066
634 10011613305 10008067982
635 10019570640 10199703975
636 10080299552 10084374636
637 10055992148 10013635679
638 10049835210 10031134293
639 10018900222 10090110272
640 9987177366 9911719402
641 10062024138 10020695567
642 9991932529 10071743915
643 10124514853 10003493502
644 10072573354 10005203106
645 9998999369 10106760918
646 10167016812 10027849905
647 10028815548 10048431451
648 9987550140 10199703975
649 10139781351 10215387271
650 10106906572 10000380369
651 10020661670 10022407179
652 10024882928 10199703975
653 10143482538 10050985379
654 10107640178 9926658166
655 10061049363 10048024744
656 10079047262 10097411422
657 10054491431 10199703975
658 10014049057 10023142687
659 10031458296 9944330643
660 10005832082 10001596529
661 10070082696 10047119804
662 10032766591 10199703975
663 10108638908 10199703975
664 10085862401 9951240893
665 10081668543 9997952399
666 10072380887 9979305624
667 10039399090 10074428217
668 10141111764 10087876838
669 10037481358 10028748222
670 10097728789 10019551083
671 10082897858 10032613648
672 10086123274 9938828500
673 10026212290 10060229937
674 9971693476 10056080636
675 10009709241 10018097709
676 10143578442 9985426401
677 10057256989 9944330643
678 10001805158 10080813769
679 10096517689 10053971876
680 10111788497 10086036458
681 10000000000 10085516288
682 10119423835 10063855655
683 10017842505 10019700520
684 10070248651 10003226374
685 10025059881 10036011578
686 10013915916 10012459179
687 10120071028 10199703975
688 10141320658 10030844230
689 10086355345 9961172753
690 10008476371 10102142298
691 10065919551 10107919735
692 10012841717 10018930206
693 10005259130 10009878634
694 10039988535 10199703975
695 10054146230 10109231275
696 10050351841 10114864548
697 10026417712 10009363745
698 10057642285 10099387094
699 10035629458 10027834883
700 10000000000 10077308754
701 10009769770 10199703975
702 10001039041 10079868834
703 10078526576 10031165113
704 10004329860 10005308248
705 10035810090 10047804410
706 10040251398 10074099184
707 9979695379 10090687822
708 10103836051 9997002208
709 10111426860 10230005808
710 10074752841 9944330643
711 10096909940 10043472174
712 9971645615 10008321843
713 10048126618 9944330643
714 10033539574 10071296832
715 10179209311 10123295407
716 10016538884 10030496346
717 10028015921 9955605384
718 10054045555 10019185573
719 10057654324 10035463325
720 10090580713 10073283724
721 10150875258 10070699459
722 10062080649 10076953287
723 10089419966 10056187849
724 9987550140 10075767657
725 10113864750 10049311158
726 9985424726 10070098824
727 10039326672 10076170344
728 10012250203 9963203074
729 10049732033 10199703975
730 10030296396 10031485391
731 10074247775 10095236417
732 10057127371 9984643330
733 10077700012 10048330917
734 10049941133 10030617260
735 10083217511 10012000199
736 10092530154 10091120814
737 10069463173 9941784133
738 10056133937 10096358492
739 10055958839 9968940925
740 10080971456 10015311495
741 10032053104 10199703975
742 10149741874 9942850604
743 10100381404 9951294334
744 10109952622 9981146646
745 9987550140 10095304103
746 9987550140 10051648012
747 10097958490 10064904895
748 10159758723 10032474608
749 10022674759 10052511722
750 10000000000 10199703975
751 10030006509 10017349970
752 10027500473 10199703975
753 9984042867 10075654614
754 10050142342 9944330643
755 10059322508 10048121366
756 10030796027 10050828243
757 10085249718 10055500797
758 10078836977 10027615134
759 9981770734 10041967670
760 10045292794 9944330643
761 10096084540 10199703975
762 10000000000 10100000000
763 10159138920 9974189212
764 10076739653 9976767808
765 10052013584 10043706141
766 10000000000 10100000000
767 10098106525 9944330643
768 10139266238 9953191572
769 10025896600 10057881033
770 10065120266 10031943465
771 10073718842 10119402731
772 10036390838 10027964947
773 10032749672 9944330643
774 10100682063 10161178963
775 10048773524 10007491717
776 10061294006 10027694890
777 10269500204 10170063000
778 10049648935 10024667612
779 10073782063 10021531658
780 10025211285 10047744453
781 10003343601 9972227586
782 10054240580 10090108064
783 10204008427 10145154242
784 10100253101 10002335317
785 10083356923 10002107364
786 10077885522 10023020574
787 10048617994 10026130578
788 10137464379 10124235596
789 10029008669 10056723766
790 10185800576 10070462339
791 10293894371 10114693230
792 10052785222 10205336642
793 10151228350 10199703975
794 10059697581 10097161421
795 10015557543 10018748401
796 10005065866 9978559925
797 10087049388 10070272270
798 10086251855 10018503730
799 10151113366 10074850102
800 10013778384 10199703975
801 10198118916 10064453097
802 10102280527 10210969884
803 10009963301 9903543479
804 10004762929 10084960879
805 10074574285 10025700195
806 10093657822 10040280861
807 10065718585 10030048724
808 10026225638 10057164991
809 10031381188 9931536342
810 10167984309 10079093542
811 10287255019 10108376126
812 10076364043 10123153453
813 10056084659 10203195719
814 10049151778 9996718595
815 10002922492 9944330643
816 10033717634 10067487800
817 10028480535 10036293115
818 10007633679 10004461432
819 10056089964 10013463085
820 10094054015 10199703975
821 10077525151 9933454382
822 10026447611 10044557384
823 10087509132 10002599203
824 10076312799 10043526608
825 10055807221 9964171835
826 10074241839 9980455493
827 10028881801 10055880713
828 10087879045 10015263905
829 10087692858 10017708334
830 10054716450 9942928483
831 10077004307 9964886998
832 10074824105 10019038552
833 10092007677 9954226642
834 9987318302 10099068788
835 10094201022 10084123424
836 10029149902 10057824631
837 10100000000 10023915882
838 10054345673 10017688028
839 10029723765 10199703975
840 10040024886 10017028535
841 10011514184 10009218980
842 10065533338 10107315793
843 10099777851 10010727518
844 10100000000 10199703975
845 10029728505 10047422967
846 10029217463 10057068180
847 10087648876 10047103717
848 10100000000 10040416110
849 10063383616 10043566474
850 10010859263 9944330643
851 10101445571 10187617126
852 10042310862 10082528617
853 10022841730 10052730530
854 9951513986 10031214223
855 10039049424 9944330643
856 9973520166 10062707790
857 10025721899 10199703975
858 10057564824 9944330643
859 10092585622 10038524653
860 10056714846 10016258768
861 10105528384 10002390125
862 10007820596 10199703975
863 10023162688 10053151132
864 10024927934 10037769973
865 10060083233 10044251076
866 10051187626 10083109286
867 10023938749 10053644092
868 10100000000 10051102291
869 10059916483 10033574050
870 10043917953 10080612467
871 10052829228 10057043099
872 10097535354 10188523966
873 10081819059 10028713562
874 10087951890 10057698648
875 9957397002 9999208363
876 10075059479 10055351810
877 10049273791 9933067671
878 10061684635 10032378908
879 10050644084 10089339321
880 10092196211 10045334112
881 10000131902 10094447267
882 10155933278 10024805568
883 10151656976 10027443292
884 10034458880 10199703975
885 10018916958 10031582117
886 9987550140 10134310829
887 10094777527 9944330643
888 9993368417 10068129428
889 10014259565 9963203074
890 10057280572 10047185084
891 10015544071 10036344803
892 10094933852 10191774088
893 10038598932 10066483398
894 10009873533 10000200018
895 10026139688 10199703975
896 10033278526 9944330643
897 10093067827 10029486357
898 10008539618 9991605556
899 10030856097 10069942112
900 10110101114 10001860937
901 10017801093 9944330643
902 10093008203 10190825842
903 10220271138 9910701156
904 10115978588 10018448599
905 10036803683 9944330643
906 9987550140 10065074150
907 10041865276 10199703975
908 10068242629 10016157330
909 10002861479 9995634635
910 10091367962 10015585435
911 10020101385 10000194749
912 10060203818 10015022435
913 10080106161 10061355303
914 10094432438 10051332604
915 10140328936 9950785331
916 10058522989 10070936200
917 10063049750 10011783410
918 10088921876 10199703975
919 10042826209 10081218458
920 10060393392 10000900847
921 10102232291 10010740237
922 10147803610 10076729198
923 10062355838 9998003561
924 10062761928 9999772385
925 10062279705 9998115961
926 10104782605 10160110416
927 10049563496 10036404747
928 10025830308 10017514871
929 10051569834 10026275716
930 10079240007 10095329982
931 10064933621 10107890088
932 10051353495 10205972334
933 10090904105 10000601171
934 10054745688 10021578151
935 10081369560 10034302296
936 10094659871 9944330643
937 10059402509 10033770580
938 10012781184 10025285283
939 10022613325 10049949135
940 10066473259 10058208757
941 10182526571 10124177095
942 9995854931 10083358702
943 10024345187 10022237269
944 9987550140 10199703975
945 10016837348 10024145477
946 10059403156 10011941510
947 10094111713 10043305106
948 10075041235 9944330643
949 10081186217 10032226151
950 10045894305 9955620055
951 10062440038 10011675264
952 10143935382 10086261053
953 9987550140 10081161202
954 10100000000 10021801191
955 10050005421 10088327343
956 10031717880 10073822022
957 9995899041 10199703975
958 10099773912 10053971876
959 9992830066 9944330643
960 10220725334 9990575601
961 10087563063 10055942118
962 10052142725 10022320485
963 10066275869 10044240059
964 10069040557 10037597025
965 10068107822 10014707371
966 10049984908 10055521750
967 10098667639 10049166983
968 10080102437 10053389953
969 10101684052 10007996160
970 9987550140 10138211997
971 10076169834 10033869004
972 10000000000 10088253972
973 10095676127 10016761286
974 10069911489 9964708952
975 9998934649 9996804779
976 10042605620 10078630233
977 10062049786 10102539611
978 10178921990 10075058829
979 10080524869 10027016609
980 10036564906 10068933288
981 10027219509 10056364838
982 10161071552 10073789504
983 10106729959 10000637918
984 10080740734 9944330643
985 10132130523 10179748070
986 9980739893 10052017015
987 10069003625 10113223648
988 10058538932 10071009348
989 10029423882 10061356149
990 10092605044 10031474245
991 9964799361 10009755488
992 9987550140 10091949553
993 10080132579 10123081394
994 10026628784 9976708026
995 10027436465 9981694842
996 10046902448 9938562113
997 10018443612 10004635605
998 10001141704 10088565293
999 10141483638 9986636450
1000 10005337201 10109144256
1001 10031010243 10012426417
1002 10012644076 10026792682
1003 10088110971 9952688690
1004 10027196695 10049467570
1005 10053355620 10029492400
1006 10042764871 10002169667
1007 10097910179 10001489586
1008 10100371638 10159732451
1009 10044933770 10086873932
1010 10026470675 10199703975
1011 10039104758 10013648012
1012 10054770188 10025299577
1013 9987550140 10063193323
1014 10028441149 10060068320
1015 10095795596 10031991350
1016 10068516051 9997593135
1017 10035826306 10073602336
1018 10100000000 10024651058
1019 10137191768 9999110881
1020 10000000000 10093223559
1021 9989018673 9961225316
1022 10098825642 10053971876
1023 10028481290 10065115810
1024 10046237021 10091318338
1025 10027312103 10052611217
1026 10185635924 10016263269
1027 10021978675 10199703975
1028 9987550140 10080477538
1029 9987550140 10199703975
1030 10040197229 10078611068
1031 10054615112 10094368139
1032 10006492238 10015438528
1033 10013934321 10025506381
1034 10031264952 10040973747
1035 10031260345 10044736160
1036 10058431902 10034257827
1037 10023966480 10053329499
1038 10026358214 10057338727
1039 10095448441 10022368809
1040 10097135739 10012253717
1041 9995351822 9944330643
1042 10008311992 10199703975
1043 9987550140 10065697008
1044 10026001656 10055244575
1045 9995656758 10067755382
1046 9987550140 10096554832
1047 10027979722 9996177019
1048 10049944130 10028900216
1049 10086642208 10136338229
1050 10015113434 9990645266
1051 9973904190 10023268678
1052 10032122675 9963203074
1053 10071866655 10021552722
1054 10096868991 10070624266
1055 10026159061 10057077745
1056 10010032756 9997171167
1057 10054624144 10094379975
1058 10009190568 9944330643
1059 10037958833 10016959930
1060 10094713337 10032168079
1061 10057233163 9944330643
1062 10136209960 9944330643
1063 9984133742 9900322491
1064 10098753723 10008628899
1065 10093646192 10195730928
1066 10071340378 10116285859
1067 10068704522 10070133453
1068 10098936268 10066947111
1069 10079308403 9944330643
1070 10100000000 10000000000
1071 10026123105 10056740939
1072 10024721912 10048811655
1073 10092140124 10077531400
1074 10122098595 10015228720
1075 10052247498 10037830207
1076 10026087570 10058628277
1077 10057855083 10013106350
1078 10302682840 10054774096
1079 10068355369 9944330643
1080 10142578220 9939929671
1081 10002001075 9992758478
1082 10086726153 10199703975
1083 10054769452 10032734282
1084 10125737342 10063570989
1085 10069067572 9973397434
1086 10073643510 9944330643
1087 10025879988 10054443236
1088 9989109253 10078097606
1089 10048267622 10031375354
1090 10052116921 10016905496
1091 10003230728 10092988162
1092 10079507285 9944330643
1093 10007057221 10199703975
1094 10051974047 10037988164
1095 10071024738 10017683219
1096 9993160424 10199703975
1097 10088006256 10058246769
1098 10033693855 10066951759
1099 10058749993 10125557002
1100 10053723962 10203436993
1101 9980285036 10043545175
1102 9985751975 10041163380
1103 10082393013 9968421389
1104 10022207939 10051899975
1105 10126359122 10086354333
1106 10119051034 10045104974
1107 10019816632 10046122241
1108 10078031472 10024490083
1109 10171693785 10118538128
1110 10079645797 10064233855
1111 10038037481 10051134823
1112 9997768082 10093358622
1113 10014583446 10010306693
1114 10100000000 10041027016
1115 10035532384 10069361070
1116 10003117152 10092242394
1117 10029941265 10066488318
1118 10071145559 10038359214
1119 9979259509 10027784851
1120 10099942731 10054025599
1121 9985487018 10041089023
1122 10099795008 10064088541
1123 10007583309 10014443027
1124 10059017282 10097605730
1125 10004791941 9967995067
1126 10065024409 10108009062
1127 10049219420 10029970152
1128 10155916632 10360232718
1129 10061768357 10037180769
1130 10111260208 10051625173
1131 10056318247 9944330643
1132 10046151107 10056185964
1133 9997213890 10080489311
1134 10049423907 10088271168
1135 9998359915 10199703975
1136 10039033733 10019637162
1137 10052255296 10204571641
1138 10015291196 10023946810
1139 10017948097 10023977646
1140 9996195635 9958135356
1141 10040524021 10066107295
1142 10035825997 10044615313
1143 10118786140 10005453241
1144 10063072119 10059534374
1145 10099103352 10199703975
1146 10160363726 10013811582
1147 9968199051 10029940047
1148 10027982699 10061622015
1149 10090630200 10141564316
1150 10057027902 9980208934
1151 10000000000 10077061855
1152 10122255460 9944330643
1153 10006579682 10012812417
1154 10121932876 9977755960
1155 10078341989 10137113912
1156 10146706793 10071079729
1157 10123987433 10006277570
1158 10069486085 10089441643
1159 10061620721 10012364108
1160 10061521708 10004273530
1161 10014779832 10199703975
1162 10058527106 10097958640
1163 10095137190 10091829494
1164 10050504587 10089030990
1165 10026049108 10058237878
1166 10050240745 10066848082
1167 10086416862 10136321419
1168 10071023486 10085576333
1169 10088164347 10199834182
1170 10108520884 10004923311
1171 10045916763 10080853658
1172 10031677744 10000600690
1173 10030566841 10049044333
1174 10085379089 10057439284
1175 10049973069 10025343411
1176 10137501936 9980567620
1177 10100000000 10021500294
1178 10198968602 10031703797
1179 10091326006 10020651680
1180 10075248683 10021373655
1181 10049548105 10028901770
1182 9987550140 10052368278
1183 10062227522 10038759068
1184 10200974296 10064320202
1185 10018391179 10034439998
1186 10028764668 10063079836
1187 10056929505 10019059017
1188 10065190933 9944330643
1189 10098180862 10002118720
1190 10010193348 10016495047
1191 10062400527 10017859950
1192 10011412765 9930825796
1193 10064550292 10024637515
1194 10031582169 10031609451
1195 10104332052 10160454230
1196 10072937006 10023573950
1197 10088639327 10055469567
1198 10197260591 10065996557
1199 9986875731 10076308054
1200 10065445177 10108560459
1201 10025835321 9977572343
1202 10026041233 10041437022
1203 10082224085 10033694423
1204 10095970947 10055353224
1205 10062269500 9944914866
1206 10085402330 10084464452
1207 10158144021 10233046941
1208 10023573517 10199703975
1209 10049290695 9989017742
1210 10051171688 10089855684
1211 10035759299 10064698992
1212 10064799285 10083747039
1213 10025418419 10056107167
1214 10110878607 10036533651
1215 10066093159 10023073217
1216 10104782605 10160110416
1217 10050004520 10199703975
1218 10107126912 10047726518
1219 9987550140 10163759990
1220 10006965471 10104148199
1221 10096220356 10148889968
1222 10056787491 10010527963
1223 10013106546 9944330643
1224 9985139073 10199703975
1225 10038781292 10086636327
1226 10100000000 10025585621
1227 10090296625 10199703975
1228 9983851169 10060794508
1229 10052294591 9944330643
1230 10038707081 10199703975
1231 10031333092 10063858083
1232 9987550140 10059124491
1233 10006281861 10009252546
1234 10100000000 10038320160
1235 10064127712 10031354320
1236 10000000000 10078447404
1237 10007868514 10100000000
1238 10025324030 10053513039
1239 10000530375 10199703975
1240 10029258069 10063534847
1241 10089041698 10199703975
1242 10007939402 10100537726
1243 9994108835 10071766518
1244 10041551097 10199703975
1245 10025616766 10056367092
1246 10034670687 10047341413
1247 10056110619 10032374572
1248 10060837449 9939345937
1249 10032179932 10064967831
1250 10002729453 10094342992
1251 10101858928 10006859839
1252 10005819694 10199703975
1253 10100000000 10055798273
1254 10042497131 9944330643
1255 10090585156 9944330643
1256 10025911863 10048956253
1257 10032631509 9944330643
1258 10002382222 10092596106
1259 10118606293 9987557961
1260 10024857243 10051259375
1261 10051075596 10027229760
1262 9975092849 10082750974
1263 10029716630 10061739782
1264 9992075347 10067398890
1265 10000029898 10078432567
1266 10059282486 10002540949
1267 10004697114 9986349500
1268 10045764229 10004738056
1269 10099625875 10199703975
1270 10069073766 10113315565
1271 9987550140 10103244701
1272 9987550140 10069116435
1273 10014602296 10030519417
1274 10035274544 10049676926
1275 10100000000 10049944376
1276 10147182005 10010017598
1277 9987550140 10081016419
1278 9945266162 10108688813
1279 10064212763 9941063031
1280 10161032851 10014004171
1281 10071686804 10037998641
1282 9998782367 10078969678
1283 9987550140 10199703975
1284 10057379300 10048326488
1285 10086194813 9944330643
1286 10097250387 10198081782
1287 10100000000 10032318950
1288 10003168827 10085270103
1289 10102477748 10154853344
1290 10133363380 10022566256
1291 10011360795 10100000000
1292 10043723056 10088875791
1293 9987550140 10062167088
1294 10103921402 10225799157
1295 9987550140 10209252164
1296 10067856137 9989883116
1297 10090403808 10037389736
1298 10031780676 9984030316
1299 10137446996 10032118773
1300 10010622845 10019760017
1301 10045874694 10036086012
1302 9980075349 10026187475
1303 9986754390 10084148188
1304 10136072079 10056342754
1305 10027205966 10053710681
1306 10031521829 10044312159
1307 9989406054 10105704022
1308 9965259799 9997547300
1309 10061568433 10099185892
1310 10087949912 10134792861
1311 10183892795 10071205770
1312 10024601786 10056637392
1313 9982014255 10063304151
1314 10000000000 10079264055
1315 9987550140 9944330643
1316 10105749145 9998984900
1317 10024135502 10041048085
1318 10043476564 10075204968
1319 10061315828 10048583614
1320 10075616250 10035086929
1321 10073781627 10117079287
1322 10051561253 10024985822
1323 10025411121 10057302145
1324 10139795587 10016113785
1325 10027922845 10059389106
1326 10149771037 10024438880
1327 10159663496 10021395248
1328 9969254600 10046431100
1329 9935836722 10133728210
1330 10079648607 10021867653
1331 10105986177 10199703975
1332 10132161423 10088439890
1333 10091600064 10051635943
1334 10084791796 10066170405
1335 10023303125 10053335168
1336 10025870614 10007611392
1337 9948458667 9987306458
1338 10016330766 10020263681
1339 10024763338 10054647628
1340 9995850306 10082844910
1341 10025745033 10056535180
1342 10117206547 10015258622
1343 10001307430 9963203074
1344 10079177665 10079538484
1345 10149001038 9951076088
1346 10090491645 10032097203
1347 10021282830 10047233710
1348 10076069667 10024069491
1349 10040587870 10076444389
1350 10199092681 10064091234
1351 10026049632 10056934343
1352 10102101162 9944330643
1353 10084017299 10061336981
1354 10079551064 10022058485
1355 9987799829 10055670917
1356 9987550140 10085148665
1357 10078354846 10034018123
1358 10121350223 10199703975
1359 10098744750 9944330643
1360 10033534404 10067400705
1361 10083392370 10131090073
1362 10076312016 10027600939
1363 10073764488 10035056406
1364 10027748211 10059160256
1365 10047756655 10022895618
1366 10054914976 10017353417
1367 10028799611 10057658142
1368 10041668808 9944330643
1369 9987550140 10144570654
1370 10157941023 10129021708
1371 10023146670 9944330643
1372 10060666762 9944330643
1373 10088017548 10062319547
1374 10012042522 10199703975
1375 10023167764 10054009375
1376 10152916367 10017534137
1377 10147514093 10079142430
1378 10200482371 9992341274
1379 10144300169 10076517591
1380 10082040670 10057130984
1381 10075806000 10122137859
1382 10302682840 10054774096
1383 10068642440 9927383012
1384 10056232296 10031013745
1385 10022043309 10042804389
1386 10087859271 10199703975
1387 10092582863 10199703975
1388 10166060666 10077707791
1389 10049107444 10031599798
1390 10093716058 9944330643
1391 10057828222 10035701754
1392 10011167840 10199703975
1393 10028941237 10048031966
1394 10119132620 10033875193
1395 10029940017 10062032521
1396 10029409758 10041011681
1397 10037316881 10072973832
1398 10080247145 10027067583
1399 10008926581 10099306392
1400 10073890182 10059427991
1401 10033384546 10045211815
1402 10096956428 10029208954
1403 10025465272 10055099379
1404 10105778779 9944330643
1405 10090564935 9956356656
1406 10066977256 10020210830
1407 10024304096 10051717218
1408 10085613967 9996857970
1409 10065580065 10037427784
1410 10000000000 10079811618
1411 10025532559 10056256743
1412 10046666824 10028357805
1413 10175813488 10022576075
1414 10030777870 10059357818
1415 10302001707 10057140607
1416 10066837404 10073654887
1417 10084484499 10062424678
1418 10043549203 10079866757
1419 10015268570 9988231546
1420 10031306958 10042374426
1421 10005852061 10013777385
1422 10098203094 10138737153
1423 10016659097 10032691561
1424 10101809667 10162379045
1425 10150460609 10121198939
1426 10095099519 9944330643
1427 10113317186 10004678963
1428 10025096170 10058192983
1429 10053241705 10082619881
1430 10062787955 10061262124
1431 10048519983 10027777459
1432 10031174622 9944330643
1433 10170495819 10133742758
1434 10000000000 10100000000
1435 10116215045 10086043131
1436 9987550140 9944330643
1437 10165426059 10118754269
1438 10030832664 10054859224
1439 10028852787 10033957730
1440 10093215343 10191067676
1441 10040550736 9944330643
1442 10067888891 9994257916
1443 10028032079 10053479628
1444 10024190985 10015142230
1445 10003843758 9944330643
1446 10029343690 10023156799
1447 10303625639 10051498460
1448 9987550140 10117652324
1449 9990023234 10088966128
1450 10066867747 10002683342
1451 10063678553 10090485836
1452 10098727364 9945978015
1453 10119496607 10210336406
1454 10036045125 10072551185
1455 10137559126 10056583769
1456 10072083203 10116701718
1457 10150440363 10001028573
1458 10061353080 9944330643
1459 10004832768 10199703975
1460 10002810890 10087545191
1461 10072261832 10116927736
1462 9987550140 10149761272
1463 10065624499 10100919015
1464 10028177823 10054517554
1465 10237928786 9903611893
1466 10005062683 10199703975
1467 9990165867 10075444625
1468 10172073354 10134196807
1469 10048142478 10199703975
1470 10063770695 10066952398
1471 9970594194 10048002932
1472 10022158329 10048274099
1473 10002473264 10091175724
1474 10018636564 10023561589
1475 10026536107 10057571847
1476 10055584168 10200777023
1477 10155180959 10042533309
1478 10118578486 10272580623
1479 10043312078 10199703975
1480 10022919973 10026535148
1481 10094314661 10060267218
1482 10006616470 10091604006
1483 10048489660 10199703975
1484 9998688771 9996766050
1485 10010097928 10099444678
1486 10090583415 10131316490
1487 10083149149 10007240506
1488 10077019798 9993168001
1489 10122500838 9979163447
1490 10094404128 10146662619
1491 10078431277 10181744323
1492 10022212714 10199703975
1493 10098285470 10055917251
1494 10013086237 10016861996
1495 10047792253 10091339023
1496 10016393707 10035052894
1497 10133507042 10061150208
1498 10032061901 10047865825
1499 10000000000 10080120727
1500 10027405864 10046914513
1501 10107412726 9944330643
1502 10062491558 10103901231
1503 9998669882 10081986292
1504 10019284178 10022922428
1505 9987550140 9944330643
1506 10007181765 10009203295
1507 10097891432 10019081314
1508 10026971549 10058142475
1509 10030029501 10064535846
1510 10077410458 10034887662
1511 10048229528 9944330643
1512 10004285868 10199703975
1513 10069345242 10047372146
1514 10025566672 10057816711
1515 10048306489 10032603460
1516 10091382800 10196952629
1517 10050381498 9944330643
1518 10047864382 10008509525
1519 10040897687 10058687795
1520 10118515078 9999904085
1521 10077829584 10054008175
1522 10005723007 10090475240
1523 10034498197 9944330643
1524 10075319523 10035167496
1525 10057155961 9990184985
1526 10064794903 9993392288
1527 10071670278 9944330643
1528 10098522044 10199703975
1529 10136317996 10199703975
1530 10080957054 10059669120
1531 10076998348 9976385881
1532 10002562402 10086280459
1533 9995162012 9982975678
1534 10023703151 10024942628
1535 10064261366 10107009127
1536 9987550140 10070225237
1537 10093089769 10081988000
1538 10029305184 10058545373
1539 10033140829 10066227043
1540 10104571126 10121484946
1541 10119525451 10179430263
1542 9977436211 10199703975
1543 10046634268 10199703975
1544 10010893541 10012322997
1545 9979448942 10199703975
1546 10094494626 10018480210
1547 10100000000 10046861615
1548 10069926137 10045292243
1549 10110144680 10049194293
1550 10017796380 9963203074
1551 10144643572 10086500551
1552 10053430262 10200492842
1553 10019967539 9993952739
1554 10151890905 10014259870
1555 10044906748 10001820199
1556 9987550140 10053212591
1557 10075989212 10116322379
1558 10172520962 10078257270
1559 10104927125 10036281138
1560 10058540918 10023770165
1561 10057569488 10013982964
1562 9988559366 10074972131
1563 10286107597 10068934146
1564 10049815302 10029553790
1565 10074421791 10113819216
1566 10053057159 10207083685
1567 10054788960 10126125368
1568 10087754462 10061877250
1569 10159892004 10080558486
1570 10073415115 10014763957
1571 10084302755 9944330643
1572 10094110180 10197687792
1573 10056067573 9944330643
1574 9987550140 10069447853
1575 10089391950 10050851493
1576 10043599922 9944330643
1577 9980908508 10079391598
1578 10065202285 9944330643
1579 10055639795 9989811725
1580 10164773193 10079739648
1581 10100000000 10047636929
1582 10057189794 10066121485
1583 9995595435 10087696133
1584 10070095825 10114654927
1585 10115521239 10199703975
1586 10146408904 10016063602
1587 10087874548 9970712187
1588 9961710945 10043605852
1589 9993414446 10059783732
1590 10181322182 10199703975
1591 10084070715 10040038204
1592 10096727374 10022903851
1593 10147229666 10334440402
1594 10060960795 10038750631
1595 10037854101 10080842114
1596 10061631771 9999072549
1597 10042549703 10207706041
1598 10012601279 9944330643
1599 10003137250 10084103635
1600 10026213276 10057148791
1601 10122168995 10062179076
1602 10040579791 9986536592
1603 10056875731 10013809790
1604 10207265749 10062097711
1605 10128572289 10033119155
1606 10042414590 10035066604
1607 10015944750 10019185582
1608 10106328243 9933084270
1609 10100000000 10020106822
1610 10048343781 10204009828
1611 9993858861 10092047455
1612 10097965379 10156436659
1613 10105955490 10043223287
1614 10031647252 9974283475
1615 9987550140 10090685127
1616 10095430582 10028465797
1617 10015621351 10025128079
1618 10026943641 10052594901
1619 10131792702 10070217545
1620 10050097749 9959730823
1621 10051197849 10025342214
1622 10009830716 9978779094
1623 10000000000 10100000000
1624 10065580534 10108276804
1625 9996669098 10199703975
1626 9946613251 9983886710
1627 10054528311 9944330643
1628 10141913257 10199703975
1629 10091417916 10199703975
1630 9981906867 10039235576
1631 10059706905 10021679443
1632 10060247143 10042838026
1633 10049114165 10007011054
1634 10022545127 10034443507
1635 10088219919 10080392667
1636 10011283252 10019357790
1637 10089754673 9936849405
1638 10051940555 10002983122
1639 9987550140 9944330643
1640 10097818405 10075049224
1641 10037524892 10072892021
1642 10035268977 10047791071
1643 10050727438 10027232634
1644 10058199276 10003323159
1645 10195400772 10064731459
1646 10000000000 10077974886
1647 10070271328 10013743998
1648 10073905011 10045229526
1649 10010701749 10015648608
1650 10072391180 9923658277
1651 10022549919 10052348125
1652 10030700933 10063029668
1653 10054641534 10060974767
1654 10084533297 10196384222
1655 10000375827 10089508641
1656 10070599811 10111659514
1657 10025029031 10055596892
1658 9972386184 10080224151
1659 10052019384 10202774796
1660 10000686295 10092422188
1661 10037203484 9944330643
1662 10100000000 10048568419
1663 9969816621 10005099270
1664 10025150349 10051152393
1665 10076255748 9975146273
1666 10288134096 10105321882
1667 10009465214 10006101176
1668 10029265798 10056661004
1669 10072789324 10028061306
1670 10011961033 9995659080
1671 10084982939 10059889827
1672 10133899394 10077884785
1673 10005492884 9944330643
1674 10117099393 10018327979
1675 10098164112 10000238837
1676 10064508769 10030747566
1677 10066285770 9944330643
1678 10058892142 10030538030
1679 10085834688 10050311334
1680 10178477645 10027093924
1681 10102700660 10161699135
1682 10049880302 10088509733
1683 10025279565 10055925205
1684 9987691514 10078193522
1685 9997090418 10094882773
1686 10017234697 10039692682
1687 10002869214 10079341336
1688 10041494822 10094428956
1689 10095073639 10065830545
1690 9987550140 10058462315
1691 10053395399 10203668337
1692 10077731888 10087439318
1693 10034200395 10045110433
1694 10165987598 10070701502
1695 10054945694 10029354148
1696 10041245823 10199703975
1697 10118291199 10127100694
1698 10014783515 9944330643
1699 10048948676 10086942526
1700 10063193332 10104234125
1701 10083737980 10052171244
1702 10055388129 9990686107
1703 10100000000 10199703975
1704 10138709179 9950509315
1705 9963687346 10024886593
1706 10050628242 10028393564
1707 10085183934 10047158172
1708 10095950818 10037563544
1709 10035876826 10199703975
1710 10090403432 10061208426
1711 10080930413 9968934665
1712 10029556604 10199703975
1713 10070110208 9983603201
1714 9987550140 10063586272
1715 10061922428 9983450145
1716 10047495069 10026873302
1717 10035340917 9974369013
1718 10034301256 9963203074
1719 10100000000 10010041062
1720 10100000000 10100000000
1721 10237407633 10052118736
1722 10031573382 10199703975
1723 10035067595 9984492228
1724 10075288673 9990187313
1725 10099169924 10044660748
1726 10076168164 10064273035
1727 9990923688 9971272588
1728 10123907334 10133107671
1729 10060248798 10015184986
1730 10078063391 10022763429
1731 10098737356 10079620032
1732 10118549874 10076660341
1733 9985300741 10089647867
1734 10046365897 10083557908
1735 10108247710 9956050371
1736 10092508994 10199703975
1737 10042295268 10078223530
1738 10044541330 10007730234
1739 10025085038 9963203074
1740 10061874178 9944330643
1741 10108107628 10065725197
1742 9994245793 10098558805
1743 10064937760 10026905779
1744 10131353626 9972688735
1745 10035623371 10041709716
1746 10106687969 10000699149
1747 10015936375 10011071934
1748 10085361617 10197934286
1749 10309532479 10030975885
1750 10081408169 10174622511
1751 10100000000 10012069093
1752 10108516444 10058350302
1753 10045573569 10083361753
1754 10019429910 10034621466
1755 10080922000 10033782249
1756 10176391625 10074297654
1757 10087358602 10194752084
1758 10090418597 10079091380
1759 10045486924 10062856677
1760 10025185638 10055802117
1761 10136261700 10075852736
1762 10130966309 10199703975
1763 10074155190 10044507105
1764 10038062003 10062809050
1765 10128203927 10022053548
1766 10075221861 9993648518
1767 10030581100 10065022869
1768 10045004957 10199703975
1769 10093794594 9930501788
1770 10060572901 10102175557
1771 10299392337 10066206537
1772 10058624110 10003599915
1773 10135764471 10123746326
1774 10168606750 10133199043
1775 10022662731 10052495960
1776 10159236015 10199703975
1777 10079260170 10003952337
1778 9987550140 10057249035
1779 10000000000 10199703975
1780 10057978099 10006862898
1781 10029314981 9916378291
1782 10062610637 10007217671
1783 10069468440 9993844991
1784 9986272766 10051030514
1785 10047700623 9944330643
1786 10017462617 9944330643
1787 10082803500 10059460072
1788 9980170716 10030036937
1789 10063157472 10031528133
1790 10025588112 10199703975
1791 10004324191 10199703975
1792 10104705852 10018134773
1793 10113207333 10182965388
1794 10050108946 10199703975
1795 10032175527 9944330643
1796 10045134004 10081943567
1797 10051351125 10035174002
1798 10032854948 10065852408
1799 10074524988 10042828087
1800 10043619973 10079959497
1801 10039925906 9974477914
1802 10069724107 9988104040
1803 10047899703 10085567894
1804 9993478914 10072130387
1805 10091142458 10028632429
1806 10056206792 10055128497
1807 10005813385 10092256749
1808 10062985777 9985396986
1809 10051955815 10090883249
1810 10057916193 10034660206
1811 10052127409 10019940302
1812 10058786638 10068344269
1813 10028495421 9973827612
1814 9993340099 10199703975
1815 10024266690 10056139353
1816 10117625908 10222402991
1817 10179209311 10123295407
1818 10078709231 9973859994
1819 10142124100 10087633343
1820 10091490851 10090096918
1821 10132044643 10122675680
1822 10066513053 10094678937
1823 10015389942 10001125235
1824 10100000000 10091560647
1825 10115070469 9994652670
1826 10113766195 9994609217
1827 10032225980 9944330643
1828 9987550140 10058958850
1829 10029804588 10199703975
1830 10019018806 10199703975
1831 10144626045 10086507381
1832 9997404451 10096807145
1833 10080068052 9971853879
1834 10069924789 10030950540
1835 10040021450 10045873380
1836 10132086331 9956839507
1837 10046798355 10023085055
1838 10031142221 10199703975
1839 10090453790 10199703975
1840 10089165752 10038228394
1841 10058442115 9944330643
1842 10000000000 10077020922
1843 10125125886 9999272064
1844 10135486254 9990100799
1845 10029188938 10031950607
1846 9955544458 9988211052
1847 10065230294 10019397862
1848 10046520923 10023415337
1849 10155282728 9931011337
1850 10100000000 10052717935
1851 10026917233 9977511436
1852 9987550140 10061205725
1853 10084683423 10084277106
1854 10037212940 10069922092
1855 9984955050 10074767322
1856 9987550140 10061033028
1857 10095119139 10199703975
1858 10053839682 10040877509
1859 10008542288 10094183826
1860 10026362845 10058490195
1861 10083279509 10126718954
1862 10042360095 10078308483
1863 10076216816 10017727379
1864 10042423064 10033765688
1865 9991475155 9971744371
1866 10173108196 10032511186
1867 10061240117 10102147631
1868 10085781945 10064591616
1869 10070033914 10048077627
1870 9967390331 10052831177
1871 10029099922 10067330911
1872 9986343380 10076252181
1873 10088690432 9944330643
1874 10197958160 10029259647
1875 10123532443 9976135531
1876 10143867122 10126078444
1877 10052232922 10091246385
1878 9953425169 10044733953
1879 9987550140 10057026890
1880 9985645282 10076193684
1881 10000000000 10199703975
1882 10064520773 9998972381
1883 10007106519 9992588725
1884 10057998678 10044651675
1885 10057313722 10017995089
1886 10125112243 10009843690
1887 10140275449 10088202737
1888 10031229492 10053810304
1889 10128822919 10072151206
1890 10012427527 10199703975
1891 10028416169 9944330643
1892 10087953703 9999212120
1893 9998195145 10072324444
1894 10118363558 9994570388
1895 10147090551 9989726290
1896 10005396274 10009892285
1897 9989748876 10098455310
1898 10007949583 10094894766
1899 9977311620 10022514623
1900 10070330757 10027704388
1901 9991229271 10072614528
1902 10036453329 10027282855
1903 10081055835 10036080838
1904 10081380458 10092393245
1905 9987550140 10108364900
1906 10024424419 10199703975
1907 9971020463 10080832396
1908 10091531910 10000469854
1909 9987550140 9944330643
1910 10019051450 10023813062
1911 10023517370 10199703975
1912 10058207977 10004061038
1913 10014226652 10030802726
1914 10074856544 9946495204
1915 10219762577 10147922795
1916 10048926930 10087259438
1917 10037802321 9944330643
1918 9987550140 10090955053
1919 9976096376 10017514201
1920 10051832938 10014206566
1921 10006746384 10199703975
1922 10062900920 9956240248
1923 9987550140 10164586913
1924 10026052959 10056938704
1925 10095929541 10068442243
1926 10052128567 10026200640
1927 10024860091 10055375502
1928 10034133540 10077404639
1929 10005680662 10199703975
1930 10080935701 10068582934
1931 10051018276 10199703975
1932 10083585672 10174879752
1933 10049049826 10095894919
1934 10057621977 10108348022
1935 10062598185 10058977317
1936 10100000000 10199703975
1937 9975133605 10058267262
1938 10140336841 10081113525
1939 10010750122 10100754389
1940 10108514263 9993022207
1941 10088852133 10058345953
1942 10078685280 10042191660
1943 10016549780 10027512931
1944 10082622119 9988998558
1945 10075081212 10042296019
1946 10027650955 10063792233
1947 10035942273 10199703975
1948 10082518361 10181126097
1949 10076679079 9965100343
1950 10086292970 9958495419
1951 10118538936 10199703975
1952 10143262187 10017276584
1953 10050247063 10033935903
1954 10067802060 10108728029
1955 10043362579 10079622194
1956 10058412125 10097288147
1957 10087837949 10200208842
1958 10089597675 10095928442
1959 9987550140 10086474326
1960 10047081049 10089278420
1961 10026285734 10057556785
1962 10055656686 10092148287
1963 9958661993 10038356265
1964 10040195786 10199703975
1965 10070732886 10125974399
1966 10087382051 9923340588
1967 10089449397 9955564311
1968 10051933339 10083373885
1969 10100000000 10042227937
1970 10100000000 10088347295
1971 10123771850 10015688467
1972 10002495697 10084935040
1973 10120959275 9979887879
1974 10027833965 10042399139
1975 10045097475 10049676614
1976 10060330915 10033160875
1977 10143194495 10087065232
1978 10052287720 10111288022
1979 10045084246 10028496913
1980 10000000000 10100000000
1981 10020716747 10038847077
1982 10172311947 10121310197
1983 10007120970 10004936240
1984 10092303283 9953790221
1985 10064561408 10002305470
1986 9987550140 10096798369
1987 10156758668 10344540799
1988 10104628238 10007925725
1989 10082357248 10070913500
1990 10080661478 10021417062
1991 10047249066 9953906727
1992 10036370751 10075631010
1993 10070223662 9936191556
1994 10030963575 9963203074
1995 10085390771 9944330643
1996 10039792359 10199703975
1997 10054716609 10022033192
1998 10023559351 10054941265
1999 10042353246 10082338859
2000 10118319053 10055675989
2001 10023384806 10010239377
2002 10116121795 9986942180
2003 10053110552 10092031964
2004 10029542729 9971186794
2005 10006826858 10004820542
2006 10081311748 10058682442
2007 10073638655 10080954414
2008 10024358617 10013461315
2009 9946713103 10018806156
2010 10057324224 10014345063
2011 10047790014 10011055502
2012 9963102947 10013632071
2013 9966525730 9995584021
2014 10096091499 10191151764
2015 10012585825 10025445829
2016 9979063511 10043812685
2017 10066916797 10021985450
2018 10085124185 10134348927
2019 10073055304 10114569502
2020 10089848962 10194102346
2021 10057253105 10095725493
2022 10039708220 10041669072
2023 10028621779 10050021804
2024 10058460546 10041520730
2025 10092880587 10048938517
2026 10065494123 10044004605
2027 10091971144 10038967758
2028 10044374779 10083650369
2029 10022960983 10052886806
2030 10043710970 10088461132
2031 10056843531 10015054741
2032 10055849658 10016522059
2033 10003722620 10199703975
2034 10074459933 9927186857
2035 10049002516 10039773847
2036 10047300042 10105423479
2037 10052143072 10018191105
2038 10095855496 9984100801
2039 10095530051 9939152201
2040 10088006722 10055302001
2041 10072246308 10044413539
2042 10048909816 10013040682
2043 10012491036 9944330643
2044 10031423187 9944330643
2045 10063450941 9944330643
2046 10033676684 10068213037
2047 10011400464 10010934095
2048 10043469027 9944330643
2049 10064487174 9930619867
2050 10030671458 10046217159
2051 10094428391 10139857860
2052 10097104421 9971313428
2053 10035186999 10068908458
2054 10079352470 9971951506
2055 10052336011 10018448816
2056 9987550140 9944330643
2057 10043456683 10098859926
2058 10067421167 9999089453
2059 10079239269 10036925097
2060 10095816104 10003946682
2061 10024856357 10057902581
2062 10035999560 10055976390
2063 10021655649 9971980516
2064 10012488525 10025780392
2065 10142641383 10125725650
2066 10141898076 10137321912
2067 10100000000 10033789309
2068 10157709554 10117107313
2069 10158931077 10028708664
2070 10047078452 10199703975
2071 10071055908 10044973884
2072 10104782605 10160110416
2073 10008896726 10097408702
2074 10147875549 10037336047
2075 10065523855 9937403144
2076 10066387171 10107148596
2077 10017500552 9995377810
2078 10080288192 10021632688
2079 10088995453 10097170873
2080 10081446750 10029860485
2081 10071976260 10045811467
2082 10043452734 10079740337
2083 9999572486 10096195781
2084 10095396771 9977374118
2085 10100000000 10032229632
2086 10045764459 10082769750
2087 10087794157 10063583639
2088 10100088565 10191909196
2089 9968128903 10014342476
2090 10099019029 10011044567
2091 10093897803 10199703975
2092 10084692551 10133783291
2093 10048592925 9944330643
2094 10042409677 10078373457
2095 10051948881 10025940474
2096 10070110658 10037783190
2097 10071514091 9944330643
2098 10050981346 10028030121
2099 10046295065 10083465086
2100 10046762249 10031188646
2101 10100000000 10000000000
2102 10083977636 10008212175
2103 10028574505 9944330643
2104 10092484118 9959936472
2105 9987550140 10270025461
2106 10050767034 10043544657
2107 10057932497 10035873681
2108 10081326868 10031320236
2109 10029757663 10050446811
2110 10100000000 9944330643
2111 10045858797 10030372012
2112 10016409305 9980180084
2113 10047088450 10021195162
2114 10031709352 9944330643
2115 10076412482 9944330643
2116 10053642307 10037024505
2117 10049796176 10088636537
2118 10069918182 10003454232
2119 10057010346 10091473230
2120 10065479645 10071424988
2121 10061140071 9937391324
2122 9987550140 10105525307
2123 10000000000 10100000000
2124 10073253937 10040032406
2125 10147873493 10010216623
2126 9984583653 10199703975
2127 10021212186 10047664708
2128 10120600861 9996074286
2129 10091204119 9957069744
2130 10152523797 10035756569
2131 10047882147 10083306026
2132 10059902253 10011420136
2133 10052060069 10037938474
2134 10013429966 10024183435
2135 10075431421 9990807974
2136 10078791766 9973738143
2137 9995632430 10199703975
2138 10027990768 10063474172
2139 10021551568 10009383203
2140 10102932500 10084635030
2141 10057278542 10097683236
2142 10024416767 10044356981
2143 10117747932 10199703975
2144 10030510192 10069508958
2145 10075431638 10073982564
2146 10032246919 10053751216
2147 10040055229 10075288058
2148 10057343660 9993605856
2149 10101374070 10155643681
2150 10172932867 10075476674
2151 10025032098 10056522244
2152 10088301150 10085758763
2153 10015283586 9963203074
2154 10079850583 10034104764
2155 10086832363 10197947660
2156 10083239844 10162592704
2157 10012366108 10199703975
2158 10183709373 10045862410
2159 10132775090 10023063832
2160 10094883234 10061217243
2161 10071958487 10026444286
2162 10192450510 10067047788
2163 10003896772 10008121886
2164 9987531104 10199703975
2165 10000000000 10099398839
2166 10025938055 10056788127
2167 10093287054 10064306440
2168 10026344008 10033412709
2169 10094985675 10085198099
2170 10026487898 10057508672
2171 10161325883 10024261952
2172 10053914218 10092700162
2173 10159480287 10115769139
2174 10002751552 10199703975
2175 10053016313 10199703975
2176 10053197993 10098865530
2177 10022532771 10049865671
2178 10100000000 10051837275
2179 10282621123 10124476013
2180 10115106387 10005260258
2181 10076369999 9965598100
2182 10020593532 10036465000
2183 10028431766 10060056025
2184 10061751563 10062743586
2185 10041346087 10079904231
2186 10037084064 10038898302
2187 10026521424 10049828958
2188 10093982056 10012165584
2189 10027662394 10053527323
2190 10302670864 10054815705
2191 10059920908 10101321150
2192 10019594345 10038689538
2193 9970540985 10199703975
2194 10069461755 10059521330
2195 10101073685 10052688518
2196 10053268875 10037240215
2197 10134595342 10057356245
2198 10058527483 10034202616
2199 10072640026 10026050600
2200 10101551015 10009703262
2201 10131996844 10179080811
2202 10009232908 9997366415
2203 10072819636 10081304134
2204 10010923618 10024898388
2205 10023116508 9944330643
2206 10030593859 10047056753
2207 10147845118 10005855845
2208 10085890693 10199703975
2209 10086806910 10196326934
2210 9987550140 10086996061
2211 10100000000 10036096950
2212 10085037963 10072609561
2213 10085344553 10124795833
2214 10049208080 10030031176
2215 10006173554 10092718650
2216 10080241850 10056148857
2217 10134768186 10273295716
2218 10033274678 10066402446
2219 10004096084 10199703975
2220 10097719751 10071740152
2221 9986687477 9967826743
2222 10077261706 10060660505
2223 10061507794 10058122712
2224 10164261575 10114074383
2225 10052464601 10091378473
2226 10089055674 10008724233
2227 10025250158 10055886668
2228 10088643959 10056749172
2229 10025784164 10056586460
2230 10022357148 10199703975
2231 10055276928 10017367618
2232 10059519470 10032407852
2233 10042758843 10045606898
2234 10037799656 10051795048
2235 10050770926 10199703975
2236 10100000000 10052129472
2237 10037857940 10054441867
2238 10055682453 10037379514
2239 10017724188 10017477887
2240 10162874836 9909652132
2241 10028972095 9944330643
2242 10049728001 9924037740
2243 9983407280 10070208464
2244 10003426460 9944330643
2245 10059008900 10034546332
2246 10139418369 10076396034
2247 10269448700 10170241946
2248 10078414750 10180381863
2249 10057662165 10072799504
2250 10054963428 10199703975
2251 10052305750 9991303981
2252 10288666273 10103472901
2253 10000292335 10093689508
2254 10094436632 10097633323
2255 10039882288 10071603578
2256 10073960492 10038789211
2257 10080568174 10002307098
2258 10052508249 10199703975
2259 10001674111 9996647416
2260 10079061317 10014146198
2261 10026052506 10056366725
2262 10021726408 9971373320
2263 10050124146 9938858057
2264 10130003761 9966698669
2265 10087262957 10017317507
2266 10097559925 10068093725
2267 10059696957 10033626269
2268 10153171759 10068418973
2269 10057337022 10205091415
2270 10050996110 10089625598
2271 10074972308 10046480709
2272 10156140521 10077881968
2273 10139837212 10060490437
2274 10000000000 10100000000
2275 10074182874 10079833980
2276 10051066933 10039894629
2277 10123759093 9975805017
2278 10029793170 10060524510
2279 10048924621 10030405384
2280 9987550140 10099483717
2281 10057415177 10001674466
2282 10100000000 10057385186
2283 9987550140 10227186232
2284 10020445451 9944330643
2285 10028699417 10199703975
2286 10056306233 10076091004
2287 9998251046 10100079541
2288 10106250927 10088146014
2289 10029105495 10199703975
2290 10095246584 10001851490
2291 10059530844 10047570357
2292 10089906111 10136225772
2293 10070925121 10017483461
2294 10014757600 10017404229
2295 10104782605 10160110416
2296 10062311718 10016583464
2297 10077186123 10025578341
2298 10053969199 10093521698
2299 10198593366 10078814174
2300 10069954751 10009204443
2301 10121038999 10050569810
2302 10100000000 10000000000
2303 10061258699 10103074266
2304 10025932722 10053682793
2305 10043054492 10199703975
2306 10081182082 10034993008
2307 10050262468 10087701017
2308 10109065200 9997232529
2309 10089774262 9940219060
2310 10061029906 9999961119
2311 10062413574 10104587678
2312 10056297339 10126743700
2313 10148242559 10146203842
2314 10064750347 10000903498
2315 10027744888 10045244061
2316 10037518223 9985664557
2317 10063458693 10014345836
2318 9981203487 10036360112
2319 10192083611 10059063618
2320 10020662222 10035621576
2321 10106955420 10156777354
2322 10015430789 9963203074
2323 10018682795 10028741719
2324 10078730120 10041441813
2325 10102443365 9969567231
2326 10033630950 10027797288
2327 10142467817 10084714688
2328 10075925424 10091578219
2329 10139860470 10036637495
2330 10065433751 9944330643
2331 10132619526 10016219663
2332 10030288847 9944330643
2333 10068603634 10114289005
2334 10047595151 9944330643
2335 10073985457 10025273420
2336 10118416603 10017004174
2337 10044985331 9990984841
2338 10081210807 10148303724
2339 10006852792 9997198536
2340 10089034970 10063797359
2341 10026169510 10092202530
2342 10020510855 9959211627
2343 10045754815 9943907710
2344 10025215146 10052853889
2345 10014928939 10029136731
2346 9995601390 10065453695
2347 10298979783 9848924457
2348 10086981188 10079403835
2349 10118450890 9979945483
2350 10025773364 10038042048
2351 10073034170 10027082448
2352 10113141098 10133910227
2353 10168685432 9911585719
2354 10022063095 10041763550
2355 9988645222 9970950882
2356 10062456133 10103979672
2357 9987550140 10051561599
2358 10011742647 10016486519
2359 10099927804 10017219261
2360 10063923090 10058632076
2361 10005632981 10009763339
2362 9975677895 10029967052
2363 10052734024 10035791161
2364 10095418728 10070411059
2365 9983283050 10109633306
2366 10058600640 10034164565
2367 10095678607 10199703975
2368 9989873997 10067940959
2369 10079531117 10030284587
2370 10282041482 10126489904
2371 10153366588 10115857314
2372 10090970834 9944330643
2373 10062991774 10068188697
2374 10029369057 10061284303
2375 10033710769 10044307967
2376 10134116509 10066895591
2377 10026646499 10057716512
2378 10050350701 10032557432
2379 10121697550 9908607035
2380 10049617208 10038932971
2381 10075985046 10024118371
2382 10089853827 9944330643
2383 10079982259 10055545431
2384 9987550140 10091956421
2385 10089916048 10025156965
2386 10068210185 10047685781
2387 9999532900 10071531949
2388 10100489302 10037618577
2389 9987550140 9911120686
2390 10078122790 10022883517
2391 9998523602 9992862251
2392 10018950764 10024840722
2393 10050688954 10089454064
2394 10068731572 10061726062
2395 10039001320 9950954914
2396 10087348111 10137263284
2397 10029801565 10042034780
2398 10063339217 10064875974
2399 10090478294 10208538711
2400 10078384705 10022732224
2401 10097068956 10199703975
2402 10022120197 10051777802
2403 10044716719 10130061859
2404 10091330999 10078690599
2405 10100000000 10012866721
2406 10092661242 10089030500
2407 10068554788 10067613663
2408 10002566940 10080525742
2409 9976383978 10036074555
2410 9971139229 10017680151
2411 10030294346 9944330643
2412 10113888886 10043406889
2413 10040371098 10199703975
2414 10027233851 10199703975
2415 10102020499 10041697357
2416 10095000875 10013554479
2417 10021274102 10027021683
2418 10149025074 10086457839
2419 10005556214 10102642689
2420 10053511711 9997205486
2421 10134477253 9990683642
2422 10023615254 10053744199
2423 10153556951 10011852445
2424 10014279307 9990001620
2425 10044639632 10082053840
2426 10052266441 10091290310
2427 9978529081 10029533757
2428 10062807864 10025920570
2429 10056816287 10015094963
2430 10054997780 10015375621
2431 10046146983 9941689568
2432 10050965963 10089586091
2433 10109436372 10172027853
2434 10035315828 10038721189
2435 10038945883 10043757914
2436 10059243094 10002599106
2437 10025142668 10027544032
2438 10097471235 10214167883
2439 10092376801 10031451467
2440 10095955640 10151788533
2441 10020433120 10008527455
2442 10023734201 10053900074
2443 9998830271 10082780962
2444 10071770558 10028308304
2445 10053514989 10092207301
2446 10115019556 9942571409
2447 9995209255 10071130868
2448 10291985441 10059493504
2449 10031680067 10073056793
2450 10055471923 10076874767
2451 10142989345 10075342577
2452 10050819311 10006559891
2453 10071567048 10033601261
2454 10048338049 10036433392
2455 10092752575 10199703975
2456 10152053484 10014673621
2457 9987550140 10051345575
2458 10018855356 10199703975
2459 10090273641 10199703975
2460 10028911327 10043945743
2461 10076255765 10023714729
2462 10060423610 10105150442
2463 10091990588 10053681842
2464 10134150010 10075341731
2465 10075575674 10156160640
2466 10056766561 10015168377
2467 10082758336 9967882040
2468 10073297315 10025670921
2469 10030354152 10199703975
2470 10047714022 10199703975
2471 10256591861 9886894136
2472 9997258134 10074151746
2473 9987550140 10069373455
2474 10092568563 10026185452
2475 10026242886 10049329556
2476 10026960309 10054709537
2477 10013122971 10024596237
2478 10037281034 10026697697
2479 10052707714 10199703975
2480 10144005031 9991353976
2481 10095633250 10002203402
2482 10104263527 10010097569
2483 10027794306 9944330643
2484 10071767632 10041165271
2485 9961135515 10003171482
2486 10023624344 9944330643
2487 10176855437 10073948113
2488 9967375781 10023426030
2489 10154771427 10013820680
2490 10027002425 9990300269
2491 10075879867 10062503745
2492 10099775009 10000150879
2493 10085520239 9963804464
2494 10100000000 10011969444
2495 10004007921 10097420350
2496 10000000000 10086195912
2497 9987550140 10094403115
2498 10061916668 10032244876
2499 10049126715 10030107019
2500 10041720267 10208271007
2501 10036783935 10020708892
2502 10027623625 10058996992
2503 10107637887 10050817712
2504 10026599094 10051838686
2505 10050004856 10090925399
2506 9998191265 10092672335
2507 10022862815 10052758161
2508 10025655984 10051698840
2509 10078801984 10058927156
2510 10142235287 10088201481
2511 9987550140 10077364415
2512 10046681364 9944330643
2513 10098258072 9944330643
2514 10023784483 10052776064
2515 10051170203 10055085344
2516 10090965964 9932012541
2517 10048861155 10079398368
2518 10121804707 9998003853
2519 10018482563 9982270731
2520 10087224722 10199703975
2521 10145256567 10086261676
2522 10152475388 10228989499
2523 10020189732 10038688629
2524 10047491663 10107184152
2525 10085668452 10048845563
2526 10033138932 10066224557
2527 10027838436 10046161698
2528 10078850177 10032835560
2529 9987550140 10052057702
2530 10048229223 10199703975
2531 10159774233 10115281388
2532 10027365919 9951567897
2533 10104007639 10199703975
2534 10090582632 10196667492
2535 10056431222 10117011894
2536 10166042025 9990810073
2537 10058824462 10001932116
2538 10070511911 10029374801
2539 9987550140 10052460022
2540 10138345254 10124489131
2541 10147373662 10019695142
2542 10066999004 10020508561
2543 10076934022 10015668255
2544 10052506586 10199703975
2545 10096907214 9936544627
2546 10049131555 10205259879
2547 10083974679 9944330643
2548 10092490560 10029201067
2549 9987550140 10094896898
2550 10109525284 9950940655
2551 10094281227 10013902606
2552 9987550140 9963203074
2553 10025330846 10055992407
2554 9987550140 10059173663
2555 10013890444 10017523887
2556 10027663211 10044564158
2557 10110454173 10091386270
2558 10029361383 10043827276
2559 10068953338 10113157749
2560 10043068481 9981918382
2561 10179210093 10074842851
2562 10054704453 10034945561
2563 10029354071 10053282793
2564 10022347714 10052083144
2565 10079849348 10007319952
2566 10033448659 10025309777
2567 9989919475 10048937066
2568 9987550140 9944330643
2569 10002425001 10081667014
2570 10025834902 10000602237
2571 10072730546 10058281223
2572 10040319144 10069015632
2573 10081221448 10009893431
2574 9993319038 10104560454
2575 10029850040 10056735850
2576 10027420497 10030507266
2577 10166709750 9911416140
2578 10186289045 10134544762
2579 10084553583 10135637259
2580 10096411276 10149140160
2581 10049710483 10087940841
2582 10091851459 10014338158
2583 10050390302 10021590852
2584 10094423654 10067974820
2585 10100000000 10050391636
2586 10092166682 10143577807
2587 10100000000 10051513713
2588 10097262611 10151104506
2589 10001037849 10100000000
2590 10041796407 10199703975
2591 10052875752 10199703975
2592 10024507455 9981087032
2593 10022288584 9979248917
2594 10198501556 10034315090
2595 10094138871 10146162274
2596 10064902882 10039140085
2597 10039768295 10071078214
2598 10045992108 9945683461
2599 10017234975 9977572360
2600 10090048041 10002815934
2601 10151598864 10076313312
2602 10029790245 10199703975
2603 10064402229 9944330643
2604 10002192502 10083890258
2605 10152563341 10199703975
2606 10063698232 10040763813
2607 10000000000 10072830170
2608 10018404209 10035704372
2609 10026772746 10048810530
2610 10029495697 10050873514
2611 10074355968 9980286997
2612 9986254149 10199703975
2613 10094947777 10066145595
2614 10063584603 10102988076
2615 10067929925 10048608779
2616 10020837286 10018126565
2617 9982173933 10091991264
2618 10027389502 9944330643
2619 10068858832 10038396400
2620 10154058509 10010903692
2621 10058158667 10028474763
2622 9987505737 9970871193
2623 10114192878 10098021670
2624 10043383286 10199703975
2625 10045528403 10204287310
2626 10078988118 9944330643
2627 10028689483 10199703975
2628 10031188697 10199703975
2629 10146383047 10126802582
2630 10029814803 10042815957
2631 10068270478 9977990128
2632 10053357926 10205759994
2633 10022283552 10051999063
2634 10124672568 9975341650
2635 10047924301 10031172879
2636 10159854060 10246428663
2637 10055617257 10017947388
2638 10063909434 10106547936
2639 10026436194 10057440916
2640 9987550140 10086936741
2641 10054106623 10017574658
2642 10022598071 10042270776
2643 9971477473 10028145274
2644 10059187871 10001323138
2645 10057082028 10095903287
2646 9987550140 9944330643
2647 9994554184 10098000577
2648 10070692726 10043627096
2649 10047168517 9944330643
2650 10074955862 10024712872
2651 10070389883 10115040278
2652 10043519575 10079827930
2653 10000000000 10071815148
2654 10047723368 10035241592
2655 10100000000 10034888047
2656 10161578834 10081811655
2657 10051207492 10199703975
2658 10037722912 9944330643
2659 10015850028 10025944107
2660 9999139595 10091333770
2661 10058292446 10014908008
2662 10046011459 9920703856
2663 10035379758 10047443165
2664 9942470553 10031792534
2665 10052127404 10098984287
2666 10001694131 10001901420
2667 10152846721 10084795918
2668 10099307705 9944330643
2669 10100865854 10009189306
2670 10018110558 10037749584
2671 10051835937 10039728103
2672 10066291448 9938546325
2673 10054670276 10090793410
2674 10069759806 9999933324
2675 10027390239 10032129551
2676 10018541689 10022235207
2677 9987550140 9944330643
2678 10063971095 10120874194
2679 10048775214 10031587083
2680 10023677953 10053826363
2681 9987550140 9944330643
2682 10018364483 10019191944
2683 10077035537 10023511562
2684 9987550140 10069042802
2685 10087889915 10049505406
2686 10012491812 10199703975
2687 10061021345 9979066596
2688 10028741229 10054822117
2689 10081463848 9944330643
2690 10069287642 9987769692
2691 10053123967 10199703975
2692 10090217466 10022103072
2693 10122060810 10028528831
2694 10130720626 10021225484
2695 10063604226 9944330643
2696 10098274246 10048451581
2697 10090055342 9944330643
2698 9987550140 10059386708
2699 10013559785 9996083678
2700 10040696250 10076654382
2701 10152871959 9995781073
2702 10137197578 10067665354
2703 10099032470 9930852505
2704 10013835938 10026147650
2705 10094501725 9944330643
2706 10099140799 10228620633
2707 10034412894 10049561706
2708 10048888086 9944330643
2709 10026480907 10057499511
2710 10081943212 10071440041
2711 10014218713 10010769393
2712 10056025363 10074902795
2713 10031638152 9978768550
2714 10030322855 10056196725
2715 10016291037 10011588763
2716 10160204940 10066358431
2717 10158152999 10081236148
2718 10104974728 9944330643
2719 10039929285 10082189160
2720 10011808811 10019401376
2721 10100000000 10040598718
2722 10038403340 10082494728
2723 10027361272 10062504863
2724 10030241387 9944330643
2725 10021911241 10051163243
2726 10066633176 9963874041
2727 9996473497 10084075955
2728 10165276372 10079006299
2729 10025035606 10055605508
2730 10271580011 10162836971
2731 10113660468 10005864458
2732 10032910865 10065925685
2733 10005010156 10092829458
2734 9988091532 10103340443
2735 10058203191 10126161008
2736 10060524731 10026805445
2737 10071347693 10039848247
2738 10044294241 10082694438
2739 10041072871 10208223364
2740 10027289125 10001753074
2741 10144465344 10071008370
2742 10032484733 10067414363
2743 10168003713 10050664134
2744 10043675836 9986418371
2745 10048648318 10027697914
2746 10036602937 10070763983
2747 10100000000 10060319760
2748 10096716898 10199703975
2749 10027714651 10059116277
2750 10051846108 10038952635
2751 10010485113 9977964642
2752 10082715200 9944330643
2753 10002655855 10199703975
2754 10090130239 10010759662
2755 10084948076 10028703500
2756 10054751234 10031877230
2757 10035959330 10199703975
2758 10028574933 10047249903
2759 10036795196 10074396912
2760 10104782605 10160110416
2761 10048359356 10199703975
2762 9987550140 10068261401
2763 10078708682 10042062676
2764 10087903366 10017139390
2765 10042312404 10012905038
2766 10037207531 10068611809
2767 10045202617 10033532254
2768 9987550140 9937653561
2769 10025033252 10055602423
2770 10085934103 9944330643
2771 10042089046 10077953285
2772 10051127610 10088714923
2773 10128743690 9963203074
2774 10046708249 10075430503
2775 10132970091 10013003760
2776 10025690798 10045770151
2777 10070709098 10158026285
2778 10125327228 9923581990
2779 10023170882 10018127830
2780 10028686982 10050914794
2781 10042215761 10044129703
2782 10053997949 10025653515
2783 10046877578 10093967068
2784 10048022712 10097113142
2785 10070350489 10114988653
2786 10070636279 10032672325
2787 10075756607 9978219144
2788 9999953731 10094487630
2789 10000000000 10100000000
2790 10054639202 10041717549
2791 10057947240 10098734745
2792 10004054609 10199703975
2793 10081130307 10027071570
2794 10183433289 9962404515
2795 10100000000 10199703975
2796 10028517741 9966720431
2797 10061494043 10025955906
2798 10030063812 10078672267
2799 10108683171 10034774474
2800 9983655434 10044636360
2801 10049836388 10199703975
2802 10272007026 9873085748
2803 10057941847 10019172481
2804 10069624746 10016359846
2805 10026754440 9963203074
2806 10051775238 10079036992
2807 10000000000 10073872024
2808 10032124261 10199703975
2809 10022932793 10048912953
2810 10089384482 10024538303
2811 10129079415 10201156819
2812 10051746103 10098212800
2813 10057837329 10004674527
2814 10066915539 10038126719
2815 9966630198 10011185014
2816 10105403334 10002572481
2817 10144440181 10078669091
2818 10070622786 9944330643
2819 10094476194 10003277599
2820 10103525573 9944330643
2821 10100841026 10233870961
2822 10096562330 10036452235
2823 10036810549 10026672857
2824 10285887516 10033571577
2825 10048190526 10000673679
2826 10019649360 10017457860
2827 10189889125 10068117859
2828 10011802341 10015228622
2829 10054649645 10018293716
2830 9981346771 10037350523
2831 9987550140 10158382441
2832 10029734837 10063163614
2833 10147902936 10040512631
2834 10071012512 10020313200
2835 10036807872 10057201296
2836 10052976898 10023058592
2837 10006813061 10008678662
2838 10049136752 10032499026
2839 10236126019 10199703975
2840 10048609391 10030870778
2841 10025239263 10032645387
2842 10087875700 10097398905
2843 10015655515 10028086008
2844 10054528225 10031053663
2845 10029107980 10050098871
2846 10033858353 10026412449
2847 10086220175 10052002991
2848 10024272063 10052970832
2849 10100000000 10022264323
2850 10075576337 10122799836
2851 10034941795 10073954108
2852 10158994600 10029835092
2853 9997400232 9944330643
2854 9971476621 10075821918
2855 10098698309 10050570511
2856 10088174588 10198334363
2857 10109026263 10242527605
2858 10058498417 10003698520
2859 10043944740 10001187180
2860 10090417660 10141920672
2861 10038592771 10073371571
2862 10094329639 9944330643
2863 10051944220 10199703975
2864 9987550140 10199703975
2865 10100000000 10042370067
2866 10047632486 9988545430
2867 10132930200 10022408538
2868 10094461638 10066802219
2869 10026683827 10199703975
2870 10050017797 10088343561
2871 10079813349 9968908137
2872 10053436448 9996703697
2873 10078406332 10063147717
2874 10046038092 10080091336
2875 10000000000 10100000000
2876 10100000000 10043883295
2877 10023505565 10041848737
2878 10051669598 10063511596
2879 10095745368 10071781533
2880 10154466366 10026518924
2881 10032738581 10005751654
2882 10099462790 10199703975
2883 10108877902 10177034146
2884 10024676010 10043667466
2885 10012387009 10026790280
2886 10058261296 9944330643
2887 10023059514 10053015927
2888 10007149578 10094644516
2889 10033078075 10059162257
2890 10086849231 10070424267
2891 10119138750 9984803341
2892 10091632390 10025495633
2893 10090966519 10142005047
2894 10100000000 10006444609
2895 10041549965 10053077161
2896 10044601382 10028513365
2897 10287271502 10108318855
2898 10100000000 10048729785
2899 10036245952 10199703975
2900 10157549211 9926341313
2901 10091986983 10196959316
2902 10058097956 10017879878
2903 10092110782 10144531572
2904 10093895087 10058166744
2905 10068534214 10111180887
2906 10052148612 10077650922
2907 10000000000 10093692834
2908 10075071695 10108242111
2909 10035614293 10035738424
2910 10024905202 10054750968
2911 10027966394 10056799438
2912 10041141298 10007066314
2913 10210421384 10060868011
2914 10087966182 10197568141
2915 10070482979 9992306287
2916 10033658997 10069794356
2917 10103620472 9987382599
2918 10008303902 10092214455
2919 10083409678 10130970078
2920 10076827227 9966653172
2921 10100886608 10038083852
2922 10062550996 10044037808
2923 10099142570 9944330643
2924 10000000000 10080434627
2925 10050345622 10087754367
2926 10180429957 9952191890
2927 10102090471 10067152916
2928 10038914004 10069211304
2929 10097719751 10067419495
2930 10085522524 10000382718
2931 10001273225 9944330643
2932 10049189091 10206983718
2933 10300575945 10062094239
2934 10089403056 10045053529
2935 10292579803 10103102721
2936 10090029492 10199703975
2937 10089435013 10062130336
2938 10048283749 9963366751
2939 9994676710 10199703975
2940 10059510150 10033634984
2941 9975335134 10015903738
2942 10046641793 10033775669
2943 9987550140 10140915787
2944 10130471073 10040759962
2945 9987550140 9944330643
2946 10034692779 10071161427
2947 10018470086 10025265461
2948 9987550140 10129840606
2949 10020270082 10039810637
2950 10069536714 10015191191
2951 10009208504 10093466017
2952 10021010068 10015422583
2953 10113434942 10043670730
2954 10022994649 10052930924
2955 10090727672 10064182570
2956 10047252972 9944330643
2957 10038261516 10074346694
2958 10023324720 10199703975
2959 10143965038 10199703975
2960 10051563985 10026508720
2961 10104243930 10160521475
2962 10058003236 10038177019
2963 10084598809 10194650433
2964 10196726246 10141292441
2965 9987550140 10084295855
2966 10043785003 9944330643
2967 10062063758 10094541720
2968 10076382047 9977295766
2969 10029881867 10049689122
2970 9966521918 10007482370
2971 10085695897 10059324086
2972 10117036419 9926530370
2973 10097148730 10022636882
2974 10023486321 9963203074
2975 10114550326 10014640765
2976 10024907013 10051334410
2977 10066223297 10011621206
2978 10093661453 10044103498
2979 10044549188 10082507596
2980 10050104092 10199703975
2981 10070460724 10001438532
2982 9987550140 10080211924
2983 10053750847 10199703975
2984 9987550140 10063702864
2985 10153246394 10132409086
2986 10051266452 9944330643
2987 9987550140 10073026120
2988 10025003595 10044687280
2989 10097192186 10021723131
2990 10000000000 10094369666
2991 10061403616 10019963255
2992 10066341155 10101306831
2993 10014433021 10019263322
2994 10079980712 9995130927
2995 10057878413 9944330643
2996 10034706822 10040934532
2997 10085759705 10057844398
2998 10070343956 10030527501
2999 10025513075 10056231209
3000 10032567550 10052190782
3001 10059578654 9940822147
3002 10095998527 9960339572
3003 10035254164 9944330643
3004 10032973594 9963203074
3005 10056862571 10015026630
3006 10073124286 10038177057
3007 10023234699 10021810582
3008 10042045955 10199703975
3009 10092581235 10021070337
3010 10137351719 9955983438
3011 10039160156 10199703975
3012 10022938158 10199703975
3013 10091305458 10015621540
3014 10200985614 9930785162
3015 9987550140 10077982142
3016 10064445035 10082010428
3017 10028497566 10024787991
3018 10030409921 10069426158
3019 9988894557 10199703975
3020 10003995251 10004927626
3021 10033431540 10063057543
3022 9987550140 10199703975
3023 10090804352 10199703975
3024 10095804908 10199703975
3025 10104139127 10160601450
3026 10045612579 10090350890
3027 10068480154 10035012594
3028 10119352400 10199703975
3029 9987550140 10104708135
3030 10083350449 9985641657
3031 10004842376 10099624069
3032 10052481826 10091466939
3033 10051207756 10005595978
3034 10074524713 10005162696
3035 10115123966 10186419911
3036 10025624531 10056377267
3037 10051512963 9990479959
3038 10047090898 9982900586
3039 10156004588 10021500051
3040 10045305000 10029116107
3041 10010256548 10006269247
3042 10136418326 10022545652
3043 10049959144 10039152059
3044 9987550140 10051265380
3045 10051335759 10202192427
3046 9987550140 10060438681
3047 10029968937 10048747417
3048 10059023455 10002923373
3049 10021164277 10008675084
3050 10100000000 10035919263
3051 10037358602 10006312624
3052 10018212679 10026836986
3053 10061551350 9944330643
3054 10084884781 10047323551
3055 10027785425 10048331258
3056 10027229574 10057095369
3057 10104262275 10199703975
3058 10073929479 10115299299
3059 10046122188 10085121976
3060 10105417270 10199703975
3061 10100610026 10189613336
3062 10077882184 10017224845
3063 10061904960 10103921162
3064 10022024529 10034722346
3065 10005908342 10199703975
3066 10033214071 10042879865
3067 10084323702 10032201354
3068 10192636181 10067798615
3069 9956700905 9987973269
3070 10049816295 10061221504
3071 10134753803 10199703975
3072 10025276426 10053197242
3073 10372387119 9783168627
3074 10080185748 10057732434
3075 9987550140 10199703975
3076 10058340151 10034310827
3077 9999982763 10091514804
3078 10032586967 10075259553
3079 10087615837 10062240408
3080 10097234623 10029747721
3081 9987550140 10272914382
3082 10054942127 10005368569
3083 10027777434 10048705927
3084 10103343998 10043344112
3085 10049228825 10088030646
3086 10040572736 10084899085
3087 10164236301 10131941134
3088 10152683847 9990783622
3089 10085721822 9973407783
3090 10092724571 10199672129
3091 10038166224 10022512450
3092 9979234689 10041630771
3093 10037255805 10040764070
3094 10118803779 9996550313
3095 9987550140 9944330643
3096 10062095385 10104170705
3097 10022799410 10199703975
3098 10049699398 10029261530
3099 10022489994 10050883210
3100 10040307799 10045524415
3101 10100094215 10163688095
3102 10081874223 10072400399
3103 10030809401 10065982690
3104 10029380421 9944330643
3105 10067315054 9983315064
3106 10065556947 9944330643
3107 10098819405 9944170050
3108 10003955302 10084224031
3109 9987550140 9944330643
3110 10137349779 10019044307
3111 10024380860 10054747492
3112 10010863512 10199703975
3113 9969952228 10002058501
3114 9994497790 9944330643
3115 10000000000 10099180557
3116 10046935640 10078874282
3117 10100000000 10199703975
3118 10094970051 10196347393
3119 10050371382 10028269437
3120 10055528211 10035935125
3121 10025057974 10057266542
3122 10029758452 10199703975
3123 10067032355 10029517087
3124 10028806464 10059798894
3125 10097719751 10066721926
3126 10143971998 10199703975
3127 9952468081 9982385709
3128 10098639797 10007175463
3129 10051432982 10090255359
3130 10087764935 10080412855
3131 9988248047 10047962796
3132 10054753699 9944330643
3133 10018786468 10025865325
3134 10029545638 10199703975
3135 10016953370 10017263847
3136 10179209311 10123295407
3137 10066469266 10045705691
3138 10041851505 9976413634
3139 10059429804 9944330643
3140 9996514534 9887492316
3141 10095972402 10219329076
3142 10100000000 10012960241
3143 10068341931 10028533365
3144 10045023488 10205816840
EOF