NAME : 3154
COMMENT : tspgen
TYPE : TSP
DIMENSION : 3154
EDGE_WEIGHT_TYPE : EUC_2D
NODE_COORD_SECTION
1 3923570981 11523655378
2 193862537 -4417280081
3 7379944287 4061084745
4 9454675889 4481897966
5 4345266718 3980762113
6 291123723 12182958229
7 -1797292573 12578942380
8 14676308946 23260706998
9 4437865639 687332575
10 4478086889 -1654889246
11 1842462441 10961244110
12 1287669162 -1355480984
13 2424256253 6227078460
14 2441121993 7725965798
15 -3574743268 2570888418
16 9534781832 6287057654
17 6981229488 22750107555
18 2891367191 15777905823
19 -505200890 -3259480904
20 -4919211366 -12246503938
21 3710974413 13433687856
22 9499292454 9467265337
23 10114777138 3340045690
24 -2962627807 3018963936
25 23560403019 21304410624
26 1295916804 11570259663
27 4938988762 -524063558
28 23560403019 5603887248
29 -4940928311 5953155758
30 6719536275 -3090314862
31 2473168333 13766617805
32 -3428310775 5934757230
33 2579036608 -2076431471
34 4022268292 360120855
35 8534778484 4529616639
36 14820504594 818842526
37 4169459643 -1947803259
38 5223892961 4157290841
39 1013939204 13109555870
40 10430347974 3265646630
41 6986667647 -2445920366
42 8958448584 7835783331
43 23560403019 32913038134
44 3564434021 488279066
45 1717756343 16330153320
46 10035886136 3625625876
47 5266214991 -800415401
48 6759407386 -2258071565
49 2740300599 -1268475708
50 2577917293 1359256410
51 9276918518 4343668924
52 23560403019 25648413819
53 6256018932 981881036
54 958019138 11171015980
55 7011017060 11624395853
56 1852866370 15870364039
57 7993863660 25728044687
58 4536330334 5471018982
59 1714382136 1923400314
60 -1939774624 3933323278
61 9949100554 3753453251
62 1853838538 8019543968
63 5583256250 -1923560664
64 -1598435627 21304410624
65 -3374346601 7120130612
66 6341127718 -2028234460
67 2301909648 16264916369
68 -3294016778 2881253284
69 -2255851064 9853178464
70 23560403019 5899905119
71 23560403019 3496707332
72 23560403019 -1090376819
73 2513853022 799685017
74 387060408 8714273211
75 8862799671 21304410624
76 -4525491987 23033280665
77 4308851590 366582630
78 -2851515923 2977739881
79 4560247783 1744079275
80 9427043881 8306267140
81 2254208489 -1324495622
82 -3521585353 1973903161
83 1001035103 3042078464
84 10099850097 4212408773
85 -2064226663 -3850614097
86 23560403019 7456391189
87 23560403019 1014144294
88 9265800384 4195067342
89 2581129416 10655347493
90 4242465878 13907690653
91 -2751777048 3654346223
92 23560403019 3793970373
93 9235190034 10915703667
94 8850140677 8785127716
95 7313177726 23726295216
96 10047628377 5944725486
97 2916145016 14049364175
98 2316975186 2834324211
99 -4551235546 1121388921
100 4041353015 470045811
101 7685878630 24822327615
102 10199440481 4918227154
103 9809270370 330577034
104 629435353 2339778826
105 9178933673 6441380713
106 2341231502 15407385226
107 10606752923 6000694091
108 9827057658 4184534002
109 15102477439 14106392772
110 14806061771 22572114923
111 2480650921 1023392237
112 4108796614 -1578634681
113 -2328876145 7744679981
114 1376618188 3852281388
115 -1464586865 5499478604
116 7149487558 5488757103
117 2349119830 -507663189
118 2100681757 10343072683
119 23560403019 349673742
120 23560403019 5865891946
121 8624440234 9261170953
122 23560403019 21304410624
123 9718748887 5839567489
124 942160340 13765566156
125 23560403019 4776948836
126 -3844807317 1464898661
127 9022950548 4863724187
128 8400403650 21304410624
129 3617905248 12415895249
130 6681645783 -5004411740
131 15193676307 46901129711
132 1366406502 3261456834
133 4569798291 11672625191
134 14147037146 1013863406
135 11414636726 -11978521653
136 23560403019 -6380397054
137 5048938887 4285993877
138 23560403019 9325006674
139 7654455662 5088432095
140 23560403019 8891391
141 2034948221 9805456239
142 -211858236 13166321620
143 4380707817 11777056703
144 2409928739 1547612119
145 9024563329 5159455724
146 23560403019 21304410624
147 23560403019 -262442431
148 9493941673 13490688462
149 2279929815 9817043057
150 9428862233 21304410624
151 -4567347295 5150520374
152 6823993810 -2534686521
153 -3797755665 2616571620
154 2207103798 7837722887
155 23560403019 4523065472
156 9909561541 6464975930
157 23781094874 2481334717
158 1270503085 6149709497
159 9896166880 3629722551
160 23560403019 8085223487
161 677158796 12094121749
162 2496583093 1695532465
163 9869462216 5227069890
164 4012386442 -372213729
165 1797622104 10540279556
166 -3345865918 4646475524
167 2263098184 -2680594008
168 9282031715 5086260964
169 23560403019 10886020
170 17674019264 4394556007
171 -1243477284 5040139315
172 -2498455505 3188999411
173 5375191820 15011082449
174 6303906575 -3184753436
175 4181636763 13985788751
176 16192236467 13433087196
177 23560403019 8169795512
178 9419478087 6330139615
179 8612401871 5640075982
180 9885308418 9588951836
181 2364890754 -1687251817
182 -5083722949 697091637
183 -2262305848 12205057821
184 2214345074 8388074730
185 10341359156 6071590690
186 10159823993 1396715728
187 8303598738 7178268485
188 2031392988 9757145345
189 -1505147408 5168480637
190 2057557706 9727311061
191 1909256482 -3078639103
192 7193210663 -2614021961
193 5153073378 -415355045
194 2584111404 1505925520
195 -1580203648 4953202113
196 25889087243 12829923840
197 14696439357 22278428974
198 23002954136 20667495737
199 23560403019 -1752881715
200 -1841602697 21304410624
201 13314752131 21304410624
202 10990453307 4419583483
203 3057016243 6219003743
204 6076432274 21304410624
205 10267117591 6091423388
206 23560403019 15927096543
207 -165188073 8258292316
208 9895567130 3538849662
209 5244934968 13013357862
210 9288564068 8829172236
211 8690830967 27777674139
212 8233583306 5736786275
213 -468022338 14330822908
214 8156016533 6272254435
215 -2703144390 6635961762
216 2902512919 6241998338
217 718043846 -3212568904
218 8679255798 4556698111
219 10605144650 9179440788
220 3088379880 884261022
221 -5761218646 9155805574
222 -2671221374 23566065971
223 23560403019 9383274209
224 9728593133 6235283409
225 3996390864 -1427220553
226 8386676453 2416414040
227 326523997 -3969129651
228 5079600810 2739087804
229 10008255461 6504461762
230 9253240882 29431599530
231 23560403019 6070302855
232 16988912337 12829923840
233 10669756954 6403776723
234 -2967966481 4453487742
235 7570142626 5991789488
236 3617075782 11991307343
237 3954646823 276911093
238 23560403019 5913698202
239 9216225260 6372156027
240 -3546768999 6026826394
241 2872299044 14240728237
242 4457715635 -441278508
243 13652794962 5316284126
244 5346606302 13254191508
245 10579524607 6007967792
246 5113512329 12090285827
247 9098757284 8812095181
248 4485283808 2714654505
249 1918614419 6841965365
250 23560403019 3764800298
251 9680580904 3437715807
252 10870331804 17549742493
253 1008025868 680074540
254 12540530751 9483223027
255 -1180299434 -1251176127
256 23560403019 6636016611
257 2990575464 986654787
258 9259223842 6345626751
259 90211850 11020577458
260 7923844039 25522132191
261 613093904 643274195
262 1769884857 -1823143331
263 1404735541 2362039586
264 -381969870 10592685684
265 3448316698 -2409131796
266 23560403019 19866242193
267 -1933460612 6471104252
268 4420307846 -888229803
269 23560403019 9286224674
270 5870023164 19482291139
271 23560403019 29928290649
272 23560403019 15416989133
273 2893671756 15540005633
274 23560403019 21304410624
275 13917966298 22470250575
276 9359744850 6303503545
277 23560403019 5869373524
278 9839005592 4889711942
279 10017720114 6158046780
280 2182000859 1985757767
281 17291862795 52259101
282 23560403019 28687936825
283 2200980258 1240345046
284 -1373805009 5355207020
285 8067975797 10388263453
286 -106140324 8959879271
287 2276818104 9251353062
288 5869788989 3315437600
289 -576742951 10001594444
290 1147810485 5273237150
291 220616816 -4147697767
292 23560403019 6026161804
293 -1604677261 6226409682
294 -208088367 13348655196
295 7465151276 5598273134
296 8909301885 4926147440
297 10079141744 4488769830
298 -2521058149 14346007462
299 23560403019 -1614962223
300 -64602331 10194791875
301 23560403019 6409230838
302 -3686973645 4738708998
303 9282786582 4276245759
304 2379056220 -1235082524
305 4518188844 -915715500
306 2321349244 13922227496
307 6534434513 21436180588
308 1735819551 7478678251
309 2940364824 12852843281
310 535634368 2510143963
311 3708210670 -133855730
312 4434805316 167037376
313 2510796446 3508985446
314 9447928915 30004134744
315 -2782302219 5296024797
316 14093337742 13842756803
317 -1473913972 6629498673
318 20741843137 -804480329
319 6869494164 13369943504
320 23560403019 -4749727232
321 -1322811467 6551023055
322 -3330780389 6146639741
323 8056481672 5406989796
324 9622679536 7253686706
325 10130235205 6582081381
326 -4136985720 3599428183
327 8698789687 7523937193
328 1580649379 5603035001
329 6044914959 2887754477
330 1625555614 9376928345
331 -2420821922 6758869640
332 6787790928 4697021689
333 1310053530 9607255985
334 4362694741 187574201
335 4825212371 16409729552
336 23560403019 32491053223
337 6374053 1007452257
338 2422116486 12530939260
339 5558968316 -2695201629
340 2059021551 8721955177
341 23560403019 2226979643
342 11397148078 4035002712
343 8993480637 22040788612
344 7401234448 5722766697
345 1157177409 9709511871
346 -1427728603 9937212329
347 3458904347 17622131113
348 -330934111 15365129074
349 11399905421 -344563036
350 3621270319 -1344875178
351 7961701078 3686464896
352 -1639199534 9034515573
353 -2014593588 10378564048
354 7936743929 4860920718
355 10082943619 5095659427
356 14587371792 4937321940
357 523397722 532500301
358 -988062416 21304410624
359 1109751520 5758625360
360 10750214123 6798578321
361 383144722 -3076002212
362 6773368327 2530124434
363 10445967007 6043646021
364 10405552404 5980208729
365 10525423552 5925941305
366 10524218054 6022742241
367 9096375175 28970291560
368 -3477924817 2779734552
369 7998574526 25741898320
370 -2610007578 6384335925
371 2786791873 5289664039
372 -4422337601 7419722806
373 8646148869 8985975563
374 8846966067 8525358512
375 10604754037 4413228342
376 2019259192 1911334005
377 21920530 21304410624
378 10173388386 32137553461
379 -642394597 -5311008243
380 23560403019 30239622596
381 2971256601 1271191968
382 972476217 -3035157687
383 23560403019 9766198338
384 1860837719 658017073
385 7318198319 -3357360898
386 9172064276 7700881005
387 8548820016 27360050780
388 3814480861 150781143
389 8748886747 7539201325
390 -23741028 21304410624
391 23560403019 10823695904
392 9438971940 21671301820
393 4313752722 -1116956202
394 13205319900 10369313090
395 9360702080 4171125431
396 10255956865 5447724000
397 -1777020116 4085756995
398 6884823697 -2241902202
399 8322765624 6353073931
400 2538922338 -4245297322
401 8962619774 5173654442
402 1495310389 2102375306
403 13007308303 -2371200932
404 -3025805292 -6678407968
405 456584882 8779430608
406 23560403019 6002698798
407 9846801212 16214569045
408 -2589598148 21304410624
409 2370107874 5890011578
410 5947848252 19711157817
411 23560403019 10575629706
412 10122223737 4960789832
413 3902067135 16373797808
414 -387863694 5988350684
415 7751203340 25014433398
416 2123330775 201269208
417 1252390283 2419779408
418 896079512 11850787837
419 10548018758 6016384183
420 9041639591 7439312664
421 -3676433741 -8591764905
422 16058549109 4544315466
423 2591153507 993696538
424 23560403019 10488185753
425 6218212970 3007217589
426 8716595603 6499875262
427 8386716162 5462618156
428 3328729208 253332305
429 9542428095 4474856074
430 -5219301699 4959151537
431 8824601212 6476773454
432 4521181841 13671795298
433 773892708 2622796516
434 23560403019 21304410624
435 10466939411 6038043508
436 -1149846107 -1161619507
437 12218048585 6261790636
438 9833449885 4254769770
439 2414082561 7859975463
440 11370850263 518594251
441 -2044927054 21304410624
442 23560403019 9688670032
443 2359291466 9629395616
444 5847645983 12026012370
445 9154972542 6604866412
446 9562296637 6279707421
447 4263921077 14759093783
448 4721603316 -388381889
449 10032405696 7478968067
450 10656896016 17391723800
451 4170284312 -3144399424
452 8372869815 9983592758
453 10490633012 5869260129
454 7530210272 24364540789
455 9362730982 5895635765
456 -1547543127 4652127539
457 10428036432 6048435949
458 -823460121 11517761704
459 3261991640 874040538
460 4785734392 12238806274
461 2780114393 14500598221
462 2355602726 10040270337
463 2002646706 425374011
464 3251144591 4947327927
465 -3578097865 4518699359
466 -4171275739 989849211
467 23560403019 4144999366
468 9202784016 12214105355
469 1331414557 1466727542
470 -4963794793 2984183348
471 3443992754 12307924950
472 1974262037 6548545991
473 23560403019 6163960569
474 -545421791 -4495922114
475 2407850647 11655644581
476 280706567 12125586909
477 -593176333 11978792632
478 23560403019 13167843196
479 -1245812146 6331765682
480 9459401958 30037874473
481 2165179810 8702417342
482 9354548629 4002496349
483 23560403019 6315631551
484 10194819836 6110736822
485 4268873359 563173114
486 1134398337 11247907277
487 23560403019 11220707358
488 7705600542 18667516566
489 9576387780 6041354062
490 8485241385 5488001929
491 10353122253 5455119660
492 10142618024 6124681878
493 3699374786 -1588730828
494 -4040108165 7328770700
495 -510556099 14962508240
496 9781414256 30984842691
497 1411318758 2500734538
498 5063728408 17111153406
499 3743364991 203105563
500 23560403019 8048990217
501 -1848827417 16859464437
502 1248164455 -1288171964
503 4886081179 -275233422
504 -2432379028 5103115496
505 -816052489 21304410624
506 -4930496469 3320339579
507 5386694085 -4272023369
508 6243827763 -2628779420
509 -579986609 -3231025787
510 3975005692 20219555612
511 3031296588 6020521387
512 2502935374 4403732639
513 10627789110 33473847283
514 23560403019 -16914903
515 -1824475639 5888636989
516 -444399199 15142625392
517 13430354472 10123970454
518 9637001783 191529458
519 -5803809619 8110309653
520 2487494427 2036249711
521 8365580749 6459867921
522 6564071336 21304410624
523 8225392238 5293906799
524 4249096706 -8212218090
525 -3064379838 4223218026
526 10332068144 5778518800
527 8748523565 12376258774
528 2908140212 12542376269
529 14802663393 -3867642808
530 15175237090 3934804151
531 -1824475639 6085332724
532 -198950150 16670629059
533 10082478331 4683936957
534 -4389950320 -10690062169
535 -2919645027 2954699805
536 -1740603275 10130725699
537 3102562937 11624762082
538 -152863174 14317585764
539 169469628 16037622649
540 -8413339939 7643366994
541 23560403019 -1484726699
542 13423079405 11459826743
543 4421986920 11965692194
544 8796043198 5466179507
545 3941206274 -2363101242
546 2587185361 6063348661
547 -2533744856 3283847596
548 23560403019 7487935659
549 4798900952 16723610112
550 -1960872671 -3546672459
551 -981251999 10558761656
552 -2025604732 6735684549
553 2291312300 6323739099
554 23560403019 21304410624
555 5755797323 15796176651
556 23560403019 8701840715
557 1395691272 3652725346
558 10552640614 6015149512
559 23560403019 5336601430
560 -3412509772 3229942253
561 -6385550334 16338848887
562 12054512813 5678938821
563 -261735275 10932577099
564 9747283176 4653863806
565 1628069371 9727053123
566 3657579362 947728409
567 3303548938 1204630991
568 8640173398 7957062858
569 23560403019 9611629262
570 -2963753211 3886983358
571 -2699050471 5281732166
572 8372337985 5871613377
573 9195547931 4189140469
574 7586672165 -3004413121
575 -4902305895 6902198661
576 3880570625 -2213316137
577 -5847938801 17006019235
578 5331746390 14822961317
579 9417962313 5786728432
580 -6061285904 16187012686
581 1066300539 14276260351
582 23560403019 14106549950
583 2461784876 -1129540642
584 -2854703857 21304410624
585 -2444965614 5760558395
586 3017302600 1956812637
587 996172495 9757248312
588 4936387157 16736670450
589 -1788792271 8619785475
590 834804171 3089076932
591 1319686728 10207901881
592 1764791035 2469043369
593 2193150663 7650784160
594 774265767 1966902257
595 10496075544 33086506298
596 23560403019 4802473275
597 23560403019 5916545214
598 -3652352277 10600559636
599 639898104 2813304471
600 11492501016 8778809283
601 2526785918 -2575294068
602 4901667033 4786156946
603 23560403019 9987492363
604 4278986792 -842011417
605 11397557966 5560665591
606 23560403019 -50212233
607 1476300098 2746235561
608 1603577209 2189133749
609 -426585582 965332587
610 9456231773 7324013175
611 3569117914 764980707
612 4929259024 -798907456
613 2876882803 13636446611
614 -2628259386 5170386673
615 7931794903 6139530521
616 4541381390 15575044292
617 7280880306 5820982666
618 564233119 2599248749
619 2433131833 705855063
620 10893747625 8252969615
621 -296046333 10034538297
622 -1487801309 9206368885
623 2631839906 2368261376
624 -59910070 21304410624
625 4857457920 -1010503775
626 -4598991089 7927508748
627 2325807906 8171806451
628 -1824475639 5785781156
629 -462892465 6161554702
630 -1822944418 -3141055427
631 1747749000 13703124202
632 7686385312 2161469536
633 8762682826 7504713223
634 -3713539884 7740577406
635 4129197671 -2550805954
636 -682974549 211348327
637 10339542513 11304188725
638 1598170427 177465036
639 3590032513 -30911477
640 3022700650 13050112286
641 5321088056 17867992225
642 -4763544781 471182610
643 3749068161 672925769
644 4002880425 13915315426
645 1266034185 3673939998
646 1922093748 5882985650
647 10126612012 6128957682
648 4452693125 -1443579813
649 8712320411 27840869926
650 4032636877 349099224
651 23560403019 5610904866
652 6939418278 4467294490
653 15499781068 7692420488
654 3614400209 13099816646
655 1951024109 13148713343
656 6825991281 21304410624
657 8827185740 6278795988
658 8177256998 -4623833384
659 8636610086 6188551646
660 10178148634 5282050553
661 3929150736 5313524869
662 7307177810 23708650767
663 3932402706 51959360
664 -1578176543 8838218045
665 853752095 13896598321
666 4041192019 646317542
667 -3460217095 1687316823
668 5212852500 5462155687
669 13247353018 5312152540
670 5598061334 -1043676827
671 4248257894 -26035780
672 1968315592 9689900746
673 -1818262407 5908405542
674 7712212277 2268441019
675 -1575334390 4748914785
676 23560403019 12950849026
677 10020914349 4919061862
678 8816795688 6477722507
679 2236228400 14728105619
680 -4669832201 2933882457
681 9636406875 4374352567
682 2267188152 7110883789
683 2420461395 1466694594
684 23560403019 16611264080
685 23560403019 6046028578
686 6996023890 22793614679
687 2717108989 21304410624
688 10298437262 6930099479
689 -3068122869 3731768083
690 8379122586 3775255489
691 24113580295 3655329330
692 3839588491 514380085
693 6793683669 -3242286208
694 9195896732 29262962843
695 23560403019 898912136
696 4050087066 675184833
697 525311916 1050746537
698 1614928157 21304410624
699 4446720186 12482808555
700 7148706304 -4769966871
701 444424510 15402552616
702 4990628782 -760018018
703 4837432761 -935215153
704 -4878982385 370090665
705 8149782754 2009669845
706 9946533742 4927451150
707 7873997290 25375543730
708 5203149363 -889078322
709 -3210934130 9303721200
710 3058319718 4758368520
711 6179681536 21304410624
712 7980840609 2185989475
713 23560403019 670667491
714 -4177239735 6865046383
715 8675736371 21304410624
716 416473045 13137748057
717 9800634772 4337435672
718 9670192482 5357639327
719 -1894677044 5589553120
720 404644959 11827413652
721 23560403019 21304410624
722 7955850086 6295800083
723 9858514058 -5464281596
724 9831258875 6949512616
725 2315035500 9404250732
726 9318549558 29623658160
727 8882190672 5696076749
728 11038682918 8269258254
729 -1824475639 5614529838
730 4804986833 -1576410499
731 7461820045 6180529520
732 2103573901 1452488543
733 -359927829 14451584905
734 12144412118 37933906104
735 18857160158 3796701804
736 8717567821 12299794292
737 9203345964 8141032465
738 5269834857 17717267703
739 1068532727 21304410624
740 23560403019 15124199017
741 253606967 -4627710885
742 23560403019 6253334905
743 2224408417 7075779954
744 5725921875 19058520549
745 2634043808 -2162300676
746 1177094998 3612673193
747 4344147365 2317067202
748 5662637903 5459971568
749 9968780856 759530074
750 17648116054 4119682695
751 -314259270 14644503316
752 -2529761128 4143073657
753 9567978275 2261555912
754 11161886410 -554536689
755 9936245986 9224908924
756 2329955572 4298559723
757 9335004459 3474942867
758 125775114 -3851053939
759 4476731559 15384923183
760 -2464124590 21304410624
761 23560403019 29646137065
762 7901448572 25456271988
763 2311669478 10287964313
764 8154018098 5463888639
765 10227251439 4611703142
766 8772110076 5759901319
767 9450673072 6309526249
768 11245954579 5114139027
769 8328743600 2811113891
770 -2527162967 11041025331
771 2688094594 14917054480
772 4519649283 14155743486
773 6808494601 -2320290426
774 3549967494 3939264051
775 2000238588 9854827955
776 8624248732 4589608365
777 7800268836 6511094146
778 5025975624 5315739120
779 23560403019 16516605779
780 8210296655 6332077141
781 14669561053 4585351617
782 4683703374 15942428897
783 -2407403213 5735220678
784 -225841304 13331659951
785 1066729927 9823617004
786 -1703017939 5477299432
787 -3541757159 4918015123
788 1435641259 14151437713
789 -1701792305 4411279507
790 10273927071 6089604322
791 10056219182 4117225937
792 23560403019 3765277640
793 3228179291 398394319
794 7516601274 -4259457390
795 23560403019 16783284701
796 663314657 1413774760
797 23560403019 5803878844
798 -3404686698 4143176363
799 955123588 11786263743
800 2663303047 14871174585
801 4207040821 -3268035087
802 866005203 14580607158
803 3335916593 5142829427
804 -2976324537 7213304707
805 7106003367 -2932822536
806 -3815570830 7282720709
807 8435242886 4826933990
808 4757142983 16209552270
809 -2793448892 11127335989
810 5308276874 17830317323
811 5256216602 12024529978
812 3702450562 12177550820
813 -1232136991 15855170558
814 8657284323 6512554962
815 9600740496 21304410624
816 23560403019 9635024475
817 2430632596 14606142061
818 23560403019 5745448605
819 7646205200 21304410624
820 -2624236617 5854263400
821 1911443544 9595942997
822 2981364007 5213161327
823 8877671170 4045901503
824 2902620771 6461159780
825 5301093018 17809191163
826 2534598123 4558441666
827 23560403019 -1430133986
828 1969513565 21304410624
829 3711338665 13134068943
830 9390146613 6357758213
831 6371627622 20957400887
832 2050879257 10054798420
833 1193715501 2668877762
834 13005557237 5359883758
835 2783274121 21304410624
836 13544512406 12112650675
837 9992430569 6164802563
838 15892713355 12170827439
839 -3178476240 2260863663
840 3440631230 11464876115
841 -4650170152 570467951
842 23560403019 267361607
843 984271742 -4230623896
844 4901776242 16642658682
845 9339080238 10898543490
846 2057706917 5348198124
847 385311594 -3061420190
848 259961183 2506437739
849 23560403019 32450810863
850 9888215420 6192642327
851 -3358891245 1948103043
852 9879245900 3849738524
853 2601753849 2001063474
854 8595727627 21304410624
855 23560403019 135211544
856 1861024205 2305813786
857 8258425696 5324124697
858 7304211582 304928298
859 -5664018597 9138874416
860 -183724213 10985438703
861 9879965788 6194846112
862 3840612160 -805636872
863 -1652589202 5092768150
864 -1685743699 9312347680
865 -885170436 21304410624
866 341315409 10423407052
867 2376678249 7697444881
868 1555582814 3238348572
869 8441369883 27044063280
870 9597695321 6271484226
871 10249051282 10760636041
872 2973707583 6310048412
873 1888503279 14680625391
874 2338115519 13987817261
875 9981027041 6252423798
876 -1839192602 7208806294
877 7571847051 6298961038
878 9910419208 4063640067
879 10254119460 32374966013
880 473839496 -3090539747
881 -1404930500 8933704094
882 5768201303 -4433394743
883 5454864992 21304410624
884 -2387940567 6919050317
885 -689766559 21304410624
886 4873783821 16552567636
887 6556060364 21304410624
888 9735578657 4304127362
889 2973752034 569788274
890 10648722828 9694916170
891 9270493470 5378455391
892 23560403019 14238237242
893 596064647 2729846835
894 467663563 4247766542
895 8106130137 6219640378
896 10733395576 4664271960
897 23560403019 602165994
898 -3309305349 2573252096
899 14066397999 21304410624
900 23560403019 7019583628
901 3675425905 761371104
902 8882884176 21304410624
903 23560403019 13949152209
904 3486136713 12471798923
905 23560403019 3223670897
906 12644572784 19720861510
907 -3631875028 1903298332
908 -4921601779 -324448788
909 7218942849 2372431524
910 2971833525 12706930197
911 15249642403 13962651268
912 93642324 12273404068
913 9737926239 6450494151
914 -1606657785 5861882515
915 -311230355 1304567252
916 9948731030 6176476344
917 13263488303 -2988417771
918 -5731955056 -14636606583
919 1206136513 12469023932
920 10105839906 5466038630
921 10295167036 4855354935
922 10315509642 4289104073
923 8673065709 6517254254
924 1653371488 2960249815
925 23560403019 3471858554
926 3495452772 4541656849
927 23560403019 5047501468
928 -2237066904 8032583551
929 3427265989 -2568233951
930 840080725 1618290976
931 -3659934720 20751289259
932 8561679110 21304410624
933 4845790678 -340876429
934 4785223492 12234699108
935 23560403019 9934871719
936 2911244166 742979068
937 -3568464995 3827813891
938 3839298470 11803746942
939 -3635705044 4279108131
940 4802154737 16341922062
941 8082698197 2773290246
942 10055534770 6147945072
943 4642616232 14720259680
944 4294545076 -603278656
945 -5089292531 8802360820
946 -393004912 21304410624
947 5249372381 -3835836494
948 3484501538 12119755544
949 9236993836 4209040426
950 9146257602 7834249042
951 23560403019 21304410624
952 3687863908 11408468668
953 3279446840 10945214760
954 1428074295 9639282817
955 2543917659 3109425061
956 1711731155 8451373775
957 23560403019 9189842893
958 14748964281 12829923840
959 664723780 1464563424
960 8876118412 9079463156
961 2663915576 6028087029
962 2366767772 -1988752695
963 -833975132 21304410624
964 3393150358 -486817300
965 2260642168 9746666457
966 6518331982 -2975044264
967 -1567330702 10694545188
968 3619390779 1285969860
969 1326369955 11402455804
970 8131447413 6371278813
971 9357839076 6667167593
972 7458070976 24152394792
973 16057521425 -2718007688
974 8457721358 22743862362
975 4775002390 12017250104
976 23560403019 745978430
977 8967589251 4849776281
978 8945611214 28526927502
979 -2262895542 21304410624
980 23560403019 5990169040
981 4880862511 11879789263
982 23560403019 3046983665
983 10342822277 6071199836
984 -1054794036 11085181445
985 9344089450 3175819382
986 4085358761 14221042311
987 23560403019 1317948285
988 4921389621 12307866272
989 10150003629 1482774254
990 11820384490 15690836016
991 5700168085 -1323090483
992 -1824475639 5608985422
993 9535870289 6643170066
994 -2545733721 5474532189
995 9958317407 11621522320
996 6188253938 -2259338463
997 1770631483 2874404017
998 3330155912 14302459038
999 5300984516 -681684928
1000 23560403019 21304410624
1001 -3142865772 6261848515
1002 812002471 9396803862
1003 23560403019 -2900731681
1004 23560403019 4212055222
1005 803848966 13458562081
1006 -3656425184 1440718273
1007 9583644445 8903366900
1008 -4555839477 604730497
1009 3270266505 11836971532
1010 936814274 11346211929
1011 1843828475 9122126067
1012 7727923411 5680449615
1013 -4246321054 6744566154
1014 123594455 9927285496
1015 3220176026 14304313749
1016 11763845773 2202887658
1017 -3006331311 3050608452
1018 165165542 11293999220
1019 9984417872 8191742075
1020 1575919887 2304370135
1021 3116201543 10834629638
1022 1014421245 11257799761
1023 -929941751 -514928564
1024 2010033916 -2820106640
1025 9531787161 8860839782
1026 23560403019 10435077856
1027 1492857623 1786239885
1028 1987644590 8701083125
1029 3185159603 6277100277
1030 4925551849 16704806163
1031 9182168063 4982573408
1032 5463766967 13814275567
1033 1317267245 2266189060
1034 2243522735 6340563335
1035 3895015249 1579703277
1036 2808881579 6084083883
1037 -2457618699 -5007494621
1038 23560403019 4821442222
1039 3446612255 5381649541
1040 -837828425 -244043283
1041 2071523612 9405566818
1042 9551516379 5313093628
1043 23560403019 9579423305
1044 -2435109437 3322722787
1045 10238478560 5074150334
1046 23560403019 9057862598
1047 16828509216 51708818173
1048 23560403019 2648062536
1049 8477408024 1704717397
1050 7093666523 -2594765449
1051 -885170436 -6104963812
1052 14670429560 7560842062
1053 3242314798 962438507
1054 9962810881 3746250485
1055 -885170436 -3995518418
1056 23560403019 1564509453
1057 4258653872 -1047538111
1058 23560403019 10835903945
1059 3503837257 -3569100449
1060 -24462400 10712551960
1061 2092535081 4628030194
1062 10284496762 5074957336
1063 -885170436 -383265853
1064 -131960011 12602899342
1065 -3423826017 -7848900459
1066 7532692446 21304410624
1067 4301665832 -651689193
1068 10033579127 4613225381
1069 9719777286 5913941205
1070 13374933017 -15622728089
1071 2729421321 14116534371
1072 15913604627 3508333112
1073 1828064789 12227836663
1074 3678757100 110925422
1075 5243631178 -788001748
1076 1514190593 2095393529
1077 4276463179 -791997595
1078 8561551531 5786796745
1079 764066283 10903896487
1080 9448095069 12104632325
1081 8741310208 4436194623
1082 2079774404 5468796167
1083 10146175987 4971966398
1084 3525081965 -134390121
1085 10034122146 5199922320
1086 9700268067 4632971991
1087 11356842416 35617834689
1088 9458963380 6307311598
1089 -70063013 13757106379
1090 5066123059 17118195554
1091 23560403019 -1196863865
1092 3193786588 220696954
1093 3885786361 2917159504
1094 2494165142 6198198616
1095 23560403019 1699138011
1096 -1958418875 4077532635
1097 -2539630107 6175815662
1098 12584145277 -1083370522
1099 922556870 13931117619
1100 -2811988738 3570325834
1101 7160038601 5430604317
1102 4888246818 11800725650
1103 23560403019 21304410624
1104 8086177547 6465510988
1105 7219872556 -2583497437
1106 19720350275 -201676514
1107 23560403019 5448773016
1108 8602572387 6454722181
1109 10111677328 31956074646
1110 10522421050 5635600045
1111 5254149809 3995430474
1112 5405980129 3608262985
1113 8584508788 6540911119
1114 9526954835 5444742569
1115 1533926746 5739201222
1116 1010039165 3312809706
1117 9316659254 6751980563
1118 14398057048 11584141554
1119 15952446013 5474981516
1120 23560403019 6273714325
1121 11225964757 4416604824
1122 -1466915407 4984643257
1123 -613152439 416679986
1124 23560403019 10000000000
1125 -201001531 -3686440192
1126 9861842533 4643002508
1127 11944920133 6075598899
1128 -196971429 10301582698
1129 9942479064 4914158777
1130 10051903644 3919980712
1131 780034412 12741010742
1132 7400543435 11993108195
1133 2646013302 12198499351
1134 7019320103 -2533401599
1135 -3644118598 5700524189
1136 2274957348 -1680558374
1137 11262248689 5970649161
1138 23560403019 -1015664483
1139 -2355325724 7531599424
1140 6840007296 -2030534453
1141 23560403019 11085845931
1142 3538029369 13172011113
1143 15368204118 4728732428
1144 8515639363 3496364173
1145 3400743200 14730238143
1146 10287830033 32474101486
1147 9070223388 6421483620
1148 3401394872 3542547363
1149 82327650 15076210847
1150 9059719362 6584039216
1151 -3771931976 1253170257
1152 3723876899 1003116533
1153 10072894392 4170767542
1154 4972030274 16841489112
1155 8985835818 4296808815
1156 8957367897 7219958782
1157 -246053542 10672734663
1158 9494897748 1381094872
1159 10191721140 4681168476
1160 8029339876 21304410624
1161 10564653548 6011940408
1162 23560403019 8558337518
1163 12664535615 8737734034
1164 -1570457692 5274290526
1165 -3007312288 3789002444
1166 -2212430664 7298378970
1167 -433385925 945334255
1168 3300077913 12294216194
1169 23560403019 6312621871
1170 1681000232 4016504085
1171 431007642 486458594
1172 15977594192 5112989028
1173 4323666293 13285276632
1174 7489159922 24243820627
1175 4512195681 14505850098
1176 408231989 11796721415
1177 1681440467 9483888380
1178 3164081920 -1074519603
1179 2371680489 -2014768919
1180 7367830917 12082740000
1181 672283472 2690519206
1182 1717968338 2916521308
1183 4103452543 -56028496
1184 8758724873 6494371488
1185 1552530701 2338678956
1186 23560403019 3610515148
1187 -5515351975 5926434490
1188 9505555902 4622219933
1189 -3298192879 9766822681
1190 12389224699 38653846726
1191 9660813279 6227032316
1192 -1965140349 5813186156
1193 2624723782 1645664800
1194 8671451820 5652718211
1195 23560403019 21304410624
1196 4063812796 627981861
1197 5991434319 12282910356
1198 9071555375 12388449786
1199 23560403019 485394128
1200 3480598824 13151756455
1201 9884983229 4636307378
1202 -2537566812 -5242604656
1203 -460110031 13392035307
1204 9718743500 5732734654
1205 8169130294 26243465785
1206 23560403019 6482009007
1207 23560403019 5622890877
1208 11494582183 3269247574
1209 5959326183 15883363308
1210 7360113460 5882561550
1211 8571906697 5427542049
1212 2423468735 9627600913
1213 10080310471 3527272328
1214 1894463037 2236566236
1215 8166677288 5505899484
1216 2423341473 10294951148
1217 8504684295 2097243992
1218 2975033616 -1020287484
1219 1638123255 2298720136
1220 7818470011 5040708452
1221 10456359246 6040869866
1222 5745164605 2913293519
1223 -2210436816 3455942458
1224 2135250847 10499231589
1225 16621149214 16204624963
1226 8179268146 5382015895
1227 1642623784 11558265993
1228 9822062786 5945505328
1229 4652975916 -573502233
1230 -315996231 9852874489
1231 5178581596 21304410624
1232 8730833836 11780086652
1233 8146860967 5232028972
1234 -3809015318 5646136127
1235 23560403019 2438003142
1236 1063777088 13050318030
1237 5249274025 -613965325
1238 9597809393 21304410624
1239 2272882913 2081584811
1240 4563300523 15639503701
1241 3824989096 12807866381
1242 10777359199 5955118775
1243 9405177505 3841510054
1244 16774555088 23159214416
1245 4013176084 -81472138
1246 9878755313 9148046679
1247 10574006434 33315684117
1248 1355352701 5185198975
1249 195864241 2080627856
1250 -5609807181 6411312373
1251 5707288707 -4705290437
1252 10447456144 6043248217
1253 9785592686 30997130546
1254 1758426460 2279568146
1255 5268906346 -732999348
1256 8998667052 8652103918
1257 1872464048 311665346
1258 1168013979 7528350715
1259 9545974509 30292465539
1260 5215986697 21304410624
1261 9760609695 7039440376
1262 2047914643 4982358023
1263 5608054536 21304410624
1264 23560403019 10000000000
1265 18647773 10721188884
1266 10307554442 3653799957
1267 -7415637689 -1875831467
1268 23560403019 5806766478
1269 11447693455 35885007860
1270 2207306879 13473691536
1271 4088915813 551653443
1272 10070159204 4157156053
1273 23560403019 13229028416
1274 4904984021 4337777055
1275 9871470437 9957917588
1276 -2214222166 13707614778
1277 5903569019 -2938384307
1278 3828481888 877380427
1279 12501840220 -1565553831
1280 2190906543 15857807541
1281 4314066107 13574755035
1282 -2979343172 2963342145
1283 -1824475639 5405631960
1284 2463189989 10256748930
1285 8634414585 6527579414
1286 1086651357 614926506
1287 -6072333134 17255862373
1288 -3081222842 5870915566
1289 239180885 813465607
1290 8154725683 1189969636
1291 312563818 5833816344
1292 10603213556 6001639588
1293 9594097244 21466228278
1294 2056601893 12953453333
1295 23560403019 15196804364
1296 9384948343 2293021720
1297 2753047598 5957466266
1298 14457534055 3256249605
1299 1541337161 11329103914
1300 -1015739450 14848178102
1301 949124110 11841131279
1302 23560403019 14889563997
1303 2028427555 9009978926
1304 3111831182 6414349821
1305 6135374156 4267018179
1306 3434883929 5642144304
1307 5019363457 11831479791
1308 963618714 8884202705
1309 1977113394 -1155874279
1310 7093631674 5711783466
1311 3911765516 -1824629309
1312 -1480064155 -2132719056
1313 -427551185 11358852958
1314 9343291183 29696417905
1315 23560403019 4848314192
1316 2400834768 6599330070
1317 2141824679 5466514676
1318 6099754119 16509701997
1319 8650506415 6868297192
1320 23560403019 2043715063
1321 23560403019 9756377147
1322 15548947055 4680449231
1323 7288381762 23653375672
1324 7894384003 13458793848
1325 -697417288 21304410624
1326 9996477629 31617297354
1327 -3486033002 21304410624
1328 9387937372 5578699320
1329 16057824880 12829923840
1330 9151973631 5302176899
1331 8834941403 6474011203
1332 1949627040 14542575692
1333 -3344252913 1907302476
1334 -1307578279 5169900345
1335 1903917673 4711682765
1336 23560403019 5303732075
1337 1340718109 21304410624
1338 6735688414 4890254792
1339 8563452962 5314471412
1340 9093281070 33002356
1341 7608736051 6311489927
1342 -6706311477 8863748113
1343 -3402630270 -7786568372
1344 2291275756 1293722845
1345 -2143348104 4361255329
1346 1659146536 8836546568
1347 1107452244 4235854209
1348 8896179422 6049119984
1349 7985376145 4860909746
1350 9293185671 5291479559
1351 9192367426 21304410624
1352 7119660693 -2568171451
1353 15394144553 15431427965
1354 5808667992 -1705226513
1355 23560403019 2918658167
1356 10302034726 3635453936
1357 2811310272 1809059791
1358 -6611053675 6144029750
1359 12558711126 5797762057
1360 9340660693 7691068609
1361 11534238137 9420045925
1362 9345797604 5378297108
1363 5580148576 -3232374154
1364 10581078714 6426871557
1365 8246546516 5514131929
1366 6263278507 -2494440826
1367 8688511536 4882960554
1368 9645119886 4428901719
1369 23560403019 4253219952
1370 8006811563 5388171488
1371 -923774742 11812650347
1372 1299277608 9982360693
1373 4369972704 15070968581
1374 10220422095 2081127387
1375 1112737807 21304410624
1376 7008291661 -3633028642
1377 10376414745 6150016104
1378 2522523492 15365161
1379 211133317 11406862123
1380 6630124105 -1827323708
1381 1848993054 9256278523
1382 -26278633 10261666393
1383 -4196327538 5907911285
1384 23560403019 12052264353
1385 -2432180375 6749191644
1386 -3284850774 5442272051
1387 1738473057 9632107519
1388 5454336679 18259847482
1389 7884947180 566723796
1390 2587694789 -2054641163
1391 4058118735 14153873799
1392 10506099299 6027582438
1393 1428502352 12167443282
1394 5680107916 3931333556
1395 11480111207 6492686853
1396 16732508743 -1039489997
1397 23560403019 7677333351
1398 2784190129 13648002945
1399 841752974 13466494576
1400 23560403019 16033379479
1401 10421822271 6050095983
1402 7402868317 5310784014
1403 2400709377 6259160351
1404 23560403019 1746093896
1405 20431543 21304410624
1406 161122490 11615521000
1407 7851388475 3496109093
1408 6955805204 2398253090
1409 -4227680352 2950489051
1410 2991125340 14733739021
1411 8754415581 9567853070
1412 10475687835 11760732129
1413 9661436039 6253223580
1414 23560403019 21304410624
1415 -1165718192 18042227224
1416 -4139975034 3735619262
1417 960103233 4899150952
1418 9320804091 6356329733
1419 7771954874 6497131376
1420 -1346899872 8959544478
1421 5794043494 1048308389
1422 23560403019 7737134872
1423 569882991 10835202096
1424 10681688596 2957868759
1425 10587997362 5577929625
1426 1077423018 125663247
1427 8647915201 840566686
1428 13261282043 -2054671529
1429 1043273052 1767605114
1430 -3602268936 3240447617
1431 2132587980 5498508816
1432 4074330777 254464370
1433 4164218108 361072829
1434 23560403019 9722542284
1435 10951821757 3172396302
1436 7742288394 24988216478
1437 47674849 19233441410
1438 8988855730 7491972959
1439 9013635909 1822539824
1440 7308589255 -2932822536
1441 5383593364 15437979207
1442 23560403019 14101878982
1443 2799364652 6500990841
1444 7046605101 5224324187
1445 729550954 14996142775
1446 1100069887 987195822
1447 9544256454 21871510573
1448 6772240662 5633221671
1449 4398576629 14494397182
1450 9709541917 6240372701
1451 23560403019 99787331
1452 5413436769 18139569733
1453 2370672807 2084826964
1454 10555665981 6014341323
1455 1093959025 12420223319
1456 3190641837 3995929058
1457 5147163596 21304410624
1458 2387173974 15177509025
1459 8656585069 2571773172
1460 3336534036 12637869395
1461 -3566393609 4262764269
1462 4010162162 334966671
1463 13883271878 11420933758
1464 -2995611690 21304410624
1465 20783818456 -1823143331
1466 2560398140 2105538325
1467 1045592595 4644214025
1468 2112365898 1859141398
1469 454140074 10652634636
1470 7207473916 5685297422
1471 2256963356 1322580995
1472 373313571 10468635764
1473 -4605952316 8537990404
1474 9875259679 4782454363
1475 389162551 2350697640
1476 4376680501 2369546168
1477 23560403019 7346992569
1478 8973796378 21304410624
1479 2698782274 391029824
1480 356798755 12693318787
1481 169500060 10848691798
1482 2172321451 9583666197
1483 9508613309 6294048245
1484 12137858413 5924866371
1485 1288231854 12193897992
1486 6254330864 20612456602
1487 23560403019 -3849784
1488 767429224 611395174
1489 7048443550 -2423035900
1490 1529285067 2805462742
1491 23560403019 -1052561182
1492 9425118284 13255393798
1493 4652162106 2720082093
1494 997296519 2569553272
1495 -1383217023 9407656372
1496 7226930899 5481067771
1497 -3588957117 7811943811
1498 -263887750 13303587535
1499 -418878565 21304410624
1500 -2044125146 6181963794
1501 2029208975 6118158924
1502 2521813574 937401419
1503 6753564866 -2083355482
1504 7479043432 4568404222
1505 4127816655 -333534261
1506 7793629456 12106899998
1507 2454403486 1455635053
1508 12983186581 8966630856
1509 9561124117 21304410624
1510 -3485740188 1590191909
1511 3741603855 15389896456
1512 23560403019 21304410624
1513 378427533 13777493909
1514 683076925 14211182463
1515 18051857436 -815580768
1516 23560403019 2656860158
1517 -2035238233 8300981941
1518 2111392887 7866734898
1519 23560403019 5771506167
1520 23560403019 8201977652
1521 23560403019 14854604370
1522 2482376866 6931360394
1523 189694373 -4375700753
1524 1359420202 15464588611
1525 -1954690666 4252645426
1526 -2996395080 4138906464
1527 12121471716 5596056060
1528 -1863362945 7206852856
1529 1400775028 9631042735
1530 7892569043 5082800912
1531 3365717067 12024108355
1532 4499829830 15452850181
1533 23560403019 6018064273
1534 8894975122 5021593667
1535 -877814595 9530532940
1536 8484315942 6078725846
1537 9932784498 868048779
1538 19803396049 19146543977
1539 2468029008 6079916051
1540 10376862685 4806893691
1541 4815639663 13306642956
1542 4446787709 2943629256
1543 14400687868 715958403
1544 12501080986 8506753033
1545 1097654947 609897063
1546 -3784548637 3800802941
1547 -2308882925 -4570095019
1548 8363799182 10470130152
1549 179989933 5624930376
1550 1087257468 494559423
1551 952843870 8003694037
1552 5144054686 21304410624
1553 -139491566 12783548227
1554 -2460765611 11586648567
1555 6352130726 5119166686
1556 11986483664 5377301449
1557 7483298960 -3016706668
1558 9489040397 5451067877
1559 23560403019 -1426777287
1560 1907878000 6710692008
1561 2163488423 9338379479
1562 9136578757 5161699263
1563 -1623875474 6658640699
1564 9425889939 6341892103
1565 3720558225 13161181668
1566 6690289562 3844504852
1567 9619716591 5663370493
1568 6899299415 11988893979
1569 14458329300 5300378649
1570 10015129470 4546806313
1571 -2007542419 9458057593
1572 4006122557 12105512373
1573 2850468521 -791505320
1574 436979615 13772751290
1575 8942394901 28517469022
1576 4160156581 433078400
1577 14387031307 23059209070
1578 10006933685 31648046345
1579 10139373852 6125548518
1580 9118062797 21304410624
1581 10304769429 4496829688
1582 10490242763 5747148149
1583 -2502324381 5176167218
1584 -5882584304 3271981059
1585 8449894350 21304410624
1586 23560403019 3040104571
1587 -6513510740 9110616778
1588 1651678346 9772438809
1589 23560403019 21641640837
1590 9343025334 8576707379
1591 4258488871 13313969944
1592 10043212393 4193806397
1593 -1396960835 10548814373
1594 8336925582 4761160177
1595 3759966050 302848331
1596 3020152027 18511409376
1597 2564782274 -2627275586
1598 -2778520209 3921466954
1599 -236965552 13128813291
1600 -617883820 10143984944
1601 1148646508 8496993464
1602 19220441774 58742972240
1603 8948814662 6119210732
1604 10051993477 3941213488
1605 2332991217 21304410624
1606 177274437 1631200087
1607 3386126936 59556636
1608 -3527929660 2480494783
1609 5519153196 18450458778
1610 4738823219 -911764486
1611 -3404462314 2374979835
1612 7050514710 21304410624
1613 -3071985683 7545048467
1614 10485478902 5986090984
1615 3004198674 637983410
1616 3423959362 1060723853
1617 661298568 -3166425578
1618 -2084703767 4388513995
1619 5888738800 21304410624
1620 23560403019 -1633775826
1621 23560403019 10069312762
1622 2841757362 959318335
1623 -1444302218 21304410624
1624 3593482457 12787479438
1625 5367144358 18003433805
1626 7392801992 5727599656
1627 15469068833 15172402232
1628 290653998 675195709
1629 3046991595 2089831377
1630 11317299063 3942380837
1631 11535558664 4821287874
1632 7523698588 6171280314
1633 6569409739 -1823143331
1634 1921807584 1612150950
1635 4350775073 -556580781
1636 10509601935 4529065552
1637 8793482257 5833067319
1638 -7605050190 -20144972490
1639 -1223991414 5130547968
1640 3965783909 746340127
1641 -1440473224 15169242835
1642 9124201415 5003877149
1643 2834125212 1266740814
1644 23560403019 24661708860
1645 23560403019 23812200672
1646 125791572 21304410624
1647 3064099870 14865426998
1648 2242756475 1330990907
1649 831239318 9856616856
1650 12845081095 -2145271271
1651 5021775482 -1586194955
1652 3484049595 244256821
1653 -1161595165 11256128787
1654 6540222911 -3735220982
1655 8300148113 6248262589
1656 4148573140 506917138
1657 8590783332 7834649588
1658 10166587112 4032661177
1659 10465875471 5555535506
1660 23560403019 14944640306
1661 2651767566 4528442336
1662 -140763396 12934419756
1663 9153934067 10491066787
1664 6818674017 -2227665623
1665 1113144738 9866436992
1666 9297057043 4530485753
1667 3716513496 658763867
1668 2544298897 -2667591670
1669 9263645455 4677610642
1670 979389790 9764781154
1671 -1824475639 5585283478
1672 2800126083 3699327424
1673 9094048477 28963449248
1674 13596471840 11753840865
1675 23560403019 4952192093
1676 2275762455 7263813689
1677 4780291609 849522985
1678 2828418667 12547851946
1679 2810821236 944549686
1680 23560403019 2099340336
1681 6131972917 3029652000
1682 352552874 13801484553
1683 -855412301 21304410624
1684 917277172 17859921654
1685 -5778228582 21646315820
1686 4384953346 44476223
1687 1898442371 8787843088
1688 -6777052663 9931178763
1689 850067225 2039067626
1690 1295583872 10513942636
1691 -3349030911 4164245328
1692 6279031823 20685096757
1693 23560403019 803399356
1694 2330992257 486294205
1695 1030395505 10712127161
1696 548266053 13902451243
1697 11112394502 34898966473
1698 8820868353 28160085844
1699 8239092499 2864109096
1700 3882162879 161601445
1701 -317841615 10083385003
1702 10365338108 32702035899
1703 -4353217242 -10582038166
1704 4974051109 12451017400
1705 1890337080 8103633991
1706 23907500531 -1591080881
1707 8285716348 4817048051
1708 -1675491829 7881195533
1709 1454117702 4853549776
1710 12948369375 40298169757
1711 2825672216 247176485
1712 -829834218 12210384784
1713 7413070409 5685276104
1714 5727356821 19062740412
1715 1643435440 -2505310668
1716 9300839768 4138342440
1717 225705650 11738142461
1718 -2029705999 -3749096323
1719 9913994428 31374732177
1720 -1928516871 5240500696
1721 23560403019 9010658992
1722 14066580921 21418701474
1723 8178131040 5263681953
1724 5299338499 17804031505
1725 10143675301 864027661
1726 23560403019 9535152087
1727 9134161203 6394078405
1728 7313289498 -4082867900
1729 1456178949 1568587488
1730 10310516670 5537789533
1731 1633805981 5379518829
1732 8225457997 22613655384
1733 -219589194 14024700878
1734 9527069581 21635859190
1735 11628828303 4925956588
1736 7225842873 -3974453954
1737 1088962411 3359822113
1738 8818224332 8992357645
1739 167011490 -3659534974
1740 -3560078006 3753205953
1741 -3869461953 21304410624
1742 23560403019 3700298522
1743 9558899414 6302444283
1744 9168816226 6384820753
1745 -1940588896 5086403196
1746 2085126936 2912865681
1747 4781200348 -171525612
1748 6251630852 20604516455
1749 7234404515 5986731150
1750 -2753602412 4847714916
1751 -1406959418 5090852273
1752 1864603338 8672758581
1753 3920011164 -260460627
1754 -2028663282 4705915189
1755 9998092621 4958320516
1756 7633588309 755009362
1757 9864602214 31229480405
1758 4284428183 5266696735
1759 7824258725 6496317078
1760 -1948822429 9238144858
1761 16583976488 13438292245
1762 395014946 13474613558
1763 11316056865 -197143284
1764 -1259523846 5394217715
1765 3617312183 -562674113
1766 1520304582 9979737549
1767 5018881084 16979267168
1768 1671146478 2517054273
1769 2720888821 10800249953
1770 9449584438 4168194982
1771 6423459560 2478707495
1772 2081800851 7899965334
1773 -2556126121 3999563143
1774 -1704147447 18271695370
1775 2619281592 21304410624
1776 -1674262655 21304410624
1777 -1638438361 5106228264
1778 8154267614 5484939996
1779 1611960930 9625512916
1780 1415496812 5491136290
1781 -2092330139 11922246004
1782 1785504608 2535368828
1783 3007262527 11640505503
1784 23560403019 -614802622
1785 4567536710 71261661
1786 3108196397 12416109200
1787 1757861551 14073292337
1788 10171075355 32130751340
1789 -5473108966 -792344271
1790 9923995014 6183084259
1791 13462810466 5237734322
1792 -2580288853 7058423389
1793 8845806061 5425551498
1794 -984027504 5315251873
1795 -139546378 11061504612
1796 359404860 10429162226
1797 14324367569 44344681546
1798 23560403019 28607659944
1799 1938809131 9684841006
1800 1407294974 5218883045
1801 23560403019 6152158199
1802 2595472594 1757553003
1803 23560403019 7094614945
1804 3463636965 1081422118
1805 23560403019 8839452556
1806 14764696802 12163752318
1807 -688019522 21304410624
1808 3670289474 545376158
1809 11887022687 6495957402
1810 2258983834 2205081696
1811 1040514983 10214371043
1812 23560403019 5550303605
1813 23560403019 5156847398
1814 5008960640 11913307140
1815 9418880006 5560321927
1816 23560403019 21304410624
1817 -1480729956 6912975155
1818 14130746178 17374902666
1819 2502558489 14371191434
1820 3928316320 12864941261
1821 12884264164 12230724940
1822 9948222099 6176612299
1823 7308972949 11356578689
1824 -885170436 20386409148
1825 14937133248 12924080708
1826 6564526043 4357914642
1827 5282959315 21304410624
1828 10513328651 6025651207
1829 12175294166 38024723498
1830 3401893051 4937529990
1831 8760577881 8587249245
1832 23560403019 -2775062176
1833 10926560521 6141683586
1834 10171672914 4578022604
1835 10494059219 4155843279
1836 15372910054 13545866268
1837 9557690 1119099925
1838 2062605716 6185778452
1839 2791277665 477507905
1840 2944593749 5905678630
1841 14233747066 2886765536
1842 1307627548 21304410624
1843 9437825244 21304410624
1844 -1103772007 -1026125587
1845 2225046880 -2868139354
1846 1170400906 -2727633975
1847 7763949591 21304410624
1848 5124602310 -1155505139
1849 23560403019 8070056836
1850 860290269 16100332418
1851 4333739738 335731191
1852 13137487206 1992607394
1853 -1912407685 5377168854
1854 10012129788 31663326954
1855 3642463187 -649408067
1856 6380346933 21304410624
1857 7565532140 6058720904
1858 3469889076 -2614754110
1859 -317284627 13534125618
1860 6879090302 -2213618145
1861 2423518114 9510971942
1862 8454076056 603702818
1863 -3570444152 -8280072547
1864 6041865319 -2811825849
1865 9988346637 7022745406
1866 59474005 13280204929
1867 7972992092 6074087691
1868 -2978245473 3719892579
1869 9333566288 22396770845
1870 1858966529 15237572612
1871 -2843806639 2915948045
1872 -4619886588 596988117
1873 2139151171 6416116432
1874 9682048295 3716329699
1875 -2040006527 5270470747
1876 23560403019 29866810183
1877 9961330919 4683394431
1878 1112413424 2218732391
1879 -2458902001 5740934805
1880 9348430626 4138873522
1881 10000000000 31627655881
1882 -3338664151 2909874906
1883 9963673676 3742448969
1884 10022557528 31693992672
1885 -1579115242 5474177860
1886 43973839 9937064018
1887 6894903932 -2088001783
1888 853906224 1855776045
1889 4227494728 11774919582
1890 810919673 21304410624
1891 9198277955 3813731600
1892 15385703033 15111596572
1893 722645849 13921506582
1894 1666800136 21304410624
1895 3835588943 11494664831
1896 13877637333 4245323031
1897 9507304439 5380837686
1898 -3593517426 -8347926034
1899 6308883721 23738823677
1900 13013883167 5357659591
1901 10450905510 3340727620
1902 -1678955893 5675738593
1903 -2663928931 3809649328
1904 23560403019 11589260968
1905 23560403019 19108284653
1906 2114636897 7940567149
1907 3415201066 11625657036
1908 6855407446 5734241542
1909 -7727523495 17526523212
1910 6576434071 21304410624
1911 10337600878 5882922429
1912 3913402192 13752462911
1913 6627779174 4654425273
1914 8596945605 5688122788
1915 3362079623 109999140
1916 18922723911 20503457200
1917 -179651039 21304410624
1918 1403314100 13471155495
1919 -2536176232 3408444023
1920 1565147934 1254586534
1921 1914580067 7706085869
1922 -578968608 11444336363
1923 1642666725 8821943032
1924 4810739303 15700491933
1925 9775640694 4406969915
1926 7718444928 5833948615
1927 3168909534 10829166082
1928 9145392316 8660306974
1929 2973175755 2369501858
1930 23560403019 -2575117875
1931 8886879901 5365400405
1932 8758446873 5838032233
1933 3176657279 3100452078
1934 -3294962938 6701646794
1935 23560403019 6286423012
1936 -6619122622 16516414041
1937 9521230188 6023309261
1938 3639396824 762801393
1939 23560403019 971201370
1940 313078837 384404133
1941 7579715475 -2932822536
1942 3813796697 752441689
1943 9051723019 6125234989
1944 7191197398 -2767564327
1945 23560403019 4100803847
1946 -1222059898 6610984543
1947 5101812240 -2807833474
1948 -750567813 11772434410
1949 16609717764 15401960908
1950 5055124041 -479347831
1951 215354270 2289048146
1952 1874123107 -2361822605
1953 2369722458 -1823143331
1954 1017001415 9902350844
1955 18584843631 56873816169
1956 1273953634 -1639282290
1957 2235522144 10484445455
1958 11778794284 6226892134
1959 23560403019 -557349734
1960 3124653057 6329416507
1961 9034876149 6420601156
1962 5210535468 -1783029511
1963 8892073349 5765465113
1964 23560403019 7230041511
1965 8890685108 20559401163
1966 4400512063 14198023434
1967 1406623119 1580138698
1968 23560403019 9225526354
1969 23560403019 21304410624
1970 2881091025 6475539294
1971 1441673936 1232268094
1972 9257912838 5338426609
1973 2509042830 1246665052
1974 23560403019 25719539817
1975 10859996485 5082482424
1976 149534357 -774835644
1977 5202897556 -1935166708
1978 10286122306 32469079433
1979 8713451400 5269885774
1980 8549975465 4756686168
1981 9863095779 6741071631
1982 1292376907 3028601600
1983 3312102801 13978555553
1984 11557457977 3949696048
1985 567836507 3823569533
1986 4208803116 15173123948
1987 -4659216921 5295659823
1988 5191941699 14612918396
1989 8521128381 4855950737
1990 10132421796 32017079621
1991 12600784447 20653876393
1992 9039238879 4357639838
1993 4532763880 11862318138
1994 2853977793 15022527959
1995 9664281615 880290013
1996 -4679345721 -11541111182
1997 4209833180 415920909
1998 3223398609 276564275
1999 15790408623 -3148732145
2000 -1681862024 5955961018
2001 10347226794 3240587219
2002 14458174550 4971835355
2003 20297885686 -3247938117
2004 -2854740146 2963289883
2005 23560403019 7940199298
2006 8689056725 22943437125
2007 9700814247 3939198927
2008 8853762894 9156620934
2009 1697190752 -942290082
2010 4661153496 -1156455296
2011 8036337182 11406054801
2012 2076005079 9166401164
2013 11899965766 7608157920
2014 3868419931 5098757080
2015 2257891148 4241190945
2016 9500870464 9442526232
2017 10027117143 6155536483
2018 1571284499 2471123535
2019 10027365126 3998950139
2020 -4447325517 6599027320
2021 7459068894 -2932822536
2022 19077233643 17804139008
2023 589763615 227746234
2024 5890487039 12006898490
2025 -406435706 -4249281006
2026 -8927409192 9632276132
2027 7428293139 -3298101385
2028 -1663162247 9777680028
2029 23560403019 -2340503321
2030 9329926219 29657114449
2031 23560403019 8284985716
2032 -334818422 -4147789955
2033 -1216929544 6250642257
2034 3352470161 -4134489294
2035 23560403019 3752483959
2036 12232459180 2924966226
2037 1475594646 16652273949
2038 234321495 12735662355
2039 5950859594 19720013517
2040 8423344005 6495730597
2041 11917000001 -1209558789
2042 8836465901 9775269255
2043 5283505010 -7243363587
2044 953400193 4608207521
2045 3880825923 817057421
2046 12327868031 5473523261
2047 1282136742 9640488096
2048 9566951951 21864609610
2049 -3518262404 2938199661
2050 -1069689352 6365885789
2051 386014555 11151513396
2052 2922502108 1693090808
2053 23560403019 -4061611825
2054 9267202660 29472658086
2055 8547384769 27355830030
2056 4550563865 16103250729
2057 23560403019 8184670827
2058 23560403019 32672561524
2059 7353955740 5987243771
2060 23560403019 14600809300
2061 864625068 6632413068
2062 2173766394 2032936627
2063 13480477285 4857770091
2064 -1549589587 5383244428
2065 9533643417 4765491318
2066 8904263274 6061930002
2067 8426101377 4975564823
2068 8662266571 1607902889
2069 1754076515 2406961850
2070 7025166514 2034027359
2071 2451786606 4068562942
2072 9503919754 1694013497
2073 8738537478 2468078489
2074 9909290933 8095456117
2075 -5187673142 24960240103
2076 23560403019 -2364029007
2077 -1360666543 12098037049
2078 10076126064 6142444367
2079 -293759634 10485140927
2080 10576266224 33322329668
2081 8188603048 26300730927
2082 4816982900 14458660916
2083 -4982302216 5749842581
2084 457381998 11246166865
2085 -1704898368 7491084523
2086 2168479172 10764689289
2087 10031978517 4473870092
2088 -4504519905 7890654919
2089 5055679560 3530675836
2090 557614403 -229557288
2091 11780277533 36863065389
2092 -1125971868 5306772808
2093 -2235399078 3674395788
2094 -3067488253 2762541181
2095 10639423475 5991966565
2096 9532605467 21304410624
2097 9539536544 6784291968
2098 7289425133 14021932908
2099 1103859515 14566449579
2100 5782604275 5350935917
2101 8096557075 3894687835
2102 -2946660676 2778414797
2103 5360601876 -2137282419
2104 23560403019 14641671740
2105 34007837 441461627
2106 23560403019 8948636273
2107 10204783317 5373916709
2108 -523269824 13271939198
2109 1591821993 11204889652
2110 23560403019 13494380930
2111 4488169261 2939584
2112 23560403019 6181375914
2113 -1824475639 5866996066
2114 1227601435 476914502
2115 2541702939 1656291531
2116 8312557137 6072481649
2117 9176272478 4213570084
2118 18368812403 20728836181
2119 27691594697 -1622555091
2120 1537162591 5293749991
2121 23560403019 9458940021
2122 9573536695 6948998471
2123 23560403019 11512555121
2124 8545504329 -4285542454
2125 3056712299 6327588845
2126 -2562349748 3688287271
2127 -1376239211 6236248218
2128 11075233388 3399975287
2129 122713218 21304410624
2130 1743236253 5883030144
2131 11461490127 4800457276
2132 1907791909 6513008500
2133 7532569036 -3776489182
2134 10685268670 3692864222
2135 3831042076 1022424423
2136 3473928965 12257010254
2137 3964412284 13878303482
2138 6744811986 21304410624
2139 1121006002 1583405472
2140 2267004313 924723613
2141 7921497441 2301028178
2142 23560403019 -447097899
2143 -3491676388 3988524083
2144 2772778160 13798898243
2145 3577456525 12740350652
2146 9616585035 6293750896
2147 9366113838 9100307845
2148 9001453287 7523946235
2149 12653546414 20764746381
2150 9087652700 3522124007
2151 -6250513972 6190803511
2152 -3352788666 2408692843
2153 -4050161274 7145388389
2154 10106848634 4115992849
2155 9783568986 10233956878
2156 4559457163 -79328678
2157 1295180903 9608713426
2158 9518605926 6291378844
2159 9113768564 22215538317
2160 2614738566 4606905181
2161 1678674634 8800994140
2162 8510218413 6099397387
2163 7671107019 5264130349
2164 23560403019 3803210448
2165 9677250540 6919057180
2166 7743986067 -2932822536
2167 12536446593 6323913519
2168 7484186536 3588933856
2169 23560403019 2794569760
2170 -4608950513 -11334094165
2171 5209107713 21304410624
2172 1314116095 3013297585
2173 11737287312 3133511373
2174 9526671944 6657865506
2175 1296678488 3615665449
2176 4274344993 236975415
2177 -4656816154 564647861
2178 1468594266 2697387954
2179 480867982 13228312013
2180 -559004688 6010195930
2181 10686037013 3306084480
2182 2293397201 10641370098
2183 2452732592 4390130820
2184 -461062305 -3311401576
2185 3191682233 -957705873
2186 3081209551 -919831706
2187 1598016143 1032259103
2188 -2251051361 5336583112
2189 3822289261 4882758560
2190 3210782127 -477084827
2191 23560403019 3980056361
2192 1123963476 13758572850
2193 13281496773 6717561262
2194 2473599300 4926939526
2195 9289183784 9105155402
2196 -3887925998 2685049206
2197 829511541 735858067
2198 9832483560 5457115018
2199 -6560264908 5514510858
2200 2652620549 6606048621
2201 10668281152 8599373064
2202 8616761412 5743053642
2203 10169873731 5177573159
2204 -4428477499 480201010
2205 -300076110 10782596604
2206 6134666583 14577753830
2207 4907539178 -1295154071
2208 23560403019 -2120175096
2209 7865779887 25351378134
2210 10246386471 5072474599
2211 8420185383 6012710896
2212 8342841326 7189019575
2213 3336956215 -543491121
2214 3274570684 11849629189
2215 4257311306 14621163802
2216 4175123067 509615886
2217 5204507266 15221075523
2218 -1833887518 5188380108
2219 -4602054575 612604110
2220 2490626052 4337191564
2221 13622856619 1979725386
2222 16046939803 232696336
2223 2446816474 10218447408
2224 -3000909172 8659759971
2225 3743904169 -295035654
2226 8799812890 11225822028
2227 8437223647 6958111924
2228 9362093211 6333189243
2229 -997655845 21304410624
2230 10449020183 6042830404
2231 2649415522 2743093855
2232 23560403019 16060150962
2233 -854750711 21304410624
2234 -1795378410 12210927220
2235 6764615742 21304410624
2236 9152115767 7234741695
2237 9598168439 6766876829
2238 9647581816 5350638278
2239 -298335114 -4216640441
2240 23560403019 10549274783
2241 6966443577 5761299982
2242 23560403019 3914156112
2243 23560403019 9429296476
2244 8711791541 7543610756
2245 781764986 2848910025
2246 953192896 1865218022
2247 11326466820 17999374749
2248 9906836381 4067883986
2249 10425243925 5864848128
2250 5212424329 11842129638
2251 2452360692 9864463955
2252 -8532433217 10244951774
2253 -3708790901 1481053555
2254 23560403019 5044093846
2255 -2694593729 6810611442
2256 6307768979 -3793749793
2257 8487175891 6460956249
2258 659504150 6361179482
2259 5700377179 -1751196555
2260 806803256 7988975207
2261 16262544368 12829923840
2262 313983521 -4010227445
2263 7716285154 -3301588379
2264 14256577704 12866937485
2265 8528430143 6016057390
2266 14855482093 12191123148
2267 -7378220428 10237512297
2268 1088396527 3382745595
2269 2131211384 5303652858
2270 -4190758963 8231184389
2271 9761996311 12275216846
2272 5759858090 3667658681
2273 11795167311 -7233185493
2274 9729700901 9428917202
2275 8275220418 14190762599
2276 23560403019 3909683861
2277 23560403019 9499505497
2278 1565763499 11585250797
2279 2814827383 11669457095
2280 6574731924 21554686522
2281 529936673 10415998551
2282 1350916712 315869392
2283 23560403019 8580705456
2284 9380633327 13129694783
2285 4661785191 -65431294
2286 252467971 21304410624
2287 9986330362 6166432157
2288 10865630160 4429342327
2289 3694674006 916279212
2290 9642303949 4417647529
2291 301534398 957315603
2292 10616230343 5998162317
2293 293165246 2107892133
2294 7324070503 6014350981
2295 2895921721 648263239
2296 1030511179 9764996590
2297 8617405270 5329560200
2298 -3281629306 2774585660
2299 -4484374008 2853459379
2300 8527534459 22563177104
2301 3728283967 21304410624
2302 1763955706 -1265835595
2303 23560403019 -1200936724
2304 8693272449 22420187418
2305 -57586008 14668830823
2306 -4968463461 3854960757
2307 10110025198 4556099316
2308 383401953 3925225799
2309 -637791828 344220897
2310 1619445634 1796754536
2311 1387646125 11469726671
2312 2812013408 -405059439
2313 9018056017 28739971929
2314 5038534832 15336024141
2315 -1824475639 5481801754
2316 -3493719270 6270003224
2317 -707303103 139803336
2318 23560403019 -12443282749
2319 1094787616 1699567653
2320 -1563768451 -2378875208
2321 1687730729 11903413901
2322 5549557376 -884235869
2323 9968975856 6553288733
2324 2627348629 6276644230
2325 1924828493 5105665444
2326 -3148390280 2153264393
2327 7287103383 5470929859
2328 9040678372 4710820782
2329 1939023628 9488042367
2330 3331122079 1749127744
2331 5926979396 -3130058769
2332 7550739142 2760446005
2333 6067528549 -2323768717
2334 2641353456 -2780765101
2335 2569168246 14140563203
2336 4947817998 -382718711
2337 -1134906072 11028701461
2338 -866514953 -3636528286
2339 10795328155 9484388448
2340 3067500626 5092793324
2341 9811231521 31072528792
2342 1429368827 2025621815
2343 10125681448 31997257720
2344 459869455 14505137859
2345 3934834779 -1080865852
2346 7915113914 5370540389
2347 9341577396 6338669784
2348 -188555872 10093064171
2349 7896622905 6362042714
2350 3228768967 -454562099
2351 -4110694130 3763516443
2352 9141380072 21029843899
2353 10146777252 4147830103
2354 1681880607 -1105209604
2355 8526934389 1434566469
2356 5792632037 19254700645
2357 8727227896 5334949581
2358 -2283459 -22245433
2359 4559525949 15628403501
2360 3975941566 13912208597
2361 -1026210075 14399542486
2362 9055967786 7166088971
2363 7307926381 -3004887867
2364 5441619146 -1103803029
2365 719633966 3250829165
2366 12052400423 8772209163
2367 23560403019 13262842856
2368 23560403019 13776231084
2369 4874842630 -794377954
2370 23560403019 15347232835
2371 1864662885 2453957361
2372 4477630345 168063140
2373 1948518400 9366786972
2374 -4138488732 900696745
2375 8098351742 -3989083682
2376 -3506005350 3227890973
2377 23560403019 4825696408
2378 23560403019 5997448192
2379 381487170 10982139897
2380 6487130836 3396200864
2381 9730733374 5234455731
2382 2392363854 21304410624
2383 5676618611 1429972536
2384 10452260051 5537702046
2385 6992724997 -2680953071
2386 9752740248 5526574331
2387 12400861938 38688069316
2388 23560403019 9979107123
2389 1433994033 10598690354
2390 23560403019 -7714520206
2391 3907126461 12083165480
2392 8844283088 4313735113
2393 2551200279 -942228232
2394 -2632351684 5454390284
2395 1660352644 7536188145
2396 11563172059 9874831240
2397 -6120302466 5002091888
2398 -1275660449 5659281679
2399 -3369714055 7438816498
2400 -2633491030 5237619263
2401 5570098542 21304410624
2402 2135212462 3920253633
2403 5585166571 18644589775
2404 6337287852 19531253685
2405 1444846268 2937119950
2406 23560403019 12829923840
2407 2309290757 2405676702
2408 2787699651 11414342484
2409 10136988907 4041825548
2410 -2840003734 3532258575
2411 11013245019 6116274023
2412 5733523343 16429120723
2413 4852465420 -744787851
2414 7783035381 6422799645
2415 -754609009 14183516226
2416 9532136811 6287764238
2417 10398825929 3437434662
2418 -501807063 744122550
2419 2480195397 7089333461
2420 5304697754 17819791908
2421 2063826787 -1823143331
2422 15905710862 4585144277
2423 -645421445 13762444092
2424 -8595113433 11297901567
2425 1567640238 2260589839
2426 13788707249 12829923840
2427 9144902712 4704910184
2428 7924697557 10892845249
2429 6774300187 -2445131019
2430 7678064260 11926363745
2431 2654046207 -55249762
2432 2039878303 3030482012
2433 10858160287 3523905314
2434 8161427334 6341352252
2435 979785267 2836372920
2436 -3930758863 6118973497
2437 3333907203 4991973650
2438 7810490359 3967926409
2439 23560403019 -2993359633
2440 3086281439 15816522351
2441 23560403019 -3726856123
2442 14528580044 21828016681
2443 8760439299 3258088331
2444 -2429198767 6312528372
2445 2730432239 1611470649
2446 5942673489 4075980545
2447 3060814940 16572543606
2448 1846385082 7929650054
2449 8229847182 4896220881
2450 15777722026 13552868168
2451 -3114755949 2784440542
2452 23560403019 3760485628
2453 23560403019 4453091711
2454 -3771698778 7471193545
2455 2232633440 6165296059
2456 6529556342 21304410624
2457 23560403019 521782519
2458 6123341200 20227244456
2459 68234800 -4372838100
2460 -316858072 13319661182
2461 -1036353077 14892204343
2462 4045566227 -630211878
2463 5015105777 4148665075
2464 5265615835 -849569628
2465 6072717215 20078370312
2466 -1628198701 -2568350576
2467 592277842 1851752939
2468 502029475 10687792933
2469 3181214216 -2068012567
2470 5058343329 13778166081
2471 -3277279732 1893352832
2472 -303607983 10381648567
2473 1020502199 -3264918761
2474 23560403019 12500612722
2475 6434808757 3204813604
2476 23560403019 1767834234
2477 9779979041 30980622037
2478 24238643702 -1079186156
2479 1937427259 6819903551
2480 505988265 10638783508
2481 3817772964 -874837100
2482 -5701047044 6100529814
2483 -1711609702 19007479782
2484 -1905094530 7692710630
2485 889571808 11078969643
2486 9948136687 3817576598
2487 23560403019 -2071568482
2488 6877226866 21304410624
2489 9880900628 6214227026
2490 11048919432 10944579297
2491 4346868645 11820391387
2492 8215021611 5524911253
2493 1430768865 15937560182
2494 10379805909 4951072745
2495 4726194982 5428141715
2496 9203233588 2069821846
2497 1217270921 9649809407
2498 9901956738 5560636902
2499 1487710529 1849889226
2500 9501595151 6191708409
2501 8463797818 6654643032
2502 23560403019 3122448549
2503 501677121 2047278777
2504 5803768911 21304410624
2505 12528867276 -1689876833
2506 -2282920079 5635490957
2507 23560403019 3899140466
2508 -6537598186 9466034595
2509 278900560 -4648340390
2510 12086538338 37763711889
2511 6007890807 -3388632656
2512 728575458 13007879113
2513 1195870089 4420848677
2514 7285586670 5281229089
2515 1735326323 6118748664
2516 2096251463 15696015938
2517 10037117654 6152864972
2518 -2135282845 3838437797
2519 -885170436 17674759858
2520 -3549939523 1796327204
2521 2398446679 -101081372
2522 23560403019 6021050429
2523 461039798 21304410624
2524 5225457074 17586762281
2525 23560403019 574626393
2526 -3934079034 3991027780
2527 -848052886 5814959903
2528 23560403019 14690223462
2529 2926341900 -1074526910
2530 -10906287 10892001550
2531 3346155581 -385422756
2532 5176192592 -2296147758
2533 2135146351 3237520502
2534 5703952409 18993913121
2535 9246757078 1901049013
2536 2392428413 7525262478
2537 1254472652 3393972805
2538 2303953458 10286710290
2539 7154092519 5833922004
2540 3049505711 5074442086
2541 4306260269 12664810123
2542 10957998300 9194646690
2543 2931577904 1406291539
2544 2068550022 4694775169
2545 -1487275240 5056750610
2546 11314273535 7691492495
2547 5938297880 12635955624
2548 1567021446 13895190966
2549 1993671236 55266738
2550 939884055 1373020689
2551 732677209 7181385625
2552 7067126128 5570203978
2553 23560403019 15365757272
2554 1242675875 7395066070
2555 -3171250057 -7106129428
2556 23560403019 16933118928
2557 8102904664 14038688840
2558 4002224228 11451190584
2559 -305363910 10083034285
2560 10109900620 3950502844
2561 9117438879 5060495554
2562 -2713390356 3241735550
2563 712841126 13348948507
2564 9518910956 7583429338
2565 -1073075973 16330647753
2566 1661882785 21304410624
2567 -423201614 10492143469
2568 6342430592 -1644231767
2569 5066920202 1111157333
2570 4267676995 482437918
2571 23560403019 13922547085
2572 23560403019 167943668
2573 23560403019 12516371611
2574 56070996 11501327222
2575 10555339570 3951759034
2576 -166422803 10589903808
2577 -2457554899 -5007306999
2578 -3812182430 4034900827
2579 5084087787 5462047406
2580 9495501210 3964584382
2581 -356354497 13851472668
2582 944265240 1363238011
2583 6972315040 13886861501
2584 1853650504 9137143107
2585 465560250 13201288992
2586 8683982435 2214700870
2587 -3296648502 6774817643
2588 6765209069 -2285080069
2589 3221163604 4350627831
2590 -1354342116 5411299566
2591 23560403019 6957538556
2592 -1824475639 6000803532
2593 746488523 2617268115
2594 3692149484 566513841
2595 3019928620 -1180456716
2596 -361661420 21304410624
2597 4600634681 11744430592
2598 3033795621 13249272447
2599 1722566173 6064603956
2600 -1789272873 6061844197
2601 3762747529 13285251245
2602 23560403019 1728254057
2603 -424891636 13052028051
2604 -4300265305 8003890188
2605 2108783964 2951680158
2606 8057513057 21304410624
2607 -3181476876 21304410624
2608 10540701675 3084274478
2609 3492629751 604663211
2610 1005498815 3085038803
2611 8905036087 7323418841
2612 1485743199 168471320
2613 2744724084 585934873
2614 310779593 -4674340993
2615 2157003825 10653239554
2616 9396961277 4284695916
2617 -1824475639 5674519615
2618 8249199431 7052890499
2619 5590075702 -1053774981
2620 -3855404188 7350226032
2621 5860718372 12399777697
2622 1243063158 13735856958
2623 10113164064 14954218674
2624 -42494313 11057449766
2625 -2255599940 6470888580
2626 10097501601 6497142962
2627 -853415152 11176585164
2628 2284532269 9441787449
2629 10376794364 6062124621
2630 9337069806 4174068326
2631 4929791016 16717272631
2632 4893037691 16609189085
2633 -5474387918 1896174308
2634 2541274614 7288161222
2635 1799956865 -1598992826
2636 1005539331 12330241911
2637 8917284072 9423406846
2638 7212120597 21304410624
2639 5078329415 -3389121042
2640 -2497710554 8166157699
2641 -2145621748 10385592590
2642 4465523733 5367305859
2643 5318798564 5451602364
2644 2172952278 8915116690
2645 4968347388 -473766587
2646 4434305111 13746884947
2647 23560403019 9537137777
2648 8238423070 6218185739
2649 2148519010 1050724334
2650 4783178759 -660699700
2651 10238738012 4400671717
2652 2364145342 3310603338
2653 -2340880764 9203604511
2654 1223722428 1331569466
2655 -2578892120 2919521455
2656 -1022113109 5486223007
2657 7594801373 645189576
2658 -4002829439 1031115104
2659 15202125397 -4051468877
2660 11991629912 2503495551
2661 -366839420 12987513934
2662 1156826092 13386983118
2663 5212818826 21304410624
2664 359577886 14141708343
2665 9688036863 4590263342
2666 -1150892346 -4812441827
2667 7980303408 25688166931
2668 3372145853 -334866951
2669 5036045149 -542136843
2670 3166171767 11596124253
2671 -3922976723 4092179858
2672 7911668103 1514831196
2673 7084216366 5764813253
2674 -2705147884 5176800276
2675 2749178071 546651589
2676 -6160514021 -15896905404
2677 7288441477 5542166641
2678 9452929661 6349494797
2679 -3927054422 5960983499
2680 3190510609 1116559212
2681 9874867095 4534307868
2682 23560403019 -4441762250
2683 3521055884 11318075361
2684 2020342201 14269112558
2685 -164773528 12701834494
2686 8899151978 487405047
2687 10273636093 6767885655
2688 2128762378 8810140833
2689 16231020641 5001521950
2690 6093878098 16044293952
2691 901069509 13742524722
2692 3810001227 820852010
2693 250771090 11570746179
2694 13690913480 12942408594
2695 2751647454 234524993
2696 8847209848 5587810780
2697 1976805914 7954235063
2698 9003978419 9256570551
2699 -812148421 -168523968
2700 8613394880 4485863089
2701 23560403019 1344373774
2702 2487968353 11721944517
2703 8726047982 5159003231
2704 3528488920 -2023637
2705 7873876765 -3165942415
2706 2662824931 11376723279
2707 2139421570 6283440888
2708 15931830865 4578166648
2709 12675506372 5128413469
2710 9178026101 1610278064
2711 8907564899 4878818401
2712 -2268457613 5414599681
2713 -885170436 19938384985
2714 -276939430 -2981478900
2715 -1243493884 11075556045
2716 -138791735 12250617860
2717 8818369461 5117438214
2718 -226083883 14722531798
2719 10523496453 33167145235
2720 -2669367591 4389319452
2721 2530878295 955037437
2722 23560403019 -577507543
2723 -3227958884 8542668490
2724 -1153484452 11296579701
2725 5190119596 4378847873
2726 -1824475639 31478557424
2727 8492811169 2739428584
2728 23560403019 5483718219
2729 3352815569 631670280
2730 4086644387 14237761548
2731 11241730533 5831067827
2732 -4933734738 6842129983
2733 3570834604 262099798
2734 23560403019 5553257855
2735 9457830427 8038217439
2736 3631158785 11714769537
2737 2566289228 6554312617
2738 23560403019 7732332746
2739 12291411391 11677655917
2740 2021086586 668612944
2741 -3475425588 -8000643590
2742 2222394257 10929715190
2743 16312040822 15249147413
2744 1408631128 1676097465
2745 9881909903 5258390718
2746 655547688 10010575751
2747 430961142 10732944429
2748 4349048069 14389066499
2749 108169460 13290959059
2750 23560403019 3462878018
2751 5015805901 -947482959
2752 7700589283 6022707576
2753 10523201703 3291330829
2754 23560403019 1373342530
2755 8125931374 6224531867
2756 5219918883 21304410624
2757 -2445614967 18503077180
2758 -1264773941 15744803597
2759 3521705131 13159002226
2760 9844092195 6208644295
2761 7211939267 -4816328056
2762 5444059458 4023530790
2763 477977494 -4810707938
2764 -3525792962 5215973314
2765 10254415424 24685377519
2766 10232515425 6100666921
2767 114580339 1285287326
2768 23560403019 -3530441323
2769 9874575007 9850992378
2770 1134379323 2799237799
2771 3226659954 12875548488
2772 8819732928 21304410624
2773 5285914009 1472585049
2774 11373068811 3577172338
2775 2573642854 1510339893
2776 10312874545 6011659872
2777 9621946010 3958844897
2778 8496915721 4575198444
2779 3036888326 4787962510
2780 9076692037 8279898402
2781 23560403019 5361766047
2782 3850800910 386967955
2783 -1458458489 9269592768
2784 393359138 14914295492
2785 -2355890693 4718781469
2786 3417922244 193912147
2787 9352240976 4995089549
2788 10108331023 4997788852
2789 -1454796017 21304410624
2790 2139885673 1275705661
2791 615816127 13780362030
2792 350814898 11080165396
2793 8930230413 4037320029
2794 9463980301 4468830521
2795 3482852381 12586853787
2796 8519389311 7458467237
2797 9970589802 5067333148
2798 -6880703780 18128467584
2799 23560403019 13987709057
2800 2886453865 14687325430
2801 -1768781003 7861466116
2802 3908230706 12826684642
2803 -3596105312 2666093553
2804 9904733349 8003422871
2805 23560403019 6433902831
2806 10018323185 5125244039
2807 1731514641 8232458542
2808 -3422389880 3430285007
2809 23560403019 8639764159
2810 11687539324 3517406884
2811 -2083715666 4401627010
2812 661975927 -3860535583
2813 273303769 -2540174705
2814 6407633962 21063287712
2815 7491128428 11357147206
2816 -3577034682 2191721531
2817 4745103323 -659926981
2818 4095100576 12719298352
2819 5819899232 13823116654
2820 2672627552 4858077827
2821 8205682742 22694964537
2822 -7552459174 20797580837
2823 9236700653 6053332037
2824 9875238123 31260758304
2825 9454190258 7537001413
2826 3910591564 -257218253
2827 678118559 13805813447
2828 3229205153 15567203230
2829 8663321026 5767490651
2830 3339089215 6040645276
2831 -700698716 10080694500
2832 8158731682 6794348779
2833 11023552322 3626388176
2834 568097300 1449697145
2835 8738601220 6499747268
2836 8162500988 6057040989
2837 1714169420 8143968157
2838 4691622860 64154006
2839 4055269009 -197241463
2840 12145718872 3387025496
2841 -885170436 -4762075881
2842 2484571333 4398982604
2843 1972949668 9893188585
2844 -1364531253 5674307518
2845 -5620727108 -14309509349
2846 2502818309 10609427427
2847 -6195909893 3092446650
2848 2858201906 14654373894
2849 23560403019 4598767175
2850 10566976959 6011319738
2851 2468904518 10371311451
2852 15312231165 -3456590371
2853 2871418815 6499487311
2854 5005328532 -3596606790
2855 23560403019 -2708590641
2856 7562244216 12923412036
2857 3808247021 -1599302726
2858 1877373720 4653373014
2859 23560403019 3672172358
2860 -1184564241 14845559569
2861 5598177658 15478062415
2862 5698942683 18979180607
2863 3469245639 348014785
2864 12569006204 11574151927
2865 11183952997 5680816088
2866 3475795151 12784799453
2867 -750759131 21304410624
2868 11440430517 4918746887
2869 9285905685 7803774946
2870 23560403019 9990735527
2871 6657242896 -2365398552
2872 3832166779 13489398180
2873 7191846233 5401953794
2874 6476301407 -1987870183
2875 11152499724 3919037451
2876 23560403019 14633369624
2877 -1824475639 21304410624
2878 23560403019 532074010
2879 10508358644 5977469790
2880 -7798003400 4975954849
2881 23560403019 -1411583693
2882 10074327261 4732083485
2883 3416087595 4879243203
2884 -973336339 14909997521
2885 -2937653453 4650085976
2886 10595129289 6003799198
2887 9935882288 6253058372
2888 9756820712 6227742767
2889 9231616458 6368044462
2890 4579827832 1501360740
2891 5163617372 -622868767
2892 1872692197 9433841572
2893 830171447 13676956128
2894 7305712949 11506207574
2895 5951232637 1244712807
2896 657407033 -2968350527
2897 -261946666 13015798829
2898 2479054494 3807523255
2899 23560403019 5329999639
2900 14383430625 3369718541
2901 23560403019 10434943778
2902 -422733216 9904341441
2903 9214975772 1912914827
2904 8609938174 4038996
2905 10501113888 5624596367
2906 -1495001002 11959088788
2907 273923648 -3078402352
2908 -407341470 5948243603
2909 14869287773 13342085862
2910 3597583081 439447246
2911 9246122867 4352813991
2912 3317014452 11851730847
2913 2482370661 1000116940
2914 -517874063 -5298793094
2915 879413345 1716593198
2916 9217825573 5180127555
2917 -872022412 14196741480
2918 2335054812 -3547045880
2919 7079193569 -3133124413
2920 23560403019 21304410624
2921 10349293763 3590435290
2922 -6544417210 17385683650
2923 1875910065 8770250099
2924 8784979261 22662368778
2925 -2206490150 5367855614
2926 23560403019 9058531751
2927 2503635832 11118027223
2928 6206195906 20470902146
2929 23560403019 3433358785
2930 9851875102 3587192119
2931 -1524030330 4553480569
2932 -5825009430 17703132207
2933 -188560601 17696343995
2934 752442586 13168871829
2935 8523988442 2548735723
2936 -208465886 21304410624
2937 23560403019 1159193509
2938 -675617406 -3592673865
2939 4498250825 15448206669
2940 -7651674582 9340303645
2941 1892164898 2337850049
2942 461501585 -3277594098
2943 -3506364972 2197657619
2944 23560403019 -107104935
2945 23560403019 6020063486
2946 -5000919337 12841364574
2947 3231529640 11194372941
2948 -2445272568 -4971187331
2949 7570373129 -2932822536
2950 1904740538 6242094582
2951 5143215735 -1049396781
2952 1535725730 21304410624
2953 4245989994 13256731776
2954 -625918519 5969717945
2955 1924252834 8282123378
2956 8407240602 5599143229
2957 10045099309 31760283154
2958 4992634220 5230161347
2959 23560403019 8023002844
2960 356854117 8607545728
2961 8325951762 7134460565
2962 8107077809 2025783420
2963 763761254 2927495830
2964 10546230263 15644267938
2965 5106302017 -4516826730
2966 23560403019 190993923
2967 -69034149 21304410624
2968 -2465840458 4107472916
2969 1791660632 6960470771
2970 8782108743 6553080987
2971 -1545887706 5203400195
2972 1757433975 9231140717
2973 12049707968 7369564667
2974 -3583825555 5837555489
2975 23560403019 10151053661
2976 3311384430 16875181116
2977 7722097632 4651852136
2978 4189186757 330312834
2979 -1437240718 21304410624
2980 5172551533 15858523653
2981 10066918327 4270651115
2982 23560403019 5739221247
2983 71969463 -4479566972
2984 2070964310 -1823143331
2985 -1227410115 6016669362
2986 23560403019 6018155635
2987 8540968756 2114232743
2988 3288154812 16283023052
2989 1833641491 8387303108
2990 9487827811 8953451916
2991 1641659434 15161413065
2992 2015393436 10419560535
2993 471487342 10941972471
2994 -650980709 14071955900
2995 6396041893 -2230619045
2996 9824309473 4765019499
2997 4110338812 21304410624
2998 4056533866 -2328969119
2999 13386237921 5614497996
3000 8182833984 5098865818
3001 9406426545 6114488162
3002 -4156562835 992436648
3003 4746624956 5232409782
3004 7874495842 21304410624
3005 1565371871 13703717646
3006 4631529254 -348989426
3007 23560403019 -2622381286
3008 -3974132816 7223767370
3009 2448729150 2900611188
3010 2873705638 21304410624
3011 682873609 9376504707
3012 9985302840 4704396434
3013 9423990848 6018277106
3014 2508437169 5828609830
3015 -1013963792 11350492354
3016 -1893913403 4666329927
3017 8709488886 27832543026
3018 7080714853 3534877130
3019 8893545822 5371664288
3020 10076012023 3544025971
3021 23560403019 6627706608
3022 1699607022 945228946
3023 4439332402 13786411921
3024 -1786455165 5536925128
3025 -1552472563 5138684990
3026 3312526555 332521323
3027 -137716692 13068045564
3028 12910451354 -1438496669
3029 1331894352 10090781048
3030 9273271292 4229506388
3031 -382368711 1095364800
3032 -3479591156 21304410624
3033 2882760412 4701008306
3034 9832744295 1598257245
3035 2398120832 -2798442783
3036 9914615703 5974118738
3037 1179390666 3006549395
3038 -1780904116 12452772227
3039 6163079225 4337879233
3040 1037391687 17461746566
3041 -885170436 21304410624
3042 -1215214796 10124464516
3043 -1112149769 5398678678
3044 12302329590 10516426596
3045 940948277 5250655184
3046 9566191439 4457807388
3047 8831061241 5720005059
3048 14177010661 5231320112
3049 17373494602 16561459439
3050 12401588737 3709310219
3051 2481241254 7380323637
3052 -3144278480 -7026811879
3053 -3158963446 2795224987
3054 6929968612 12062650854
3055 4890832471 -241446161
3056 4706554841 -472215040
3057 4440353577 -217479361
3058 13054848543 5346716207
3059 23560403019 -2801853987
3060 13718368828 6638693265
3061 9477303700 6864922235
3062 4066325634 12129256864
3063 10591425139 8902325536
3064 9054311350 28846590989
3065 23560403019 -2988942682
3066 -885170436 24211125492
3067 1769057973 6190024006
3068 550868004 18481690116
3069 673924363 14606704953
3070 4311131603 248234511
3071 7984594600 10649205988
3072 2447328584 1598194010
3073 -6903283011 9368658661
3074 9630820641 4208421891
3075 3506827040 2683558103
3076 -2486662721 4084867642
3077 4689498078 -474936369
3078 4102281746 275782971
3079 23560403019 5274276826
3080 9845745427 6203987650
3081 6737468780 5148310249
3082 5412665789 436985527
3083 5824916993 436259524
3084 1552445849 10163582714
3085 14223125612 12471789820
3086 6661033709 -1912996766
3087 2597811100 -2235312164
3088 11594198922 5736910340
3089 9314782622 4931771530
3090 12645844436 12089972293
3091 -2554475405 4394537745
3092 9304163543 7741276628
3093 6117648399 -2159626611
3094 2269572475 5951769499
3095 23560403019 8304062450
3096 8966133552 -4252542147
3097 4612023227 15782786590
3098 8847944720 5738169831
3099 9212286029 22409156807
3100 2454082425 -2180179071
3101 -131075716 14402392270
3102 23560403019 -3985626719
3103 5344283754 17936205735
3104 3537254442 2281319336
3105 9648701233 4029297800
3106 1208438164 4489757213
3107 8498955624 6049970949
3108 23560403019 4111137048
3109 5698108188 18976726536
3110 5032877144 -884038675
3111 9185295003 8653931976
3112 -3307471973 6241913705
3113 23560403019 3748761522
3114 -2672191325 4667525606
3115 1653157516 10181191215
3116 1196904499 588832327
3117 719045716 12559103991
3118 23560403019 7167793267
3119 10400092170 3797865528
3120 3633974067 13569878791
3121 3172610653 3434895840
3122 -4146558652 902538372
3123 3994932751 11753061553
3124 1479564098 9541129606
3125 -2124226857 8011986641
3126 1646861370 3407375973
3127 346999329 10519414586
3128 4810488537 -811796905
3129 1546206076 898213286
3130 23560403019 10210380415
3131 17772578844 -1823143331
3132 1060120684 4470635973
3133 8037229541 5006516892
3134 9383865932 628816040
3135 -3272678097 6353235439
3136 8297623732 5028388596
3137 8666250388 5741774019
3138 9124689891 5344445998
3139 2475290615 517719064
3140 23560403019 -1317078363
3141 -555144621 587268378
3142 2162622013 1400514538
3143 10810589955 15927015855
3144 12437643950 6575318369
3145 7264892146 6027575119
3146 9838247169 6273200909
3147 4048428016 2656117549
3148 -1616518493 5599758941
3149 -184381228 -3448160189
3150 2252494474 1833543360
3151 23560403019 28870415613
3152 10425085286 6049224310
3153 2818912383 1502198782
3154 8616766760 9020500656
EOF