NAME : 321
COMMENT : tspgen
TYPE : TSP
DIMENSION : 321
EDGE_WEIGHT_TYPE : EUC_2D
NODE_COORD_SECTION
1 3693313539 -4751362790
2 4597001111 4290988983
3 7260128237 -7293952092
4 2782008079 1845600297
5 9959188760 -21713286035
6 -1054601958 15871040478
7 3807994881 6727780434
8 8034887677 5764993990
9 4861583522 9662178957
10 5956829993 8779158007
11 5720799836 6922516257
12 1332507625 580229813
13 4462317818 9094196205
14 2936222262 3979886332
15 9657911688 8704139124
16 3580046833 3819528343
17 3526874340 2307480142
18 9987605376 36917715539
19 1334654749 51108235388
20 4209071836 5303360141
21 -7515512802 45869204239
22 9959188760 9430557680
23 1898662604 1704727614
24 4776280724 8800333656
25 6418628151 45869204239
26 -3231629893 3512568436
27 9465857805 184122636
28 3902943482 4236948632
29 9724747930 19733763816
30 14556856138 6957803777
31 5678938775 8249514777
32 5678938775 45869204239
33 -2654591140 1775454935
34 14973612934 14428985779
35 5678938775 5993676721
36 5678938775 0
37 6028107623 45869204239
38 -39837196700 17438998856
39 -24875714173 -31015195695
40 3772199338 5902032035
41 2039076876 -435862076
42 8917050128 45869204239
43 -7515512802 115984505
44 -37876988191 27436593529
45 18552808712 10356991086
46 2360034084 -1142132956
47 15737976898 691392043
48 5678938775 3392293031
49 6472383273 10000000000
50 14556856138 6988865458
51 5488818856 6022025236
52 7085351180 5770371612
53 353463274 10458294838
54 -8055509308 5635121140
55 7142535360 45869204239
56 11121664978 5127570618
57 -458415018 17066608598
58 965535058 -364838289
59 3641911216 45869204239
60 8203453584 7861761654
61 33759444 8754679383
62 7282407489 4459291333
63 9244742658 45869204239
64 7662763095 6029676205
65 2021385252 1915967979
66 9959188760 9460491346
67 12501211792 45869204239
68 -563239169 9560541720
69 5678938775 7820857828
70 9000385175 3943054152
71 2821364659 1274020527
72 7455621927 6783838488
73 -3627474130 4037212664
74 6128822209 1511544735
75 3569605124 3982567710
76 7879172952 11070775439
77 5357709575 8986588647
78 2114957592 -511615880
79 8434944314 -1886608349
80 5678938775 2730873051
81 9402123787 1421384045
82 5076877011 45869204239
83 14556856138 8990738487
84 3320573527 1532938328
85 -5676298073 20055935196
86 1874698374 1594970418
87 9999693305 4970208992
88 6390483340 45869204239
89 5343170915 6418602653
90 3680107235 3705290671
91 8645277256 9460617564
92 8397638311 35596135982
93 6272529831 6650940950
94 -1804762523 3624250886
95 7037802915 7200501983
96 9245428065 4212206327
97 5678938775 5737140030
98 -2060719449 3860526718
99 9146074985 45869204239
100 -21297151368 -5838341452
101 6721103923 8146853438
102 5340712728 7499449067
103 8275519337 51108235388
104 900249 13701433504
105 3566275016 -4407465473
106 4839697905 2577461543
107 -3632312214 6918007368
108 4237061131 8291738927
109 11153523283 26327871148
110 -156771811 17730438005
111 -2928673526 5700383544
112 7995471271 1195386969
113 12349383798 8985025408
114 4356065188 6346493535
115 -3724687123 5638982831
116 8206176280 9742285788
117 5651464293 10000000000
118 2483595311 1075699888
119 8834699433 -5246497754
120 7684815599 -7707851737
121 7529552889 45869204239
122 3974829235 7440916771
123 6399654791 13891743480
124 8144744790 7174642556
125 5276910359 10000000000
126 -3376763534 12413306497
127 5678938775 6747249772
128 6371617485 51108235388
129 3878261361 6069195179
130 14556856138 9551074026
131 5445987520 10000000000
132 2396958858 -2333423266
133 4009054599 5543205198
134 18007578555 5537211421
135 5678938775 2333882057
136 -4050239 14732878442
137 2613252338 45869204239
138 -2649480690 14920567836
139 4558889281 -208561155
140 -3295525535 51108235388
141 6998299461 6992817813
142 13474103304 11159562532
143 -1671808074 8428948285
144 4979254432 8584684577
145 -3099798032 12100073153
146 -40010234630 16556458513
147 -7515512802 -2690615533
148 5971435988 6308296138
149 7597832802 6827374177
150 5975332886 12695606371
151 6574546818 6279559902
152 5001740022 7213936527
153 6590785908 9275555675
154 4989230069 8405465381
155 4963249915 6808706276
156 -2185207414 3026954141
157 4889129441 9193822329
158 -42268736319 35813459999
159 11240810191 41207968513
160 9959188760 10583138637
161 3948770730 5068836293
162 -1916552302 3754677353
163 1769028531 45869204239
164 1816689143 45869204239
165 9300146999 665905401
166 2994138493 3615516639
167 4964904491 2704598063
168 6620318189 7553598514
169 -2345439394 5050423927
170 7616695454 8248120262
171 2572067836 1465636894
172 4031936478 5559100112
173 2362158184 2786058053
174 -74557464 30350387476
175 9959188760 10692183951
176 7055574534 8971632745
177 8066248039 30630343267
178 6447885242 8146454791
179 9959188760 11403479781
180 7977276439 -6623184283
181 -2678258626 4481333712
182 5678938775 1001273168
183 -536705174 45869204239
184 7808975072 -15892589283
185 7948077103 12850089389
186 20588047327 5175131950
187 5254346533 10336433857
188 7398940491 3543211265
189 9103447901 5693038789
190 5665731220 8078367742
191 918367775 11401977521
192 11023480783 45869204239
193 2916928197 3341900761
194 5678938775 8358539743
195 5678938775 4207496216
196 -7515512802 1716880059
197 5678938775 3689320492
198 3693085887 51108235388
199 3973751378 5023016200
200 -3027846354 5416901511
201 5446607167 -9497584329
202 9739368835 5759719350
203 6027150071 9490110922
204 5678938775 -4460714425
205 5319195867 10000000000
206 4941200828 45869204239
207 5678938775 5757815302
208 3296107721 4601438790
209 3766296074 4395479820
210 5257079814 8487565345
211 9946364879 51108235388
212 7331020397 8775034860
213 4628927940 6554207325
214 -4649954277 1459477080
215 4570357223 7457778008
216 2811368850 4699690417
217 2459432858 608401115
218 7618654042 8605331182
219 5742142284 45869204239
220 -7515512802 51108235388
221 13431300013 13254916914
222 7563879132 8788406861
223 7386068303 51108235388
224 -41262654979 10168775284
225 4561987473 7708428834
226 7904714651 3689320492
227 -4607076883 6893044925
228 6450895482 8566966505
229 5472383091 129210294
230 4435813553 6979097861
231 696962638 51108235388
232 -3174104250 3869240606
233 3418970418 5631113263
234 10000000000 6135853189
235 -3317641213 11408422682
236 -7515512802 -2690615533
237 -7515512802 51108235388
238 5145741272 4155126479
239 5678938775 9781611291
240 4074929690 6585243743
241 -629949338 10815110549
242 2375560665 1467492034
243 5678938775 5595606225
244 5290435644 10000000000
245 -7515512802 25591286141
246 6879213894 11880149538
247 5678938775 -1246827059
248 9761798111 -21178943278
249 9154407429 -19534717408
250 4254160910 51108235388
251 1018844742 12970511999
252 5678938775 6825058942
253 -26915781245 26152666760
254 -1978545564 11535376819
255 5460126515 6776414529
256 5495530638 8492875218
257 4864151796 9900668371
258 9682912033 42289103821
259 558913345 -6968889006
260 1628901562 1005466983
261 5155854963 8335241221
262 3615978322 17973669523
263 6334939722 5222824660
264 2560193658 3808795636
265 -10064099897 -7144658041
266 -6610494076 15291282379
267 520581744 14485303360
268 4070018683 2578298442
269 14233351139 -33283579353
270 -8614711015 5582212676
271 5179986670 10366268946
272 5416410204 45869204239
273 10000000000 0
274 9105881938 -19403357364
275 7904714651 -16151759365
276 3464096195 5667491882
277 7044591955 7013910014
278 1363092605 674039141
279 5678938775 5903528206
280 -758406739 6514038521
281 5678938775 805932227
282 14054851689 46058892271
283 3606605321 6486862508
284 6810489057 3916872313
285 2847998262 3899095748
286 7036947012 -6968889006
287 9383003807 0
288 4136082405 8235675683
289 -45177431885 17431590640
290 -5628859281 -1602382387
291 2685731401 2190987042
292 4870691227 9223511185
293 5678938775 36672755424
294 10000000000 447389876
295 7227260745 45869204239
296 2285409509 1534488759
297 14254665433 14495928418
298 -24473519126 -31265689380
299 7006716827 13075271442
300 7699835652 17493053229
301 1966005656 847343134
302 5678938775 45869204239
303 6302642941 10000415559
304 7658010323 3647358564
305 5138593040 10000000000
306 5375742933 9640099344
307 -3967859795 441934691
308 -1458488918 6928451302
309 3175664249 4948443098
310 7475886772 8721423637
311 1287271982 14479691462
312 3913220435 45869204239
313 4178668970 3526477687
314 4201274278 8389401348
315 12453287909 43729777914
316 7061999192 12115880668
317 4519863854 5110239685
318 11540066949 39122247710
319 5814966436 3089878184
320 11372051755 -3639132367
321 9557149030 10305761797
EOF