NAME : 3224
COMMENT : tspgen
TYPE : TSP
DIMENSION : 3224
EDGE_WEIGHT_TYPE : EUC_2D
NODE_COORD_SECTION
1 -4552815358 10920516019
2 8138966063 4641548702
3 4939486676 9133871210
4 7497093304 2799924371
5 7310089498 8332253614
6 7358894640 5073111495
7 -7161437864 -1633659190
8 15208168263 8303037305
9 5289472184 2490687168
10 7819681707 7767916918
11 13810829683 8843774802
12 9319226054 3376938545
13 13810829683 3985844859
14 9776353979 714037965
15 3455231176 6946311595
16 5214768169 3454643445
17 9605594639 -5114417849
18 4823536600 11209006353
19 -6610353861 -1702092157
20 15208168263 7669183321
21 10069235685 -6215909176
22 -9977567134 -6281663292
23 8286480251 20098517085
24 9600005910 4333243517
25 6002832874 11079585055
26 9387886476 22569798826
27 7285045754 2923268588
28 37419131 10273749363
29 -3208005974 -8711979391
30 3329678295 7523461436
31 5876558673 9624562308
32 -2591393170 5486535750
33 15208168263 3992842708
34 5592848764 10096824364
35 8150674815 16353983224
36 8909445151 10525131449
37 13810829683 5735389825
38 10913233081 13530839183
39 6959494704 16809294170
40 10450345329 25091065753
41 8170593779 13896015872
42 5366451939 9763150983
43 4579226418 9948626564
44 -15485851601 -6594350821
45 -13906740274 -35734749143
46 4717111701 9240877471
47 15208168263 7747003967
48 7668995140 4293799736
49 8500447450 13263823378
50 4129052998 6766390651
51 6548492910 13735003340
52 7787898890 4735013742
53 -13610835257 1068219013
54 15208168263 10933489610
55 -8477710050 -6681933753
56 8596544931 17024175686
57 578631186 12379917897
58 15208168263 4196543195
59 8748312798 13843456392
60 145736031 -352109732
61 5155757052 9280116343
62 13810829683 31995144761
63 7259008019 8014416315
64 5669490938 9476097288
65 4637362742 9185566311
66 3969435960 9408597265
67 5223524595 9552498515
68 15208168263 1906863240
69 8171126761 19831009345
70 -6511693520 -16835688234
71 5571228064 7321134621
72 8389816157 3886735137
73 6556188128 8648874683
74 4573626654 2390413589
75 15208168263 8367600168
76 6094051544 7295900205
77 -10836494951 155386522
78 4977807990 9190350810
79 6005579681 8931108981
80 -550948122 9197115691
81 -8447242916 -3597520696
82 4090129282 8937489706
83 6518573590 14720437317
84 3318773247 6745194029
85 3087823619 6404810530
86 10615560707 -505205094
87 8322713480 20182542884
88 -3324824936 3067106554
89 8287337877 2910619553
90 15208168263 11267878870
91 2789717727 21469425421
92 13810829683 9201476555
93 14092856675 22624501725
94 13810829683 11909773768
95 9356175215 2232644634
96 -2605907884 -9214497286
97 219633211 13560153090
98 7955793593 2864177785
99 15208168263 33394471464
100 5214768169 23952413546
101 15208168263 10341976520
102 8924307533 7153269669
103 10857336519 26332621459
104 5767420360 13330779360
105 -10016315665 -2667847367
106 9990494574 22735531168
107 6802856255 5323286156
108 15208168263 35436556768
109 -748816207 11180312078
110 6922080118 7833303471
111 7045231764 16878219339
112 10279441717 17100805833
113 6997988046 10464283604
114 -15475476057 -6426973840
115 11230211817 27030138769
116 135995374 -708522095
117 -319135889 12327690713
118 -2590499202 5544546554
119 7175684901 12176391850
120 6193566461 2617330088
121 -594899969 10380479070
122 7899970600 8343458219
123 6861628218 2710910253
124 -16177388237 -17750133657
125 13810829683 13663493204
126 -9165598449 9523929435
127 3207996858 -6504908602
128 11714383199 -9971878743
129 15208168263 1832983418
130 5214768169 2951529980
131 15208168263 9126795061
132 13810829683 9528063579
133 5214768169 5290840470
134 8173934368 1984309410
135 7729949277 17172587872
136 -5378795880 7756965180
137 10385512163 12651697952
138 -3064076135 -8870019863
139 -7011302940 -7235131932
140 -449746777 9046602648
141 6506285552 8596054410
142 13810829683 10484265592
143 10131638815 12976802066
144 7342501897 3985331689
145 13810829683 -3040816014
146 113517953 11734898570
147 15208168263 842013260
148 -2325097065 10447572851
149 -7336712069 -7638114238
150 -28941814680 16543064524
151 7888331141 18904432197
152 15208168263 1379007687
153 3178611378 7004624662
154 12280853584 19953893611
155 8083467752 8100653192
156 10950198476 -2574876492
157 5096677178 9365545334
158 -4072221428 1500695993
159 5645918982 2448584373
160 8079834037 1580612361
161 5286241235 2288788736
162 5214768169 27618837799
163 15935101833 27324237293
164 8162267783 19810465146
165 7338859001 7843903350
166 15208168263 8699612206
167 3623090178 7052426777
168 9971346220 19364360337
169 13810829683 8799388915
170 6101308224 10846213792
171 10417685550 -3990251974
172 985511815 -3739137530
173 10711519670 -6980519023
174 9165869403 20210329819
175 7536853768 8279181655
176 15208168263 2593995983
177 5116599991 9104432063
178 15208168263 12614189163
179 8343178577 20230001976
180 6293463374 13849069410
181 306872901 12400501964
182 6786024951 3501866162
183 -1920914986 -9314006600
184 -9185654331 4890772639
185 7447758731 17742606051
186 8073999895 8041277378
187 8145633179 16848705783
188 4792808270 7285300063
189 -2592962906 -8882045125
190 3208017508 6709492364
191 10702495058 -3922758497
192 4612944543 9579800257
193 -456249010 8996823357
194 5916179058 8764775777
195 9638598069 4168100317
196 3768891163 7490124812
197 -3702600872 4826751695
198 8240665621 19992271767
199 -3870194106 7007170028
200 -4567725501 6202975132
201 15208168263 20096341794
202 9242669858 459271348
203 10284132925 11939411135
204 -222703833 9538439869
205 -914002764 11689198864
206 -6586253961 -17322793634
207 7273001871 -1585252043
208 9000815347 2779166447
209 82123418 12241403894
210 6498422834 15565757305
211 -1543301667 9765135698
212 15208168263 17897156609
213 -3326603965 5547539314
214 13810829683 16753668333
215 -4037926251 12978035886
216 6786221681 9065993762
217 -1712785415 10036692293
218 9540469971 -1929348492
219 3471923939 6970914108
220 3001857158 6278109461
221 -14250538291 -9251390617
222 10035220947 -7222872632
223 11584949884 -6652867397
224 5378738955 6253827906
225 10838637878 12043236154
226 15208168263 7841946064
227 4833478211 9242621367
228 2945986071 6195764251
229 10585133846 24424939378
230 -951014516 10064772080
231 8392588658 20344585236
232 -18292315289 -13270964605
233 7033716338 5291414912
234 -6748674072 980248438
235 -394657760 10087609334
236 13810829683 16953822691
237 3151573013 6498767130
238 315948772 -2294807567
239 -7730200177 5682314914
240 13810829683 6137255042
241 84240551 11266710076
242 3252683834 6756087566
243 10534948370 25312773039
244 15208168263 6643189882
245 -4940607026 -13505726434
246 5496821929 12889075944
247 5338793896 9801763163
248 9294050091 8922806656
249 -6238845254 -2929150414
250 6378874560 8161006841
251 7169876957 12002746001
252 3791300091 8995415604
253 3447570513 6935020980
254 -6213716311 1237336988
255 3469073762 7377155586
256 -7609565997 -7566324856
257 3674490129 6883235126
258 4718962766 8980312644
259 -875007726 10269366521
260 -12075359653 -2214593369
261 8470939187 20526282148
262 8359422099 8268567389
263 4343799345 7918601521
264 -598863077 9259974332
265 3250863367 6365641311
266 -8290300644 -7366165031
267 8587871100 3436695424
268 6135316301 1108115208
269 1717404066 -11688248379
270 15208168263 28891674241
271 7584532345 18187636794
272 6228100158 13318932796
273 8967870842 1842844385
274 -5118291965 -16120258544
275 9078627976 21101353087
276 -7518509836 -7528206632
277 14507101896 -1493044172
278 8651342454 14604563953
279 -565624973 10629058306
280 4813355989 2423994184
281 9096273216 2176984684
282 8471084331 4358054080
283 -887935860 10242020516
284 8218113054 10893830171
285 15208168263 2493827286
286 -226810694 11624589169
287 195240139 11529303468
288 4382181016 10258960979
289 1148491418 13726580924
290 7153005400 16562734362
291 9323037050 22151327969
292 -1319467149 -7576559336
293 13810829683 9509669219
294 8057445575 7045693517
295 4392139998 8026089501
296 1959929491 15201173780
297 13810829683 6716272717
298 12371880714 -9358618564
299 10540746276 21908186224
300 -783359588 -4138553444
301 -4532137234 7290140454
302 7723224037 13872039280
303 7313433052 16781524966
304 65847365 10357490645
305 -6522300645 -1653865968
306 6141319557 5963685379
307 9831477427 -6074477399
308 10568742002 25391141347
309 5713523885 11906172691
310 7796215073 11266822382
311 15208168263 9943570
312 13810829683 10237815674
313 -13926263517 -4020230372
314 5408263949 9824775323
315 514688760 11896757509
316 3818726862 8714769510
317 9840736689 6747654046
318 5503548789 11286030690
319 15208168263 8195902806
320 4470438651 8491861144
321 6329832971 14547426519
322 11213606558 15528793915
323 4656548321 6757800724
324 13810829683 2420015297
325 15208168263 9559704998
326 -1496481758 9783312218
327 6237979129 5106171686
328 3758700522 8651719076
329 15208168263 8575279131
330 4738466744 6993700561
331 6182125572 9035063360
332 5223898527 9553049631
333 8887923955 20345586777
334 -13985723048 -4979424118
335 15208168263 -1617179596
336 -105044027 10872629830
337 11667769033 26037274280
338 7958615627 13172323337
339 6228871103 10768415497
340 7538930487 8350932518
341 4117849775 7922907394
342 102786937 11782166800
343 13810829683 5269228047
344 15208168263 2667214477
345 6613374805 2676135631
346 8572451835 18296703152
347 6640613014 14744791656
348 3086323089 7039759598
349 6506412503 9021053778
350 13810829683 9756627786
351 7829240124 8406778662
352 3211155226 7066036746
353 3368662554 6818723036
354 3893744286 20248660009
355 13810829683 1145928292
356 -2962913718 5753252116
357 7828590798 8099460325
358 3121436784 6454351059
359 13810829683 -1594444832
360 -140859423 10241434526
361 11386705237 14048614801
362 13810829683 5963783811
363 15208168263 8100766083
364 3207604464 -7973431821
365 4327275072 9110198556
366 3666824913 6328846134
367 4578010968 10705058364
368 5953700260 9943570
369 -4521329673 -12966770637
370 10626395959 21170235393
371 5810065064 9569346285
372 8041159552 8152695959
373 11231251972 13874202420
374 9639712055 21305864809
375 4611109634 10686673459
376 4522280847 9905747244
377 -370790247 10652015692
378 3383688504 6958128846
379 -2600098532 12828820356
380 13810829683 3963853287
381 15208168263 11096555625
382 8503440795 3798529120
383 5726052808 9144595933
384 4315832369 8941066759
385 -5088055701 1496162336
386 9436150131 19049508736
387 6246479830 2016902620
388 -13772117755 -1533570155
389 8844823138 6150983181
390 -2908186282 -10588261451
391 12624016716 22402763433
392 -372251797 11017012953
393 -2021092507 10247958573
394 6966101788 203393418
395 12438294360 3984162380
396 15208168263 18651755970
397 15208168263 4911583111
398 -7017723164 -1622533399
399 -3885025264 2316269260
400 -5572437707 10887654107
401 -996537065 9035146285
402 -9961687679 -13596138338
403 5705699995 9597309974
404 5263904812 8875624008
405 6579613547 15064973867
406 15208168263 12661779719
407 15208168263 12440792914
408 6601855775 9106875645
409 6744089442 11112606620
410 8721385261 434143893
411 9073733191 21924177094
412 -2598447143 -9579636684
413 15444567350 34784647893
414 7785319902 2840298322
415 -7719029555 -2566251665
416 -2820437636 -8642213368
417 9598413347 14760201761
418 4846972786 5679691191
419 15208168263 8258740918
420 -15364876489 -4642795386
421 13810829683 2237139772
422 12544790241 16132956231
423 6861859621 5315140483
424 9559713398 3088850249
425 4908995277 3279846367
426 15208168263 13206024752
427 -676797833 11193301849
428 6552674665 8943768975
429 15208168263 563133796
430 -7107886955 -1420052102
431 7973192807 17403634987
432 5850103862 10075070860
433 13810829683 9368386513
434 -8528588308 -1739498268
435 3414090792 7829622537
436 11868451486 -8061454001
437 940342714 -6515073021
438 5063196519 11148610298
439 7116400577 3131068677
440 4479472987 8455883243
441 -4704562434 7629531702
442 5823584394 8598619109
443 8779386824 16061094549
444 3820620166 7484837609
445 10075844828 3161148451
446 12386241929 -10784300386
447 6364310729 8660458897
448 2201645905 16069344825
449 3787677578 6997640544
450 -2994047684 -8765126602
451 6203234376 2354981642
452 -1086437033 -7323257220
453 15208168263 12155032061
454 6952427292 -2302609
455 4176576864 9306770520
456 -670598685 9739403449
457 7292690456 17385168725
458 8168463486 13892876154
459 11531046483 24797790739
460 14950482800 21573394236
461 15208168263 8628802056
462 7595111745 18495215567
463 5214768169 27988149570
464 -9753250834 -2706722134
465 7683204590 2825994304
466 -6302008008 -4601090142
467 12650282200 -6943629963
468 9197541591 22211291990
469 9860151899 3130934808
470 3335388588 6769682433
471 13810829683 8353105151
472 10733643830 25773552969
473 -577086363 9009084441
474 -592368646 10903146142
475 -7648082046 -7422007979
476 6788897342 7678981241
477 10552049017 24726763629
478 8011930249 19461828500
479 15208168263 8113197993
480 1722516087 14970773978
481 13810829683 9136968059
482 9482384248 14391123554
483 -7368842760 -1649715611
484 -15464522716 -6250275898
485 8596500008 7589568650
486 -13927553930 18543913018
487 13810829683 7677979277
488 13810829683 16872827658
489 4937304258 10197194131
490 -9682833427 -26455728184
491 1041932442 -2266510269
492 5995478877 13955672033
493 3600092325 7464004176
494 13810829683 8861529820
495 6613540924 8259498479
496 249439025 10950167912
497 7274883506 11937044505
498 8272873677 3380965729
499 125870426 10539687094
500 7901602409 14485749386
501 6604878202 12836657367
502 -1622248498 9534144987
503 -15362967000 -4611991751
504 6852539167 7674984985
505 8861533027 2574273166
506 3819608032 8979549690
507 6758101431 6888322130
508 5214768169 1748382801
509 5949820866 9148980226
510 10397201113 18698670555
511 13810829683 9366580240
512 -9385971 11360126039
513 10284298050 3875083041
514 5214768169 3021356894
515 -1425772590 11419813525
516 -7920951740 -1692457583
517 13810829683 3509071168
518 6011983422 9556537760
519 6947103394 7698397665
520 12549613156 14825825851
521 7853096266 4617957531
522 5214768169 2429827862
523 15208168263 3130313489
524 8670433813 7313345508
525 -8744586441 -22655945801
526 5095835283 9124058751
527 15208168263 19237753697
528 12122815741 19720970638
529 13810829683 3560957007
530 4314030513 8212047007
531 15208168263 13015468898
532 8724086278 8292409673
533 8192916747 11765902940
534 -635052332 -6076189824
535 11741843063 3394516682
536 9712218939 -1280053856
537 6807830257 614181185
538 7126096833 5278661381
539 6977158091 15183652091
540 3094530724 -8494274200
541 5398219485 6448707361
542 5829823314 2975136563
543 -521901 12625764201
544 -2381244776 -9427047777
545 5316120939 9688970991
546 15208168263 14267198327
547 3762711342 8066779290
548 3749103286 8187781601
549 3275844050 6813194231
550 1168520175 -4480984521
551 7720820834 -2843752977
552 12076818737 26710127730
553 7831604126 7186758677
554 6653934600 10367063371
555 -3340097452 1905936495
556 15208168263 11400694134
557 5370070570 2638898751
558 -7625380669 -1618689520
559 7123749115 15058967200
560 9459189535 22818060366
561 -4399655387 343894242
562 5848779359 12434535501
563 4074771383 9091918651
564 6637013928 2679446931
565 78387796 10465609667
566 -6017531987 -17240621640
567 5234052255 7045699257
568 15208168263 5420319171
569 15208168263 2792345847
570 11879690068 28431263953
571 4296929129 9679533069
572 9675600877 6280888468
573 9907471402 4611230280
574 5136301636 9423945565
575 -3380514040 6512528030
576 15208168263 8494549383
577 13810829683 9210377492
578 -3393885482 -9582755605
579 328486980 -38887609
580 -6844705744 -3803633792
581 7395535379 2162207967
582 3826449162 8401318600
583 -1723197332 -7483617456
584 5018568024 9036763539
585 5214768169 2801126507
586 -551699728 11557165641
587 12339170194 -11400430285
588 -5004570313 9098669224
589 -7157741771 -18444542592
590 5665650703 8828754323
591 9763830521 -7344216440
592 10249896179 21094470794
593 3563963702 8256694438
594 13810829683 2048318213
595 3734635192 7358109255
596 -7671507044 -6527203233
597 -8968781066 -6188023326
598 5070037909 10370515628
599 10578706570 25663828510
600 144377334 11945250303
601 15208168263 3432671374
602 5017674755 9249108164
603 5237810992 9573554421
604 9293552344 10727764453
605 15920679257 34594665386
606 -4216672797 7472222382
607 5255493911 11924339404
608 6859038170 13611086743
609 5438097266 2881662321
610 -1685324386 -8384765449
611 -3719229264 4635866976
612 5889089900 13998124331
613 16160478992 25671852452
614 -14188539349 -8251231407
615 5529921905 11737959577
616 11692462823 -6537305948
617 -4000988054 1165426540
618 7984910715 2868256428
619 7320685578 16781762537
620 2961015335 -7295677018
621 15208168263 10278870708
622 6375157864 1186767952
623 6618000707 2676783614
624 806230726 -5543115300
625 3357843882 6802778012
626 -5775264745 6242111548
627 5317427484 5065193116
628 -15219541353 -2298267086
629 472425274 -5589285464
630 3299642615 7658654508
631 5214768169 3793675576
632 13810829683 9970423827
633 -484188292 10473165570
634 6151887214 8572497918
635 8807700541 8027051738
636 4195012241 8263636808
637 -9215714575 -1290084980
638 6234718981 8946157577
639 9959561434 3712937368
640 4043102313 8367474182
641 -2311062437 -9077082114
642 -5577209656 -15773466394
643 6290285103 13225950380
644 15208168263 13077850454
645 109190292 11116135278
646 15208168263 2567189729
647 -13325656254 -23029001842
648 13369362315 19580627779
649 5419353435 2508880559
650 5751579651 9639785649
651 9139720429 2798623870
652 9456898349 539552682
653 5061980384 7659820996
654 -7470833906 -5585253129
655 5004583458 11625143701
656 7427112332 6377392317
657 6674389158 8548312385
658 15208168263 9630943638
659 10020481944 -4757092927
660 5873363233 9294469036
661 1091799383 -1889527470
662 8702934438 -191896163
663 6189030312 9639193716
664 7455235813 8007688224
665 8129876681 19735349340
666 8912230517 300589047
667 4085214462 9095691266
668 8522767371 20646473052
669 5101336367 9372412248
670 -2158864907 -6777947115
671 10659180426 25600870401
672 9459873478 -6005971016
673 5208606612 8932751159
674 7505715882 8062514481
675 6522638932 2568457623
676 15208168263 14267198327
677 634421992 -2700798660
678 -16137642848 -17108965984
679 7969947345 12150491963
680 -2183574206 13366610938
681 15208168263 -3825400072
682 15208168263 7280601020
683 13810829683 9193182664
684 -679912004 11243808700
685 -418232645 11350549847
686 10034941075 -5282966606
687 4456958136 9884294702
688 6447196448 1745127687
689 8687113987 7896748093
690 4765848271 8877955458
691 -6976042150 9377930226
692 7583908219 16146126319
693 3771869776 8922413645
694 15208168263 -5487299762
695 4229254593 9286080111
696 10631519385 18785731066
697 4809006907 10325405010
698 -4205506229 8259035977
699 7823194194 2972762862
700 5362564042 9030238252
701 5374165836 9774520057
702 4438058249 7943725012
703 7781918667 6675111783
704 5832084619 2368491649
705 4544667734 2386357107
706 6624155689 9001902612
707 13810829683 12375032558
708 3671975455 6038262998
709 -8504525691 5653696380
710 5435585508 11483317108
711 15208168263 10295437697
712 7946202421 3350782068
713 7967117530 8675657322
714 7871008070 1475988114
715 -2824529776 -8303075063
716 3694261171 7298604286
717 8262078638 204402480
718 8061268229 2878952368
719 -867071946 11513571234
720 7848244163 -1704668487
721 1983429347 15437177656
722 8865329381 16586948559
723 5622707285 12681565985
724 15208168263 -13813674659
725 3332798130 -5908331965
726 13810829683 3377746976
727 -2138925704 -9394652760
728 -2566427854 9630430737
729 -7685166279 -7261187652
730 5667265902 9026108712
731 15208168263 13276125243
732 9988202380 12893485817
733 15208168263 7691881931
734 7323720030 3696179221
735 -5359956957 4153126080
736 8922569897 17182728550
737 15208168263 -8988448902
738 9333163780 14805863633
739 5647572902 8381491427
740 4848274114 8073718088
741 15208168263 -8987424294
742 15208168263 11057212880
743 15208168263 7686650894
744 5981493566 -204190989
745 9453738394 22078791944
746 6797101115 16317340122
747 4799698266 8927845036
748 -2071505032 -6272773810
749 4479310857 7576838816
750 -14179907611 -8111985280
751 7427618874 2790192593
752 7488620581 13281465948
753 8361048968 2920944790
754 7318226584 2675823108
755 8240555799 4844155447
756 5204427196 9524351947
757 8186877866 7942998589
758 4610299057 7128675782
759 3473137192 6972702252
760 -52138958 -8039708066
761 5182545750 11893825136
762 8222213080 19529562811
763 13810829683 7921365678
764 15208168263 13298580751
765 1837047471 -5125826882
766 4607712689 10945267223
767 8948406306 19213761106
768 8245708824 -2955660740
769 5206169272 9526919492
770 762445282 12069007870
771 8134465895 19745991845
772 6879015241 7565437030
773 5165500862 7849670421
774 13099261074 7521506731
775 15208168263 1116026139
776 -1401418409 9539180550
777 -7064761587 -1484323992
778 16833984116 36269337267
779 -7253911775 -5073007873
780 4732790211 8342562999
781 8203291577 3474154711
782 4376316207 7878387696
783 -4878265717 4534667025
784 -630212841 13054276017
785 -270997510 10251043351
786 13810829683 9381514635
787 -388264776 11442593285
788 4828321749 8970031558
789 46493764 10783103501
790 -234467199 13308671241
791 -3466693081 6700495882
792 7259762393 5260208266
793 7161316704 15660805253
794 7149186794 8299097462
795 6555618545 11507983607
796 13810829683 4596272737
797 -2629854061 -9905516680
798 4615910065 8656970079
799 -5227766946 -2633936283
800 15208168263 2914608822
801 -3992786245 8000978634
802 13810829683 2936485107
803 15208168263 5401283305
804 15208168263 8451661179
805 6540382607 9180074836
806 10391938985 -6505205950
807 8715001969 2387997252
808 6976571836 8596182912
809 3085992430 -5885327841
810 -511920442 9085820412
811 488853467 11510279317
812 8193360949 2039659662
813 7533966335 13244129934
814 -276254646 9507856801
815 8032034597 8430527669
816 15208168263 8358315479
817 -5701044729 -17617997689
818 15208168263 8108813586
819 5401780670 6860673073
820 7485159174 16856064229
821 2295569289 -6707261282
822 1081624947 -2456397929
823 6239459572 14322600687
824 5214768169 3139593983
825 -15167507734 -1458867227
826 -2263026556 12716856991
827 7646770100 3861410902
828 11247597727 13302728237
829 7648445464 16819264613
830 -10569793144 -29789867071
831 11879163581 28430043016
832 13810829683 -11248138639
833 13810829683 9245461408
834 -16053204984 -15746824886
835 -510658203 9764268652
836 4531706580 9431260004
837 13810829683 2880220947
838 5511562346 3339786226
839 -2498440198 -6782003919
840 4052123558 8662790039
841 5214768169 23403471131
842 15559405785 25608011342
843 8696615243 19348235964
844 8955572801 8170189795
845 5852517518 9190969136
846 -5203698380 -13907234149
847 6414127655 13827876959
848 6715639978 216539951
849 -7728430409 -1677553385
850 -695448309 10924592682
851 7247769831 8710685159
852 14706557609 35079135258
853 7157793403 6003913772
854 -9787707405 -6130094535
855 4419758132 8367872920
856 845451126 15497684005
857 3954575496 6496989392
858 12343789119 15075402621
859 -986909285 11326841980
860 13810829683 3689894468
861 3953614496 5026410726
862 6968047065 16471148922
863 4148127202 8395951789
864 14848058156 35022672421
865 10378901667 12373302938
866 7958013324 13582705651
867 -6957329268 -4108258421
868 3809826762 8969965223
869 4736845056 9903453855
870 6337188864 8134177331
871 7970253933 7222946518
872 257359022 10974068889
873 5959977953 8975660659
874 4651882988 8823581473
875 6285792514 8567581226
876 -3491239118 5710437378
877 14629433876 35109909872
878 -4614433503 8016277363
879 13810829683 8848713177
880 981927933 12820989810
881 9710875762 17953577554
882 10255936440 4081314414
883 3226076370 6977393230
884 6529363423 13742636562
885 -8718226640 -840217872
886 15208168263 12462849680
887 8767164521 -5368081559
888 4413327037 6716355744
889 17770411429 14660063317
890 13810829683 -2946623740
891 -8149900435 -918546545
892 7628048837 18212594143
893 7846361573 13703068900
894 -4787778935 4463895479
895 12204129923 -8316605055
896 788461382 15483947491
897 8641795801 2960270997
898 -8349047018 -1725598931
899 3729178982 7350067658
900 -598273953 11158847960
901 -3929767530 922815478
902 1415349287 13804748807
903 -5376200165 -17671134087
904 15208168263 8906520539
905 -407236584 9461544542
906 5373830802 3062417009
907 5128502872 12014378742
908 2969468878 6845113388
909 -707551420 10722503190
910 11088697893 17811001768
911 13558653551 22044753619
912 -3643821040 1438307048
913 4320562601 7898608221
914 5214768169 3112239237
915 -4049976780 1909464387
916 7554672143 8043166108
917 15208168263 17116267149
918 6042482023 10759513207
919 15208168263 14127039991
920 174575740 13778353910
921 7654972900 7589700727
922 -512594184 10102034139
923 9789223887 3857020664
924 5285410196 9643708176
925 15208168263 10115536890
926 3094565598 6414747150
927 7272979004 16916844820
928 -722934138 -10248966115
929 8559781404 9252936656
930 5880564960 14001526030
931 7931678894 8267138085
932 3948171239 7778839010
933 10886372343 -6008214866
934 13677045441 33125915314
935 5498003662 2519897656
936 7350005775 8209485691
937 3032803003 6491399217
938 5214768169 2680777958
939 16714890532 23557833371
940 13810829683 3095013939
941 4711585791 6763041856
942 331794487 11135766015
943 3705668938 8748784051
944 8115558754 2829634071
945 15208168263 12407096972
946 4820066209 9306972125
947 6726189404 9105948561
948 15208168263 17879822207
949 9606328768 3095379995
950 -627732691 10559348884
951 3394477926 -6835609568
952 8777990528 17375137958
953 8243526471 -4022012590
954 7473428983 12845821014
955 -1243505180 -8116071510
956 8466293453 -4713966946
957 9560135647 2027124193
958 3509417301 7026173438
959 -2113869317 10446810644
960 3809752127 7072477990
961 15208168263 -7802357856
962 6670905810 1140182489
963 11842644786 -378857000
964 8634834165 2959295831
965 7092464463 3295212032
966 -4491327502 -12153256483
967 15208168263 6985462413
968 -4423149667 6433733597
969 -1006788990 9302558841
970 4962476665 8678378741
971 5214768169 -10664359283
972 3615220453 7182110675
973 8744012027 19054299013
974 8963885782 465448105
975 -15480140874 -6502226075
976 6872756167 15785425173
977 9639571106 23236369913
978 2640073860 -4832418090
979 8302560644 16116604145
980 -6201852285 10223187659
981 5329928262 9709320817
982 5093683356 9361132911
983 5829111962 2566278353
984 7867136576 -1435103497
985 7754069119 17753400562
986 5053456098 9301844247
987 6499520453 13754544775
988 10135058515 23738935955
989 6394011511 8715943146
990 7714415115 3873050565
991 7487746173 2798615052
992 9275628343 587242726
993 10290895460 4097128182
994 13810829683 319861887
995 10887596818 12584146804
996 15208168263 8213413986
997 9043338267 4561074851
998 3535552320 7355687704
999 15208168263 9113205918
1000 6957596602 7628445218
1001 5332443866 9713028423
1002 -15487325665 -6618130236
1003 -2526269565 5122644877
1004 15208168263 10617677185
1005 10104536997 4128089398
1006 15208168263 13174586895
1007 10025979337 18958610391
1008 6623177773 4587124795
1009 15208168263 7866643493
1010 5280642800 9469392273
1011 13810829683 2236963447
1012 15208168263 12878824920
1013 15208168263 13176794071
1014 13810829683 11665121001
1015 4888361488 9058520707
1016 14551721901 21221511275
1017 3848714137 8380901403
1018 15208168263 10396728985
1019 13810829683 3126023309
1020 14718986884 35074175615
1021 192440064 -398329529
1022 669022579 -325109820
1023 7281758457 2769760886
1024 2681743056 -5269292829
1025 -6446145715 10111988970
1026 -15150501353 -1184522402
1027 15208168263 12273076423
1028 4185142847 8022086819
1029 5683652151 8966235184
1030 8494995707 14374133390
1031 14967865757 34974865702
1032 10926610788 3280321295
1033 8620660558 18228224183
1034 3688682558 8223414655
1035 8166735053 4802659231
1036 13810829683 15895721587
1037 5341219704 7275531435
1038 -13091793298 -21016203499
1039 -2135562346 12330587261
1040 7685658746 2805550839
1041 8650943663 16262312837
1042 4279294876 3608420673
1043 15208168263 9133954723
1044 4064118142 7037356332
1045 14687309393 23464857201
1046 15208168263 5128400427
1047 -4237628003 -12998743590
1048 5806963255 13809228890
1049 2720913227 -5732410821
1050 5214768169 3096126346
1051 3615138591 6948265247
1052 15208168263 6530659486
1053 6310908710 -436350969
1054 5985184446 13959779811
1055 7821935587 13226862651
1056 10768071491 -7484584592
1057 7717250616 2830763373
1058 10912332446 -8051830235
1059 13810829683 1824025080
1060 4198498955 9184333278
1061 14941384942 -453272955
1062 -4152045586 -10929446892
1063 3333922321 6767521386
1064 -3094725988 5754025197
1065 5214768169 4961037326
1066 4660809985 2403776268
1067 -508672349 9869405853
1068 -1589922824 9558910976
1069 15208168263 3943976750
1070 9695250225 23365491236
1071 13810829683 2496102793
1072 7413842917 -2454516272
1073 5439952596 2511766030
1074 5083821602 9346598233
1075 -8210859569 -1793174198
1076 7616773936 2353842045
1077 7761000639 10838736908
1078 -699732801 11001165769
1079 5677004663 12471107649
1080 -4600004650 7665343409
1081 15208168263 8368754111
1082 8974330912 17832965067
1083 -7428850226 -8354645240
1084 5212568435 11903272348
1085 -7376733196 -7900721959
1086 15208168263 8685598068
1087 646858644 12102929858
1088 9463552637 22828178511
1089 12887698512 24066546051
1090 4919296565 10744824207
1091 -4002645678 4853851583
1092 8404424251 7694138168
1093 594430030 738971323
1094 -4449804250 -521661349
1095 3819346248 6936033580
1096 15208168263 15928543871
1097 9293946537 3051622393
1098 6696690334 2687806230
1099 7528272917 4262583536
1100 5443398450 9696637820
1101 6871760427 9566982665
1102 7734710862 4081464439
1103 222196842 -426297111
1104 1200116211 -9390446017
1105 15208168263 8480832502
1106 -7433019619 -3199738379
1107 6654335971 2269023056
1108 454579236 11221529947
1109 9193360791 4024760905
1110 -5904890703 -924147742
1111 15115045765 -1601621329
1112 -9243528706 -1794845968
1113 1183788360 -3861482419
1114 5214768169 5056143048
1115 -10119476663 -1862658200
1116 13810829683 1486652487
1117 -4941532403 3665819439
1118 4330611970 9171278082
1119 8388864891 -3667009667
1120 2963822330 6856335438
1121 8073511724 19604637540
1122 11196809294 24284971754
1123 3320869308 20446900346
1124 8096707435 13787119000
1125 9313985987 3054429461
1126 3130549320 6856556606
1127 15208168263 16673435596
1128 5612558239 5665624126
1129 5214768169 1117505120
1130 14353551079 23008724354
1131 8495575893 12647757401
1132 -8725097345 -140696265
1133 5958729630 8621584085
1134 -3501951330 -12432458163
1135 6367183330 10239949276
1136 3765693440 7403884238
1137 6262428770 11256432594
1138 8894106697 21771885691
1139 3054285699 18943165613
1140 -7190497724 3724130133
1141 15208168263 10412764897
1142 8880610591 -5468306342
1143 2213599338 16336948192
1144 5562084218 9206291219
1145 -476760108 9649586380
1146 7818146848 2844896626
1147 11082084578 13492480201
1148 15208168263 8395210379
1149 5214768169 33197696738
1150 3828522745 6632776407
1151 8215837996 2900604056
1152 5416790710 9837342430
1153 -5388820032 3756090254
1154 -3961077553 2202839487
1155 9447486814 2601189667
1156 4417367343 8718793911
1157 -703582108 10408926274
1158 7301314642 15938494528
1159 9064326015 2788062838
1160 6283227302 13736443534
1161 9014074010 3859892946
1162 4160742850 8954727129
1163 9357849789 -4838085022
1164 -75572991 10660577113
1165 6523945015 2561979840
1166 -973764551 13192429286
1167 15208168263 8755854423
1168 9273399047 22387207398
1169 8503952030 17815573206
1170 -4190382150 1964634793
1171 -3878590535 2502778358
1172 15208168263 11595238272
1173 4195048647 9384359626
1174 -14985574100 1476063475
1175 13810829683 9471890643
1176 8704281524 -3576101530
1177 153938550 13563315269
1178 -1074385353 11179988571
1179 -4052924222 6064707404
1180 4567553887 6377378044
1181 13810829683 6450561960
1182 6521913031 2648047013
1183 7777023082 7581327347
1184 7573616628 16863743100
1185 -8887142490 -6101777827
1186 4781713839 9831957722
1187 -3403418268 6665245967
1188 15208168263 3114739852
1189 4020805798 9534072402
1190 7185962680 2365915540
1191 4117527552 7922432489
1192 5130716017 11030206820
1193 1704644611 -1568359479
1194 6325226875 8650678558
1195 4914108597 11313625620
1196 5374021500 9774307329
1197 5725288528 9236395508
1198 7579217974 2515815446
1199 15208168263 8217374379
1200 6027095535 13943056066
1201 8696845931 1529128619
1202 7808915073 12716982105
1203 3596064423 7275552928
1204 13186973690 12649016245
1205 2066013669 15870985475
1206 3459233440 7519495587
1207 6272106606 8712792977
1208 -13372724772 4909387683
1209 7411375189 17827747563
1210 9290373111 16666601796
1211 7429389453 11623358368
1212 5214768169 4379083892
1213 2439205395 -302342520
1214 14422316234 23110073398
1215 7840026634 3424586859
1216 15208168263 15302520979
1217 12464190235 22882825825
1218 8797246852 2750651159
1219 15208168263 35436556768
1220 15208168263 7784486905
1221 12576211010 23705869958
1222 15208168263 18132187283
1223 -11649641361 10238049141
1224 9613665993 -5940286331
1225 10558178237 12510160689
1226 4888150980 6635822604
1227 7648304866 18454246199
1228 13810829683 2784383880
1229 -360370226 9384981985
1230 6319368799 13826430528
1231 8589261318 2952912118
1232 -4762908525 8847481237
1233 -4636370168 1026783934
1234 7716793183 16490062581
1235 5214768169 3102595078
1236 7461393653 6992073429
1237 10109864380 9483244423
1238 -9203167312 -7680196826
1239 5722064365 8648448276
1240 13219790601 -9948316449
1241 6931873762 13582023222
1242 5972299297 11372516402
1243 8895527891 19608505876
1244 4146319492 6884390252
1245 -5158704966 -1519837031
1246 9992168414 19917014469
1247 5648683325 9164099708
1248 2799827031 5480405409
1249 7084950843 -2259368389
1250 9827245848 3126325423
1251 -403253241 11501256522
1252 15208168263 8583557265
1253 13810829683 -2101468794
1254 3675411846 7161675641
1255 15147496250 21336534287
1256 7296774609 8222867210
1257 4654499372 8300023804
1258 9071665531 -5678848474
1259 5666018399 6042692426
1260 3498542973 7718350459
1261 9772982098 23545753468
1262 6334981901 2451602419
1263 15208168263 10836262292
1264 9931265662 15474371014
1265 -13464972468 -21856364351
1266 5592884832 8954810011
1267 5214768169 2988399173
1268 13810829683 333918299
1269 1533402188 531484619
1270 6906810589 5308934806
1271 5075204342 9333897744
1272 5274974856 7959028432
1273 -3184907663 5041031271
1274 14590875674 25517992684
1275 3695493038 8480845798
1276 7315261070 17694059526
1277 5521430213 9991564631
1278 5090716629 9356760420
1279 8915095352 14993294321
1280 15208168263 8852212379
1281 10754934630 19257870665
1282 3284458777 6690587573
1283 5339175826 9576522792
1284 8055332814 18781650831
1285 -2696801746 16273338122
1286 13810829683 8588665007
1287 -1565243204 9388152360
1288 15208168263 2389589692
1289 13810829683 2799542304
1290 4208393724 8496806444
1291 13810829683 9562101161
1292 15208168263 8359618054
1293 -7714468713 12431847872
1294 -5184789070 -1940622540
1295 5351479998 8430741387
1296 5134107377 8673754869
1297 10088085705 15739102533
1298 778502897 887042145
1299 -779475142 10933835848
1300 6114895466 9207201955
1301 -15902094125 -13309123348
1302 9705521063 23452693526
1303 5108193211 9382518160
1304 15208168263 12729097504
1305 5401452438 2506373039
1306 -9315795037 -1030496975
1307 9895828593 3461662965
1308 7843580786 8345794751
1309 4843677541 10648783813
1310 -337619995 -2042244835
1311 3992699940 9489292572
1312 13810829683 16897667230
1313 3008233611 6749921657
1314 15208168263 7965282850
1315 -1127089568 11295274854
1316 15208168263 10554427738
1317 5067030867 9321851325
1318 -14180876660 -8127617861
1319 -15152246643 -1212677203
1320 7748843744 2312203849
1321 -10571769783 9845039150
1322 5333318683 9533138382
1323 13690527090 19257867332
1324 5214768169 4663748866
1325 8369880966 2035287276
1326 -1154067260 11558896393
1327 13810829683 9057640180
1328 11457495695 -7852517420
1329 5323163172 10471933621
1330 13810829683 9600775864
1331 4363911603 8800091431
1332 10468998926 5365456834
1333 -4837328232 -19900051650
1334 -602812367 9254751060
1335 9182528806 7393463526
1336 5047351301 11646921096
1337 15208168263 2945905360
1338 13810829683 7679495864
1339 6391863518 8872147947
1340 6981188160 2319248713
1341 10629728487 25415922186
1342 -3819804984 6332292659
1343 5240981846 12276869721
1344 6261736738 12832850145
1345 7309048668 7398066895
1346 13810829683 2683067260
1347 -4099509398 7490944386
1348 15208168263 220534792
1349 8008928933 15786354099
1350 15208168263 9520656318
1351 7557624954 15095871292
1352 5246620068 9586537616
1353 3032527242 18939449739
1354 5407336632 9823408603
1355 5202793220 5309838713
1356 15073726640 34932624129
1357 15208168263 15327726640
1358 13810829683 17806795503
1359 7928458555 13476862532
1360 14010716052 13510426631
1361 -4664191337 -1440332794
1362 28803213149 19430075650
1363 6349867027 10642213809
1364 7826829039 -3206405014
1365 5276902934 12060515766
1366 15208168263 4373228644
1367 15208168263 9029020983
1368 -13747626067 -1138473292
1369 8861422212 21431822422
1370 -1069656776 9208625091
1371 364931602 11691158511
1372 15208168263 3290004991
1373 2164068052 16860216058
1374 15208168263 -745349950
1375 8168014813 12881655484
1376 6638668246 3513649258
1377 5700565668 9811051181
1378 -7888311777 -22159651772
1379 -2288323511 -6991414074
1380 1586428088 -5165457918
1381 5738926283 13841825906
1382 4936758070 11741930414
1383 15208168263 -2478502518
1384 6862779456 16310280605
1385 4469782002 9083944125
1386 11130021930 13703365011
1387 15208168263 12438898079
1388 4250745322 8166731932
1389 8500801285 -2388612284
1390 3658865939 7653258527
1391 12903922037 30076454982
1392 -5102035293 -1450430608
1393 9838679016 -4907292771
1394 13810829683 -930378168
1395 -5658598741 11693329481
1396 -1711169117 -12396108787
1397 5953700260 614598810
1398 -2465618094 11396532861
1399 15208168263 13247545405
1400 -521865865 -6459018067
1401 7228119737 3407460253
1402 7660469497 12420082683
1403 5214768169 5298853152
1404 7108490296 16617262660
1405 -2098971540 -9515575312
1406 -13964764596 -4641324987
1407 3594900818 8387743813
1408 13810829683 3597997908
1409 3245625895 6637386314
1410 9963337385 12729042669
1411 10869110446 14077969482
1412 5895150331 4304208673
1413 17474425197 33974675538
1414 -1775014714 12301030448
1415 9379898158 6957241566
1416 8787042217 10468357535
1417 9152872024 357118751
1418 7832273946 7733665768
1419 15210459400 24450952602
1420 -5336185072 4304296616
1421 -8335213456 -10446850637
1422 3914713980 6853807204
1423 -1627553716 10685930447
1424 -8049985512 -7303883869
1425 5214768169 3882812311
1426 5749910309 13440950450
1427 10327666365 24832080687
1428 -13768568214 -1476309392
1429 5334545428 9716125795
1430 -884908420 -6060580938
1431 5245220845 10834637777
1432 4787955588 9480720113
1433 -5201889433 -2216483467
1434 5989242132 6479909826
1435 5098995124 9368961623
1436 5239409025 9575909672
1437 7402666354 13394163277
1438 3557715326 7097357144
1439 7535044815 7812518695
1440 15208168263 -455995436
1441 -2294635833 -9345227831
1442 7236046096 2763357631
1443 -3157891867 5860919153
1444 7902412514 15413920980
1445 7589697853 2349107147
1446 10475594820 5616102447
1447 9922704189 8504644054
1448 15208168263 7636760690
1449 -3995793346 585004977
1450 10289950196 7119848106
1451 9184166718 2804128969
1452 6715364200 1149087941
1453 15483945278 -10493608345
1454 8226094855 2902040807
1455 15208168263 8129648378
1456 -4698538791 -1442991830
1457 11177061886 12063390543
1458 7867681050 2788351250
1459 6230206007 9073717460
1460 7505441724 6303121078
1461 517856132 -4805667675
1462 -10811071383 12130930338
1463 15208168263 7280391076
1464 5973230313 1729843187
1465 5924169550 13308929887
1466 365369178 11094601356
1467 7066848134 17198766144
1468 7998761912 3952723226
1469 7079319720 2741403852
1470 4836808437 9391358326
1471 15208168263 9067557912
1472 6245899176 9173787998
1473 76750010 11197549152
1474 5317783023 12604553930
1475 15208168263 2783602207
1476 -1128592493 11403920090
1477 14884476251 22046993239
1478 13810829683 -6122029076
1479 15208168263 2341425089
1480 -1669764622 -10063539452
1481 6011572914 8379442165
1482 -2971140257 5743535473
1483 6122798577 9421683488
1484 6042743267 8816516649
1485 -4787286808 86386152
1486 15208168263 11353347144
1487 -7009807883 -18499561611
1488 -11843391775 -11210634509
1489 15208168263 7841582106
1490 5618012757 5000385763
1491 -422679107 10613616823
1492 5764911813 9744636351
1493 15208168263 10016702664
1494 8079750563 2097904084
1495 4187454365 6439650084
1496 -3255820045 6453191382
1497 8537857426 6625531113
1498 15208168263 8226699109
1499 13727093018 20424000040
1500 9444283295 3623668300
1501 2565274462 -5967390345
1502 -3648185403 5732758605
1503 6855502177 13612497707
1504 13810829683 6888987720
1505 -13721764975 -9439252722
1506 7947158298 8535559936
1507 -10644696823 9871629568
1508 8363619495 9654288387
1509 -462020979 10837800390
1510 5017456450 10936191071
1511 7943421765 8091378387
1512 6258230087 8899849029
1513 5215994972 9541401033
1514 13810829683 3624528074
1515 15208168263 9342605150
1516 6866393646 8190936574
1517 6350142338 2639262786
1518 5953535540 9792744838
1519 6689278835 13829251282
1520 9075195069 -125646563
1521 -359812071 9879689573
1522 3620518509 7586042836
1523 3693439105 8046822465
1524 8315595525 19799687639
1525 6535563761 2397732845
1526 13810829683 6038755133
1527 6006214962 8370110786
1528 1911801602 -4703066536
1529 13810829683 6280844776
1530 5214768169 2791595608
1531 8725338096 1949115749
1532 9993938738 12378467573
1533 341574224 -2809481618
1534 13810829683 7996542213
1535 8018548875 19477177265
1536 8504104520 17787200929
1537 -768807635 9450995170
1538 -5192603085 -2066677259
1539 -2749446898 -8413973120
1540 4952324875 8112001749
1541 8327023142 450206766
1542 5123361862 11297697774
1543 6849386979 2709195536
1544 10053077045 16644861612
1545 6383195572 9080905681
1546 -743424116 -6654907814
1547 1065937455 13492239389
1548 -69224509 11210877060
1549 4507304233 10582823651
1550 3845122482 8941830151
1551 491899046 169485218
1552 5214768169 3041268025
1553 8673803316 14798069782
1554 229109237 10755012605
1555 -6485974293 -20575720855
1556 9127880274 2458114949
1557 15208168263 14551399347
1558 7324199568 17355504917
1559 15208168263 2529595038
1560 -2726988123 -11816391387
1561 5311915483 7326996139
1562 -9029683791 -7608622425
1563 8399228517 20359983240
1564 3586036406 8325641161
1565 4132069216 9051285752
1566 7275238324 11055832936
1567 3190769448 6556536522
1568 3808961430 -1080555648
1569 7658183715 9861072068
1570 11509673646 14174812761
1571 10249929680 3717776204
1572 6641861222 8805007718
1573 -5642126616 -3482213004
1574 4613265066 7517487885
1575 5197839547 9514642785
1576 10661364346 -5422286302
1577 -2880883392 -10525078698
1578 7550779767 2807444616
1579 -2902988614 13981840824
1580 15208168263 8235498239
1581 9056309902 557793801
1582 7879514825 18633387978
1583 -1740147471 -5943619074
1584 3121214403 6797448067
1585 9230840425 16021964993
1586 10027376486 4583082789
1587 5214768169 3949456899
1588 6045715789 8513984502
1589 4522214871 8181621669
1590 9615062819 21993597387
1591 3011946064 6292978925
1592 7586432851 17552611378
1593 4170924209 8819840674
1594 6102408745 13913003904
1595 15208168263 1359216154
1596 15208168263 -4161832016
1597 15208168263 17600620196
1598 -13424569449 4073035817
1599 -2833744225 5669128584
1600 15208168263 8528113105
1601 -544429569 -16102885441
1602 5214768169 4801489393
1603 208638754 11020977244
1604 9932532558 23803784565
1605 8045847673 19540483887
1606 3546933547 6314815748
1607 13810829683 -2702473075
1608 -8225643544 -7277712680
1609 6597640990 -783147752
1610 7703786634 2828877377
1611 15208168263 14391256132
1612 4105839405 8964250109
1613 10616831075 12718734924
1614 8331415038 -3613728020
1615 5839764118 1913995430
1616 10151976158 13839285431
1617 -65353663 10512021533
1618 15208168263 8419158941
1619 5611078002 2405867522
1620 7318802231 2774949871
1621 15208168263 6416588031
1622 -14142596779 -7510091602
1623 5214768169 3864118551
1624 15208168263 3182306182
1625 -5697560708 4754673551
1626 -258683638 10340559615
1627 6913953974 2718239895
1628 5758959501 8810339889
1629 -9432824964 -3070086030
1630 13124323832 -2744344738
1631 5556766655 1506451384
1632 6586015817 9350766292
1633 9651740442 15123357147
1634 -8226329223 -478631223
1635 5206262537 9527056951
1636 8685639685 16310850251
1637 4925106764 8973450500
1638 5174928238 8775027674
1639 8799591931 18230019310
1640 -6659447732 10221484794
1641 8712054116 7893819829
1642 6257824917 13850988328
1643 9096676977 10343280525
1644 -1133801871 9613467849
1645 -4969384389 2079793819
1646 5214768169 2538620495
1647 -160051293 10538307439
1648 -1752218976 -7658107437
1649 364946087 11032887582
1650 7194970168 5269153116
1651 7051800953 8994461063
1652 -1524890351 10383816952
1653 -6456882847 -19369359552
1654 7595077189 3671898301
1655 4575150336 8626787235
1656 3387575832 7577290742
1657 3696914676 8445939160
1658 5279313938 9634723248
1659 7804511783 18980819691
1660 13810829683 9332635744
1661 15208168263 8423557759
1662 5075814219 9008982366
1663 -3686023000 6895249166
1664 15208168263 13087161926
1665 9602765823 3094880908
1666 15208168263 9711573282
1667 8380836372 7133088329
1668 3345981153 20130670320
1669 8382128592 15743093763
1670 6829068785 11918818618
1671 1455811641 410722663
1672 15208168263 2475759036
1673 -803553169 9064273849
1674 -3772746035 -10225234214
1675 15208168263 9457629409
1676 3943801577 8733254810
1677 15208168263 8417380753
1678 8972903095 3733706044
1679 6373962374 8527087439
1680 7505717476 16564555900
1681 -6550727730 -23975774785
1682 3985915491 -7144359730
1683 -4851693338 -12818769291
1684 -615557138 -2821529724
1685 9058961233 2787311355
1686 83253598 10392980785
1687 -88778495 11635054834
1688 15208168263 3244213958
1689 4540743870 10608303965
1690 4311718344 8240139155
1691 4386576307 6724994676
1692 -87947622 10545146538
1693 6981999436 2727771507
1694 15208168263 9938204670
1695 -17768863393 -14452715332
1696 6274226443 2628628706
1697 9226139996 2810729274
1698 1224721920 14923740518
1699 -1172394939 -7931675725
1700 619564236 12640366268
1701 5493886631 508030069
1702 7852418684 3954224725
1703 6742790673 136217746
1704 -2155187326 -10167052406
1705 15208168263 -2248574557
1706 10175452922 12353603006
1707 8081316050 -2661023270
1708 -5604028310 3976044145
1709 -4916843137 8215673709
1710 10769651796 25857056378
1711 4746122792 9683004264
1712 7067565598 8663186783
1713 10070905900 12952271091
1714 15208168263 10637592494
1715 13810829683 15122006137
1716 4343071571 9642780463
1717 -2629880439 -10380873962
1718 -4115552274 -11632696456
1719 15208168263 12682210209
1720 4994658710 8109827967
1721 -801267871 -4999795366
1722 9732211711 3113013315
1723 -11468893685 -12974592637
1724 15001849440 21949389294
1725 -1568138125 -7401713674
1726 6178328652 5465104588
1727 6886099597 3627520553
1728 7279728447 16398760028
1729 15208168263 5298199772
1730 10846413758 25341428311
1731 -15074272833 45186567
1732 -11029967340 -11276367237
1733 -1236011414 -10502908222
1734 2753965332 5912755823
1735 4778800484 8863752577
1736 7512345584 2802060866
1737 5088272993 12118899929
1738 14905845886 34999613435
1739 13810829683 10484579986
1740 -8186378944 -1095643754
1741 15208168263 6011479077
1742 5539501039 10018198192
1743 3396349390 7008197776
1744 -8800930197 4208952170
1745 9761383468 3117099611
1746 342855675 17616088970
1747 -7258476732 -7746675565
1748 8102498234 19033026546
1749 7314268870 4147153769
1750 7750485013 13255373509
1751 5976823537 9425198066
1752 4866899614 9026889274
1753 6140179179 9153464717
1754 483008255 -1943090993
1755 3671665489 7265301797
1756 519000806 -5537591069
1757 5214768169 2845980044
1758 -9040007161 5588956686
1759 747202094 -2030561198
1760 6966610444 2725615861
1761 -426736093 10526610109
1762 6692771237 12296212099
1763 4120131289 8175314071
1764 -1902538323 9606784448
1765 13810829683 5852006428
1766 5016424468 9350615875
1767 15208168263 2556219888
1768 3282151985 6691220037
1769 6619736989 2677026827
1770 15208168263 8055673152
1771 8127436198 13832408372
1772 7265643754 4844208800
1773 8547642873 3327330770
1774 15208168263 3511730250
1775 7071084209 12275511363
1776 -4086763633 -21332355999
1777 -762792641 11380640146
1778 5520554703 6048881246
1779 10497460184 13081931487
1780 8370031770 3894936353
1781 5068647976 9284567170
1782 8851738241 1570009660
1783 3131373754 7318647167
1784 15208168263 7726650057
1785 4858861223 6209291278
1786 15208168263 7841720439
1787 9778076505 -1164066969
1788 -31497352 12825206106
1789 782714812 14322652075
1790 15208168263 15006053892
1791 13810829683 9443941214
1792 -4883962187 -1580250238
1793 11093616697 13720931567
1794 -3636150921 -11441377001
1795 1150849891 15510299614
1796 5802115265 11123471692
1797 9045265688 2785392922
1798 -1910598394 9558589013
1799 -7593860522 -7561540335
1800 9911590881 22964763806
1801 -1179192720 -17539797802
1802 -5087633079 -13358498754
1803 15208168263 2982586823
1804 15208168263 9844471412
1805 15208168263 15919638542
1806 3425324817 7977397413
1807 8860844050 21430481650
1808 11482030553 14144966666
1809 -11702672004 -12322491857
1810 7693937121 18404549782
1811 15208168263 11727743546
1812 8009524926 12753016620
1813 9806240277 515831173
1814 13810829683 3180050998
1815 13810829683 9466299336
1816 13810829683 9672809624
1817 5544443795 12310172342
1818 10554457802 24641599272
1819 13810829683 7660919926
1820 15208168263 8095963037
1821 8734639568 13859142076
1822 5214768169 23725320530
1823 3835336108 7637224304
1824 4674264143 9086295533
1825 6676609398 13839327846
1826 8805381372 1364346946
1827 -7129990974 -4174820027
1828 15208168263 9687061191
1829 7833470482 13399149052
1830 3422313333 19755269732
1831 5042795287 9286131885
1832 -1625582802 11591047782
1833 8779666141 1385944752
1834 13810829683 13463880979
1835 10763302272 25800504326
1836 -16011692757 -15077154814
1837 15208168263 8890573785
1838 15208168263 12949653733
1839 7951032261 12407602110
1840 9457137223 15792178951
1841 6876141456 8556345884
1842 15208168263 10541605953
1843 7887480790 4858134314
1844 42750481 -1796854674
1845 2969051623 -5750464395
1846 15208168263 6215690051
1847 9590652477 9942163529
1848 7468185491 12860776317
1849 5240755651 7235312462
1850 15208168263 14253942281
1851 5158184492 9932707468
1852 9565505876 8441916720
1853 -7033506532 -2852367340
1854 11544316310 13604522933
1855 4557520596 8570913168
1856 -12516394204 11535615860
1857 7958414243 16638299781
1858 -3672714802 1118617361
1859 9690564641 3785528523
1860 670241728 184128167
1861 -10983584732 9995193763
1862 -3727982990 5154133448
1863 48247286 11387430163
1864 5755949380 13634255630
1865 -8231602414 -8542824776
1866 5080769946 9342100571
1867 4684453778 9756616310
1868 5083227486 2282459663
1869 2736982644 -7318054828
1870 13810829683 8646099233
1871 6451126012 -427106372
1872 5174574268 9480353417
1873 1187447956 914494469
1874 1001008979 12984873128
1875 5405168072 9001893023
1876 9204172715 4165401901
1877 -889622583 9315125317
1878 -4601820019 7463761528
1879 4404597797 8345528967
1880 13810829683 10632010866
1881 11920471683 -554723768
1882 6593923348 2583354888
1883 7878169038 17756219261
1884 690372217 -418194711
1885 3929777362 6491957964
1886 5849661051 14013857589
1887 13810829683 5792585627
1888 4701617007 8614887361
1889 4750435812 8855239912
1890 12380530860 -8518234011
1891 9399684753 14006675159
1892 4413813659 7124970599
1893 5181339256 11562420205
1894 -4443446309 8468289040
1895 13810829683 3080299445
1896 5945417081 9309910771
1897 5214768169 3066062418
1898 9330614092 3056758678
1899 6385212625 13232824229
1900 -1420844685 11491074022
1901 9347320504 3059098864
1902 15208168263 3226262089
1903 6543735134 13736901831
1904 13810829683 -1314620107
1905 9437010436 22766626458
1906 3104439088 6973190398
1907 3140137063 6481912335
1908 -1015924198 12808768564
1909 6733192048 13501033458
1910 4859386156 8544594075
1911 13810829683 2893671387
1912 129320267 10634309441
1913 15208168263 12634994067
1914 8647185976 17349297017
1915 -2900626210 -7901483001
1916 4715299526 8588728616
1917 5787266108 5440744811
1918 -15832353026 -12184068628
1919 13810829683 3258335158
1920 -9163041010 -24205743235
1921 15208168263 12157630400
1922 -77348870 10850948576
1923 9627193586 20409951630
1924 5661017680 10492201473
1925 14323582894 27352973718
1926 9091877376 8732002224
1927 15543647531 4499362218
1928 13810829683 2593225722
1929 6992601016 5297091062
1930 11000355818 13498165685
1931 7030839767 15556242688
1932 -9366320555 9405512216
1933 6280661463 13841875882
1934 10855726999 14130455403
1935 9237390932 4098507740
1936 5437804561 4557931731
1937 -7183900115 -1635398124
1938 -10297256353 -11173324552
1939 -7896333370 -1314040143
1940 5214768169 3808963867
1941 6343359797 13816857422
1942 5673726832 2544512451
1943 -7892067528 -6962624040
1944 15208168263 2692190008
1945 13810829683 3813655545
1946 5953700260 1219254050
1947 -800158686 14525230379
1948 5020449351 9253197483
1949 4319254468 8219746296
1950 9480905133 3964835196
1951 8304352444 4163337206
1952 7349847233 2681446834
1953 -8731405831 -1525356209
1954 11330439693 6199883762
1955 12078995074 -1409363174
1956 6866336300 2711569748
1957 -8651475272 2137477424
1958 7296507316 15983607246
1959 9946068293 18856103163
1960 7671717903 17619022921
1961 -5380701036 -2582879859
1962 15208168263 15829399330
1963 7609240684 1450374184
1964 9358808175 717210000
1965 5573785533 12105632138
1966 7631089967 2818694237
1967 5613633876 9207106788
1968 6893530088 542968550
1969 15208168263 7912335905
1970 5857386997 9274814460
1971 8592247444 2986344998
1972 639079135 -8022432806
1973 6798909312 5323831049
1974 7313717339 15017490648
1975 6659586259 2537695887
1976 7914190428 13489025788
1977 4631775425 8680353128
1978 4494914432 8478641509
1979 10877274665 15571289564
1980 -7503570564 -1821916325
1981 4118021953 6762512655
1982 15208168263 10774165373
1983 4782323577 11173071890
1984 15208168263 13631020433
1985 15208168263 9275212539
1986 4409621334 9289317932
1987 6743672450 9196342011
1988 10686679567 4686424214
1989 4301590116 7236280380
1990 2001324581 19547198918
1991 5110651906 9386141889
1992 -6177427107 -17453086715
1993 6455087388 8952621223
1994 -2152704161 -13183410025
1995 8327728571 18077557291
1996 -1166892805 9492386320
1997 4105697810 9600297582
1998 -6403516217 3656772751
1999 6323360732 13824837630
2000 -4564755272 2393172397
2001 5359672764 9753159544
2002 8758599005 17222179196
2003 -2390540496 11764657926
2004 6818182843 200277121
2005 7191062004 14849961616
2006 6186723149 -612978545
2007 -2972660866 3939075164
2008 5298400105 9662853262
2009 8184899164 2142893745
2010 -8017430317 9639690884
2011 8782844713 397683001
2012 14493048248 23214321283
2013 8358150209 1523579472
2014 8258698218 20034089829
2015 -3892132180 3953464608
2016 15208168263 -2098898380
2017 51464918 11048672042
2018 13810829683 10941096994
2019 -3507691803 5488613929
2020 4900761228 8238293485
2021 7192729365 2757289948
2022 -2183938647 -10046212692
2023 13810829683 8315831526
2024 -5931355594 -1538431358
2025 15208168263 12805276335
2026 5653730337 2541711400
2027 8085997614 2882416389
2028 -3409971138 6520705839
2029 8945974800 2771484541
2030 15208168263 9790238230
2031 3532579614 7060311051
2032 7210881097 -17335991
2033 18261272078 35904387976
2034 15208168263 -3314216708
2035 1321206524 14055495314
2036 4955430140 10388385861
2037 15208168263 9764361031
2038 5242129457 9579919161
2039 13422298584 -5464609070
2040 -571936337 12071659712
2041 6830071419 7515861913
2042 10674113041 22512373772
2043 -8415075738 -7826956170
2044 8771441636 9472133419
2045 5696023522 9235259816
2046 9184102879 6414835893
2047 -2031711219 -8581652328
2048 5459745525 8924365432
2049 -759867746 -9998087312
2050 15208168263 13429532707
2051 -1188146393 9895033976
2052 7796206047 18031998749
2053 -10460766419 9804565468
2054 15208168263 8601766683
2055 1315504548 15119382731
2056 7076075914 2851555248
2057 5205411708 3800011718
2058 5327147972 9705223106
2059 10629994013 25533186351
2060 70336644 11532496615
2061 -12546488728 5318628104
2062 15125799869 24084535611
2063 9578104009 23093826119
2064 8057072605 19566514796
2065 3415806681 6888206079
2066 13810829683 9050023150
2067 2746714997 -6617284855
2068 5635907902 11165303852
2069 7896523919 4492864778
2070 8872814970 21458242522
2071 -3545673096 6503988895
2072 9387596117 3064740556
2073 -1280546895 13536750521
2074 6659822713 13690579508
2075 9051480770 -3726261693
2076 6824481302 6917926489
2077 14937015894 34987175695
2078 -9332711019 -12846905100
2079 140351175 12827035277
2080 9675571723 3503794360
2081 5492320280 9948661160
2082 -568772483 11169013635
2083 6751682592 6268826059
2084 8260761251 2207464497
2085 4999953269 10071610829
2086 5393838220 9724792754
2087 7213713600 7305970260
2088 9121333747 3321558543
2089 9742502169 604584610
2090 6018880522 1742649430
2091 8141779667 2890230179
2092 -14702493788 6042679801
2093 -3591565394 -10741422714
2094 -42024291 10750202991
2095 8286955199 7761393044
2096 9256579644 345099527
2097 7126810170 2423003575
2098 15208168263 1901906203
2099 6709265528 5228850329
2100 15208168263 12434881617
2101 13810829683 639167386
2102 3968064159 9143439627
2103 14753308025 35060480481
2104 6067117669 5937394871
2105 -47695895 14592925199
2106 7549194689 1764985222
2107 13810829683 2913435108
2108 834373364 13704049291
2109 -6469714450 -22668878642
2110 13954877037 -3223817511
2111 12332917314 26172580928
2112 5415068456 12364402223
2113 12064970213 19635715411
2114 6487129362 8803829563
2115 -4909008848 -16621850086
2116 -896677646 9547466931
2117 5859919502 9253634758
2118 15208168263 4471010420
2119 13810829683 2850697370
2120 13810829683 5380973623
2121 8465144297 7736685375
2122 5214768169 4256902028
2123 15208168263 12354280554
2124 254418944 10755501247
2125 -5118949640 4956232525
2126 7916863377 12065896627
2127 7332688174 6125754681
2128 -1605134278 -7389346996
2129 -498899731 10556477070
2130 4155089964 8803053498
2131 -7351812425 -4130063076
2132 5049139485 12120820862
2133 9073203665 21922949111
2134 7492884272 3012012929
2135 9424822199 22004819939
2136 5910862947 2557628032
2137 7948489674 -2938158841
2138 3758479812 8152852503
2139 8055631729 8371240337
2140 3310861235 6733532964
2141 8964960174 21671929644
2142 6944350437 8592326730
2143 -8106352099 -2133987855
2144 -4264806791 6362401612
2145 5976026884 10804416788
2146 -507488048 9201108182
2147 15208168263 10271437604
2148 947929605 12777508808
2149 6698196928 2688017269
2150 -5298521312 -1489439971
2151 15208168263 1726025723
2152 5214768169 2609729607
2153 15208168263 13976714649
2154 13810829683 344399765
2155 9818570796 18609529860
2156 7888007021 3340299447
2157 7653367604 -2500864936
2158 5591656043 10704736119
2159 3765776019 8728993737
2160 7983251948 19165610401
2161 -2689004271 5718546883
2162 4860815262 9017921894
2163 5182815689 8214882665
2164 4520218754 10301333528
2165 9246483004 3044973838
2166 5214768169 26933037690
2167 1956338273 14981342223
2168 183925263 10738239154
2169 3490183641 6783382061
2170 7670942524 10186075348
2171 5395257375 12173118069
2172 4568999173 9957564138
2173 6928285313 2720247387
2174 4782574505 8902607301
2175 15208168263 10185725041
2176 7397306553 2886164715
2177 -201915378 11363611981
2178 -9791160633 -922900474
2179 -204435698 10464992311
2180 -7010295901 -4688255754
2181 10895076283 13511235389
2182 -4960403324 7902874774
2183 5976397381 7947218750
2184 15208168263 8538994882
2185 4209462036 9118317378
2186 8021942793 4585753983
2187 -3039596639 6052420569
2188 -4041500127 -11726889878
2189 4094208128 8949492311
2190 7165101349 2753419895
2191 13810829683 14105202939
2192 876611083 12346347722
2193 -5400009507 7516262802
2194 11098847216 -9265623074
2195 -3545503503 6887372834
2196 -4557983482 3073033819
2197 15208168263 3386380816
2198 3782519414 8652101699
2199 13810829683 2596575299
2200 -18323754 11603767911
2201 13810829683 9277949725
2202 13810829683 10116434261
2203 7141700252 8198316917
2204 7667271192 -2703137316
2205 -2692985422 -8941031455
2206 15164673395 24204191320
2207 8295583294 16749430579
2208 3584147088 8116775833
2209 5153226795 7683194469
2210 6025628952 8989651153
2211 -342430253 11604256070
2212 -2343053103 -9327926763
2213 -4007706480 -13992066026
2214 9317679108 3054946783
2215 4038570471 9119989897
2216 -7337934358 -1619205355
2217 8906784223 2687364133
2218 14479703335 35169656715
2219 9168596977 21521579850
2220 6690665503 13678272337
2221 15208168263 2829827925
2222 8487437929 -4625426556
2223 5984083055 13960219298
2224 15208168263 2831039694
2225 1256360020 -7318717012
2226 -4472475770 4937403141
2227 267829942 11610536254
2228 14640583779 35105460736
2229 -728760497 13309158113
2230 7876535651 7752597632
2231 7904957259 17962859948
2232 6051453646 13376640264
2233 7507805648 8606740552
2234 6641194184 -648816950
2235 1341899241 13545606247
2236 -4565476254 -14365774590
2237 -513466550 11275296993
2238 9320078153 22495457458
2239 -887090055 11442949527
2240 6932906517 3476712947
2241 4980480849 11407558922
2242 -3218452103 -11879206225
2243 9905066026 16214377582
2244 11323609708 -139112975
2245 15208168263 1668096623
2246 -4326541529 4982560443
2247 -2565464034 -16047700024
2248 8861832111 15249601310
2249 4019267564 8162322388
2250 11451280519 -7204811067
2251 -4401377966 5169883247
2252 -6445898705 2591031101
2253 6864343121 3433277051
2254 13810829683 3058866934
2255 -6003612752 -4822913672
2256 6052906183 2374366098
2257 15208168263 12971287831
2258 6662242545 8721606993
2259 12148854473 -8571350796
2260 7070163241 2068275588
2261 3447714378 6935233015
2262 7825125044 7131924846
2263 9402536854 3066833411
2264 15208168263 18180535615
2265 -15815296086 -11908908198
2266 -405851779 -8136966309
2267 -3630541380 6535607640
2268 -2570360300 4227754998
2269 7490873552 16516410824
2270 -2169661594 -7537723073
2271 9171080120 2803016645
2272 15208168263 8637483818
2273 3179990036 7020709035
2274 4055310454 8085459806
2275 -8388768937 7427414337
2276 10578705364 25895927245
2277 15208168263 7818797589
2278 6336619795 9104625838
2279 6449542499 8119935339
2280 3771634610 7012914357
2281 15208168263 3754313230
2282 7182895440 7174636110
2283 4402520922 8835563224
2284 7554727185 3681333107
2285 -86972235 11302403637
2286 13760310166 20956604974
2287 847415720 -4263216988
2288 7010514929 16569702075
2289 15208168263 12558510902
2290 7860451375 3272205794
2291 13810829683 6009979540
2292 7504008421 11799021377
2293 12368807196 -8991326590
2294 -2972044850 -13325998375
2295 15208168263 8216010101
2296 6725132364 2691790308
2297 3609205687 6828155572
2298 6376386939 8940693606
2299 -8527033816 -26521326006
2300 -2244525274 -7918284884
2301 -465323627 9254334567
2302 3421888570 6897169828
2303 7222133015 1492762798
2304 8810235519 13060575831
2305 15208168263 4065734723
2306 2277539791 16471997154
2307 -15672399123 -9603712190
2308 15208168263 11838017135
2309 2051047053 -132748202
2310 5819885415 9215999030
2311 10967749238 26470236536
2312 167480879 14564871559
2313 11196121413 13646222337
2314 7199807244 5521730066
2315 4744807605 10747951437
2316 5240351288 9513071834
2317 7437681712 18130131233
2318 13810829683 15327534519
2319 13810829683 5745825149
2320 7526782931 7750750784
2321 10430427861 19411468876
2322 9975984546 4246507557
2323 -2284418643 -8141392864
2324 7989569977 3356813075
2325 5078734012 7227865967
2326 -7224408017 -20568919493
2327 -3749082246 6968613532
2328 -9845012748 9580051389
2329 -895764848 -6944236405
2330 -1242478367 9907377739
2331 15208168263 9196663760
2332 15116315474 23840434862
2333 7285520277 9019835710
2334 5729584151 9727738412
2335 10145411219 7465262659
2336 10788123446 12885788037
2337 5918798115 1825770156
2338 5386863829 9793234906
2339 3928652968 6209361477
2340 9359955721 17910399975
2341 8583069717 20999074952
2342 15208168263 -2555735493
2343 8718804610 13416841310
2344 15208168263 5039677013
2345 10213610273 23970097150
2346 7267145043 14486644278
2347 -643404036 9457362601
2348 -923675767 9681856973
2349 6800446202 -646867403
2350 6660212429 2632035601
2351 7710296922 3114111894
2352 7559047134 12994692115
2353 3661722349 7250647170
2354 7088175198 10195775834
2355 6209601541 6731074498
2356 5770033744 8699565930
2357 7751596249 -2093822164
2358 7004521729 17015192531
2359 5799291608 9062134599
2360 11551347155 27361644012
2361 -15307772865 -3721606837
2362 8506079562 2129974973
2363 -1422427768 -5323283854
2364 7928036819 19267277459
2365 9898182666 23836096835
2366 15208168263 10343690859
2367 5214768169 3062187421
2368 8239107694 2903863608
2369 6348963574 6594155977
2370 7277851433 5257710995
2371 -3936774748 7836061464
2372 15208168263 2847261925
2373 5232686127 11610471094
2374 -779161558 12091743538
2375 -4615224507 8192126401
2376 -3660725323 6767829335
2377 -4189774976 -12454437411
2378 8502741698 3142284733
2379 9814821286 3124585026
2380 13521731977 14881895872
2381 1017023961 -3394390186
2382 6794896889 5324384981
2383 15208168263 10978020354
2384 5667578879 9425649464
2385 5214768169 1433381575
2386 -1488271291 -7473666805
2387 5131895193 9023786135
2388 5214768169 2715656263
2389 5818979008 13880121062
2390 5069836219 2358392518
2391 15136150006 23588125974
2392 7141568516 12631316192
2393 -15725960266 -10467753878
2394 15208168263 2410741025
2395 602306487 12427731834
2396 6043143329 13936652530
2397 10176705685 3175276750
2398 -7438805425 -7608551256
2399 -16102740420 -16545924370
2400 15208168263 15954637331
2401 15208168263 14983722083
2402 -3686495829 -9949514020
2403 7643257271 11050182033
2404 9555967896 22148724762
2405 -5795789150 -19177067616
2406 6422360841 13785333706
2407 3967219270 9414434535
2408 5845282462 8909575572
2409 -5624466512 -16179207199
2410 5232163044 10526832946
2411 6717004880 16225597786
2412 8157711291 18021176732
2413 -8053068159 -7439218720
2414 15208168263 -11025506324
2415 9772700036 2607692730
2416 -7015363480 -7448214096
2417 4824914584 4613053033
2418 8697512557 20218665784
2419 7665847477 4859844224
2420 10644307296 25891700494
2421 -1003376352 9214876490
2422 -3586829136 4975967155
2423 423250044 13058851763
2424 -3434478558 5456049536
2425 3516708798 -6537789364
2426 15208168263 13850905759
2427 10772637465 3258753156
2428 10604013191 13127860838
2429 -979369779 11564015477
2430 3777988424 8379284313
2431 233393839 -112627183
2432 -6985281444 -19047683652
2433 445757411 13055994948
2434 3652956033 7237726997
2435 9806528903 -5230978994
2436 13810829683 6688888324
2437 -2397954822 -9252361669
2438 3465710967 6961757163
2439 3937659882 7268372733
2440 8218149100 300935702
2441 -696741915 11139111947
2442 4699279157 2060423828
2443 9463449440 22919422107
2444 -4579197753 4549934370
2445 9924351266 16480779109
2446 3194858263 6876128053
2447 -2212025155 11559778861
2448 7909144211 6902022179
2449 15208168263 8172487341
2450 6887596965 6973764925
2451 9905447050 22389718322
2452 10288082082 24363597310
2453 -12916002117 10699785436
2454 15208168263 4092142441
2455 4712487525 8799310094
2456 8964820290 -5853215897
2457 15208168263 5767353424
2458 5427287493 1995816076
2459 8401792875 7875091976
2460 5247274119 9587501585
2461 7775201236 4750219590
2462 6425289739 6128416845
2463 6205591820 8930745906
2464 7518347378 1650289966
2465 500896542 11408641947
2466 -3146650759 2667203073
2467 -5402976076 8681198335
2468 7183916978 8216283394
2469 15208168263 10047986681
2470 6469298092 13766604377
2471 -564503672 10777708427
2472 5524365837 2523590394
2473 13810829683 -9152663071
2474 529534905 12667758154
2475 -7406397769 -7535937820
2476 4436335503 8392305363
2477 -5011700642 -14545569593
2478 5951347558 8303929799
2479 6524326144 8916423425
2480 -7206739056 -1637166220
2481 -132869982 11247920499
2482 -625295824 9913672525
2483 3330167231 7360732667
2484 9706559686 4406406621
2485 13646921002 21967262544
2486 13810829683 8249687754
2487 6223866508 6105742581
2488 -3095002830 5809035004
2489 15208168263 5303822545
2490 13810829683 29953471282
2491 -4103436173 5154333126
2492 8260424036 10042418789
2493 5496359721 9372538259
2494 9297142352 15509021247
2495 8153075111 19789147100
2496 15208168263 7010636758
2497 10997633321 21465653566
2498 6144582739 8599163958
2499 7133441582 12106334073
2500 15208168263 11985512032
2501 1460255492 -8638367539
2502 4380021253 8587231725
2503 10623491462 23635667563
2504 6539309591 13738667751
2505 5774779316 9641930404
2506 3869301127 7902641568
2507 5112611865 5462116669
2508 7739129789 3444030617
2509 -6339581591 -16520344733
2510 -3079708643 6454285720
2511 4461551955 10509655647
2512 7855824992 18970147770
2513 3443384483 6913028769
2514 9149443086 4887550050
2515 8869826538 2760817912
2516 5296573174 8453424071
2517 7504812695 7898202730
2518 13810829683 -5250994520
2519 -2690959534 -8542815411
2520 5993594916 2544908752
2521 5009104830 2508280810
2522 6294974529 9545978282
2523 -2930529704 4089433743
2524 6911710475 13590068961
2525 9231712566 14334486006
2526 10054275586 12143683466
2527 7578402446 2023322781
2528 -1599722682 -6630049300
2529 13810829683 -6581537495
2530 79880825 11107223832
2531 78149693 14604311760
2532 4884288611 9052517926
2533 6944929023 2722578790
2534 6097856833 9004088266
2535 3258833710 6656852560
2536 7267119811 8119275888
2537 -3481694227 6410097104
2538 6837462666 5318508590
2539 -15223471640 -2361669980
2540 3150430778 6497083655
2541 -8697874731 -1298640075
2542 4650987060 2663474047
2543 4715857517 9958009466
2544 15208168263 10666718319
2545 7704215562 13208647589
2546 6875120651 5313309740
2547 3419473295 7200862304
2548 -15973942164 -14468166950
2549 5788256246 6834027108
2550 6432742777 2570144256
2551 -8474650 10631140054
2552 -6575000151 1723624789
2553 4127737013 21561555717
2554 -10903274189 -11496902570
2555 6007598019 66999376
2556 6866700772 -393782171
2557 -2476319577 -6846892607
2558 15208168263 10487352064
2559 8251966984 2905664900
2560 2979433311 6495158204
2561 3816625337 8823995815
2562 380638147 11385303288
2563 8217951211 19939596462
2564 -8486813291 -10181413818
2565 4741579559 8476796049
2566 15208168263 12093195540
2567 3962920495 8875990538
2568 -1541249830 -6969981119
2569 -25246593216 15195725022
2570 15208168263 14881197085
2571 12102666269 -10446353498
2572 15208168263 10502869234
2573 13810829683 9604553960
2574 3158353314 6508760229
2575 7238481777 -1783287529
2576 7824458321 2740396974
2577 7783298386 6254709106
2578 6957200759 12151314882
2579 15208168263 -11576578237
2580 -15582876527 -8159544841
2581 3475744592 6976545151
2582 -3070282773 6021497533
2583 5384039341 7074639433
2584 6428672632 2518396054
2585 8381137730 3362691990
2586 -196545544 11203264636
2587 10324822385 -8368305698
2588 5394996077 9805220562
2589 8835635993 21372023509
2590 7620491314 17191485326
2591 6980725642 11680790569
2592 15208168263 18092465571
2593 13810829683 4006769159
2594 8628478443 1590852514
2595 3696122523 7301347626
2596 9943675367 3578370437
2597 13810829683 9666245435
2598 4861191183 4786758585
2599 8410129402 16091626377
2600 10434384331 12738451995
2601 7003680063 2623090064
2602 4631534874 7491741421
2603 9236063964 9848510983
2604 -7401810250 -1652267817
2605 6021773292 3474313342
2606 -15327284382 -4036364198
2607 15328522480 23156601835
2608 10852902813 -7655640026
2609 13810829683 6309612293
2610 11180869982 26526360506
2611 5476661996 11214713188
2612 8973316122 21060509791
2613 -3474197958 2879221764
2614 6012503572 2591967321
2615 8849046795 7578542743
2616 -2957979704 3898250171
2617 -22987698743 14372094346
2618 8086926918 13772704052
2619 -4221602935 7553384150
2620 3836567437 7508341384
2621 -7179776454 -7515298115
2622 3900092330 9249663049
2623 -1923956742 -8690116729
2624 15208168263 11340960382
2625 6279887632 13840259277
2626 15208168263 12741957827
2627 -15502412968 -6861516731
2628 -3183326161 -13374526510
2629 8328682049 3074948804
2630 7228114916 7274810203
2631 4885619037 9054478766
2632 4582693422 6724203840
2633 5969035943 -358624030
2634 7005808830 13552520979
2635 3962840314 9397857879
2636 8467516094 4180382130
2637 15208168263 8794779157
2638 9113935145 13424851935
2639 5727505506 7193146839
2640 -429189011 9692510975
2641 3162801136 6812433507
2642 -7272408708 -7289757170
2643 -6401116564 9199047990
2644 -8255953558 -2234215739
2645 -17735878381 -32446906677
2646 5422063856 9845114220
2647 9850515815 3129585013
2648 -9865549586 -1843000227
2649 7632024270 13302642793
2650 3040733990 18930936359
2651 6571200496 2174401424
2652 11802220561 -10098815260
2653 15208168263 5345521938
2654 -1023824176 9254821519
2655 2940054688 6187022323
2656 5413542070 9154250612
2657 4694514098 7516713887
2658 1826279546 -8274961085
2659 382428091 153939063
2660 15208168263 14249401431
2661 9563199107 7559240818
2662 4349902080 3321892799
2663 5214768169 3133989582
2664 6173830544 2614565538
2665 7371019987 -1862197745
2666 6529013639 13802146196
2667 15208168263 16843308448
2668 6478051618 13667593956
2669 -4017933901 -14092426476
2670 -9485181057 9448850741
2671 4141630703 7957956749
2672 4848424475 9618243559
2673 7333769717 15367305075
2674 6907380860 5308856077
2675 10901645178 3276824184
2676 15208168263 10788239278
2677 15208168263 4394652745
2678 8891963434 13523091120
2679 4442553719 9485131542
2680 4418082809 8179967222
2681 356518367 11987257451
2682 7507396439 3453451148
2683 5214768169 1535219318
2684 17221545885 22387725733
2685 -3912808754 5931139397
2686 6457307360 2430237343
2687 6297418581 127678508
2688 6619061119 5268431862
2689 -5979221292 5848116319
2690 6009328775 8845958876
2691 6319853118 2635019959
2692 1313609248 -3685951331
2693 6295907561 8070172169
2694 -1763466990 -10965316704
2695 7618959648 3227800006
2696 6801069893 9330997028
2697 -2737152406 -10753542930
2698 15208168263 114871377
2699 3457411644 6949525262
2700 10205664565 24235350583
2701 9164243022 13400745176
2702 15208168263 -8279487522
2703 6925485769 6150319568
2704 17816501027 28085165606
2705 905250723 -1918817196
2706 12461441737 23071718311
2707 6095645332 13915702702
2708 9105571225 7414641035
2709 6829074197 7246210916
2710 6657850516 10075719076
2711 -10771595779 -15223742100
2712 325599495 33615954
2713 7887182786 19172535896
2714 6742131017 7587651219
2715 9228111469 -4060499942
2716 273296136 11076605620
2717 5072870874 9330458579
2718 7036872554 9844029818
2719 6969936834 7803077479
2720 6166528967 2613542754
2721 8802152440 20560588063
2722 15208168263 14778706336
2723 15208168263 8657329198
2724 3518611577 7264487954
2725 6399800255 8831005359
2726 15208168263 8499958235
2727 -403262053 -4638015379
2728 -6594416752 -4921642806
2729 -595503303 11288143292
2730 4403378408 8343731778
2731 6115238362 13387397222
2732 13810829683 -5153287312
2733 2199887607 17228508503
2734 3793926753 8867237917
2735 4315414433 9336267911
2736 8626338656 18108640811
2737 15208168263 9756249758
2738 9061323977 3640897962
2739 -16000787313 -14901229558
2740 -6002001520 5371157978
2741 7620846827 4177696184
2742 -2130709930 10970733418
2743 13810829683 9906960161
2744 6898270116 2716042945
2745 8007960158 2871485127
2746 5759331189 9944199972
2747 13810829683 9283497268
2748 15208168263 8043431045
2749 12161237465 26808101567
2750 15208168263 2182645100
2751 4273455245 9661866851
2752 15208168263 1806117812
2753 15208168263 4962786010
2754 3357261118 6801919109
2755 4759769719 9442174404
2756 7370720280 8427338160
2757 5214768169 1801759563
2758 418634781 11741622962
2759 852522119 14245925349
2760 8660518854 -3526563279
2761 6658141335 11666898388
2762 12264654835 26266136923
2763 5493294313 1823909290
2764 6664061005 6203351550
2765 7897826376 4084901280
2766 13810829683 -8549260254
2767 5184857184 8868524853
2768 -4470009220 7510731332
2769 7870493554 7907209714
2770 4265880014 9533744888
2771 4975332122 2675791261
2772 4782005831 8901769165
2773 -1291600985 -6362365306
2774 -8946326537 8337986962
2775 15208168263 3748144155
2776 2602079210 5992465501
2777 7122498517 10923883734
2778 15208168263 8378254393
2779 13810829683 3913541991
2780 -2874221451 -9373104163
2781 15208168263 -3704827369
2782 5214768169 2859436440
2783 -3902607926 2030774653
2784 15208168263 8296812042
2785 11331985278 -8628899718
2786 4613895808 10175452502
2787 9402519152 2457726323
2788 9403051039 19501785294
2789 5490479221 1984768010
2790 9555089962 3625167410
2791 15208168263 2569388499
2792 10524687005 3913335682
2793 11659414632 23578900866
2794 7582709784 16894419928
2795 5214768169 3311883374
2796 5214768169 3912092355
2797 5808212511 14030396763
2798 5670116177 2544006681
2799 14158840736 21746870396
2800 8426734100 2930145774
2801 16308707318 32529641469
2802 8679195252 7769304151
2803 -809490895 11833657605
2804 8792913645 21067306971
2805 572907750 14245490439
2806 -10699082819 -1907528888
2807 7696705765 17118361822
2808 5923872591 9214799791
2809 178719631 10961505524
2810 5366903882 11171238033
2811 13810829683 13042483596
2812 6275117738 -76864388
2813 15208168263 -4726703402
2814 9875109897 3705389414
2815 3513897189 7982172037
2816 -1521659731 -6623188744
2817 256406865 -2059855705
2818 -370036239 12934593358
2819 5214768169 2777326326
2820 12462100914 29868417336
2821 -7913635664 6287695096
2822 6719709567 5334764920
2823 9717103395 3110896986
2824 7038045271 2735622246
2825 8601369845 11844956032
2826 11787855392 24889210317
2827 -3128271922 5564788939
2828 -1098727453 10799790735
2829 15208168263 -3673813736
2830 3627876780 6276260920
2831 15208168263 6441165681
2832 8665416530 4371912567
2833 3282624906 6691917048
2834 7846700719 2848896370
2835 3246999041 6960041135
2836 8332120095 20204357068
2837 8190970344 3784642004
2838 7653442095 7940593364
2839 504653029 11749801134
2840 4560061248 6183942881
2841 8649618444 7266546905
2842 -697326107 9431803718
2843 8365128146 7851118233
2844 -690585731 -2333588455
2845 6822583265 16257008087
2846 63951645 11733338084
2847 7689075910 8456244668
2848 15208168263 -6804539946
2849 7845390429 15715801829
2850 5871371840 11850152003
2851 4768348830 8881640890
2852 7291071039 3235862937
2853 6488460963 13907417599
2854 -7885055460 -3883421603
2855 4331071135 7743115466
2856 6085178958 13893557401
2857 4751127728 2547431690
2858 15208168263 4064489055
2859 8340910893 2954021596
2860 -98599738 -4890307933
2861 -1290526647 -8027350605
2862 6415029132 9166211142
2863 -5607734095 13242628317
2864 -4051789110 6772431893
2865 -211908712 -7962302014
2866 15208168263 8591763149
2867 7293137659 8885961628
2868 15208168263 16759845777
2869 -7517826213 -7594634901
2870 8116771905 13816690878
2871 8151280513 3584942072
2872 444988371 524604825
2873 13810829683 8730557337
2874 13810829683 3045468963
2875 -1111635462 13032261841
2876 6786938734 2052290567
2877 -2300816764 4439604336
2878 -2703819826 -8457509309
2879 -15411409353 -5393457744
2880 15208168263 7717405561
2881 -7721453386 -2572744723
2882 -5852782148 642300905
2883 -3900144091 2425444735
2884 3905228554 6813844574
2885 246662677 11576998758
2886 7604501449 16947188203
2887 7470502291 1200340125
2888 10671947341 12649121920
2889 4635588700 7401125473
2890 -875433165 9174436396
2891 -140984513 10448685326
2892 -796690271 13131639663
2893 -944209162 10867754198
2894 4715690369 8804030583
2895 1910934309 16595489887
2896 8986951108 332946068
2897 5911924641 7658676773
2898 312631494 13107856789
2899 9687034993 21066269937
2900 5252543182 9595267357
2901 -6760517856 -6193652806
2902 7823599815 7385958783
2903 7672653366 8147808836
2904 9990546207 14512857344
2905 9859195952 19450401479
2906 5214768169 2618044813
2907 13810829683 9565014581
2908 3158653327 -6286290297
2909 7395389403 7911369604
2910 15208168263 -1231085910
2911 5416648073 9923407523
2912 756124976 -337943667
2913 -7951202419 -6669682982
2914 6656603687 8459952766
2915 15208168263 2192549780
2916 5363379329 9758622439
2917 1013472122 -1777134039
2918 15208168263 8597678930
2919 9255790748 1771759737
2920 4188320687 7890825387
2921 7611755395 8430826905
2922 6470659218 8702377232
2923 8649562599 2961358948
2924 7346561027 7923674491
2925 6326050422 2599959762
2926 4272789053 9219199957
2927 4417467763 9528883086
2928 -3499919440 6318277563
2929 -10040619901 -1856553439
2930 7578953413 2811391099
2931 6199348471 9141400322
2932 5982980533 1739375148
2933 14456303198 21733794372
2934 145685367 12794969788
2935 3979510371 7719016830
2936 5687610341 9413997422
2937 8008452231 4000288775
2938 6044134585 672912249
2939 -3846604280 1106434467
2940 15208168263 19516504899
2941 9602765823 3094880908
2942 13810829683 -11912853320
2943 3439971753 7765776157
2944 5926013764 9082303048
2945 4267978298 8718178339
2946 4351288120 8266958872
2947 6049206937 13934232974
2948 -4103690376 8318182964
2949 13810829683 8758965145
2950 13810829683 2776356644
2951 8365168421 1358754935
2952 -4247219694 6026023019
2953 4946339530 6493370735
2954 15208168263 8337602395
2955 -113625516 12404895768
2956 7593159633 8628797467
2957 7736152296 18822292267
2958 6862352093 14552558907
2959 6359583008 8554189486
2960 620007794 11938174993
2961 6413532129 8165487358
2962 15208168263 7517621243
2963 15208168263 10766612349
2964 8203671291 -3095697568
2965 6107070976 11053976037
2966 5339165708 9722935362
2967 9121949680 4117838976
2968 6812846090 12476635817
2969 12836005241 23917342220
2970 3748660569 7142329048
2971 25556131 -7795397047
2972 5676555474 10546539666
2973 5952002726 8150966628
2974 13810829683 11255785298
2975 3901323005 8274795272
2976 9222007657 2879128856
2977 6563747487 9012679734
2978 15208168263 14267198327
2979 5520909446 6974775683
2980 7339205067 2777807842
2981 -13482699676 7187416283
2982 9682977752 -2653965067
2983 -3463068681 6343387536
2984 -15158601999 -1315201029
2985 4905427330 4609161539
2986 10570093915 12741703370
2987 10195138308 3907885333
2988 -3643439839 6676159624
2989 13810829683 7657693403
2990 115253182 12351452158
2991 6574617853 13776196973
2992 12296058457 19608870374
2993 15246226257 34863791761
2994 15208168263 7926737549
2995 -8700020473 -971034354
2996 6355645947 9062238407
2997 11477011599 13414146643
2998 7000342265 5639031082
2999 10086130773 21839968852
3000 5484792335 5239277273
3001 4997561598 10693142495
3002 15208168263 8634655797
3003 -4130397012 12344147664
3004 6050058028 5523123636
3005 3800851615 6286459264
3006 4942787726 9299264341
3007 4023301532 7783558126
3008 -7694638363 -20880575215
3009 5176996342 9717396947
3010 -6168367677 3865630578
3011 6428374399 2729855367
3012 13810829683 -4023831359
3013 -14140363538 -7474065232
3014 7737347798 14185084037
3015 5513695965 9980165565
3016 -7006852 11432262709
3017 7143055492 5231150890
3018 9325766638 3659189791
3019 8496911256 2939975988
3020 5953700260 1823909290
3021 6320392051 2682420130
3022 6005363871 8924899108
3023 4675861848 10919034214
3024 13810829683 9535395616
3025 4820975036 11082641899
3026 5600390099 11196909141
3027 7656334535 8748553762
3028 15208168263 295743481
3029 6053737331 9296729291
3030 -3283768934 -9719979032
3031 1113198677 12877160170
3032 13810829683 8586389777
3033 -3212905953 -11229559733
3034 -2120725416 -6224823802
3035 5939966415 13977823121
3036 14784094398 35048195822
3037 10052245463 -7095208839
3038 3473838975 6973736570
3039 5470666350 9916746666
3040 3291639867 7251410209
3041 5986877682 13104588108
3042 4677233068 10225905768
3043 -3758668159 1223249749
3044 -3180397932 2141456286
3045 -6362037267 -1255434480
3046 -3247778354 3005308826
3047 495764914 -2629998010
3048 11593208688 25845271263
3049 11634353199 13957787856
3050 -15168073854 -1467999809
3051 -3739039516 -10707489804
3052 5416518196 9836940787
3053 5669630724 9432339978
3054 5452465239 3063401723
3055 6053000975 7496110612
3056 6450365106 8784863104
3057 -8290254578 -10224263772
3058 5345294194 6002277759
3059 4817767694 11247200307
3060 739858479 -7732012481
3061 12425055274 -8776787230
3062 9578140527 2722507063
3063 15208168263 11906434690
3064 12115813988 -11241888902
3065 3707530389 7638925258
3066 396343868 -140615072
3067 6853140856 2709721368
3068 3422393935 7963798513
3069 7814868519 -2071855570
3070 -15837947346 -12274315503
3071 5591511815 10094853911
3072 -79148956 11366686231
3073 12396498169 4046798352
3074 -4183311057 6915605802
3075 6266432130 -912115901
3076 -3298690116 6814265283
3077 7115351263 3628721072
3078 4742744740 10174831253
3079 5009046621 8572308852
3080 5104888372 8015458909
3081 5575077499 13393341174
3082 8286354504 14048584387
3083 9939325483 1346431376
3084 5002163136 4368287410
3085 5214768169 3931282949
3086 8548729666 19671183881
3087 15208168263 -8291551475
3088 9459746964 17147767542
3089 9814104679 439025176
3090 8790832445 20327665533
3091 5214768169 -9645351554
3092 13810829683 6669904750
3093 -4920682262 9510765146
3094 5093587287 9810511768
3095 4030237921 8392039617
3096 1759694078 -6257983179
3097 -18889453884 -35881914722
3098 188884366 11251223117
3099 5214768169 5326235208
3100 7481539392 7975935758
3101 472584994 11779281382
3102 15208168263 11443809906
3103 5214768169 1079692797
3104 -822106558 11433029193
3105 -2673511600 5648644221
3106 6792899048 2288468055
3107 4941282534 9698242446
3108 6269076877 9233288918
3109 -806973851 11136530745
3110 5623466358 9285979314
3111 5756159997 10179008872
3112 6733193302 1744259012
3113 10152917652 23693416746
3114 -1067118079 -5475876131
3115 13810829683 10799757011
3116 -10008232043 -9139694665
3117 5205349983 9525711989
3118 15208168263 8051087545
3119 15208168263 1040869199
3120 -4298463495 -13876045515
3121 -8825541706 -1532643816
3122 -2151640160 10055668187
3123 -285909845 9725608643
3124 5300365523 9665749980
3125 10693825463 3891871564
3126 15208168263 14427858569
3127 17066625500 34137399485
3128 13810829683 2075754759
3129 6675721327 8504760319
3130 223705155 -1511861357
3131 11624381044 9682908066
3132 7583056614 2811965864
3133 -9611988975 -1119422083
3134 5218408801 9005474211
3135 10426693701 21508025032
3136 -7250084171 -4689441403
3137 4432274509 8647869508
3138 15208168263 12605699091
3139 3892911723 9110872917
3140 8941739306 8738580297
3141 522892955 -3648512676
3142 5540947372 9429211980
3143 7579646818 13025052816
3144 5253277681 9596349893
3145 8913496162 2766935027
3146 -5300481324 -140179355
3147 5578772880 8756614478
3148 8324774918 20187323412
3149 7635843183 6452270936
3150 7999723254 2516047410
3151 -3424131947 6407211890
3152 6115323028 9229185589
3153 15208168263 12478851268
3154 13810829683 3042645095
3155 6950765058 -1486869030
3156 510379228 14480872257
3157 -2119858151 -6253250714
3158 -6060123193 -4826424874
3159 -7936452518 -5737112872
3160 15208168263 7463059175
3161 -4662418179 1009930421
3162 3118657576 7229773759
3163 -548721746 11422102623
3164 13810829683 4996590377
3165 6231690404 8876472845
3166 3320992330 7439727317
3167 10742660468 25882953424
3168 4666782601 8413037136
3169 6245314973 732728996
3170 6797570206 -1741141879
3171 1189964719 -503433251
3172 -5949602582 -18276714143
3173 8414678846 8192040185
3174 -661185668 9396661786
3175 59169130 11568129571
3176 -15845331510 -12393435906
3177 7474944561 18116869590
3178 6747510089 15706975576
3179 11390875192 -8829754354
3180 -1948822113 -7710490696
3181 8896459832 21513075572
3182 9405797999 586223828
3183 -7893206937 -7592007149
3184 13810829683 3019905875
3185 3339213182 7498157431
3186 -5216449861 4978585608
3187 5154770703 9451166071
3188 14638323107 35106362810
3189 193143447 11037592698
3190 -1474073053 -9691143980
3191 -652473846 12135937412
3192 -3232827527 -10591809877
3193 2795080143 -6288170201
3194 13180728216 -9323181473
3195 7090710725 2742999471
3196 3156044898 6007851379
3197 986505040 -1365432334
3198 6733701307 10865979223
3199 -1171881355 12376644318
3200 7168382790 7354919072
3201 -6853459037 5189753268
3202 8899809078 2765017780
3203 5874819644 10003062024
3204 37348331 11325681440
3205 -1743109388 9937157524
3206 -616666981 9721983001
3207 6679563650 2685407174
3208 5855164985 8950463369
3209 13810829683 2983072196
3210 -6398791755 -80716912
3211 10100839023 3164649566
3212 4386941430 9394752023
3213 8302652444 8713284248
3214 13810829683 -1249191360
3215 13810829683 9202024878
3216 10475101668 6940293554
3217 9904520399 18234587615
3218 -4511467113 6885277959
3219 9930305100 23524292036
3220 8771771002 2015539753
3221 5652345565 6579800601
3222 -753325725 11646802667
3223 8840328649 14264758251
3224 9747404578 4193821224
EOF