NAME : 3234
COMMENT : tspgen
TYPE : TSP
DIMENSION : 3234
EDGE_WEIGHT_TYPE : EUC_2D
NODE_COORD_SECTION
1 9029032680 4925797868
2 3374453378 14319436399
3 7494790490 5154784305
4 6404224147 4524162717
5 5677435809 1113492570
6 -8404205077 1956846728
7 9328400068 7019926432
8 -6025104765 14535338310
9 9474981986 6811558665
10 -1382642622 11023432898
11 7555574891 3962680575
12 7203625099 4862922059
13 7828991081 5109894072
14 7139102424 5835334198
15 -1365057203 6954520800
16 2374385554 -1276674989
17 1156494775 809892610
18 9045979655 10629872257
19 7782010548 3962902893
20 7574647252 5191342820
21 -2383434866 5593583828
22 7682438922 4041025705
23 -1786623671 7253594728
24 1268338465 1584237980
25 -1138861806 -1607341610
26 9297332121 473978624
27 9952449365 4207624454
28 8436327753 2368904624
29 7735264766 3948308319
30 8252161704 2259533649
31 8670205126 4768758979
32 10622105012 -15747937455
33 10590239921 4561606824
34 1933150004 1553768953
35 8029423138 6584137607
36 1880623851 1392789907
37 1648667936 1773602619
38 8029826762 4586912207
39 8472825941 -10830108668
40 7454063568 8935345050
41 9228284926 109348499
42 10382272476 4341820200
43 9436359329 4331095804
44 11097195989 5057093280
45 -6190849071 6806488369
46 7281645721 4425870287
47 3835485497 2420582329
48 7202634061 5028562154
49 7540886676 4897105833
50 213885372 535542813
51 8750178268 3884419174
52 8838637079 5785789102
53 5343657056 -761033853
54 10768399593 4948744083
55 9926767635 4761277997
56 828928499 1664765702
57 -224114804 12763866116
58 4826721173 -377804859
59 -5033293438 7989408348
60 -1732575421 12521170967
61 7749655694 3952801333
62 7938122069 8139008293
63 -7155562408 7726365749
64 10290226056 3834636358
65 -514087990 8964801899
66 9144595696 4836719513
67 5317869415 -568689421
68 -1910872466 7533857207
69 11940296132 5693711217
70 8846478311 -6805026638
71 3515594926 -3062596850
72 7606633762 3795910961
73 9345222829 4018041306
74 8806148103 3849735941
75 10158416515 5621360951
76 7541521616 5102329169
77 -7124504299 24858602345
78 8566244885 6831811499
79 -2471282945 9678819132
80 2977595740 2029994478
81 -2051433164 6738663927
82 776777175 808263523
83 1591995093 10908064185
84 -1259896597 8366042884
85 5620030299 -1122542002
86 -7903687551 677594389
87 8024543106 10864393924
88 9463334442 4054917117
89 7430952933 4203900109
90 8497801593 3753466595
91 9916118860 5216531039
92 8213995011 9693658665
93 10115928875 4258664648
94 7145729662 5447698232
95 5988835696 -9093630619
96 2068152115 14986542
97 -2233867142 7268377401
98 9228965480 9385951375
99 9309711217 4006954170
100 7628539547 3886256919
101 7572796400 3897583816
102 5353118868 3204574817
103 3674703454 1100828860
104 9164996818 4636075302
105 -1606311567 7133334827
106 5602145238 -4253991932
107 10002830144 -14330956380
108 3411707572 -944789910
109 2426878523 1884444235
110 9827083665 4530883154
111 1736699360 2100518734
112 7583564997 4927557815
113 7712796723 3946659450
114 -3801047002 6660514987
115 7556995353 3892650546
116 -12362840593 3099906002
117 484202444 1008420987
118 7110770555 3687163598
119 9268906876 4754071808
120 9405171893 4057541408
121 -3327582154 6064749109
122 2792129529 1224027549
123 7447432892 4633162372
124 -478522147 9651734710
125 9335032485 3891740639
126 10754999414 4686499969
127 2274889744 89073727
128 9070901144 4348379345
129 -818646235 8378813603
130 8487873333 3750366877
131 1185128832 -2404384907
132 9371385892 7152662102
133 6126357657 8091875286
134 9721247574 4348030598
135 6911111569 5758021433
136 2723369188 1221169572
137 1568222850 -9093630619
138 6355577923 3517554128
139 7146614268 9524919771
140 7852618261 8117034604
141 1538586490 990681955
142 8540181742 4270011099
143 7008895528 3293382249
144 -9157412150 6518151127
145 7714433146 5235832564
146 4950330329 -2770182642
147 738729035 -4688899699
148 96986666 8763634947
149 9577345831 4393275128
150 5439934144 -1085217242
151 7101529934 3880867393
152 10824780669 4479976376
153 -1044871690 9995771610
154 2622918500 -7235345267
155 9230533205 -828752663
156 -316579315 10506278679
157 6988627174 -7434069727
158 14061675 210745799
159 5559317254 -3643572826
160 6839565913 3311281572
161 -6872374901 7197900944
162 7421925222 5357145960
163 5372038769 -5617758117
164 -1198573578 11299305611
165 8759920909 4567871765
166 6394677551 3529761484
167 6621488772 3600574571
168 5316069807 -9093630619
169 8277029030 4766775906
170 3551932426 316031685
171 7829961003 9283307024
172 9145425402 3401155276
173 -1767275377 9072625895
174 2808710556 -2824707587
175 9214518199 7237172098
176 4374502249 522811606
177 7005252498 2501905928
178 5787866952 3340308197
179 6440057223 2309885388
180 6485738151 8336930391
181 7006759128 9638178391
182 766630108 1253081984
183 11901376471 5461428972
184 8060409388 6358080699
185 -7132457316 1836317470
186 7101718690 4251767029
187 7167975069 3682348405
188 -2051849365 6199927615
189 7301659124 4751314717
190 8746570006 1811287583
191 8554662191 -804240801
192 -1361534553 11540534527
193 10592684084 5108529786
194 -460389355 -1422606530
195 -4600836825 5091574408
196 8506512038 -9093630619
197 9739181596 7349954717
198 2665767165 559596430
199 8700461769 6897650076
200 8328082114 380824274
201 8617833376 3934263968
202 10099293500 4253470891
203 1447552798 866524792
204 8071254308 -5497606784
205 7419118037 5508322672
206 10193166349 5368965976
207 8638735256 3797467714
208 9221113094 5771684697
209 1813464135 867896457
210 -2014728394 -9093630619
211 1361420022 -9093630619
212 940325417 -437884395
213 6674592474 3287049731
214 -7902315565 7342154507
215 8607580617 6727504039
216 -7795787309 3927426523
217 -910077573 7978009395
218 6580632204 -267849771
219 8375232628 6804184918
220 -315040365 9422354086
221 10389152694 7389051969
222 7502310798 5680397370
223 4081704315 2079095332
224 6843044144 -291179950
225 7230049752 4524342745
226 2656050286 885109597
227 8052012344 -4529319294
228 10219365736 4290958832
229 2666761217 826176844
230 -40575784 11784946701
231 2808710556 -3538985251
232 8485218397 -9093630619
233 7778002925 4958188145
234 8497046677 3753230901
235 5555737686 -9093630619
236 12323781864 -19641594413
237 1106955948 159624113
238 10040048342 4234973868
239 6992476930 9422265532
240 -1866515394 6418964989
241 4264856992 -9093630619
242 11420215791 4665878109
243 5192106512 -9093630619
244 -82762018 9457810451
245 6997821810 9121776204
246 10710224327 -9615069719
247 -3465528664 10479326717
248 7722834546 5843155685
249 -8014716144 1330392287
250 -1226329791 -9093630619
251 -464362211 8566472318
252 10638518233 6227006988
253 299495383 -34175865
254 1790199219 10971781038
255 1434277188 -9093630619
256 192268471 14636992166
257 -7382950730 66524052
258 -2879439395 7497500911
259 9388632068 4960213653
260 -9006848961 29165650644
261 8509554288 -4272963657
262 9924339172 7593272309
263 9213479092 6857896714
264 -7867100239 2772127605
265 2808710556 -9093630619
266 7547099924 -9093630619
267 9762004328 5116582758
268 8606316745 1466194605
269 7444245432 3857448717
270 -1739895500 7408873147
271 1891088746 -3229687636
272 10794748650 -9093630619
273 7882862832 4631234305
274 4002429502 2364755727
275 -2742808695 5455138469
276 10523475987 4385905570
277 8254233229 -10329940241
278 663413869 11933193965
279 2278230247 12512628557
280 8361457926 11069637997
281 11797154773 7734508606
282 8826420278 3856065149
283 -11733996274 -1870998197
284 633710023 492636659
285 7653800708 9083259437
286 -491745169 9681990697
287 7603978296 3874597329
288 6866037002 3212390338
289 7845245625 -9093630619
290 425474788 592395828
291 7457214256 4528314465
292 9035519720 3921348413
293 -11710528228 -1447473471
294 6711706989 -6800440491
295 9314678136 4008504900
296 8467455710 6859215949
297 5354073764 -9093630619
298 9295944276 4222959442
299 -5447651333 -10055234191
300 4922036571 -487762241
301 1875321588 1996743384
302 7473455948 -8543420734
303 2808710556 -9093630619
304 7778924936 -9242373329
305 -7401630182 25492702246
306 6983925888 9495965450
307 8216732017 8828442957
308 10922247836 8044753635
309 -2162023373 5951741127
310 10014241905 7824910350
311 1212153369 -9093630619
312 8091339133 -4580021096
313 87005782 -705290209
314 10942853224 -9093630619
315 6394143038 8563668890
316 8787195846 3843818827
317 -11914380943 35818460263
318 8578090700 6822471437
319 8621594756 5835400735
320 1645329170 2244615239
321 8798835619 3909331365
322 2132635741 1982855049
323 8774203022 7038666955
324 -380085582 -9093630619
325 6979712559 3712416181
326 8956835983 3896782440
327 7160209606 4957901459
328 10023667711 4229859645
329 7886771469 5174703584
330 10280220012 7254878098
331 9067322683 4918280261
332 7547483999 4282674109
333 10583254762 4731902275
334 6866068112 -7153638724
335 7247777159 5933923382
336 894258185 9774138017
337 -7333082184 7440292087
338 -7124504299 24858602345
339 9251209859 5513614581
340 8752670762 4300480104
341 10003027425 -14331407783
342 2244649938 12460366265
343 10507680285 4380973969
344 2808710556 -9093630619
345 6172345669 8185076630
346 7133202115 3831651211
347 -6591445487 818221209
348 10264875054 -9093630619
349 9705547090 7643356643
350 3990934785 1198200073
351 7014577990 3723301572
352 -5889618089 3498204791
353 10747135945 8747579410
354 8954851495 6921664121
355 -2769708355 5177587484
356 -7046930525 6503307782
357 2299081249 816192758
358 2809150628 -853340385
359 10295171713 6183937525
360 9144548651 7281121404
361 13074653263 -21359685390
362 -7155523768 3583205310
363 901200195 10754204376
364 -6065186851 6934960892
365 10069121004 7810683499
366 10904609830 4599048970
367 11210467522 7331652638
368 8961439149 4921585611
369 1523327226 12113912030
370 -4923782246 8271759118
371 8784214095 3842887890
372 9180449906 3966597294
373 -11188071567 4129585808
374 7547111103 4679053361
375 8750596614 -11465683932
376 12069141288 5513601949
377 6388090705 -9093630619
378 9187355298 3968753237
379 7318167116 4671683713
380 2065350915 -2092798250
381 8912689242 4822348192
382 393657681 942235485
383 9422489505 7027497856
384 9739415488 4141112813
385 6459549102 -9093630619
386 10089434470 -6788311276
387 12731391840 5977849079
388 5744569275 -4009175422
389 2808710556 -9766265521
390 -6950489198 5424982895
391 -4044092430 6351511352
392 10650352861 5057087076
393 8644385863 4992341538
394 9423624833 6834694040
395 7611329768 3909614379
396 8850568088 -5067019683
397 7975941712 4777420225
398 314421987 -4173331540
399 -8452531350 7156805099
400 7447945029 -1742050387
401 7530896264 4384780323
402 6818620777 3416026030
403 8076199321 4758046856
404 8389484874 6592709569
405 7464031131 5049581765
406 -915261191 10651050190
407 9356210399 6875421239
408 -4335426244 7075813358
409 7762971623 3956958720
410 9167351711 6821866464
411 1493718852 1419571127
412 12588489680 -9093630619
413 9047902069 5382841582
414 1157595848 1629746582
415 6936382324 3620448305
416 -2860762425 5949543219
417 -10775850247 4359379914
418 5762420004 1724033544
419 9346553622 4018456795
420 10338244305 5144479769
421 9693961531 7313335437
422 -1106862453 10497327406
423 -2177587746 5835638315
424 8506073083 8730367592
425 8961668535 6815330775
426 5567527209 -9093630619
427 1824170316 12496959506
428 8906863524 3881180461
429 7587378153 4225453441
430 8327366779 -6022341788
431 7727933075 3946019280
432 -73606129 12676040555
433 245351593 14898168991
434 8417436471 3728375674
435 -7166248332 3150387989
436 4119704320 -9093630619
437 7592321265 3931967341
438 8500791420 8586697855
439 10010950704 -14349537271
440 2286740993 12217355592
441 9772423642 5274456321
442 9977976189 4215594224
443 -7449076809 7432972439
444 1964953206 1371559923
445 2279738302 -9093630619
446 9643282993 4111099137
447 4246559365 5944385041
448 8181902545 -478913710
449 7577895706 4840913379
450 8191700479 -10186857215
451 10869472620 4493929721
452 -1308992315 7045493907
453 7578497995 3899363920
454 7567452134 3895915274
455 5705395956 3238383376
456 8733203071 3826961658
457 9166143636 5217102608
458 7868030813 4219371530
459 3226694037 -1005616565
460 2808710556 -9093630619
461 5581308365 -1248308826
462 3410322430 2165096756
463 7512541982 5006497777
464 5914562836 -4013665403
465 2426685408 -460785659
466 82612208 -606235236
467 12417134950 4977127801
468 -623461603 8372575978
469 3112309297 -9093630619
470 5890115677 2209218896
471 7807687183 4427358864
472 930111262 1719748435
473 8377941231 3716044803
474 10469530463 5343947710
475 8476645926 3746861551
476 -7987486352 7832908399
477 7696251956 5297811320
478 6697181563 -1148399714
479 9845783818 -9093630619
480 9057795594 6783583986
481 7746047647 -9093630619
482 9631572098 5286630003
483 7018356498 3724481265
484 -3326378255 6616784616
485 8872119741 7128056422
486 12242004462 4922450037
487 413680830 -644644837
488 -1352081336 7359616399
489 10001394720 4766829845
490 10396864236 8014301382
491 8675013009 5850817953
492 7396405920 3842512668
493 3076007027 1104424249
494 -7401062129 -286170736
495 -683438010 10120608737
496 7998339855 10386156319
497 859391587 -9093630619
498 1979695124 1666349102
499 7552565585 3891267521
500 8874850092 4008400051
501 -7124504299 24858602345
502 6775060284 3655202355
503 8960585551 5672503321
504 8975841485 4999907615
505 -7532403691 556272417
506 3560406671 514061661
507 7414020033 4701632939
508 7242637076 5728163266
509 3687095381 2674401245
510 9675439946 3273186247
511 -652874265 10050674930
512 -7135853395 3539447035
513 6684386750 -361168576
514 8707982393 3919107406
515 3098375604 12699688857
516 1372814580 -29719150
517 -74092816 -575379203
518 -325054409 9375467326
519 8334501794 3702482508
520 7686626457 4196393354
521 9821786328 4461442162
522 1479892419 11752567495
523 947812515 10544180019
524 9344068434 4519717670
525 1488251101 -1527138517
526 2411017508 2081876675
527 -5628884261 -9948784491
528 12692169807 5420899422
529 10830385101 4288763903
530 7859256892 4150960038
531 477281192 971931130
532 7212062192 -1441787723
533 -11207227592 -5512040294
534 680110852 1442426980
535 7394251539 3841840045
536 8747956571 3831567872
537 -3353758024 13429638651
538 -7035839586 6630837375
539 8487668648 3750302972
540 -7746644704 3619767833
541 7279072634 5085788802
542 9720881480 4987032470
543 6243164414 3479064361
544 10276422904 4987760019
545 7517331464 3880267021
546 6366950731 -4541688600
547 10032670080 4232670289
548 7167078760 -7842390060
549 11108960965 4672649887
550 -544836509 -2188534606
551 7388029426 4257255564
552 11823860898 5319324883
553 721142124 9860621308
554 2808710556 -2261652139
555 9670743451 5992748526
556 7369493261 3834110224
557 6810899620 3659710829
558 7627540034 4080182652
559 8594083436 3783526900
560 -856958861 7668382069
561 -2624574243 6066868929
562 10198677132 4201200256
563 12137682732 8621944237
564 -3495750890 5413352586
565 -7312424591 3668479012
566 7223461928 3493017162
567 9611279940 -13435038817
568 6241703293 -9093630619
569 -864189382 8379103624
570 7455316087 4628937009
571 9065387356 -9093630619
572 7754748867 3954391480
573 -7098135150 24798266319
574 -944112865 12608907536
575 8695133521 3815075905
576 7555660094 4592441977
577 2241980328 12612184098
578 -3949527449 8362429147
579 3621521026 -637160067
580 7994842009 4024397758
581 2808710556 -4035668705
582 2090320101 -9093630619
583 9163049684 3961164743
584 11638134001 4733914694
585 -7131381019 24874337171
586 8566539008 6731598040
587 5331186860 -9093630619
588 1432526093 10691937902
589 9034901159 5451975867
590 -7520096427 13865683246
591 -1180032643 -955414248
592 8947469681 11229403793
593 8498481645 3753678915
594 1427542584 1498807444
595 9370957071 6995957968
596 8936975701 6610571822
597 8966613954 12166640420
598 9388496375 4031551807
599 12654503524 -9093630619
600 1045646541 -73340030
601 7308467919 -9093630619
602 -2295165701 7920504963
603 6275367261 1606549227
604 6578221667 3587066080
605 753052140 1567281178
606 3390422525 -253569390
607 8833266247 4729343369
608 6447458297 -9093630619
609 10240407060 5162623151
610 8350277882 11169230219
611 6709144532 1532700281
612 9418817372 5213436993
613 -1987652305 -6511058673
614 -12772280965 2698095386
615 -3317502097 5333687721
616 9706655096 -13653269521
617 7685497168 -1592336585
618 9319869482 4846439770
619 8594890224 3783778788
620 10620820687 5921631316
621 9916595328 6121244696
622 5494807790 3248811737
623 4224492190 2770372920
624 -405368134 13459922609
625 6033572213 -214095569
626 7149046538 4609064138
627 9394775087 7389566829
628 581684659 11028852442
629 2718664609 1139620246
630 9512160248 -9093630619
631 8394095076 3721088220
632 8453827041 10959634460
633 10071206694 4244701866
634 4615937885 -3068767667
635 9779629684 8923972086
636 7385629007 5905710226
637 7463532960 4906352265
638 -6257490044 16017226346
639 478995779 805903970
640 10154258217 4270631512
641 7770119881 3959190489
642 9243084324 5819326310
643 10473972138 4842133430
644 8081874338 4701877739
645 8529442507 -1019704157
646 6301096282 7556217546
647 -478060513 12078855263
648 12047280871 4861655079
649 10220807548 4817721022
650 1276963160 2070464042
651 8294932263 10120228152
652 8400551781 6714751919
653 10153864154 4866589681
654 1399859631 743441136
655 8112265619 3290274860
656 11530285182 4802921772
657 10417508882 7892628352
658 8770851476 6133584461
659 10361496770 4948917866
660 9401712687 7387407984
661 7755404745 4149211347
662 4888155190 -448676133
663 -1651547940 12106604385
664 1461805680 13586625405
665 8850406592 8264628710
666 -6568015 -9093630619
667 9985250971 4217865494
668 2450237537 806930742
669 3687998451 -1432101744
670 13946642032 10259423619
671 -6560157263 3752868995
672 797649377 10622745847
673 2104433724 12340505282
674 -2061595782 7042122982
675 7116980704 9324687386
676 1322365846 1767231740
677 8906010910 -827323801
678 8836594841 6913084567
679 7571767783 3845941151
680 -7310625900 3663775787
681 -7124504299 24858602345
682 824002520 1166170483
683 -7106617224 24817674402
684 1867808433 -2298500647
685 9410636342 10874224372
686 9463891275 647838392
687 7616994884 5222623150
688 -2760858639 5678560464
689 4986997041 2657352806
690 7766292232 3957995453
691 9835554549 7343505606
692 7843038043 4102140913
693 3195998067 14045427985
694 -65248489 -124234237
695 1396352443 2345980548
696 5178075140 6002967052
697 8382883314 3717587778
698 9876584054 4378809936
699 7032466981 3743502690
700 5748279466 -5757963090
701 -13765699060 -2223376877
702 1140893160 11163751646
703 -7553903326 6956997670
704 6398267400 3119585827
705 9260472427 -7429221828
706 8676965647 5470107604
707 6646085475 1799096589
708 2739223084 1222576204
709 -289107883 9218330351
710 2772540438 -1237189059
711 10470740761 7715482702
712 -7315445592 3668140113
713 7614387727 4366946828
714 -7102440371 3822495288
715 7306162199 4952217387
716 8924698399 4524117822
717 -2359586791 7632244020
718 7918951549 9524838832
719 7980069546 -9093630619
720 9597211189 -13402847692
721 11091558367 7839261208
722 -1612170382 11547738213
723 -7027819023 24637373915
724 1274380387 1844863888
725 8746661281 3831163467
726 -4889977678 2857432469
727 7545903923 5030949229
728 449015951 656747419
729 8573834556 -9093630619
730 2681965789 519652315
731 -9896943451 3174359540
732 -1635406497 11542731072
733 6988170554 3705781515
734 545324187 1038693423
735 -9960209615 -401697659
736 6916064837 3679477743
737 -6927570715 5259817186
738 8216775552 6580534094
739 9934001027 -8444727356
740 -7168712355 7755531510
741 -2283785312 6248143973
742 9842972768 1127324014
743 -11745677921 -6410442617
744 7232831209 3791442751
745 6571007651 -9093630619
746 13002855477 5159996524
747 11174068315 4589028020
748 3329754698 255503274
749 1042012271 1491201444
750 -9648875086 30634689542
751 9644912617 7244327241
752 9523917345 4073831801
753 9835394709 5656444157
754 8178191842 -723534035
755 8682517158 -11309909322
756 8617968934 3790984228
757 7596754765 3322339902
758 -7124504299 24858602345
759 10438630168 4829342334
760 1401373339 1668278679
761 7507006993 -8620189870
762 7698301176 5133387936
763 7505884417 3832875096
764 7883341618 5348612038
765 8987662153 -692648564
766 -16337172523 6211388336
767 -7194022728 138678864
768 -9104109696 6849159438
769 10840345610 4484835931
770 8372430098 3714324164
771 5090014559 -9093630619
772 8992448343 4724468895
773 9461885106 4222418118
774 7648067519 4919770792
775 9436012115 6791139383
776 3187255591 -9093630619
777 7071929398 5479087092
778 10153591842 4270423462
779 10230406394 3726935734
780 7559121432 4864017393
781 -9874874050 -3523829217
782 8808565263 6928172769
783 7829596871 4456438564
784 7726157210 4520635507
785 10502773121 -9093630619
786 5797846425 3343423904
787 10755897324 -9093630619
788 -2375410700 5912000720
789 7413252324 -8405667048
790 5194314005 -2924679556
791 7582002571 3706379526
792 9390058849 4297615567
793 -7342237384 2752417957
794 4991767465 -9093630619
795 5228936088 -841806478
796 10273879567 4992642586
797 3733972118 -9093630619
798 11801638237 4943753918
799 9939136173 7030732594
800 550616132 11145724887
801 -2271086883 5964967975
802 8736203777 3827898514
803 -3570216586 -8938280208
804 8312603602 6695555965
805 2539842563 -7982185444
806 8337115943 6425219222
807 6315438429 2138277973
808 7268345110 4177442314
809 5281085846 -9093630619
810 7731505778 4983540822
811 6761470533 8513151351
812 7348749353 5913449488
813 4806813045 2601097278
814 -7963337448 -954282157
815 5081622194 -635262474
816 2768518610 -36721127
817 7591166152 5967408590
818 8963744281 3988356329
819 9407756532 4037565051
820 -1147765415 -9093630619
821 7429886968 4918929274
822 -2509449300 8106496639
823 11284872682 4930759734
824 9463374678 4920293245
825 8361835968 -711521714
826 9060612465 -9093630619
827 11692394250 4750855372
828 810960305 771295227
829 9729142067 5103468238
830 6669359357 8021279011
831 18685735124 7367087995
832 -270529555 124841964
833 2073053714 -4156624141
834 5088742472 -4895407714
835 9097988223 7037127755
836 -3981602173 4729877832
837 2942491193 -9093630619
838 -6381644151 7041427025
839 9420800481 3966070909
840 2689327453 12280294514
841 74911587 686397579
842 887689414 378945027
843 9629025592 3358064751
844 -8483207645 2742458843
845 8561219836 3914845376
846 -367304435 11205792350
847 10160025968 -3900430404
848 3681514801 1785472371
849 8174443671 4514362977
850 -7188481302 3682383074
851 1154754290 13435568641
852 -11462754297 3120368145
853 7260758546 7040853580
854 3621953704 1615038938
855 360711047 12918080094
856 6632866967 3870192113
857 -3555273246 7808948059
858 -7004231571 7239944630
859 7244330297 4933230731
860 8907538059 -11824786278
861 10852696520 5172547001
862 9500868557 4066635702
863 539175916 262870796
864 7994827095 5087445771
865 -2167667080 8294176294
866 -111198945 10372388962
867 -7480795433 -239216798
868 -1628125183 12511962277
869 8572447818 5319362841
870 6496089910 3212712272
871 -5025078132 6455363145
872 1895095850 -1277661090
873 6352685130 7959436083
874 10306479151 5859458261
875 3750714161 -1542717438
876 8975819495 2068559423
877 2013529112 1876708346
878 6648153688 -6655022309
879 7568542911 3896255827
880 7876396571 9584702702
881 10812385420 6874721917
882 632044888 21594774270
883 7734593318 -9093630619
884 7521549221 7772149273
885 7328463304 3727042468
886 10703558741 8173382437
887 -3034970292 6719826031
888 6842814177 7925215997
889 -2948603423 -11417671847
890 8061038596 6554420676
891 -2002378145 -9093630619
892 6869033950 3977394525
893 -754842779 9056964895
894 7781413794 4545037819
895 11951457759 -18789668655
896 7155420143 9327774674
897 8670638823 457261070
898 1542373026 11360637495
899 7724550111 4445203123
900 9067698223 4605941485
901 8747733570 7002364194
902 -3828912874 6680276175
903 10198631442 4284485346
904 4352386803 756269661
905 -3291246322 16087611792
906 8455644729 6684210124
907 7500314795 7853894479
908 -502989723 10726364217
909 6671774678 -652463266
910 -7124504299 24858602345
911 -7137531796 7326987520
912 7830284824 10078392819
913 5665517737 7287477640
914 14499754706 10659641657
915 8544334277 3767994636
916 7353292329 4198215427
917 12277672251 1913922679
918 1777459560 1012488244
919 1084111788 284912335
920 5701407948 3313314696
921 444217918 995807518
922 10143052275 5135715226
923 6407677034 -6104780591
924 10390703450 4344452448
925 9414130466 4039555067
926 9743825904 7166100003
927 8584352233 -4887553201
928 9741349485 5460323813
929 4300902154 2443146047
930 1911068472 11472087593
931 9682085517 -9093630619
932 9987142600 4917521213
933 8810517595 6610182533
934 -7364136953 3662677875
935 5317570950 -1712376387
936 11755874498 4770674640
937 -2856343900 -11469017638
938 7530867089 -8674784858
939 -9186507611 7935782995
940 7653818034 5415970416
941 4102053677 -9093630619
942 -2268500855 11111436125
943 10571452662 4400884443
944 7213043399 5856018654
945 8730764218 5612345248
946 11045331298 4798817565
947 6121519576 6304796901
948 -8373329194 2800536785
949 8962200277 1538918986
950 9746199311 7318705905
951 8807917396 3850288335
952 6643897803 8785158083
953 -6750498606 5258455326
954 8387971781 5087805719
955 7960604025 9098204664
956 9915919764 -14132094178
957 1766576609 1650353062
958 13071852890 -21353277775
959 12375977320 -19761024374
960 7654149754 4557640885
961 9113529018 7172373133
962 1851339990 14612017462
963 10373206064 -9093630619
964 9427918526 4678630595
965 -1307374917 8177016887
966 -4687364880 -10514917180
967 4122101715 2377578506
968 -10216739980 3342670462
969 10017047637 4280455675
970 6594507394 3202172529
971 8988919553 4953503918
972 7695623202 4373941974
973 8475336247 3746452654
974 -7163829465 3054705022
975 -3072571323 6913505344
976 -500513648 11458987131
977 10218402638 5304087236
978 8994117353 6181069114
979 7647883760 8280317526
980 3496037073 1926891930
981 3520628188 536306486
982 7534464455 5237435638
983 12238490887 6174175100
984 7584994832 9624285561
985 8825252511 5458325992
986 5243443762 2098319225
987 -4802297085 19545091578
988 9859582925 7150709879
989 1296966528 1899497905
990 8537982032 5986306229
991 13092734300 5489669354
992 -7132995803 3611743557
993 7539959748 7067542039
994 -6777066401 7167510970
995 -2943993521 15293052424
996 8110413161 -221374629
997 -2573656273 6877190183
998 9044356221 3924107271
999 10321772788 7910775387
1000 -8427542045 3876931839
1001 8897297861 4788898525
1002 7019460460 -690680231
1003 4132594113 -1282107615
1004 -952788727 7963370175
1005 5571529256 7621506066
1006 1174353526 10919350949
1007 6556321874 8095205569
1008 -3675421163 6178523457
1009 116965230 765897615
1010 4539759994 2517720227
1011 -6490428326 6694946782
1012 -2891046668 5928418587
1013 6222827768 3476107995
1014 -7145525403 3271774843
1015 10176813374 4277673492
1016 5905445620 -5343154647
1017 9425338625 -7677797072
1018 7703442275 3938372969
1019 10550949899 4521774431
1020 -2935786452 7242637490
1021 -8228894355 -191215755
1022 7450155747 6052939084
1023 6080604509 2331406411
1024 13449983071 5299594931
1025 -300432271 -498188262
1026 1788580163 1617677694
1027 8255654640 6451768624
1028 10072519963 4883912651
1029 6160685228 3456706375
1030 1464059678 12840901449
1031 528740090 599972658
1032 9350601987 6950888254
1033 -5716352081 -10707912809
1034 8815342680 4305232771
1035 -2730615779 6899442209
1036 9519680203 4072508916
1037 4282198308 2359395373
1038 7226029262 3767552374
1039 608637319 58396779
1040 5164845572 -9093630619
1041 7677440622 5115418947
1042 7092594101 4631143933
1043 7785642844 -9257744771
1044 -7026725247 7247116941
1045 -1027384205 -967853221
1046 7773345013 3960197412
1047 6355134831 3237029210
1048 -1348321737 7036605130
1049 9033733075 3920790602
1050 11766505969 5203862706
1051 8925412347 10484554390
1052 11471644003 6305449132
1053 -9003627991 3478758388
1054 -5151159965 6880635638
1055 7688507696 4589325163
1056 6677667160 -737823617
1057 8380190884 3716747171
1058 11349487917 -17412283718
1059 6736441041 -6857035203
1060 7824887581 4172985046
1061 7450391346 4452954554
1062 5584280461 -9093630619
1063 -4845798620 9038006596
1064 9361279809 7245158726
1065 -1854237338 7878372170
1066 9219285161 6852543052
1067 7281585755 9906111164
1068 3092957742 -1003372130
1069 9296014814 4259274558
1070 -1066299067 10996644405
1071 -1937824972 12990808513
1072 5012932283 -592621002
1073 7319969398 4358731412
1074 10081066298 7320323360
1075 -8865502747 7833427704
1076 8942450061 7153258428
1077 -2681680088 6788373698
1078 8740283302 3829172189
1079 2808710556 -9093630619
1080 4526829295 -2911601167
1081 11481694116 8500236964
1082 7223536439 3812701301
1083 9856545855 4177682269
1084 5950945245 -2835551364
1085 1447153024 631313573
1086 9405193351 4417982721
1087 9252434741 6860134768
1088 9045850053 3979425964
1089 3866434249 -7358736257
1090 9818376963 4591313484
1091 7837210782 -9375738890
1092 8801227250 4108143556
1093 6309487379 3503164128
1094 11558796080 5900677783
1095 -7205053889 2451534942
1096 -6819905411 -10267163685
1097 -729878047 8039623343
1098 8905536891 6758120182
1099 -3667333632 13657532281
1100 7815683705 4775422574
1101 44345280 -9093630619
1102 3870158448 2308662879
1103 14252224618 5823375699
1104 -1364654170 9844934530
1105 435955248 -9093630619
1106 -7125629850 1761765578
1107 -10068579665 -2989366487
1108 -7108298487 3691378050
1109 9594379223 7613673477
1110 9410775852 5167702070
1111 9965732561 4211771621
1112 7730690182 4173980649
1113 9026969410 4888452082
1114 -1892205749 6209569108
1115 6352855754 1972098342
1116 8554851842 3771278342
1117 -4375912515 8124324798
1118 9934860266 -1732670921
1119 -2886122852 7230329837
1120 7093656341 3747990747
1121 2863913816 1719529662
1122 9880911121 -14051989870
1123 6751284347 -6890998610
1124 8919371274 6339746405
1125 9412028715 -9093630619
1126 726294913 512738269
1127 2808710556 -4982874564
1128 7739420778 3949605874
1129 -8429502822 7150069197
1130 3441347128 2663744178
1131 -9556889798 8531363983
1132 11183992000 11467767582
1133 -7439520734 7494395687
1134 9905884681 7007127126
1135 7171218685 3655043388
1136 6520978723 8777096891
1137 8922740831 3886137539
1138 10040104071 7455204251
1139 8479830267 671068964
1140 11025086042 -9093630619
1141 7801468775 5066126063
1142 5238335340 6107271469
1143 7914288335 4299705781
1144 1907618057 -257553879
1145 -6955954362 7224551007
1146 6718054788 3585324041
1147 -7140337746 7545922701
1148 12011824550 5710691940
1149 9789682897 5064434520
1150 5164217711 -767146314
1151 -3862588128 7795977914
1152 8642858736 6761677552
1153 6003825153 7654584724
1154 3451981472 -1015823554
1155 7447237907 4919002359
1156 -7612368515 1274554813
1157 -7674868620 730637428
1158 -7998987276 7605619725
1159 6877051436 3360654239
1160 10824859192 4480000893
1161 10381288038 7388603223
1162 6045682454 3866879002
1163 8509517629 6769496397
1164 -473632166 11906684656
1165 9605557309 4099320742
1166 -2562018579 6459919981
1167 9132206806 3951535240
1168 8159277764 1862388894
1169 -2596088653 9716490908
1170 -6038417439 22373494992
1171 1155460979 10401803554
1172 10098263153 5161769068
1173 7777645718 3961540142
1174 -3047623394 5978344486
1175 -8735417672 3508846448
1176 4475766323 1561005434
1177 -8312620060 7657136081
1178 3500026326 2193103350
1179 3439111323 2174084981
1180 1864692313 1924726863
1181 9282212930 6997857555
1182 7946418228 3639813233
1183 8688049467 3812864181
1184 3083698032 -1829266896
1185 9484983376 4293178397
1186 7937710929 5261369950
1187 12220708430 4772804729
1188 7528223960 3883667784
1189 -267204777 11264453218
1190 10593994256 6006521374
1191 9936505144 4817823282
1192 10574198647 4401741771
1193 5561682916 -9093630619
1194 2590252413 -6654400812
1195 -7124504299 24858602345
1196 9808501430 7161479354
1197 9117535052 5287969281
1198 8767021091 7015046727
1199 11194123439 4814159977
1200 7273197805 5278857358
1201 127290051 596504236
1202 10266298253 4962544414
1203 8997023182 3909329349
1204 2270881652 15157195703
1205 5248478054 -356628486
1206 159626613 438338124
1207 1978896512 1239783424
1208 -7207310098 2515908842
1209 11475466470 4795581889
1210 9822774096 4071544399
1211 7634533922 4434125200
1212 7945592503 6805946653
1213 13257992058 5239653116
1214 391814212 911790096
1215 503346517 1015819878
1216 8970668680 -9093630619
1217 3254847351 -668125540
1218 -7063228703 3696434016
1219 7960964867 -2359342313
1220 2160715203 1282862214
1221 -1601834631 7288342542
1222 8252622782 6490826754
1223 7731076882 9976666429
1224 2987443355 -478474582
1225 3118491419 -9093630619
1226 991736188 1614646473
1227 -12934175003 -8019346759
1228 2526369682 180214510
1229 7129580197 4058027700
1230 -1928493515 8986701725
1231 8570144076 3945774732
1232 -7176269531 3437908271
1233 10786077612 5200322625
1234 3036061256 2048248089
1235 1220357299 -62541916
1236 7683525539 3932154734
1237 407523815 357012128
1238 5952782759 8104404008
1239 7108617746 5015885804
1240 6526429725 362361327
1241 -7124504299 14989888168
1242 3593704433 2222350738
1243 8479655133 3751434231
1244 6816280516 3419439124
1245 2808710556 -9093630619
1246 614245608 865857985
1247 3518516593 -882841489
1248 7775452937 -9234428945
1249 836388157 1414752237
1250 9666966182 6441660476
1251 6555676015 8490672581
1252 -834610770 9428120077
1253 -7786916980 3615250055
1254 7669096485 5504632480
1255 8752042254 765711156
1256 10123257559 4260952748
1257 -7111807313 3769681698
1258 -7035059 -500858525
1259 9941957816 5819191161
1260 -7144423696 7332833579
1261 -1283414687 10162164729
1262 -8443753472 2447828614
1263 -3263088784 5521817423
1264 -6765206699 7145989563
1265 7797572637 4199250996
1266 9177297828 -7303816219
1267 -2483809878 5637481643
1268 -9668727341 -2031076641
1269 7595354333 3897312221
1270 911427809 970013644
1271 7678023168 4696986009
1272 1712747862 1977641265
1273 -2111816433 6802171088
1274 -243367598 -9093630619
1275 2808710556 -9093630619
1276 10133175385 4883972401
1277 8807524222 3850165581
1278 6915082793 -4758189777
1279 10340117803 7215713921
1280 -6608224354 7183021006
1281 -2181600193 9501715413
1282 8408264540 6795730941
1283 -904703134 8231513323
1284 9309164741 6979664253
1285 1625401162 10820039818
1286 8967321252 4957794498
1287 878115770 1610428732
1288 10955997632 5387786708
1289 90644240 9222868701
1290 8997063233 3909341853
1291 -7402267770 8639649793
1292 -5991681465 6917083911
1293 6768071478 -2617377912
1294 7599247210 -243908656
1295 10158588957 5340737690
1296 11125580100 8251449507
1297 11511499511 4694377942
1298 2249202665 2131350140
1299 -2739397937 6134040705
1300 5832430002 8110943516
1301 7459474104 5963808060
1302 -2343042200 9369389338
1303 8641038082 6766180907
1304 13060405857 5849723758
1305 1457226321 2120334652
1306 7145653091 3478745904
1307 8498567227 3753705634
1308 6487148775 8691306495
1309 7783301792 9910369955
1310 6780982540 -9093630619
1311 492495630 13743102566
1312 -3815055462 -8976271356
1313 -2065749493 6521088304
1314 9658819269 4115949742
1315 -9053499920 7893372295
1316 2484402871 976443237
1317 1167409114 11713544635
1318 -5368811881 -10089230987
1319 4670624763 -197729520
1320 8997300439 3909415912
1321 11486751268 4686651254
1322 7620731725 5415791506
1323 7265080792 4554855147
1324 682919087 9560944216
1325 -8076722885 1612016064
1326 7575941272 5711568947
1327 1643657189 11333072810
1328 8873504121 3870765269
1329 4399731050 3099681715
1330 1992721717 1657577519
1331 -2220676730 7253723574
1332 7257036075 -8048224045
1333 5339562108 -1658576921
1334 8495218262 6133309567
1335 9164431859 4229508221
1336 -4634660210 13494919631
1337 7067563759 4303448181
1338 12035407881 4857948195
1339 1415085940 -627666100
1340 8145761030 -601360186
1341 9851453967 5604139117
1342 -7106966311 7237051704
1343 -2126184516 7071188893
1344 -4993307981 -8545801183
1345 -7306969726 3669090943
1346 1154363772 1212141090
1347 10313176224 4574738110
1348 8499680012 -145864654
1349 -488548682 12123392369
1350 2166545228 -182162148
1351 8370983701 3713872582
1352 9676633845 5543640571
1353 670152011 1166194792
1354 -1806746028 -9093630619
1355 8658050753 6593715390
1356 8080581009 -9932601480
1357 8335570948 3702816311
1358 2279336283 -437453904
1359 8804797453 3849314253
1360 -5691699326 21580159058
1361 9660000108 7124490833
1362 5501054066 -9093630619
1363 8984673167 3905473531
1364 10010030978 4406266435
1365 3031530907 -9093630619
1366 5909204359 3747813679
1367 8751424283 6947275804
1368 10477345783 8145501747
1369 533934229 1223095102
1370 -4427315794 18687085835
1371 6282133267 8484637312
1372 9200600977 7141835346
1373 9628301742 4193368232
1374 10784739213 5363769258
1375 -864915799 8143671978
1376 14046821662 -14645788592
1377 6695302266 -153661903
1378 7932369787 5345275977
1379 8840060900 11697495544
1380 -773556282 8689298269
1381 -173685344 80544812
1382 8816527782 3852976597
1383 9864521097 7383749562
1384 5926524276 -6842686403
1385 9035275850 4685428544
1386 1378671422 10793679897
1387 8634943995 -9093630619
1388 7538293886 -8691778330
1389 10262763335 8887263177
1390 2808710556 -2289205639
1391 687687813 9810787446
1392 10830732327 14439377830
1393 3917465970 1067899620
1394 11365319646 7724376592
1395 12094219073 5485065280
1396 9013194431 3722247200
1397 9968463080 5338332925
1398 -9560995567 3823241166
1399 8799606200 -893171476
1400 -196648365 9601182023
1401 7958522795 5460188074
1402 11994894037 5692566800
1403 -2517372637 6117322132
1404 1105178704 12377809905
1405 6787974989 9251395596
1406 -7146306426 2389090053
1407 -2331049083 5956920408
1408 6101549469 -9093630619
1409 5832533793 -4788778390
1410 9228997655 4781181851
1411 8959916668 5892403978
1412 7876585275 4121106492
1413 2808710556 -1294083908
1414 10204661939 7327461815
1415 9312020333 4007675103
1416 4540069418 -1831452560
1417 -11672688672 -3813696251
1418 -5064774823 -8703558466
1419 8696884410 4204791487
1420 8587279067 3781402497
1421 2725557152 761244065
1422 -7296464676 3670269408
1423 9194686384 7297437238
1424 10608086125 5531123856
1425 7408739764 4914692280
1426 -593017205 9913714228
1427 6370371821 4950022237
1428 -8629511670 7221359756
1429 -8705403239 28475903802
1430 -2180726678 6727111752
1431 6047914777 -5281597966
1432 7063717682 3738643552
1433 6535075118 3232155272
1434 -787638774 10359033575
1435 8933638129 -9093630619
1436 7995019468 6481123152
1437 -7119768170 24847765468
1438 2240749719 2044312510
1439 6469432577 3402726383
1440 8692015380 3814102385
1441 -2381617892 5587402760
1442 8714622319 6624585024
1443 7973578267 8432032020
1444 10492876794 4376352148
1445 5524952078 6191558477
1446 6395187271 -9093630619
1447 8942595732 3996443035
1448 -18284037086 50393058214
1449 -12541619522 2958469529
1450 8704206456 6999457467
1451 -1020648823 8987621898
1452 8672309583 6693479872
1453 9169118096 4679452716
1454 -2063353728 -9093630619
1455 11260660648 4616063148
1456 3302242435 1466587931
1457 11011608770 4863318336
1458 2374573382 562130251
1459 8626921031 -4761776764
1460 6176874889 3461760974
1461 8627081656 6705353917
1462 6295613470 -4987784629
1463 7179250419 3774714209
1464 9123221258 7197453172
1465 7381529194 5420074572
1466 6729077569 3647020005
1467 9499146821 7413243282
1468 10239136933 4297131628
1469 10122336663 7528658093
1470 8198038047 -9093630619
1471 9441105417 -9093630619
1472 -3977554799 8931372561
1473 5866658985 -1244568123
1474 8283651771 6474378560
1475 9115365278 5420152028
1476 -8992262280 7873846123
1477 -484327871 8535304202
1478 6614801384 4008934499
1479 -183070095 13145344364
1480 1247031394 1329338496
1481 9666970522 -8042114974
1482 10039295210 4234738731
1483 7312655689 5434862614
1484 9536943616 4618614437
1485 -7033665149 3810659591
1486 1866548941 -9093630619
1487 10248988028 990068846
1488 7711326115 4252630895
1489 -2584258464 5699530641
1490 6654638934 3366021846
1491 6843183542 8955539103
1492 -349331436 9356129638
1493 1944884055 11515944918
1494 7643187352 4249300751
1495 -7698919254 7724799730
1496 7462382404 4681170462
1497 6972998698 8201335524
1498 6633093973 3519625984
1499 6796054281 3404695878
1500 5744877389 -919466061
1501 7578027043 6183768415
1502 8843004269 5300907541
1503 3627787194 14534879029
1504 10320817306 4322633186
1505 -1932502923 6238677430
1506 7436865063 4445149334
1507 3278724630 2124010401
1508 -11614408357 -3625553794
1509 10280688113 4310104388
1510 12666443007 5336991190
1511 -4673943491 6496882735
1512 -1590576244 7458096490
1513 9651302149 5603855822
1514 3906349808 4822834722
1515 5645156219 -4360034239
1516 -5838710008 21916538532
1517 8765591261 3933093630
1518 7917038872 1422336865
1519 8574294058 3777348427
1520 6573792466 -6484874206
1521 972961546 1639890227
1522 12452651370 4927081764
1523 8543058490 8414040404
1524 8657196526 4994947861
1525 2808710556 -1578735544
1526 8808854011 4727164355
1527 6760472772 3643966983
1528 -6961783466 6921296124
1529 9376872684 5224692371
1530 57094842 418367151
1531 8371264786 6602582221
1532 -7080767319 7264348742
1533 -1967840397 6077768109
1534 -6048498752 7002803715
1535 2808710556 -3973611346
1536 2910336281 770268619
1537 6756393501 8273300895
1538 6736340405 9199584881
1539 7209436251 5244732079
1540 6097707740 3437044075
1541 7310029611 7755027402
1542 11380920760 4882474677
1543 9623141435 7261671085
1544 8894109367 -6876841851
1545 -7337442162 3665672519
1546 5430489550 -9093630619
1547 5136031287 7176524410
1548 7408005562 8500287807
1549 5304362412 3638173152
1550 -7669994761 7452229218
1551 -7837634946 7895912747
1552 3155877414 -98990301
1553 9765658032 4981526543
1554 8542230867 4139605985
1555 8745638760 3830844225
1556 -1963210955 9197630676
1557 7460560614 7356669204
1558 -7019769509 4034381734
1559 9800292772 4179705931
1560 654368707 1292609466
1561 659468845 730874363
1562 1748926297 11614090386
1563 7566300990 4324381455
1564 6369657422 8531819313
1565 -2541218685 6758057750
1566 9523417230 5519422480
1567 9655777951 3178357611
1568 9129238151 4823040324
1569 440639525 -9093630619
1570 11057463541 4864080495
1571 1502034252 11851209525
1572 7543720107 4765393587
1573 -9541652793 6810388560
1574 10157400902 7986437391
1575 10491893526 4376045160
1576 2808710556 -9093630619
1577 455137072 10516522687
1578 9498846968 6439478481
1579 9114813144 5235858931
1580 9469406100 -7744239334
1581 370309795 1072278622
1582 -7171718137 3514807908
1583 8441547749 -2164551958
1584 8492640698 8427845683
1585 6366643196 8241945885
1586 -258610086 11851826324
1587 -554398755 9690353793
1588 8469443085 3744612740
1589 9941815145 7368416564
1590 9942752059 4897482352
1591 8600014953 -669130922
1592 7613334766 3910240363
1593 -4751875480 -9942947871
1594 11311032721 -9093630619
1595 -1275085156 -9093630619
1596 8381913436 3717284971
1597 7119371845 3756019425
1598 14006523466 5641985297
1599 7319141658 5922977735
1600 7224112155 3844076680
1601 9274977920 4380453918
1602 9236393379 9265805241
1603 5351192489 -1727900163
1604 -1896461507 11133885669
1605 5444585955 1258837549
1606 10011642868 4226105350
1607 -4651903261 -9284607927
1608 7894033734 -9505757161
1609 -7124504299 24858602345
1610 -2674359445 5859325914
1611 10569652098 -15627918398
1612 7356046173 4818027372
1613 3098828770 13805317415
1614 4351300329 2279248417
1615 10019988776 7170891999
1616 5916448392 3156824053
1617 10005985193 7845542895
1618 8499423527 3753972981
1619 7028026894 8659874239
1620 5539262897 3139505933
1621 -2603131908 7867804040
1622 6325928972 3508297383
1623 -1677813388 8486568533
1624 6575523688 8679849465
1625 7528570266 5461976505
1626 10492469648 5823509912
1627 8779807468 3841512090
1628 -7124504299 24858602345
1629 8846478311 -6805026638
1630 8625186538 5089691047
1631 10274073253 5358498017
1632 9112910664 -12294705389
1633 7936705892 4327711028
1634 11986244536 -18869265306
1635 1072812655 644089261
1636 -2627402222 5879811765
1637 8524566587 5591953063
1638 8591840679 3782826685
1639 3210974825 824543878
1640 7813332656 5554581117
1641 9188730098 4152277483
1642 10719735486 7370950018
1643 9260167777 3991486135
1644 9927133693 5495165812
1645 6679745285 3000140566
1646 9090791241 6790177975
1647 9160061132 6124753761
1648 9530979007 2319663682
1649 7254168619 4450050858
1650 1127471224 10545326386
1651 8783340240 6868484129
1652 -440224660 9564105102
1653 1740717046 859253623
1654 11344178386 4642138351
1655 -804149008 -1394850867
1656 8487451106 3750235052
1657 9979199652 -14276886752
1658 8597254813 5135465538
1659 7891554492 5331241288
1660 7302064108 5137887365
1661 -12769769921 37775700995
1662 8677441469 3809552242
1663 9244343930 7330585470
1664 2613483081 -7655443796
1665 8982292899 4944760871
1666 8681351626 4628098618
1667 -6904329351 -12764226521
1668 8941154540 3891886512
1669 10128743034 -6494302872
1670 633511613 11633635669
1671 7309747460 4095995131
1672 7899704316 -9518732188
1673 2310707544 378699296
1674 7820094814 4061517304
1675 8760535818 4784781673
1676 4728829496 1028861206
1677 -9051228216 -625351965
1678 4958887845 -2760209747
1679 5470084364 7547808253
1680 7221265335 3288463669
1681 6062957386 3426194612
1682 -7012400996 17370124412
1683 6279559244 -213738042
1684 8393045421 1220988056
1685 -326652881 -1095417665
1686 7619391823 3912131446
1687 -1257985192 11278025099
1688 9111403466 3945040196
1689 2808710556 -1139997809
1690 5342743375 -9093630619
1691 -2677975341 6112582030
1692 12932210733 5895199671
1693 8927478076 3887616562
1694 -3284064108 13306934575
1695 7361349042 4837611363
1696 10379350103 8108906260
1697 1275713393 1935382867
1698 3137504336 2079919792
1699 6772721977 3265936778
1700 8389097669 6713305778
1701 10235027454 4850306209
1702 9545410210 4181347276
1703 -2154619987 12226042963
1704 5715926172 3289960307
1705 -713604673 8109886398
1706 2804550446 14271817846
1707 9182642136 519265399
1708 7178482392 5157047023
1709 -8734134530 7791539765
1710 7277779150 5458828149
1711 10717887019 7792911128
1712 -5446081377 -10030313093
1713 6455736934 8360973570
1714 7134560114 -1167900613
1715 10098733712 6118837962
1716 8259607218 4795644366
1717 -493990211 9687127644
1718 7141822440 3847575998
1719 6733102745 -569370507
1720 -768734545 12098040286
1721 8741309612 3829492615
1722 2770970144 1023980693
1723 -7113756215 24834009338
1724 -274382572 11344811344
1725 8799909244 4940052925
1726 5495072863 -9093630619
1727 11894548344 5679749417
1728 10104301400 4255034415
1729 9574882019 4513306923
1730 7961369729 4235173900
1731 -2578952311 15805380819
1732 7637793735 4116345636
1733 1157633259 1043903864
1734 8949559978 3894510788
1735 7065429477 2313116831
1736 10307662893 4318526226
1737 5162193278 -9093630619
1738 -3015734496 5581713271
1739 670867612 12576265119
1740 8847589014 6924611731
1741 10010950704 -14349537271
1742 9451850777 5252490461
1743 9753184701 5552104200
1744 -7143522952 1760051414
1745 13852409227 5425237031
1746 8617796464 -2497468867
1747 4861086872 2618042195
1748 12114795324 8325291365
1749 10928686212 5085173630
1750 7384946869 324357709
1751 11678287281 5240705464
1752 5040315079 -2976079401
1753 10450770267 4363206003
1754 2355586862 -1520881743
1755 8587146519 5155244016
1756 2748387699 -64852919
1757 -7126141746 3656994176
1758 8599878560 4102831978
1759 7472952139 2216766111
1760 7221259443 -7966362477
1761 -2503034255 -11853630284
1762 5944767078 2383228424
1763 11313604047 4632592689
1764 10000106504 -9093630619
1765 -3823735238 5845228056
1766 13368843666 3861474964
1767 10745582616 7253853093
1768 6305311634 7542581638
1769 7791326686 584896002
1770 -2982600460 15381390100
1771 10859852423 8345169360
1772 7484250543 -9093630619
1773 -1394375201 7132772179
1774 -3288703135 15387938604
1775 6415210093 8733757964
1776 -248230877 9124798468
1777 9166966811 3962387715
1778 7182498626 -1199493218
1779 3614312789 919179543
1780 -214571582 -9093630619
1781 5389250025 -9093630619
1782 7212073463 5224157745
1783 1904014938 -652120987
1784 5467458296 -9093630619
1785 -1870297806 12836297614
1786 -1180188643 7394862454
1787 7349353391 3875326002
1788 9086100774 6397573310
1789 1749756451 -1878585425
1790 10620169000 4416094247
1791 8097036455 4493207638
1792 8700166030 6798095350
1793 6195936355 -9093630619
1794 9053549920 6980036292
1795 -1096560946 11065887502
1796 12248831270 -9093630619
1797 10646948874 4451923147
1798 3292222809 -891388511
1799 7735607742 4159050828
1800 9469925959 4132762199
1801 -1761973438 12322683875
1802 2808710556 -6998300580
1803 4208204657 -2351121501
1804 11061596049 5966260874
1805 -5444436915 6096191337
1806 11255709319 5484228685
1807 -2485412289 6310712393
1808 1893151684 13272905231
1809 520060222 497052401
1810 1605603722 1847796158
1811 10279858709 4547832243
1812 7445533903 4009925667
1813 8753759243 5002068577
1814 10269904541 5436558681
1815 8609498741 -9093630619
1816 5068159185 -3039790320
1817 10230888907 7044171238
1818 -8250408791 7246484727
1819 2204328532 161811497
1820 1528165217 2411367819
1821 6439759433 -9093630619
1822 2808710556 -9093630619
1823 -4758097931 6523744694
1824 74647034 11392272481
1825 8296377050 6759435715
1826 5199899231 -3137415368
1827 -7174375960 2599630430
1828 9532287705 -13254294356
1829 7425936993 3851732610
1830 10572598176 4401242085
1831 -714939855 10014150288
1832 5657007865 -4387152340
1833 6401917844 8758055089
1834 -5598771016 3208494577
1835 10855495574 4489565925
1836 -7064798967 3696257863
1837 2389939664 -9093630619
1838 -4992504143 -8917358101
1839 7463246524 4187254441
1840 -7910660888 2928270432
1841 -7734358938 7883464500
1842 6607379131 3596169378
1843 2808710556 -9093630619
1844 7963321664 -5078501031
1845 -2447343019 5932255212
1846 8733990479 6778795977
1847 1716732311 2303486408
1848 8042591492 6548386178
1849 8288810873 6565687816
1850 -7124504299 24858602345
1851 1887083780 11661004824
1852 5607926748 -9093630619
1853 -1393640152 11745643187
1854 10319148599 4322112196
1855 -9189511140 -2634451913
1856 3269718881 13705875298
1857 9540518782 -13273128126
1858 7234426950 3638505914
1859 7481071700 4006428495
1860 9928599283 4478493656
1861 9172216780 11442682929
1862 10199197103 4284661952
1863 2536951365 619865680
1864 10016158648 4227515229
1865 6693318002 8923735091
1866 1882291111 11817607214
1867 -3115448102 -6762629578
1868 9354736068 7376552668
1869 7462159446 3954641371
1870 8956982045 7146578103
1871 2083438416 1630363430
1872 9053802312 5253271782
1873 379878980 -9093630619
1874 10966528281 4524231620
1875 13604081116 5347706123
1876 7982959020 -3922883800
1877 9341975649 4017027499
1878 8492796582 5943702818
1879 7642739239 -8930762820
1880 -938088308 10703281588
1881 7478708700 4256298963
1882 9976457767 5514929997
1883 -7149019308 2006425620
1884 687180060 11494757742
1885 4884083550 -2618601436
1886 8641568941 3798352423
1887 -8192699062 4350877148
1888 3091770669 1504922990
1889 130172846 11603884795
1890 2845815948 -193659106
1891 7149573563 4698348479
1892 7190860122 -9093630619
1893 7505945424 4509114593
1894 8031615031 5352265808
1895 -9690506268 8070649532
1896 -11408332 -9093630619
1897 -3308820919 6061629668
1898 7562849458 3793294302
1899 6091276360 4054083746
1900 9913994883 5709331490
1901 7792508947 5195710846
1902 -9940897056 -602082158
1903 9355741573 4548099459
1904 7673434024 4571816677
1905 9590533901 7447910053
1906 -7800634376 7511904951
1907 8993172376 6746692677
1908 9625618850 4211113579
1909 3673088892 -1777296339
1910 -2603585807 6546592671
1911 9674057892 5955540960
1912 1462038234 1785496044
1913 2329178454 536462765
1914 8144916247 6385097597
1915 7833368507 4382446619
1916 2524921448 911675142
1917 7636081360 6787621597
1918 7171533078 9419166644
1919 7131312970 3759747583
1920 1802281049 11725857916
1921 7533161545 5081930512
1922 9488807297 -7773491282
1923 8125236503 3693531552
1924 8683891929 5038705060
1925 -8179322055 7614632812
1926 9718444116 -8119723735
1927 8905946282 3880894087
1928 11115613887 7416268358
1929 -10334089093 1187410993
1930 7195065002 3783069706
1931 6215801001 8261520836
1932 1720283262 1160031087
1933 8810184224 10935420248
1934 10046382576 -14430609983
1935 8968125928 5419910674
1936 -1735148252 7013714841
1937 10034145821 -9093630619
1938 10080424434 5402765086
1939 -7797628459 7964591539
1940 7400830965 5419560458
1941 3097330104 2051356233
1942 3177242277 -6531304684
1943 10574493736 4401833901
1944 10445356681 4361515819
1945 8043092909 -9846823854
1946 639175744 11892764285
1947 9909625147 5476519679
1948 2591662519 12421683564
1949 3382828611 -9093630619
1950 6176132865 -374956997
1951 -1302879809 7077741368
1952 9199961337 7223739783
1953 8925046236 4308869433
1954 3133997879 -341419192
1955 8632837342 6744047584
1956 -6077277076 22462410872
1957 8634722713 -11200549444
1958 5565405055 7361799773
1959 5446109114 6678243182
1960 4900489372 -666315325
1961 -9622749892 -3544065031
1962 -2329558049 6695210720
1963 9334794980 4014785611
1964 8059201083 -2326315699
1965 -5414128732 -10073730403
1966 7290160359 4891034001
1967 11441667876 4925907091
1968 1129199710 2038267113
1969 8439996492 -10754990638
1970 4228809129 3023418998
1971 -5449882486 14684961282
1972 -8422255501 7692094329
1973 6613249853 9114406660
1974 8635643892 5956552199
1975 -2030520496 6230834202
1976 8317797042 6659647733
1977 8815610851 3852690321
1978 1906018504 2024805161
1979 855640033 452524061
1980 3437992159 2173735565
1981 9279623085 9898409870
1982 6430351026 8872781933
1983 -2011951920 6317490259
1984 9207476696 4327694076
1985 12067732783 5284087071
1986 8837605199 4933718226
1987 10279930431 -8966298708
1988 -11158567530 34089061317
1989 10574514884 4401840504
1990 7109782155 3574144348
1991 7708436986 3949043678
1992 9850604003 12514549068
1993 1743039450 12072303628
1994 7174761743 5051634985
1995 7067664680 9648297594
1996 7782226339 3962970265
1997 8754046390 -1075980013
1998 -2407806008 5551331555
1999 2412762061 -515261780
2000 7813033892 4518829362
2001 4036507775 -2412736787
2002 7579080308 5974208581
2003 8536908548 3765676238
2004 6833842762 3978158982
2005 -2241842862 9192723290
2006 4418455630 625338965
2007 5960418031 3394180640
2008 7689850850 4449337108
2009 2730428762 12807045812
2010 9247303321 3987469703
2011 9320390074 -7519562019
2012 5723460346 7757766515
2013 -1711686458 -9093630619
2014 8908032320 6212996362
2015 10307851867 5165523932
2016 8974450229 4686090516
2017 3239270592 13622294121
2018 -2927448841 7928813300
2019 9610024557 -9093630619
2020 7955594765 -9646616771
2021 2045823532 11576308539
2022 594248300 11364210974
2023 10623668083 7675005060
2024 4903462210 2231997591
2025 -13157711439 -7891336620
2026 10128530920 4262599152
2027 -7303665093 3495227776
2028 2808710556 -9093630619
2029 7726233660 4325916504
2030 7134757298 5505373624
2031 5502713124 -1045128996
2032 7530580209 4032028706
2033 7725265068 3945186297
2034 8599001668 11170696817
2035 7992211703 5096433271
2036 10046228876 4390503837
2037 8673199217 4107787645
2038 8391929642 10211275331
2039 7734510130 4378028085
2040 186088728 -7494005126
2041 7734509349 4657087203
2042 2467710970 12388145904
2043 1860903645 11649112241
2044 7317504569 4064402756
2045 9780424154 7494207662
2046 873638717 185216827
2047 11356565975 4646005900
2048 10506255061 8854817209
2049 9049098092 4380082793
2050 -7247706517 7349752324
2051 12951659137 -21078258906
2052 9610504265 4128357157
2053 4588349489 -9093630619
2054 11311470347 4631926523
2055 10476431206 4371217645
2056 -2418993031 8098676394
2057 344021319 967625102
2058 443357060 828343395
2059 550291650 -24487671
2060 8926690816 6007142613
2061 1485913582 -9093630619
2062 12019003574 4852826580
2063 -7587382523 3439006336
2064 653195238 -9093630619
2065 10356956044 4333916118
2066 5251719930 -3459801071
2067 4789089900 -365297219
2068 11620710195 4798047561
2069 6490786010 8924237559
2070 1166546241 2074589910
2071 -203673404 -9093630619
2072 10312052823 5924859656
2073 6798414405 -1095835212
2074 2494599230 13727078020
2075 10326384496 4198498503
2076 6882210421 3681974885
2077 7869858467 5516312942
2078 9180084800 4127873231
2079 7420230102 4952988176
2080 9540949713 -13274114152
2081 -2031991470 13206273652
2082 7542984058 3895785018
2083 7796136260 947915580
2084 -2826484288 6333379658
2085 -8525787 10596513712
2086 11678832623 4746621275
2087 9032143686 -12109900085
2088 1520553500 1739842449
2089 7650887709 1538871241
2090 10000000000 -14324480642
2091 12400347346 5483676810
2092 8626529894 2259650229
2093 8228385387 8718533860
2094 -4242836858 7337659443
2095 7297442415 -8140678981
2096 13326475079 8275620302
2097 -1914828952 7409432986
2098 4877428252 1354158912
2099 8021732236 -9093630619
2100 8412910651 3726962660
2101 8267067790 6487302197
2102 7794191600 3966705958
2103 2210193682 12255788316
2104 8659628524 6966611477
2105 8825447085 5154404998
2106 8557026664 5712387742
2107 9223190164 5448509283
2108 10083261034 5379227302
2109 11029557434 7341504013
2110 509580531 -139742786
2111 1638265608 2459540730
2112 6743903154 7413214966
2113 4595432206 -46481812
2114 5641969948 2950644502
2115 6799554652 8866173041
2116 -1332075134 7833156234
2117 10632882686 -15772598169
2118 6287682835 -2070110357
2119 8986037620 3905899529
2120 645739143 10988663206
2121 10242348860 4910935740
2122 9707360419 4312161899
2123 7879546381 4858964560
2124 5400716957 2205082266
2125 8601240081 9498160969
2126 7580097021 5967622726
2127 9250578395 4392898569
2128 7492552846 5018851650
2129 -2643045845 6792019769
2130 2984593751 2032179338
2131 2834307107 211592854
2132 -4518412105 13207214377
2133 11428841885 4722537785
2134 -3277450081 7615793748
2135 -5241294098 20549573582
2136 6210152203 3807816332
2137 556043579 11143538676
2138 7638987641 9921597917
2139 7162839601 5226000371
2140 1172768508 10375789055
2141 500294357 12944202671
2142 11986583764 5278449833
2143 5683140950 7511309392
2144 10238149486 4835139073
2145 -3533066152 6133132280
2146 7682744211 4876869226
2147 2461724436 -9093630619
2148 -17153528514 -4449622579
2149 -7103895565 7114587206
2150 7359120896 4080319246
2151 -7361488384 7414435279
2152 -280549751 10152116300
2153 6183323215 -2784560376
2154 759282381 12999846923
2155 8558802075 4316397139
2156 10091453833 4251023256
2157 6775055548 3687337535
2158 10012112006 4226251820
2159 6370326034 -9093630619
2160 7528857062 5964997422
2161 2889891270 224422237
2162 9120215329 -12311419408
2163 9561751881 4297325093
2164 8584758594 6715248486
2165 2517379137 1173866110
2166 5059077208 -9093630619
2167 14383687260 8901259348
2168 6141811023 2129586679
2169 -2757744725 12251202423
2170 -10540973428 4123978323
2171 243710076 -264844116
2172 6753339915 3641740023
2173 6972289681 8960781434
2174 -7124504299 24858602345
2175 8516230835 3759220417
2176 -12117803586 -6842127750
2177 8925589491 -11866090292
2178 -10147228841 3350468280
2179 9956690739 7843968874
2180 5865661113 -6341658078
2181 -9568926698 8018665606
2182 7578979951 3899514392
2183 8857769665 -2310959706
2184 10416885385 4625864041
2185 8289313156 6701731324
2186 -1116465830 8138970010
2187 7617981638 -1613708806
2188 8763621952 3843675026
2189 2815277229 13011388053
2190 10378939931 5248711940
2191 1401479666 730845139
2192 10887829301 -9882851715
2193 8584703233 6867842179
2194 7297325649 4299582859
2195 7482458977 4259911858
2196 -7271596987 7325196500
2197 7774106577 2737866011
2198 -367244419 -9093630619
2199 28381336 597045302
2200 11358509077 4646612559
2201 9147822879 5334675079
2202 1612434106 870190916
2203 9862917785 9497774922
2204 9942589560 7856163930
2205 7847847814 8653941868
2206 9254178396 4561234679
2207 2583332934 591003710
2208 8974833019 3902401323
2209 711914920 10322348132
2210 9804844409 4161540479
2211 10713627333 4435428672
2212 9362998602 -7583804570
2213 7401797218 5935002838
2214 8670172132 -2650537904
2215 -6749221747 16922420295
2216 11093367551 -16826247159
2217 6339887512 -5949669387
2218 610295808 -9093630619
2219 5703914065 3314097135
2220 6567556850 8001999085
2221 -13945824239 -8091034260
2222 539266422 904353529
2223 206688126 372013277
2224 1013106431 1730447584
2225 7892131135 4220348632
2226 10669587366 5716377820
2227 9388551388 4031568983
2228 6708804131 3327950120
2229 7719209245 4205312012
2230 8138247923 6381382835
2231 6894654506 -9093630619
2232 5012141540 2665203209
2233 10166231955 5052597151
2234 8913579013 4052098284
2235 2022515730 11327250794
2236 -2989772558 10314767274
2237 -2296443590 8304892425
2238 7194664823 4964510893
2239 -192585131 46928822
2240 -1778669250 7430484208
2241 8503145236 3955739596
2242 5678284336 -1360181871
2243 8649081745 6777741177
2244 8483135331 9683674697
2245 5077367610 -407770483
2246 8711756034 3820265646
2247 -2274070098 6464317942
2248 5138964207 -9093630619
2249 1419351036 1525851471
2250 -7296683976 3670244807
2251 -2254625427 -2500380621
2252 10735972262 7775751424
2253 10589204248 -15672656248
2254 -1118474556 13834388671
2255 10150622685 4342094610
2256 2347193539 11629769414
2257 12672735301 5163538758
2258 10085182782 4249065362
2259 9157414091 3959405245
2260 6781353882 3650486308
2261 8559613621 6338043170
2262 12263467024 7828742313
2263 7582070814 5317104619
2264 1874261885 1855849224
2265 8438900053 3914672904
2266 10536648328 8526598210
2267 -2085896129 6349212454
2268 10905214206 8385565993
2269 697668660 11463857159
2270 -11696071714 3610467889
2271 10474416115 7483313208
2272 10890215550 7440316984
2273 1350160991 1566998127
2274 3028111041 -151328896
2275 8623422048 4924626706
2276 9689606466 4286541488
2277 -1858448592 6337604463
2278 -7831718309 50374213
2279 11083263802 4560677801
2280 7805450802 3970221211
2281 -7327411700 3666797745
2282 9737893944 4140637770
2283 3976414686 1322067328
2284 8352118014 3707982496
2285 7720658773 3943748159
2286 7434493036 4210141096
2287 8236791282 4098811593
2288 7146819677 4210710944
2289 9347838485 6926550455
2290 -4363530173 7257469078
2291 2755072817 675783173
2292 -8636283918 -1290583881
2293 7987945100 1382590757
2294 7807282468 4961699122
2295 2808710556 -1012221977
2296 -8671116674 -1278205854
2297 2745317720 604076892
2298 5770258471 3117443353
2299 1271406603 358475952
2300 10034217890 4654875617
2301 2027874269 12722811353
2302 2533847382 13213239585
2303 6471171252 -530627611
2304 4860247896 5546037401
2305 7414827859 3640407116
2306 8627817696 4779930339
2307 -1891291863 9415679950
2308 13678516763 5370945793
2309 9492278878 2358489713
2310 9852036801 4176274490
2311 1193461384 12764145684
2312 7751286841 4230403066
2313 12697867919 5064775881
2314 -9679867798 8240426688
2315 9049703356 4285989015
2316 1083038863 913009166
2317 5242391658 3183521986
2318 3025443333 2044933050
2319 8649650522 4599204438
2320 -827549096 11994159894
2321 7071625793 5807270557
2322 7409075485 8573705691
2323 1448956684 12685427745
2324 9148785831 -9093630619
2325 2530971977 1367593080
2326 8907178459 3909029672
2327 10665432447 4430226019
2328 10000954078 4222768186
2329 12756188046 5605963010
2330 405507287 11204271939
2331 2359299432 575115615
2332 9686834881 4267134749
2333 9336621910 3991793569
2334 5527717356 3259086484
2335 -2552070398 6991767150
2336 5630362909 -1304898939
2337 2808710556 -7472518464
2338 6623077849 3867239702
2339 11123106663 8599335339
2340 -3558015941 10808808893
2341 3700725944 1440958669
2342 9169589644 4517184807
2343 8704592916 4035133787
2344 9382423023 5402627358
2345 8575544132 2402271588
2346 8545741454 7554705392
2347 10350625086 5683573072
2348 10617609842 7159180347
2349 12750198178 5232515792
2350 6787267077 -6973331756
2351 8836291919 5486205838
2352 2002391662 -6744641079
2353 10111048557 4257140956
2354 8183048867 6421153244
2355 9739965555 7376960406
2356 -6111199306 22540029327
2357 7311392312 4927343684
2358 11290559364 -17277447558
2359 918169198 256274669
2360 -16439308663 6133027858
2361 9909114143 6160183714
2362 1739488638 1485411028
2363 326308978 11254239489
2364 9989805040 4219287327
2365 -7108246409 4226996237
2366 10665632356 4430288433
2367 10194649453 4283242123
2368 8692660065 6557690371
2369 7482235239 4286807335
2370 12612143828 1148398774
2371 -5289491509 1833006176
2372 9089683282 7262768381
2373 8186448226 -9093630619
2374 6244757511 8356122719
2375 -116590352 -9093630619
2376 968862465 1411681979
2377 1267702048 1037343452
2378 7594699483 4817193024
2379 6624135632 -6600065887
2380 2808710556 -9093630619
2381 -2073900931 6492971492
2382 7263105352 3800894689
2383 7395717744 4920132947
2384 7884328490 3871753084
2385 5907049528 7131877049
2386 554156297 991130188
2387 -7142383081 -565448699
2388 -4179090712 6339123028
2389 11628811052 4731003962
2390 4884083550 -2618601436
2391 13123695523 5534198903
2392 10263883823 5103537635
2393 -849255748 10500021190
2394 5295257392 -9093630619
2395 1100379696 1057451869
2396 5637148516 -1091150690
2397 -2245097676 12786838888
2398 -11022022777 1218725092
2399 -7244554846 3676092697
2400 11272570648 4731900515
2401 7550983690 5745906176
2402 7521382076 6071477179
2403 9569564432 4844416365
2404 10069231404 5326565218
2405 6748489673 -6884604033
2406 9800809158 4457761993
2407 6515104803 -2325551472
2408 8758059899 1806136962
2409 -11801321245 -6234024057
2410 -465566204 -9093630619
2411 9615523678 5146136713
2412 9826739437 7634138325
2413 14154101016 -14807537888
2414 11562428077 5631836204
2415 1304857986 566566553
2416 447336028 10703749896
2417 7588731844 5689835702
2418 4515213222 2510056441
2419 2591404466 647979745
2420 11406926030 4661728892
2421 2808710556 -9093630619
2422 9842224870 4173211091
2423 -7121373315 3939873002
2424 9512503489 5307647941
2425 2475864839 2224935947
2426 6802665988 8144933481
2427 9133902287 8297169650
2428 9276511873 6956394048
2429 10714668793 -9093630619
2430 -7150134977 1817100179
2431 -1546014677 -1599687638
2432 -1029276008 7984510990
2433 9184325731 6830389220
2434 2808710556 -4940038097
2435 -5669570135 5237484750
2436 -6935018453 6670693954
2437 2226540447 1683312885
2438 8732958608 6959805661
2439 6671947286 3364296024
2440 7492540712 4885789462
2441 -5127999713 6354704033
2442 1774197642 -7819237398
2443 6581270608 8312509778
2444 7304818547 -9093630619
2445 9448311075 7269793410
2446 9991037847 -14303974077
2447 -7200153404 3681073688
2448 -8205775433 3452748382
2449 -559055265 13356062635
2450 7490109239 4169359816
2451 -7663249644 7450078477
2452 2151164011 1743259133
2453 8843015894 7066690558
2454 1202517306 364494547
2455 -3381601144 6449541442
2456 8243945645 5067378138
2457 8651778994 5713548711
2458 -1055405812 14232092839
2459 9306179493 6767162034
2460 7508604351 6049342341
2461 543285222 1045075120
2462 5905312076 3854187706
2463 7448861936 9389668410
2464 8693096468 4331307298
2465 -1305001106 13007481006
2466 463342845 11006441803
2467 6968441229 9101890264
2468 -1565904706 9418555210
2469 6565854844 7974603611
2470 9600499270 4097741563
2471 9510068451 4069508016
2472 8203966584 -9093630619
2473 -7106439255 3712649325
2474 2247463116 13321551819
2475 -7762587762 -9376739155
2476 -7457944221 7384614994
2477 -7343000812 25358550657
2478 -7001460684 3703363205
2479 6082211044 3076006897
2480 1633119645 2227449224
2481 11011867168 5145585497
2482 -2833922022 6350186370
2483 7163398573 -9093630619
2484 -8683967622 2449844828
2485 9374544863 7216127923
2486 934553170 -9093630619
2487 -10404777166 3345453353
2488 11293932682 5549669536
2489 4587907041 1953374463
2490 10517797108 4384132558
2491 1241290902 1938100311
2492 -2594433322 7731945157
2493 2392853458 12084186569
2494 6175253784 4800654639
2495 11580625147 5545326339
2496 1964632777 11255116014
2497 5396946921 -9093630619
2498 9853144546 -8322816864
2499 -7598969966 7429582323
2500 7394733070 3586358066
2501 9524507552 5068819630
2502 2808710556 -13566932733
2503 7770829086 5104528488
2504 1828517945 1612738383
2505 2547726664 -669371671
2506 11808127743 -5005293704
2507 7710701056 3940639244
2508 937930106 -9093630619
2509 7528992889 5201172299
2510 9556536423 4084015854
2511 8203303351 8756174162
2512 -2273977453 6054150979
2513 948581199 1228739197
2514 -6888244703 7202961173
2515 -2097637321 5902484436
2516 7165783704 5861336088
2517 2761665927 644393625
2518 10610846995 4413183809
2519 3558298457 1195874932
2520 7954488571 5131256906
2521 6714311153 8601983838
2522 9406929852 7419536394
2523 3811380040 5446202428
2524 9149942629 7147428068
2525 1420461291 11233400379
2526 8078071071 -3571409591
2527 10008485884 4225119703
2528 8126606460 6485577360
2529 9095679778 5148089221
2530 6917692223 9279743641
2531 9835969728 5206066349
2532 9163910054 6675446872
2533 8732864738 5904743023
2534 -7168216196 7301552301
2535 282564949 893651834
2536 -7106630833 5995119547
2537 8968736703 4616699959
2538 6775301645 3503990124
2539 5460076901 -9093630619
2540 3300903605 2260024907
2541 14921966567 9366298570
2542 -7576978101 7262527161
2543 -3087506347 5041010034
2544 -6238776312 3788921781
2545 2398899084 -440345215
2546 9621933974 3658772982
2547 7555257348 7932767277
2548 1850480829 11894144211
2549 8806165284 4714774579
2550 9665173555 4117933623
2551 -3117867147 7551628310
2552 -9971229605 3370212023
2553 9181797796 4914199605
2554 9852938134 4176555897
2555 28460335 10745687597
2556 6910009533 3690654090
2557 8695679552 3963272031
2558 7367500158 4868845479
2559 1206261117 1270946159
2560 9597317204 4069524991
2561 -2333722238 5764800680
2562 -8949240459 3768889757
2563 7490738405 4286466729
2564 7407126001 -8391649227
2565 8745454770 5128970842
2566 7360439662 5756623621
2567 2084390482 -264120824
2568 9382488504 4029676081
2569 7241253271 4024375540
2570 6859470312 -515719758
2571 13470302385 4374460593
2572 2289678532 1802764955
2573 10663382098 4660143336
2574 4796973789 5577836492
2575 -7359732119 -431444895
2576 -6293895628 1892712864
2577 8543521235 5382920556
2578 2675058858 12194278120
2579 7404166310 4829674602
2580 1640576198 11934701796
2581 1265769029 1468153436
2582 8661549721 3891899675
2583 8659962850 10097204234
2584 7210893252 3784593467
2585 449760389 14363953845
2586 10822664278 5223928753
2587 4011289791 -1845970719
2588 8834275740 6765144856
2589 1126859846 1135848802
2590 735153589 771953688
2591 7087987823 -7661419757
2592 5361496559 -9093630619
2593 10261898760 7022802522
2594 8744611283 4421022878
2595 -4063368140 6455924133
2596 -7843919640 1458124707
2597 10997244774 8121514220
2598 8578240570 6388416341
2599 1160270531 12373013475
2600 7438387421 4768213405
2601 7628553115 4788217837
2602 -2546277990 6256296444
2603 -6444532480 1327169724
2604 2950692671 689701728
2605 11063135540 8413915153
2606 7367939539 3855646699
2607 6540284961 3073408864
2608 -8525680055 -208592850
2609 54303995 12312146554
2610 -1208319399 7414124134
2611 7107896389 4385930273
2612 2584122841 964625146
2613 2188777807 1578429929
2614 9290796562 4346939937
2615 11604845462 4865386255
2616 7441155003 6032411307
2617 10891127013 4663192441
2618 464449447 12396522310
2619 8658643493 4077090712
2620 7358201907 3921006608
2621 4414297708 4291127378
2622 -1287364892 9752279963
2623 3607828927 2334480462
2624 11910501381 -9093630619
2625 10725808757 4449076201
2626 7442488118 4742960818
2627 8746745773 3831189847
2628 1322648902 2170841814
2629 10762403402 4490972419
2630 4252130435 1826249809
2631 1640167685 -9093630619
2632 -2157185121 6518686680
2633 8027043996 473692444
2634 5197480319 -9093630619
2635 -2041119039 7035722770
2636 2808710556 -6811581475
2637 674293261 -9093630619
2638 7502560007 3737512672
2639 7395905068 3842356296
2640 8807602581 4833164714
2641 6222561056 3066431535
2642 2703253206 13001473642
2643 3708183194 1014001173
2644 14397834867 5595525225
2645 8282900118 6420721318
2646 8488297237 3750499224
2647 4115061937 -1319624109
2648 5945443026 3222629883
2649 8851702035 -9093630619
2650 9610999403 4101019826
2651 9156801925 6746153721
2652 8189029361 6429867466
2653 9087724137 3556952240
2654 -8475516510 7604979614
2655 5475815687 -9093630619
2656 751433881 12451562004
2657 8885291514 3874445430
2658 13077225011 836791377
2659 6931200245 -941518805
2660 9116137220 7290522825
2661 7682390090 3931800233
2662 7748471119 5043245477
2663 9580201615 6889714763
2664 -5022171985 4828160168
2665 10047885740 4890382725
2666 9907579898 4438292296
2667 908447873 -460134262
2668 -2545280975 6955085011
2669 9772013620 4151290327
2670 -7833971321 7838749637
2671 8285463412 -9093630619
2672 -113765171 9415762420
2673 -2206204963 5858428276
2674 6073491802 -5340121510
2675 -5366168772 -9368861266
2676 6330710826 -5928671941
2677 622444948 1318651082
2678 5868699416 2813717693
2679 8277889531 1436068936
2680 3359716106 -744005753
2681 2680588841 729122099
2682 7689108906 4808396964
2683 -5644810470 -10045499146
2684 6785485318 8989783985
2685 5149326599 -3831302350
2686 -787638774 10359033575
2687 8945150327 7091121539
2688 1396764139 -9093630619
2689 6190601489 -6646328448
2690 10425584240 5640878722
2691 4998848069 -576373225
2692 11886574903 6395301256
2693 9324723252 4841701957
2694 6581618188 -2384129928
2695 7179792236 3774883370
2696 -2264534380 6353463014
2697 8380179907 3716743744
2698 7830275288 3047307794
2699 8840504794 -9093630619
2700 8979839591 4464339905
2701 631866974 419909361
2702 8784618202 4033694345
2703 -358378048 12378280010
2704 -7137851591 3645231846
2705 9856855230 -9093630619
2706 6524511929 202140202
2707 11053581775 7693392719
2708 3667786386 -1245224584
2709 8654018682 6850936830
2710 7587855831 10000826888
2711 11537707639 4968609750
2712 10007080473 6431356901
2713 -7124504299 24858602345
2714 -3760957262 4660196278
2715 7733794816 3947849383
2716 7365611295 3832898229
2717 -8147360945 27199030782
2718 -1609888912 11655855381
2719 6536115339 8615590739
2720 8780875809 5544241537
2721 8985828014 6684506991
2722 8246523148 6610506679
2723 9529862663 3997075913
2724 7235656688 4097472358
2725 10751463225 5459957085
2726 9343292014 4017438483
2727 7782080035 8634431297
2728 7401063775 4775645066
2729 8936668111 5525068192
2730 8920191174 4246897356
2731 -588501805 8544526088
2732 1244924740 13642442070
2733 7378968946 4883169645
2734 10661742278 6125025553
2735 8795436570 3846391677
2736 951134301 1726439025
2737 10407948088 5559566501
2738 11486019669 5396277355
2739 8563600247 -11037812035
2740 8145134274 -10080307708
2741 3824016044 -1666856222
2742 -7359055351 3663247934
2743 -8820573148 2721867316
2744 6853121067 3127798292
2745 5562616925 -9093630619
2746 8982439871 3904776270
2747 7757593925 4879985357
2748 7434053398 4455373360
2749 9203650129 9877302248
2750 -2654280449 5952542462
2751 3825226064 -964265202
2752 10231932297 5167562867
2753 7418979141 2443295462
2754 8664797366 -1506969225
2755 -8551653472 2504370783
2756 3202257238 -1112190823
2757 8842137612 4781952851
2758 8337020464 1566564759
2759 9234311561 3983413525
2760 8951700557 -11925835790
2761 -7286641967 3270061712
2762 2439370087 13042233881
2763 10250520071 5260770556
2764 9034318023 3920973229
2765 -10403137412 3321760241
2766 7104147584 5377515218
2767 10914940301 3089891385
2768 5937752958 2299751636
2769 7501778853 4201767855
2770 5187000871 -656809400
2771 -5111294657 -10220659911
2772 7289025528 -8121420054
2773 8312508761 6677613279
2774 -7284120782 25223825524
2775 8287559474 6530600585
2776 -7118822138 4053576288
2777 10909422003 5388747631
2778 4223544513 2418994096
2779 10351172775 3995398878
2780 5230428160 -3535534010
2781 2983421977 13276321193
2782 6201530351 4206735038
2783 9749572295 4148443656
2784 -682177035 -734803741
2785 4193976942 5036908714
2786 8711376074 4840503462
2787 -1537686684 7206036504
2788 6173345041 3460658915
2789 1964049837 1648199095
2790 -334910811 8343070411
2791 -7356567138 -51929782
2792 6404485237 -9093630619
2793 2015345066 -2879883051
2794 -9667487620 3697362289
2795 7019071970 3724704644
2796 -2933125604 6460911987
2797 -2676207278 5859915113
2798 7628522544 4177430790
2799 961746079 11659805067
2800 5975336630 3164344989
2801 9507507339 5514419797
2802 7581664777 -1600748334
2803 5969513955 0
2804 7359230025 5213919051
2805 583678194 712285204
2806 9675930019 4121291916
2807 -2787692149 6748759430
2808 8957157319 4985126525
2809 10651865156 5609296165
2810 11598465525 4721529737
2811 7572984354 5960298980
2812 -7503081572 842433769
2813 -3389826403 8750831242
2814 1296475727 -121246420
2815 4332778221 -1357143464
2816 11837332921 7131056181
2817 7444829249 5552854887
2818 6897583625 -975206135
2819 8987589111 -12007953449
2820 7970998304 3719717720
2821 333975145 11212409965
2822 6931365675 -1247134585
2823 6582950689 7427579348
2824 2010789421 15142136988
2825 7842235315 10062485576
2826 -49112696 -5197988125
2827 9642088264 5833094660
2828 -1828278542 6875450676
2829 10434244774 4358046553
2830 2154754896 13202740327
2831 9417751335 3886442489
2832 9806010818 -9093630619
2833 8668101944 4222224641
2834 8553104590 4263358086
2835 -8044355300 247615134
2836 8689877502 -670277808
2837 7481093499 3868953109
2838 3130933568 1424018148
2839 9191940196 -12475535189
2840 3356783740 1871750720
2841 9315452016 5637443959
2842 7662535958 -9093630619
2843 -1948107514 7529558502
2844 -116087933 434705059
2845 7055102319 9164199918
2846 -1926247468 8122156907
2847 -7344972441 3664827766
2848 8095792948 4423684900
2849 9840117688 5054110566
2850 2405840522 432785570
2851 1914222660 -17598600
2852 10349092494 5296722118
2853 9402427969 7397075589
2854 7787954728 4151945658
2855 503656782 361422101
2856 1164232151 12880189035
2857 9374983407 -12894361756
2858 11454927044 5001548043
2859 6242790191 8387630127
2860 -6340713811 7028376018
2861 8629896449 3794708136
2862 1842661918 1214217442
2863 11066290183 7590629520
2864 -8114865607 7594080293
2865 3571350353 2215371536
2866 10256296191 4744827864
2867 2262496471 -241418728
2868 10123598732 5754880572
2869 9668563893 7355525860
2870 -2927539803 7777389401
2871 10096630692 -9093630619
2872 8422059025 -9093630619
2873 2647040167 13339609859
2874 7369653278 4046959784
2875 10051122096 4338881017
2876 11696119357 6033345743
2877 10391077820 5144823458
2878 10277255908 4309032813
2879 7651140425 -37429733
2880 2808710556 -9093630619
2881 6734657530 3530454599
2882 -10424797869 -4701269467
2883 10352359147 4332480913
2884 9321865225 4793673122
2885 8005194675 4750693017
2886 -6621676459 6065757088
2887 11383444549 5052690373
2888 10073599123 5133784123
2889 12162233884 4614966119
2890 6666754980 9185456759
2891 782743287 10003133338
2892 5910788090 -9093630619
2893 -1806140069 6996387684
2894 9247204005 4021859690
2895 -7131451315 2560561466
2896 8675509382 3808949022
2897 10774615339 -16096900830
2898 8687102929 -6564730113
2899 -508463921 9720245366
2900 9773927199 -9093630619
2901 2150948430 -646287445
2902 652779254 1287056528
2903 8638488462 3213248115
2904 7378974790 5099288368
2905 280239711 -6271470579
2906 4318343528 5868055286
2907 9738913405 -13727080709
2908 2571985973 11912952086
2909 2047739795 12600871473
2910 10661826549 4429100216
2911 4476156337 -2851145186
2912 7273154956 5893087186
2913 -2505028846 7180209342
2914 -2239201646 7482890355
2915 9264316963 4992923044
2916 3709735716 -9093630619
2917 -336469421 -9093630619
2918 110267100 -312299423
2919 -1233778760 8802781360
2920 2293171889 1367240513
2921 -7751339593 7548300703
2922 2156988912 12062763390
2923 11897804522 -9093630619
2924 7518313523 4271523569
2925 9190109241 -7323132489
2926 1557677916 1839964132
2927 8605583773 6699893788
2928 16482196969 7187643163
2929 9008379041 5254369319
2930 -2111435152 5990127004
2931 3499690688 13237205786
2932 7400587103 3843818081
2933 9984623905 -14289298147
2934 -10180698608 2693631409
2935 9893820630 7686754752
2936 10209089622 7080348850
2937 -7536192011 283112006
2938 -8307949400 8213285885
2939 -11340972068 -5348313149
2940 7581541177 -330242610
2941 3737750128 2267323470
2942 10909341206 5537138487
2943 8938810477 3891154669
2944 6419986062 3537663094
2945 11522420409 7725720339
2946 7510084577 4362290460
2947 7192246885 9602404299
2948 8145170474 3764905606
2949 2844009353 209398129
2950 5549629447 3566345940
2951 12898449967 5127399916
2952 8327572541 -656005510
2953 -7123576483 3697913307
2954 7466554851 4075230359
2955 7914786958 4575518729
2956 755592015 215328999
2957 7348515896 4346044881
2958 -7234028382 3166734555
2959 5716221352 3049021572
2960 -890470754 8148146553
2961 3157997051 1816862368
2962 -8453233413 -114505959
2963 -2549801437 5819609472
2964 7294421500 3964161665
2965 2558778275 639627249
2966 -11154112464 -5198565898
2967 6819086985 8823872598
2968 2622100235 14114919186
2969 847743286 -9093630619
2970 3600981358 -1258426986
2971 -7815179269 7498522606
2972 8820002824 3854061545
2973 11399622030 4659448498
2974 8588599655 3922109506
2975 -1929002429 6669944553
2976 7075584236 3365128361
2977 8195730818 9068371964
2978 3739124662 -9093630619
2979 -14997521829 -4291967350
2980 10512253058 -15496581961
2981 8734336928 4451238500
2982 -2167937402 7349744614
2983 2113965638 11319182488
2984 539223427 915958916
2985 9418154253 4040811340
2986 5697221990 -1941296756
2987 7157657722 3996916903
2988 -7152531246 3479333375
2989 -2800472501 5667536603
2990 7909323481 -9093630619
2991 7544960224 4631992106
2992 622878450 726738066
2993 -1394577813 -9093630619
2994 7196203349 3635107186
2995 -2175935682 6564406938
2996 -3130415926 5586050003
2997 7085420934 9495889266
2998 3095405896 1766422411
2999 7434914128 -1668155529
3000 -2397300317 12989956754
3001 -1818744068 9180645132
3002 7358769005 4439213249
3003 8288038194 6327868913
3004 -1101920369 8340320649
3005 2339174150 1023431187
3006 8893103071 3876884288
3007 7916481964 5766775140
3008 10256792710 -6642023046
3009 -8452650043 -2063201061
3010 -1257038770 10920685068
3011 2808710556 -9093630619
3012 9539605796 7119896936
3013 9812662692 -8261780782
3014 3862235998 1011397522
3015 9620396602 4103953741
3016 -2202051 178346727
3017 10910636151 4528322053
3018 8189153395 4163143141
3019 9742390847 4754705502
3020 4516232686 1830402682
3021 -4289115148 7124075710
3022 3087091403 -9093630619
3023 8486395084 11364513167
3024 -3316682134 6420464287
3025 -1112446094 8271301018
3026 6886959441 9020807286
3027 8990086826 10462336576
3028 5110198328 -4958237418
3029 1944435974 -259323494
3030 9325034885 5351243992
3031 8846478311 -11685073670
3032 9664390549 4117689160
3033 7795650688 4921773468
3034 10493653763 8214259030
3035 7523103529 4119245310
3036 5701501862 7895294286
3037 9216888886 4395180623
3038 9021410837 -7068779278
3039 -2750703437 6830525494
3040 9430617771 4044702595
3041 7929681041 4465886363
3042 9132159867 4776220000
3043 8757032857 10659711811
3044 9802486446 5964639687
3045 9244959721 6950960623
3046 5170622151 -9093630619
3047 1983439879 -1032434531
3048 8940633501 3891723838
3049 1240215416 1090086101
3050 8773998615 -6695746152
3051 -2710923715 6351612408
3052 2031370756 -2785856094
3053 1151543177 827353876
3054 238094742 592390746
3055 8357893326 9293137046
3056 1848525579 11733628477
3057 4710210226 -243395950
3058 7158077814 -2496391961
3059 2808710556 -9093630619
3060 1613955719 10792154404
3061 5024402330 2185810741
3062 2280225796 13336303271
3063 9631665773 5492374616
3064 7783559626 3963386533
3065 8746070700 6600927456
3066 3842593611 2300056819
3067 9374103060 4799437720
3068 1145550204 188332683
3069 2541714167 949891352
3070 9066246082 -7136379138
3071 2830754273 12824498609
3072 9207083445 4633726141
3073 8816555547 6608616505
3074 -7135907498 3373083504
3075 -2635553823 6113758998
3076 11525684630 5698245550
3077 -4866057123 10799917691
3078 9469751835 6914959587
3079 8568865330 3775653515
3080 9723507918 4685765739
3081 -7295679168 3670357527
3082 -614553181 8750496028
3083 9809311997 3429964689
3084 4067462457 -2020900636
3085 9734054648 5008895756
3086 10673867844 4432859647
3087 10784617283 4467436903
3088 9565001663 -7888372520
3089 8544723070 -913687617
3090 -7602273570 -697155268
3091 10278275965 5118073461
3092 10416880679 4278609729
3093 9414453778 4592512459
3094 6460138772 -6224819839
3095 468158512 953788039
3096 -8242753876 7420332225
3097 1793712876 1864860097
3098 3075949092 13123540518
3099 11664956871 -18134117530
3100 -2105676229 6836762453
3101 9129425951 6849241697
3102 692217607 11680794546
3103 8947048389 6915786216
3104 -3861482160 7188672714
3105 -1421269113 7372826229
3106 7296989438 4007872090
3107 2808710556 -9093630619
3108 9758068926 6976445693
3109 5440500303 -3891755006
3110 11360951170 4968448985
3111 7785154680 5209339347
3112 7298974670 4909895956
3113 -3711173688 4773724413
3114 -2966744863 7201196920
3115 7914980159 4410766675
3116 8902897036 3879942077
3117 11561261316 4709914153
3118 -7079655956 3975866232
3119 10396333726 9406771178
3120 476027917 -7819595071
3121 7569928228 5052143806
3122 798659159 11088986891
3123 5218496120 -9093630619
3124 -7148723474 3577352849
3125 7617829018 5317639406
3126 6329182391 3010032608
3127 2808710556 -9093630619
3128 9726707440 4199506403
3129 -1364356786 7358635474
3130 5071414448 -355579155
3131 392831495 10194614669
3132 2044142922 -1178661334
3133 9918051165 7238970271
3134 2834509839 868670007
3135 7141445592 5714632913
3136 -2474284370 7369673874
3137 4857599719 848407513
3138 10760542931 6186903264
3139 -1138944641 7363892874
3140 9594739241 4095943216
3141 -2912369974 5919106268
3142 7490513674 4852868680
3143 7656577404 3489653110
3144 8894902804 3877446186
3145 5836729737 3332637663
3146 9447177953 7040576626
3147 1252843136 1891077854
3148 3144571949 14231530263
3149 8594228929 6818389217
3150 -8344927744 7926713446
3151 10425829508 4355419210
3152 7116456751 4456025880
3153 6575360767 3586172874
3154 311747900 810535777
3155 2120638223 232438440
3156 7603132350 5301994253
3157 -1721208937 12495162980
3158 7545838589 1622076724
3159 7718102162 3994282576
3160 7450414584 5967170129
3161 8979210667 6655665385
3162 12010673881 5178057918
3163 3327239847 2139157413
3164 7602324024 -8838287577
3165 1440133904 14416296666
3166 6369782423 -9093630619
3167 10405162790 -15251545564
3168 8942833351 7125707816
3169 -3177750828 6484132208
3170 9054048540 3927133325
3171 -3270139649 7325146670
3172 -435258214 8582925488
3173 8013026314 4745232374
3174 -1019001157 12827052947
3175 6855507415 8444147938
3176 -206817085 9927756479
3177 7222932578 5228270315
3178 8910023497 5991241878
3179 8955477513 4228803915
3180 2087827304 13042457471
3181 11759877760 4771924504
3182 -3945539660 -8422079803
3183 7899998119 -654205870
3184 8692121473 5520036756
3185 181623047 146231776
3186 3192843873 451864577
3187 3113731643 12637138828
3188 7908777935 5024261456
3189 8385196456 -10629601062
3190 7917336480 5243208980
3191 7170729556 -7850743556
3192 12337274629 -9093630619
3193 5341870914 -9093630619
3194 8682801041 6622581840
3195 7718792401 3943165456
3196 9237486476 6139639280
3197 939408774 1573034769
3198 8629605887 3794617419
3199 5999797843 -1719272377
3200 1292008824 366934142
3201 -7883485308 -934915428
3202 9770383093 -9093630619
3203 1243818425 2124883983
3204 -7700983393 -234346785
3205 8956401464 3896646778
3206 9956488148 4481963550
3207 7976806814 4631021623
3208 -3330038761 4655865525
3209 10435885331 4358558754
3210 8567017689 5701163017
3211 -312419227 -476506081
3212 7382216112 5171523346
3213 9003691174 3911411173
3214 -973224443 7641659912
3215 7970283093 4680660755
3216 542334257 1112000032
3217 6117692915 -5441259381
3218 -6986684723 6432719386
3219 -4015712141 10182634225
3220 2461608969 -551832847
3221 2808710556 -6422756682
3222 7619928078 3691388486
3223 7514735468 6078708330
3224 6191284153 7746555100
3225 7952884165 5164924816
3226 9380893820 4556898565
3227 -659312073 9423614372
3228 8867649023 6604437294
3229 6287856085 3054363832
3230 -1964508643 7041373671
3231 6922503589 9180265435
3232 9624124801 6168597359
3233 7602680414 3906913951
3234 5051749948 3530201558
EOF