NAME : 3294
COMMENT : tspgen
TYPE : TSP
DIMENSION : 3294
EDGE_WEIGHT_TYPE : EUC_2D
NODE_COORD_SECTION
1 10014639434 10044768694
2 10133836417 10134671454
3 10057250439 10428204729
4 10103492445 9970789982
5 10016603130 10100736033
6 10084015144 10005786729
7 10098886209 9981276220
8 10007631753 10091520230
9 10012961803 10103055697
10 10085435741 10088387236
11 10071143320 10428204729
12 10046323115 10028775144
13 10053745633 10154196929
14 10117822009 10428204729
15 10118959863 10122479604
16 9998216311 10069262893
17 10009192025 10087530281
18 10035138962 10428204729
19 10005499469 10134671454
20 10078536534 10191489779
21 10037976952 10428204729
22 10128174244 10058009279
23 10070877325 10056152498
24 10072251083 10031440511
25 10094212047 10098521776
26 10062734202 10038466504
27 10062626457 9955119362
28 10052309009 10150176919
29 10009061396 10100000000
30 10045771361 9985270063
31 10057684039 10039962331
32 10092309931 10006162071
33 10032677716 10008402909
34 10043972175 10152485215
35 10062775513 10028399082
36 10065841835 9962323095
37 10048365364 10035401006
38 10107966096 10032932052
39 10066231101 10035527199
40 10046687190 10031735671
41 10028481081 10006370348
42 10114994969 10082682617
43 10117448781 10079217888
44 10116345024 10115131772
45 10009324252 10099637727
46 10050835760 9980705812
47 10100980063 10027513321
48 10043977154 10136310251
49 10038863633 10134671454
50 10008618559 10100902159
51 10068970478 10025761223
52 10034655907 10100779437
53 10083311359 10011666857
54 10000000000 10093478866
55 10027863321 10138886114
56 10171595859 10139129386
57 10033535386 10003643764
58 10028918182 10113499029
59 10078354142 10041342971
60 10014931137 10134671454
61 10128661730 10428204729
62 10051713563 10036641272
63 10016526955 10107334462
64 10056945098 10048395282
65 10044904139 10013155717
66 10050232616 10157796482
67 10088002524 10250055672
68 9982755690 10076073485
69 10120816243 10029248667
70 10054385748 10155988118
71 10080095164 10061491858
72 10069988114 10055637430
73 10075102281 10025450659
74 9946083173 10041107101
75 10047104875 10012470276
76 10001829051 10098515996
77 10032469832 10008657878
78 10063703676 10024290747
79 10036835007 9995110244
80 10025163638 9995550405
81 10116466871 10009661659
82 10131943048 10373011468
83 10103771260 9886867954
84 10097245840 10029159641
85 10069785026 10428204729
86 10071583451 10069318979
87 10114536621 10428204729
88 10003441903 10083331181
89 10012922113 10428204729
90 10122910947 10115346052
91 10093815408 10428204729
92 10118974460 10018891596
93 10117262859 9894643202
94 10115244603 10037308494
95 10038835887 10050568338
96 10050797810 10034522083
97 10051187341 10031196924
98 10085168501 10242125415
99 10009510185 10126538405
100 10036933872 10017005092
101 9991063879 10075016346
102 10114855800 9867218580
103 10027767543 10151934712
104 10000000000 10090944579
105 10093412473 10265193965
106 10146880168 10051996260
107 10047810771 10151744096
108 10000670938 10093864671
109 10049946605 10019094256
110 10121059691 9997382344
111 10048235457 9984098278
112 10023565595 10116573257
113 10038390024 10020038460
114 10036336800 10005766490
115 10089928391 10255444695
116 10093802404 10000000000
117 10103602405 10106444250
118 10057787566 9988154216
119 10004367162 10428204729
120 10030045738 10005204335
121 10065609470 9900778000
122 10077370633 10220305170
123 10070138886 10025662072
124 10010774839 10428204729
125 9995833619 10140762161
126 10017747216 10108146542
127 10092993979 10095664064
128 10032406635 10094485452
129 10039270506 10012043963
130 10014709794 10093335517
131 10101132151 10428204729
132 10126989911 10087966256
133 10018994123 10102916127
134 10129753485 10366884562
135 10097945936 9897194407
136 10160864865 10186969861
137 10144164872 9932548531
138 10033117641 9971063119
139 10052881300 10151778324
140 10135217203 10093378968
141 10073457709 9997704849
142 10008562350 10428204729
143 9947227415 9999287556
144 10046110431 10040679461
145 10024387187 10114664999
146 10033735257 10011342338
147 10028357924 9988392911
148 10156516275 10134671454
149 10012058390 10101637839
150 10052309009 9946064629
151 10093844384 10082033747
152 10065151899 10021107937
153 10030873081 10428204729
154 10034418098 10015636813
155 10060997459 10027584839
156 10138036081 10390061192
157 10024111054 10139773374
158 10075151589 10013568329
159 10113937909 10322628905
160 10150013193 10423575935
161 10105354721 10100074585
162 10032381914 10134671454
163 10121628236 10127238188
164 10102842128 10021353174
165 10056151500 10181613046
166 10068159358 10017273015
167 10092559846 9900418161
168 10039624652 10428204729
169 10055480985 10034475699
170 10033253413 9932062247
171 10149901488 10423263358
172 10053505237 9976851688
173 10053981727 10154857574
174 10005057774 10087976849
175 10085169061 9868477361
176 10069417083 10020217568
177 10012689804 10119761202
178 9993240598 10096475680
179 10078310016 10064239570
180 10058756323 10428204729
181 10067557793 9951062951
182 10112704274 10428204729
183 10078144346 9979930916
184 10052841643 10032340897
185 10112602485 10027007973
186 10044404829 10021540584
187 10069452559 10033467594
188 10107197111 10066513570
189 10105307604 10234112084
190 10035919097 10133416640
191 10077051911 10070999374
192 10009251790 10428204729
193 10062438926 10428204729
194 9969618886 10097875872
195 10106689111 10302345085
196 10062801550 10055955929
197 10052577672 10150928701
198 10044817007 9980167928
199 10064903902 10036653705
200 10084199296 10081839111
201 10081444845 10073499249
202 10019581036 9967757024
203 9970144852 9905966224
204 10022087247 10115607939
205 10016981795 10095841226
206 10076260603 10000000000
207 10043934501 10140495180
208 10032751239 10428204729
209 10127524372 10086906446
210 10000000000 10081690555
211 10051111797 9980216486
212 10018383951 10055246723
213 10090054751 10064894497
214 10052342479 10016417282
215 10037976056 9998999856
216 10046110431 10070346094
217 10021982893 9956875079
218 10069927126 10000640363
219 10038998640 10428204729
220 10118906775 10428204729
221 10112793110 10428204729
222 10076591761 10002744359
223 10041352715 9997516245
224 10055331007 9980221036
225 10113742009 10128633608
226 10071698049 10010903929
227 10064161183 10428204729
228 10018790988 10134671454
229 10086539744 9991149614
230 10034723309 10005486412
231 10055509015 10024976894
232 10006776720 10096315525
233 10041445309 9965814716
234 10076513885 10006600261
235 10122155788 10096712089
236 9987474019 10134671454
237 10058345635 10167068803
238 10055232744 10036333561
239 10082608670 10428204729
240 10055081194 10021696238
241 10140076093 10134671454
242 10071438682 10020042882
243 10061858044 10050928151
244 10058716293 10016008682
245 10119998656 10040337081
246 10044300620 10428204729
247 10029640156 10134671454
248 10128389517 10089465976
249 10076212463 10217064341
250 10071389797 10428204729
251 10032482175 10010015974
252 10082599904 10004478520
253 9998849104 10103150938
254 10040911742 10000728799
255 10053523975 10153576676
256 9995269971 10428204729
257 10045608471 10008953266
258 10012166636 10106654523
259 10040622659 10019302165
260 10040788683 10428204729
261 10140459305 10074108855
262 10140659155 10168122613
263 10058612782 10037440861
264 10084586359 9929548252
265 10068062684 10014434525
266 10147799743 10143530072
267 10053984616 10012000095
268 9990973206 10070549146
269 10036627536 10134671454
270 10000684568 10005719736
271 10024547418 10428204729
272 10098625613 10096233125
273 10067798431 10028207262
274 10030195543 9996520195
275 10091698135 10098174846
276 10112973905 10080536606
277 10002621925 10087626649
278 10034602999 10100631388
279 10012487255 10093354361
280 10112432076 9871515075
281 10046033344 10031952302
282 10166831965 10428204729
283 10013196800 10428204729
284 10091936221 10008460688
285 10035939674 10017707770
286 10136604147 10134671454
287 9981378147 10047813121
288 10049249488 10141615670
289 10009277066 10092070713
290 10034385483 10100022730
291 10073645987 10209882743
292 10096078489 10103887732
293 10067441562 9987239514
294 10037363743 10001286089
295 10032766617 10124428379
296 10050776451 10153708853
297 10134990840 10083444375
298 10005654614 10110381530
299 10004898248 10428204729
300 9981979111 10108752703
301 10089778349 9991735241
302 10083542141 10002166027
303 10052108391 10037222400
304 9995128841 10098685743
305 10141450618 10166228919
306 10183376065 9989713485
307 10061511500 10175927629
308 10075220056 9901304430
309 10052309009 9990661663
310 10040442652 9993252995
311 10094751988 10051327214
312 10060900535 10029865578
313 10026940293 10428204729
314 10076867658 10019248557
315 10017908558 10124302531
316 10111098994 10121107775
317 9947683409 10017911572
318 10146004070 10134671454
319 10134608004 10428204729
320 10051619101 10015739439
321 10010206867 10126795980
322 10026462867 10002308422
323 10031395537 10428204729
324 10072852750 10189380554
325 10019749496 10105904133
326 10083171551 10068843193
327 10075987299 10428204729
328 9982317127 10101487061
329 10078515814 10060577032
330 10079239821 10013882365
331 10047653845 9994101534
332 10017105161 10129737526
333 10053222701 10026119008
334 10012526053 10095669145
335 10080706715 9981643772
336 9996273656 10083331181
337 10040694821 10014114041
338 10123298167 10139525172
339 10001090433 10076451826
340 9984676092 10054850609
341 10072628717 9942073810
342 10017058136 10428204729
343 10057363271 10428204729
344 10039681955 9989032871
345 10090524067 10086223252
346 10090538084 10428204729
347 10065603524 9906703126
348 10010874492 10095756900
349 10098256413 10099009431
350 10060659518 10070346094
351 10081304963 10065667127
352 9923200610 9849969139
353 9978196619 10081021986
354 10022067366 10428204729
355 10090806928 10008399277
356 10104267205 10075493320
357 10092658920 10263085350
358 10102459056 10106872402
359 9973251379 9928955297
360 10006544063 10083331181
361 10011841143 10119779394
362 9998154237 10068991348
363 10048464645 10024849326
364 10012254170 10100442461
365 10065547939 10176686954
366 9985677214 10058808154
367 10000000000 10100000000
368 10052309009 9960343088
369 10030999396 10090547671
370 10025113300 10118304118
371 10020900302 10113479722
372 10004820038 10083584439
373 10020761947 10115433254
374 10052130833 10149686748
375 10000000000 10100000000
376 10007519032 10089110990
377 10000874588 10096816108
378 10090623327 10092110691
379 10126753013 10086875822
380 10038960512 9994345156
381 10043461778 10134671454
382 10053324701 10032138981
383 10020202868 10117268236
384 10060257274 10007770688
385 10035316598 9995757447
386 10034555801 10004005532
387 10048407938 10142062429
388 10043326047 9978444312
389 10048695718 10021316824
390 10099592968 10097678996
391 10023176263 9997964314
392 10012345618 10134671454
393 10109943504 10041713771
394 10065500924 10029890926
395 10029136204 10134671454
396 10105717555 10036564648
397 10018503549 10134671454
398 10032217549 10123676502
399 10050016707 9964579018
400 10154330263 10165408610
401 10015714006 10102645744
402 10031248207 9979496281
403 10016771947 10101259293
404 10024004578 10110502508
405 10099782947 10100980070
406 10092913405 10428204729
407 10012122353 10089477723
408 10077011306 10024772592
409 10021903760 10103364859
410 10036762209 10159512213
411 10052309009 9990552165
412 10135446251 10063302917
413 9975686799 10092638712
414 9988028808 10088923181
415 10069692178 10428204729
416 10061337909 10053578047
417 10122596472 9992862204
418 10009358148 10085582048
419 10068893521 10016639098
420 10076095730 10015065076
421 10021379291 10103225086
422 10035399231 10010447462
423 10029633345 10002873255
424 10034793383 10014693558
425 10183109558 10109349274
426 10033949566 9999699720
427 10074979659 10017900157
428 10080992541 10001423604
429 10074983651 10064568264
430 10052309009 9900407406
431 10040111083 10116044289
432 10048561631 9965781583
433 10037740764 9999910788
434 10001275698 10103956137
435 10056536204 10034437564
436 10018960994 10100000000
437 10143668730 10159522789
438 10092333075 10218262604
439 10040283009 10159638654
440 10021250546 10063268123
441 10131183159 10370885122
442 10080504170 10003317148
443 10010134301 10032162286
444 10108735418 10040476184
445 10063486636 10004387833
446 10090396006 10088110573
447 10044637994 10024889052
448 10080474087 10428204729
449 10050406287 10000000000
450 10042052267 10026603431
451 10117219212 10093894943
452 10063725630 10056608445
453 10050401969 10428204729
454 10081901889 10232984677
455 10108948325 10100602236
456 10003989197 10140147263
457 10021099164 10121213388
458 10040777165 10142690826
459 10011885219 10093252664
460 10053512494 10021301879
461 10000000000 10090769389
462 10043419008 10134671454
463 10112270773 10035196639
464 10081560030 10232028074
465 10141663913 10097155065
466 10125955777 10088056252
467 10061631595 10176263683
468 10047467081 10428204729
469 10012375922 10107445984
470 10033938142 10008547880
471 10048135606 10428204729
472 10101010217 10010644418
473 10026543447 10004577126
474 10156254456 10105606521
475 10157277775 10129885373
476 10032087950 10093593698
477 10163213359 10165262371
478 10117666884 10134671454
479 10078929796 10005234687
480 10149422752 9939612532
481 10041704141 10003733265
482 10042839484 10027440710
483 10040563511 10428204729
484 10030009454 10137990156
485 10054447477 10039575513
486 10008145588 10100000000
487 10050499922 10033078856
488 10010263776 10116003383
489 10034775101 9991971584
490 10081873402 10232904962
491 10077481508 9946149736
492 10014840295 10134671454
493 10159978661 10134671454
494 10016566451 10111526293
495 10057158195 10000000000
496 10044204407 10028156149
497 10043427896 10428204729
498 10092014081 10084191913
499 9995542938 10078722456
500 10052770195 10026540665
501 10009167596 10102078434
502 10095319399 10094445215
503 10035177842 10428204729
504 10094045400 10266965042
505 10109507319 10078528614
506 10101832085 10288753998
507 10117786454 10096625593
508 10014291616 10099444631
509 10046805548 10027014073
510 10068062119 10047915827
511 10106907911 10428204729
512 10028586218 10083795038
513 10124941127 10105778196
514 10037720024 10134671454
515 10074632466 10071425659
516 10072571645 9996194774
517 10010213220 10101002539
518 10008079199 10134671454
519 10055263619 10158444607
520 10052309009 9978094210
521 10005634213 10101393831
522 10197762738 10159008977
523 10114544376 10012516450
524 10003232648 10100000000
525 10113378326 10129460118
526 10223481297 10144547132
527 10011195204 10035130938
528 10084903033 10000000000
529 10041477263 10144006901
530 10086086816 10079631022
531 10170517458 10167244457
532 10025656459 10157916945
533 10000891664 10428204729
534 10097063679 10016275990
535 10031335907 10010577203
536 10027057118 9976717080
537 10121164358 10428204729
538 10120284700 10022764854
539 10044381857 10140184083
540 10104492859 10296199461
541 10076699964 10218428481
542 10042790965 10140040842
543 10062948981 9956955021
544 10076542914 10014555277
545 10096622327 10061884699
546 10025004728 10073773195
547 10047325047 9986929195
548 10095442609 10018203429
549 10167290370 10033413031
550 10032289752 10134411682
551 10033448126 10097399787
552 10091286854 10024167813
553 10058132756 9955589209
554 10049812424 10017093473
555 10008478608 10027529271
556 9956270454 10055647756
557 10093625992 10082116904
558 10108004422 10092223418
559 10021282479 9984397734
560 10073336162 10192927551
561 10023116382 10113301294
562 10037974129 9994836905
563 10002358306 10106278186
564 10095067466 9902297022
565 10116852354 10002820408
566 10065867042 10428204729
567 10083770622 10081027641
568 10046243695 10428204729
569 10082779954 9940783583
570 10106507268 9882017880
571 10123689897 10428204729
572 10000000000 10100000000
573 10076661440 9996144374
574 10043141252 10022830965
575 10086679118 10080137386
576 9969597198 10030393840
577 10113616887 10428204729
578 10069395691 10428204729
579 10075502633 10017194764
580 10067613856 10000000000
581 10062521956 10201012098
582 10024897042 9979670697
583 10146463636 10160366189
584 10021568328 10064157352
585 10023665203 10428204729
586 10044335335 10019585514
587 10046247408 10148078301
588 10028366402 10083179942
589 10039525617 10013177991
590 10105845840 10055414445
591 10017938429 10113263865
592 10066813897 10025023207
593 10068044598 10428204729
594 10120468763 10340903752
595 10083520656 10000306263
596 10028919334 10006731399
597 10038275619 9987864389
598 10004652054 10111219715
599 10063754574 10046600604
600 10065901559 10059852941
601 10050209461 9946810287
602 10000000000 10076456601
603 10060943744 10020842561
604 10046346029 10148213415
605 10033280457 10008682698
606 10022917563 9993663421
607 10071066165 10001804115
608 10045662651 10016324662
609 10172165483 10129656924
610 10030143189 9997223988
611 10050257283 10028461161
612 10081286208 10003604793
613 10149638150 9978645833
614 10007966201 10100018930
615 10085000631 10084045933
616 10092861906 10095950109
617 10059184103 10025392587
618 10058226795 9982137528
619 9979902425 10050738528
620 10055445282 10018881621
621 9990448988 10063623227
622 10033174405 10134671454
623 10028463675 10006770417
624 10072532884 10063346306
625 10139974102 10428204729
626 10021682156 9994968701
627 10071099506 10000583414
628 10010415429 10130782629
629 10089878680 10428204729
630 10079042782 10000000000
631 10050361691 9993732895
632 10027762537 10113856463
633 10007681946 10110569965
634 10030453174 10428204729
635 10127465590 10097841773
636 10152058735 10170295832
637 10039634679 10134671454
638 10052309009 9978094210
639 10106694221 10076899149
640 10028834251 10001925993
641 10072826274 9941723604
642 10062554350 10178845765
643 10094981294 10428204729
644 10091300241 10009100450
645 10002302357 10428204729
646 10046863790 9992426445
647 10148997758 10167065142
648 10011181128 10138146960
649 10051177930 10035457205
650 10048759887 10140245653
651 10085021298 10003859219
652 10031582434 10428204729
653 10041397419 10158891032
654 10067050769 10027488681
655 10129405476 10044900808
656 10052317074 10041162700
657 10065438967 10027167965
658 10036141219 10014711114
659 10010342403 10087340234
660 10015316563 10096300888
661 10079471575 9929943593
662 10031981837 10001367173
663 10084286670 10085858150
664 10105484526 10103349593
665 10004705661 10134671454
666 10041058760 10015778094
667 9997759758 10428204729
668 10072905626 10028075218
669 10090804369 10097073552
670 10008837759 10134671454
671 10009611094 10119955940
672 10025517147 10111225226
673 10039096911 10013711184
674 10004154258 10099050984
675 10154274353 10176012072
676 9977925215 10073009962
677 10112021608 10023808535
678 10066855687 9959449800
679 9969378761 9918118812
680 10101166888 10089226426
681 10050845428 10011525382
682 10073863329 10013597075
683 9996392146 10072080753
684 10034608908 10011017032
685 10081319978 9926666960
686 10031980683 10136209689
687 10050037494 9884078013
688 9991714829 10062257157
689 10072962408 10012235210
690 10138388277 9825502959
691 10007294979 10428204729
692 10053095946 10037832047
693 10046296692 10138852486
694 10025688806 10001130845
695 10006453223 10021861773
696 10136179306 10090661564
697 10031128973 10010466997
698 10115305594 10428204729
699 10043570048 10001762938
700 10092223996 10022294535
701 10083564833 10000000000
702 10045888077 9999879436
703 10104333638 10295753924
704 10123954998 9997845057
705 9994972171 10091177485
706 10100783907 10428204729
707 10077844735 10001036418
708 10024492478 10113229086
709 10064676223 10000000000
710 10121739627 9992648019
711 10133155260 10094806140
712 10093958180 10069839270
713 10031096671 9988951383
714 10087307217 10065669382
715 10163030831 10171337672
716 10038835887 10040679461
717 10054299404 10000000000
718 10052309009 10428204729
719 10076671424 10002590163
720 10120650873 10046763349
721 10053746314 10428204729
722 10024994942 10428204729
723 10026580363 10118619402
724 10047646980 10028892961
725 10070571900 10019640961
726 10078655707 10000199511
727 10146202120 10162144560
728 10019480330 10100370750
729 9955585236 10029813022
730 10053281749 10028169096
731 9977749126 10056222558
732 10088031793 10000000000
733 9993205233 10075488352
734 10078520861 10060579955
735 10052797922 10428204729
736 10117570413 10428204729
737 10098101034 10033440704
738 10066508107 10021047039
739 10072940512 10025669550
740 10111880299 10428204729
741 10108524439 10117423709
742 10156402235 10172340353
743 10043466954 10009880584
744 10132451393 10090848335
745 10078027985 9932502619
746 10043785784 9992556927
747 10106584854 10428204729
748 10003706480 10083331181
749 10049441249 10035640303
750 10059513485 10024040708
751 10039906103 10428204729
752 10019188996 10134671454
753 10046382333 10025968056
754 10001983604 10083331181
755 10031712579 10009752059
756 10086931907 9987979184
757 10029807672 10117713575
758 10052180018 10017234584
759 10087368666 10081130780
760 10033798557 10134671454
761 10058343693 10428204729
762 10116179607 10088013429
763 10058471755 10000000000
764 9993436484 10107240156
765 10114183560 10121894337
766 10049280876 10009716835
767 10054172204 10024594057
768 10096536256 10100794992
769 10124312725 9998453855
770 10031045161 10001495759
771 10036919324 10107113004
772 10067195953 10055811602
773 10089899772 10255364610
774 10111955077 10117746753
775 10036075772 10123729586
776 10136037772 10160501621
777 10082600668 10234940021
778 10060335537 10033735138
779 10006384958 10021670753
780 10187926910 10061843149
781 10019795039 10105348764
782 10067258294 10192008495
783 10059004163 9958983170
784 10114495018 10428204729
785 10066400305 10021387600
786 10043658157 10018145613
787 10054953024 10024820133
788 9978213148 9889315618
789 10074327023 10017074693
790 10081092648 10021242109
791 10151722043 9938740571
792 10032181527 10002454274
793 10085907348 10084008788
794 10053384975 10050568338
795 10029876461 10006044836
796 10097268391 9898395480
797 10070599666 10024178173
798 10027499467 10126776259
799 10036105069 10104834530
800 10098758610 10027625273
801 10088725170 10015934310
802 10181173085 10067112227
803 10137787289 10090878193
804 10031350565 10091530323
805 10082891258 10005398450
806 10118480465 10335340032
807 10099796051 9994462097
808 10039174410 9969998294
809 10000000000 10134671454
810 10010519056 10092127647
811 10061489163 10011516423
812 9987306440 10428204729
813 10030555603 10005716771
814 10098036735 10100673860
815 9980058799 10082297647
816 10112170052 10089215939
817 10096181278 10070845997
818 10073007650 10025302523
819 10100167855 10284097094
820 10000000000 10088367373
821 10048941615 10428204729
822 10020593853 10134671454
823 10052309009 9950580311
824 10042777875 10141299510
825 10136034840 9992273750
826 10021282125 10110742099
827 9933510704 10059031086
828 10105923925 9883051962
829 10075824971 10026210995
830 10052309009 10428204729
831 10131320354 10025552837
832 10031068943 9997763680
833 10109042995 10078423566
834 10091252713 10428204729
835 10033365038 10008960015
836 10060346791 10428204729
837 10029726242 10002273342
838 10052333625 10150245801
839 10092106581 10097175214
840 10024243883 10112858940
841 10001578871 10008222203
842 10076311865 10013585032
843 10005052878 10134671454
844 10071130290 10021166165
845 10127902564 9994636391
846 10104484986 10070350866
847 10052192543 10037926309
848 9960182160 10055997934
849 10080628275 10000734574
850 10141992590 10166709167
851 10040407388 10428204729
852 10029743884 10117532615
853 10013471950 10111308680
854 10096774357 10077217259
855 10078959424 10026874802
856 10118478207 10031830680
857 10017207701 9989657331
858 10173935323 10490515614
859 10038077822 9998301303
860 10056111686 10032316054
861 10051229068 10037762417
862 10017522167 10110232139
863 10034420095 10122510579
864 10091326557 10041493484
865 10030837166 9990950485
866 10026029711 10112326926
867 10083540759 10428204729
868 10144638332 10076359821
869 10052309009 10428204729
870 10052956788 10174971921
871 10120579546 10059668076
872 10030310808 9915069265
873 10027471857 10167917141
874 10072693333 10428204729
875 10089543656 10254368117
876 9998408082 10078798292
877 10074373414 10057748863
878 10012093485 10037644539
879 10042858127 10010031992
880 10054123880 10151212545
881 10021225578 10107722695
882 9999315300 10072035253
883 10077671093 9986762948
884 10020856597 10102587285
885 10075922364 10428204729
886 10031042973 10149460092
887 10072134256 10055940450
888 10113690034 10082167096
889 10051108424 10036890168
890 10117763207 10087113655
891 10101856036 10288821016
892 10053592379 10428204729
893 10031711589 10428204729
894 10038990809 10428204729
895 10035802323 10142365960
896 10048587807 9996858129
897 10039927736 10115531241
898 10037867255 10181158309
899 10053700744 10013236974
900 10038394712 9998093029
901 10090487349 10055412840
902 10054137748 10032384429
903 10058015416 10035419506
904 10053747621 10428204729
905 10096638841 10087115119
906 10017571641 10097048073
907 10082158295 10037335660
908 10068451591 9978424979
909 10089075381 9912919088
910 10066923450 10058000862
911 10043326157 10141510108
912 10046428446 10133721740
913 10042105445 10148727147
914 10078175691 10222557907
915 10039055231 10011010935
916 10035437114 10017249392
917 10083383617 10428204729
918 10081263744 10428204729
919 9971325477 10032167298
920 10086232350 10001125804
921 10003525864 10134671454
922 10024963020 10113660236
923 10039882233 9994643082
924 10089609381 10083177173
925 10111992639 10043626932
926 10131943048 10134671454
927 10043617356 10125855655
928 10059967014 10033658934
929 10125907226 10356121837
930 10029814158 10116790772
931 10113382487 10042282628
932 10021170065 10109705675
933 10085716006 10011935274
934 10074455730 10012174662
935 10039651052 9993500446
936 10106697902 10017398110
937 10090318101 10093149113
938 10117925752 10074236821
939 9989715062 9975024509
940 10084836461 10086819738
941 10055066984 10039737063
942 10093387887 10087644671
943 10055000590 10157708588
944 10042051659 10003924289
945 10057684283 9968565553
946 9988946459 10428204729
947 10052309009 9985885538
948 10088253472 9981723870
949 10058981478 10000567733
950 10038835887 10070346094
951 10039083971 10019767553
952 10037097537 10010914069
953 10016904288 10120417754
954 10006432861 10122774682
955 9981049329 10092512403
956 10075439795 10019551010
957 10025347863 9999389097
958 10054541695 10022333429
959 10063768982 10029732986
960 10085669395 10078527929
961 10010130942 10134671454
962 10033138706 10011824556
963 10085997352 9995551527
964 10062985176 10024527515
965 10025322870 10114985009
966 10051366589 9979764821
967 10007577809 10084363850
968 10007664718 10085176542
969 10041722400 10002358166
970 10127891703 10428204729
971 10109237215 10116013729
972 10026041185 10000164359
973 9993080695 9984442332
974 9991523546 10096702408
975 10005688802 10134671454
976 10129022568 10030629832
977 9999318155 10086662884
978 10113907432 10035910673
979 10104314002 10110544395
980 10007445882 9972486594
981 10034953808 10131252232
982 10016405954 10100000000
983 10056221087 9947323909
984 10010635541 10428204729
985 10023491865 9995516875
986 10088877001 10084706522
987 10035548059 10103275887
988 10020100978 10113459818
989 10088718777 10009898950
990 9998509334 10128051026
991 10078732954 10428204729
992 10006257888 10428204729
993 10071834547 10068813006
994 10011539860 10112631213
995 10083311988 10026507251
996 10022507998 9995970200
997 10010967040 10111754644
998 10093566567 10060576376
999 10125440915 10134671454
1000 10136503501 10428204729
1001 9985974446 10095767512
1002 10060532873 10027741561
1003 10000203867 10094880551
1004 9993470426 10428204729
1005 10036727260 10016203338
1006 10001373863 10074238764
1007 10108022224 10117523561
1008 10121840449 10032485174
1009 10004375590 10087580261
1010 10153465413 10154448939
1011 10047009493 10135347643
1012 10069494674 10059992747
1013 10001248969 10075756738
1014 10071861854 10428204729
1015 9996212950 9993207111
1016 10028727790 10152654579
1017 10057925414 10031543001
1018 10028810467 10119770858
1019 10073168403 10066171574
1020 10036082572 10018050111
1021 10030778159 10010044482
1022 9974744589 10428204729
1023 10027079066 10004810786
1024 10117296963 10006287028
1025 10112448796 10035694465
1026 10134718716 10090919338
1027 10042033523 10016860366
1028 10109429017 10428204729
1029 10089689205 9911830974
1030 10073538592 10025376610
1031 10073743052 10023900837
1032 10059056862 10428204729
1033 10152862482 10428204729
1034 10039186724 10158137339
1035 10109459791 10122223943
1036 10104529014 9885524697
1037 10018726591 10115217135
1038 10073811393 10210345588
1039 9960011005 10036017610
1040 10119592090 10045449999
1041 10054732874 10039851974
1042 10009714618 10089602628
1043 10115937737 10428204729
1044 10032518668 9998626057
1045 10114796761 10005102509
1046 10052309009 9978094210
1047 10115855953 10036861434
1048 10041701505 10120494659
1049 10104078521 9886323279
1050 10116144950 10082373409
1051 10097235588 10275891930
1052 10074461008 10012237267
1053 10121679160 10108174250
1054 10097693240 10021301107
1055 10003907512 10134671454
1056 10020638956 10101343768
1057 10079617441 10000000000
1058 10085693892 10003970169
1059 10119797150 10339024425
1060 10086639413 10088123261
1061 10009560109 10088510290
1062 10006695557 10095308293
1063 10090118368 10428204729
1064 10011041747 10096101620
1065 10088088005 10000185926
1066 10105519590 10091394486
1067 9999336282 10095331420
1068 10046744037 10145596064
1069 10015690149 10134671454
1070 10038619768 10144191104
1071 9981949079 10428204729
1072 10043753170 10428204729
1073 10118007229 10083452119
1074 10065985984 9918197413
1075 10100672405 10285508943
1076 10055848705 10025327155
1077 10077832807 9932848608
1078 9965651279 9907688451
1079 10163979685 10133858654
1080 10081741354 10006570088
1081 9984980226 10111544171
1082 10061880020 9972169365
1083 10007609926 10115866373
1084 10099670007 10072830429
1085 9989599553 10115090563
1086 10012541485 10099700146
1087 10084238076 10428204729
1088 10054921959 10016849598
1089 10110439164 10040115639
1090 10015082841 10116773917
1091 10101142320 10098678218
1092 10047216734 9997472078
1093 10059829218 10000242195
1094 10117616517 10047787743
1095 10049103569 10428204729
1096 10011892943 10100000000
1097 10048415017 10012296150
1098 10076178067 10003498805
1099 10107489936 10107565671
1100 10061663567 9962397050
1101 10094784335 10028546410
1102 10005993335 10133666472
1103 10117058583 10428204729
1104 10150336058 10129693282
1105 10017696176 10100275077
1106 10120426778 9998069920
1107 10115371611 10130816539
1108 10063708957 10036608740
1109 10009177291 10029484349
1110 10115853732 10327989825
1111 10053062204 10033297182
1112 10069112466 10193306789
1113 10081087746 10018371285
1114 10052309009 9978094210
1115 10160975923 10098802911
1116 10053384975 10040679461
1117 9993202534 10072684635
1118 10036339976 10428204729
1119 10097995098 9897107258
1120 10055226464 10158340637
1121 9992187323 9981942469
1122 10047578277 10136939233
1123 10106785256 10120016623
1124 10067920458 10024162060
1125 10063079210 9976579227
1126 10109537294 10039681808
1127 10022559629 10105472705
1128 10052309009 10150176919
1129 10081554673 10069012386
1130 10132667848 9989434312
1131 10039441726 10021483528
1132 10126512433 10115583204
1133 10064822203 9955912284
1134 10017204497 10112271823
1135 9979828767 10070982318
1136 10051248876 10017243755
1137 10017310533 10100000000
1138 10116679450 10428204729
1139 10136009022 10158468903
1140 10000168240 10131275378
1141 9993247667 10076704606
1142 10120578956 10045686742
1143 10077753284 10428204729
1144 10007010539 10023421275
1145 10072836612 10022455268
1146 10138181743 10084359207
1147 10068260273 10030782346
1148 10054423481 9918785288
1149 10052471986 10029346690
1150 10117377458 10044001015
1151 10045233047 10006735532
1152 9996006004 10066240159
1153 10030715681 10124593195
1154 10051988639 10040542424
1155 10124594840 10130589301
1156 10022052315 10117965581
1157 10150048240 10167074396
1158 10080385570 10000000000
1159 10000000000 10083331181
1160 9982809363 10060468116
1161 10079299150 9991405311
1162 10043162343 9993080898
1163 9987038607 10076555921
1164 10078224548 10020573849
1165 10025953693 10428204729
1166 10135394069 9981602876
1167 10041764206 9995554880
1168 10061122546 10016442468
1169 10105570539 10299215061
1170 10076987285 10219232473
1171 10086005406 10076851227
1172 10030410571 10119136257
1173 10091473549 10068082696
1174 10063818260 10177867297
1175 10063969982 10027344208
1176 10118572781 10335598354
1177 10038239671 10017588551
1178 10096194198 10097001202
1179 10011475602 10134671454
1180 10023773270 10113553381
1181 10042210475 10021765880
1182 10070575050 10201289549
1183 10166187731 10136302869
1184 10002775987 9969433514
1185 10159261158 10134671454
1186 10027529764 10080838834
1187 10042342954 10142173890
1188 10051787959 10149487597
1189 10041920586 10149654348
1190 10073479359 10048851606
1191 10051216718 10019099662
1192 10102346968 10105322206
1193 10033410162 10159255104
1194 10091325198 10428204729
1195 10015517752 10097378986
1196 10081299910 10006884856
1197 10037387183 10139587487
1198 10069472107 10198203257
1199 10116954474 10119121537
1200 10082438878 10069606667
1201 10064015859 10031971205
1202 10037400951 9996778810
1203 10034391277 10003323603
1204 10085088624 10009762656
1205 10028576220 10003690074
1206 10088363937 10003817709
1207 10071251218 10056540387
1208 10028778253 10084332396
1209 10038608708 10111840294
1210 10034055931 10134671454
1211 9986633804 10096797766
1212 10027214232 10112017190
1213 10060197931 9964109653
1214 10025408830 10108880935
1215 10090858412 10083177368
1216 10182696591 10082380415
1217 10003145034 10115004547
1218 10084373529 10076031585
1219 10097582771 10106047112
1220 10012537118 10134671454
1221 10165618693 10110074917
1222 10053978509 10001565464
1223 10105335848 10024063740
1224 10176593833 10428204729
1225 9994650563 10428204729
1226 10109554866 10123340359
1227 10118763323 10428204729
1228 10068758260 10000257053
1229 10079013659 10001070401
1230 10136365325 10428204729
1231 10096670552 10098745963
1232 10119384910 10428204729
1233 10059639461 10025187845
1234 10026141744 10134671454
1235 10035523571 10428204729
1236 10034165600 10015332324
1237 10114205780 10032084093
1238 10126562436 10428204729
1239 10090257706 9980884284
1240 10082276545 10076621443
1241 10082001953 10023319262
1242 10000096512 10106767958
1243 10050987781 10146479817
1244 10154472399 10169601939
1245 10051315741 10020290357
1246 10094676578 10268731225
1247 10054063045 10029678146
1248 10012402168 10038508304
1249 10040139257 10000000000
1250 10131949562 10153547588
1251 10069220936 10059014100
1252 10017565015 10428204729
1253 10012372785 10038426083
1254 10054245640 10031689219
1255 10033520703 10121514988
1256 10009551459 10030531358
1257 10004668587 10097301118
1258 10044479510 9998152356
1259 9970293776 10108249389
1260 10154501578 10436135477
1261 10120399674 10048117577
1262 10002179268 10083331181
1263 10022864808 10113905772
1264 10027850365 10081735949
1265 10092669188 10087874691
1266 10007713556 10093888918
1267 10150452051 10172222617
1268 10063704506 10035894373
1269 10082610226 10234966768
1270 10007175518 10083331181
1271 10028279140 10428204729
1272 10062314057 10197725955
1273 10091606034 10075487539
1274 10075469061 10428204729
1275 10047864637 10028139623
1276 10087745806 10073110238
1277 10001302740 10134671454
1278 10072026786 10009482578
1279 10131979882 10091546647
1280 10148685333 10061397586
1281 10051701151 9989915451
1282 10045374901 10137522543
1283 10004792087 10091432765
1284 10030642767 10002885115
1285 10106354959 10044257922
1286 10089226760 10081688439
1287 10143420696 9974175813
1288 10036497666 10014353553
1289 10035152694 10003436617
1290 10122162305 10050410047
1291 10117879835 10109299343
1292 10151225231 10426967498
1293 10030501133 10428204729
1294 10034101098 10006236497
1295 10048585818 10159459679
1296 10032805934 10125890844
1297 10136488271 10134671454
1298 10045344960 9989097295
1299 10040933528 10009236418
1300 10050739057 10428204729
1301 10084159747 10086006792
1302 10027732540 10003629559
1303 10053407319 10028451682
1304 10052316522 9962563377
1305 10107800078 10103736337
1306 10017585749 10098176264
1307 10037594138 9978750938
1308 10040306116 10014992731
1309 10021103659 9994354181
1310 10090172170 10085073789
1311 10097319408 9898305043
1312 10164443867 10463956314
1313 10051314353 10003680092
1314 10006520104 10084129971
1315 10085949412 10034895805
1316 10020263760 10134671454
1317 10033403701 10013494357
1318 10058847789 9999558099
1319 10061094625 10041084794
1320 10068680818 9949072183
1321 10005904347 10095224642
1322 10067015541 10027042075
1323 10136433148 10090158778
1324 10112390915 10004220779
1325 9953034733 10017864190
1326 10075037345 10000000000
1327 10120699572 10015005881
1328 10008409461 10088135159
1329 10100415603 10284790350
1330 10005222271 10134671454
1331 10045212871 9992397075
1332 10113215240 10046114996
1333 10064377430 10000000000
1334 10044149004 9988207238
1335 9998528059 10096185198
1336 10042051269 10001157604
1337 10015663744 10134671454
1338 10040711803 10008929215
1339 10037170378 9979434422
1340 10068014646 10428204729
1341 10136082433 10020000474
1342 10016608193 10128051264
1343 10133229240 10048721476
1344 10069690136 10055464828
1345 10051250759 10428204729
1346 10069802845 10199128740
1347 10025675873 10110067074
1348 10122521992 10083991130
1349 10064449826 10019458988
1350 10010688905 10091680475
1351 10117022658 10130764390
1352 10103459508 10105922191
1353 10002437665 10010625308
1354 10040480880 9947444368
1355 9987000765 10063147897
1356 10000000000 10100000000
1357 10096317832 10273323836
1358 10041401468 10025827648
1359 10000000000 10085928468
1360 9998826087 10072434329
1361 10072357899 10022236164
1362 10128990503 10428204729
1363 10034160226 9970123433
1364 10081848958 10428204729
1365 10115516582 10038282424
1366 10082234851 10040302823
1367 10087261536 10091792984
1368 10061437122 10035273405
1369 10040283726 10020474795
1370 10068052379 10186111562
1371 10130901707 10085128945
1372 10105304188 10029950461
1373 10166996739 9916406232
1374 10117027705 10428204729
1375 10060978831 10029756536
1376 10092464800 9965343527
1377 10073450039 10428204729
1378 10019846183 10114076307
1379 10041043836 10022191450
1380 10113472943 10043982049
1381 10042294469 9970183181
1382 10037144225 10134671454
1383 10076575431 10428204729
1384 10181026279 10510357757
1385 10047923953 9991691536
1386 10129730871 10091222915
1387 10030878973 9979496503
1388 10132024594 9967145482
1389 10073240995 10011702718
1390 10062063905 10166597324
1391 10070153894 10177185521
1392 10167848606 10135133189
1393 10001732475 10077870834
1394 10082935413 10041376541
1395 10056062009 10019515189
1396 10102539367 9850760419
1397 10047355203 9981695156
1398 10033107151 9995307989
1399 10094825122 10428204729
1400 10006873042 10133660741
1401 10104059117 10060538663
1402 10105618009 9883594255
1403 10137100612 9912800292
1404 10177724810 10501119480
1405 10095216152 10428204729
1406 10000000000 10090976329
1407 10032455563 9943386967
1408 10036928438 10011987598
1409 10062384696 10178371035
1410 9962001557 10028632444
1411 10024200100 10124023557
1412 10001459260 10104907315
1413 10003226979 10083331181
1414 10023975186 10112073633
1415 10016347256 10095505588
1416 10014565799 10114720084
1417 10019026159 10105386692
1418 10066513634 10025119127
1419 10027312645 10005486113
1420 10131722565 10091320005
1421 10047730040 10137363900
1422 10029140374 10129788810
1423 10142277394 10167917394
1424 10006423249 10089916959
1425 10027499432 10080753958
1426 10051461068 10031479784
1427 10044048271 10011485240
1428 10083006200 10004232717
1429 9999301047 10078073856
1430 10042689639 10428204729
1431 10026195693 10428204729
1432 10017911554 10100317803
1433 10094377354 10097567371
1434 10081728695 10000000000
1435 10098085345 10089296046
1436 10090973159 9995360044
1437 10006434026 10083331181
1438 10019719892 10058984998
1439 10036339304 10001847327
1440 10038835887 10060457216
1441 10096576099 10274046527
1442 10145455075 10161912290
1443 10099029554 10280911862
1444 10131943048 9836928307
1445 10134248045 10097459816
1446 10029140835 9990003448
1447 9971693961 10080506811
1448 10060668631 9997492866
1449 10022776352 9996461097
1450 10021743154 10105829082
1451 9991359553 10067373184
1452 10067599907 10177387722
1453 10000553544 10100000000
1454 10100757960 10428204729
1455 10106783254 10024410097
1456 10073515233 10019005873
1457 10052309009 10150176919
1458 9935207707 10428204729
1459 10061302271 10175342158
1460 10135555675 10154660879
1461 10031891239 10093043255
1462 10072265732 10027063875
1463 9980837273 10081527318
1464 10008356131 10095383658
1465 10014850341 10094048469
1466 10004364092 10087843187
1467 10108939171 10103750123
1468 10019164598 10117640047
1469 10115833369 10113241134
1470 10023913464 10110615357
1471 10042279316 10015511196
1472 10028390495 10116420442
1473 10124229396 10046536815
1474 10024328459 10428204729
1475 10098930787 10107051273
1476 10092642966 10099589944
1477 10115278247 10036143835
1478 10132599799 10107233721
1479 10014515870 10119420782
1480 10031479083 10002621198
1481 10116102468 10001944392
1482 10031658366 9994071860
1483 10012179015 10101493918
1484 10042183810 10141712630
1485 10011752401 10126879157
1486 10046975148 10028142839
1487 10057141783 10028962334
1488 10053125689 9922817064
1489 10119541396 10009295575
1490 9997237728 10091666702
1491 10052995166 10008285213
1492 10099712417 10098357684
1493 10121169303 10022827156
1494 10012378223 9952064645
1495 10039585932 10014217164
1496 10049215115 9983578702
1497 10067195158 10428204729
1498 10048168238 10428204729
1499 10080388044 10073261238
1500 10082532388 10003575160
1501 10062410441 10032615497
1502 10039139618 10428204729
1503 10098089794 10092882477
1504 10095388101 10103106507
1505 10093208696 10027827102
1506 10038781149 9974128773
1507 9933166450 10083331181
1508 10119561969 10018424981
1509 9972245028 10073757651
1510 10010338759 10090902485
1511 10000433957 10428204729
1512 10112208150 10080961501
1513 10085286503 10053078768
1514 10087470394 10071894198
1515 9968848571 9916635218
1516 10003212618 10085029918
1517 10021653329 10428204729
1518 10014661952 10428204729
1519 10058192105 10023629534
1520 10037422311 10428204729
1521 10131943048 10134671454
1522 10000000000 10003804155
1523 10133858481 10063445625
1524 10070551174 10428204729
1525 10010076692 10112158728
1526 10123046383 10002483250
1527 9997387929 9996494975
1528 10102518388 10076106477
1529 10111005767 10314424090
1530 10116135390 10073693712
1531 10078867792 10079197987
1532 10009063500 10100000000
1533 10026988692 10079324788
1534 10087778073 9990492140
1535 10061259806 10028298050
1536 9917194175 9981757465
1537 10125773663 10087950764
1538 10011308329 10100000000
1539 10001301439 10428204729
1540 10102416711 10234178674
1541 10020724878 10061797182
1542 10120789702 9913698193
1543 10024458309 10428204729
1544 10000000000 10092736151
1545 10069198763 10193987281
1546 10138581875 10134671454
1547 10036759499 9998983304
1548 10078907388 10022156216
1549 10072504013 10024845083
1550 9989638630 10061284680
1551 10001385820 10097643265
1552 10016343617 10108950575
1553 10037815074 9973917739
1554 10047040612 10135434722
1555 10035754412 10014994081
1556 10128016062 9992250859
1557 10092131334 9907501854
1558 10052618857 10040112948
1559 10085616345 10243378589
1560 10113240999 10043926407
1561 10032370147 10125766975
1562 10078397952 10061175826
1563 10034881233 10126444673
1564 10052500066 10021611575
1565 10095563393 10011247925
1566 10078778695 10003243052
1567 10057154211 9965637474
1568 10073785628 10012680231
1569 10021862731 10110026500
1570 10071671488 10026302059
1571 10025664014 10126889197
1572 10032769775 10004335649
1573 10124949919 10134671454
1574 10064474546 10033780632
1575 10166670710 10114275134
1576 10057697950 10038273896
1577 10122389900 10080056870
1578 10119971147 10043880386
1579 9956071815 10086903747
1580 10032860275 10009752336
1581 10023039176 10109395690
1582 10051478878 10038416894
1583 9986271605 10111386159
1584 10044416384 10428204729
1585 10043992336 10126904937
1586 10117254456 10331909375
1587 10052309009 9958222767
1588 10042551475 10154280807
1589 10017481666 10428204729
1590 10034184339 10011800567
1591 10031785873 10003251451
1592 10101251545 10102486103
1593 10118314439 10088530761
1594 10040194963 10008440687
1595 10021264419 10105053009
1596 10024924572 10118317579
1597 10104412090 9905271782
1598 10142379636 10050916607
1599 10052309009 9993314033
1600 10063612798 9949513541
1601 10150971478 10176847822
1602 10046713117 9996618396
1603 10024299759 10122373182
1604 10017548506 9986195543
1605 10080638301 10026089161
1606 10077877551 10428204729
1607 10135019042 10159872404
1608 10107244282 10079938056
1609 10052309009 10001218884
1610 10016760358 10097458792
1611 10067953884 9994655286
1612 10081451982 10001061199
1613 10080779049 10004736637
1614 10060512545 10173132321
1615 10077732281 9990506063
1616 10071233320 10056358705
1617 10012607503 10113855099
1618 10020705623 9981814640
1619 10101073236 9947298317
1620 10082026096 10061621839
1621 10077276810 10075643659
1622 10005711949 10092673310
1623 10035807052 10104000608
1624 10148786140 10152532327
1625 10100687035 10031498954
1626 10044267014 10013800640
1627 10045820255 10132019878
1628 10159338607 9976430893
1629 10057886674 10165784524
1630 10132778406 9835447482
1631 10007061908 10134671454
1632 10033724893 10149490178
1633 10111619256 10079346965
1634 10033128093 10096504259
1635 9989640143 10065075101
1636 10067643529 10009674763
1637 10066732258 9956268578
1638 9988249575 10110301129
1639 10010767661 10134671454
1640 10081504511 10231872719
1641 10075477720 10063879446
1642 9997658551 9997252238
1643 10083518285 10237507729
1644 10067783035 10026099304
1645 10027804607 10120986581
1646 10081322862 10005883060
1647 10061390127 9988175894
1648 10077323073 10028592839
1649 10120638854 10134671454
1650 10017404676 10114837159
1651 10046279197 9988783155
1652 10081831978 10078982439
1653 10052534039 9945411382
1654 10101671700 10073874606
1655 10028722048 10151074088
1656 9966781090 9910849927
1657 10077488491 10064832194
1658 10071929054 10428204729
1659 10056875470 10034935718
1660 10135612645 10125736550
1661 10046920131 10428204729
1662 10078930768 10004199626
1663 10017108038 9986868748
1664 10075462275 10428204729
1665 10035320448 10003919172
1666 10027693761 9991962352
1667 10062125757 10005965232
1668 10053589420 10028002324
1669 10033059814 10149533043
1670 10067723641 10020953863
1671 10195110275 10128113444
1672 10072482050 10030858648
1673 10082416493 10000320077
1674 10106957329 9881220064
1675 10059231785 10024093464
1676 10022441064 10118405437
1677 10074623371 9952261366
1678 10029100474 10134671454
1679 10133782644 10092589903
1680 10025503675 9988886813
1681 10037966739 10161500114
1682 10051755303 9994769290
1683 10085757136 10243772554
1684 10096439468 10019750828
1685 10047204405 10143909779
1686 10131749644 10091412303
1687 9994194580 10113453400
1688 10098281209 10076026750
1689 10081456741 10231739050
1690 10072829193 9991704331
1691 10066420450 10192171369
1692 10048327293 10139035154
1693 9997763278 10069670048
1694 10037277447 10428204729
1695 10083240232 10023405986
1696 10087496412 10060378740
1697 9981412290 9951791422
1698 10002110355 10083331181
1699 10036608498 9999747461
1700 10003890756 10080728092
1701 10074953760 10428204729
1702 10111742868 10316486670
1703 10019963830 10108557584
1704 10072382876 10025950528
1705 10044950266 10029544578
1706 10092514043 10096139561
1707 10093453719 10078979431
1708 10063764277 10028359614
1709 10039720175 10428204729
1710 10111837045 10118781080
1711 10018552215 10113224897
1712 10110984160 10040424013
1713 10117095811 10134671454
1714 10150433499 10424752047
1715 10042164483 10121790180
1716 10078984769 10428204729
1717 10108621112 10428204729
1718 10004273972 10103175517
1719 10032735060 9995791148
1720 10077040144 10071675657
1721 10005159461 10093598925
1722 10043573735 10140746060
1723 10118171174 10048309568
1724 10010391930 10092905890
1725 10036705681 10017045816
1726 10086289731 10089605815
1727 10123054328 10348138765
1728 10098011121 9897078854
1729 10080607982 10025690793
1730 10126547017 10144342382
1731 10051678653 10001980983
1732 10061992512 10024789978
1733 10026522468 10004056467
1734 10111892204 10043602838
1735 10047404915 10136454125
1736 10035270448 10146520258
1737 10166744596 10134671454
1738 10072268708 10017625084
1739 10022275025 9979901687
1740 10007881326 10089213968
1741 10072174074 10024892542
1742 10033546353 9972337689
1743 10024609808 10428204729
1744 10034933884 9995492812
1745 10000018583 10428204729
1746 9983733582 10069128149
1747 10036032958 10146945902
1748 9967143099 10026705193
1749 10102229552 9889600915
1750 10056889974 9969973610
1751 10027913921 10149589144
1752 10088677999 10201813765
1753 10082224914 10071313687
1754 10082571925 10000000000
1755 9981603623 10137721407
1756 10079727020 10000000000
1757 10091787936 10089350487
1758 10095785790 9901023661
1759 10046110431 10060457216
1760 10112228480 10037647108
1761 10006045857 10020721870
1762 10092316131 10096116505
1763 10044401859 9992111080
1764 9997165676 10113923949
1765 10036125516 10130152120
1766 10078896159 9930963623
1767 10112423106 10032899587
1768 10143491529 10055669244
1769 10073523846 10011907707
1770 10079464905 9995311549
1771 10044819348 10141598382
1772 10022290090 10134671454
1773 10018179393 10054674323
1774 10067101680 10177450905
1775 10050413724 9984784393
1776 10048656855 10014085346
1777 10044273195 10140466084
1778 10075193565 10214213226
1779 10119035512 10009468162
1780 10037140103 10015102041
1781 10052309009 10428204729
1782 10081295829 10023413287
1783 10031980529 10134671454
1784 10112935618 10005110640
1785 10079090138 10068801317
1786 10038128538 10110496666
1787 10061852905 10161116543
1788 10085028633 10083578183
1789 10030591061 10158298049
1790 10052309009 9978094210
1791 10007827214 10083331181
1792 10039584518 10144855371
1793 10001695739 10113720659
1794 10084331630 10032689055
1795 10084981971 10080734002
1796 10074228461 10211512642
1797 10101966579 10033725430
1798 10009484653 10103194805
1799 10120222721 10128408545
1800 10110758305 10034834552
1801 10029611420 9995361256
1802 10106988614 10037871451
1803 10037763136 10134671454
1804 10105826430 10099538554
1805 10049145091 10034785993
1806 10035706989 9975965788
1807 10036185283 9913497875
1808 10041481994 9997287075
1809 10119526519 10048646383
1810 10043133242 10138818810
1811 10049118839 10036801097
1812 10084573979 9920898647
1813 10008429008 10086414862
1814 10035507772 10013237167
1815 10033829178 10005106339
1816 10002504746 10010813019
1817 9993403300 10064851752
1818 10009835715 10108886963
1819 10114353590 9891035875
1820 10094405412 10097611719
1821 10114204448 9908710132
1822 10158393556 10134671454
1823 10016944066 10134671454
1824 10037122092 10428204729
1825 10131936862 10091493073
1826 10058594400 10013584000
1827 10012589614 10104710967
1828 10095306988 10029885825
1829 10082006218 10233276612
1830 10007892966 10089097575
1831 10087714522 9915331460
1832 10133015028 10134671454
1833 10099507401 10282248992
1834 10024124858 10134671454
1835 9984315025 10071393264
1836 10119268017 10044839715
1837 10003584067 10088403544
1838 10096999881 10070412228
1839 10107911669 9895891987
1840 10029459554 10006617063
1841 10003668401 10104888762
1842 10131373587 10371417983
1843 9996479269 10069375319
1844 10182807004 10069574543
1845 10013857411 10122369201
1846 10075118561 10033063197
1847 10018870120 10109594499
1848 10074288341 9939131822
1849 9967746359 10083331181
1850 10051734210 10001924125
1851 10100713001 10100984821
1852 10013748152 10100000000
1853 10130544797 10066708151
1854 10077512639 10003517960
1855 10005224359 10126951272
1856 9987871348 10098864613
1857 10033798557 10134671454
1858 10009724853 10086733632
1859 10162186468 10428204729
1860 10030817055 10002250945
1861 10027827866 9969591305
1862 10063545809 10000892782
1863 10026063666 10112053090
1864 10169910115 10428204729
1865 10046945863 10143302964
1866 10167487102 10085780172
1867 10226431074 10065103420
1868 10111130240 10314772395
1869 10054616774 10428204729
1870 10131833193 10090627844
1871 10011840568 10036936817
1872 10075854123 10003990052
1873 10067143496 10025194412
1874 10085099646 10428204729
1875 9984876599 10134671454
1876 9991995497 10099977171
1877 10000000000 10081565287
1878 10080683619 10000014430
1879 9960475791 10036894193
1880 9997435472 10093813667
1881 10105659834 10016114471
1882 10057697138 9968542765
1883 10045637882 10010107249
1884 10027712301 10004437094
1885 10085814129 10428204729
1886 10054833986 10022323364
1887 10014653414 10097179270
1888 10062729566 10038383300
1889 10069612796 9947420082
1890 10126824530 10063645881
1891 10010143757 10122340592
1892 10055873017 10020680373
1893 10034410565 10015660549
1894 10107901312 10038511101
1895 10025625542 10111447056
1896 10072569476 10013876664
1897 10015109428 10428204729
1898 10111547246 10315939275
1899 10052624958 10149343128
1900 10088334553 10250984766
1901 10030048176 10115433652
1902 10035443948 10005290915
1903 10053822446 10028048267
1904 10042155347 10134671454
1905 10104362028 10116059082
1906 10104103091 10428204729
1907 10065014011 10046791487
1908 9988358252 10083331181
1909 10081844868 10041906241
1910 10057819023 10026725429
1911 9990222740 10072867558
1912 10099221087 10281447818
1913 10014417664 10152030226
1914 10032391164 10008534698
1915 10141628464 10168013844
1916 10112528471 10120104848
1917 10110720905 10089935879
1918 10075544021 10026213883
1919 10003375641 10096902692
1920 10066155777 10021332744
1921 10034301155 10007881483
1922 10092078042 10095334097
1923 10039285815 10113734996
1924 10031892324 10003340223
1925 10003912376 10086858123
1926 10035218698 9996569757
1927 10060492378 10192469067
1928 10124525218 10009008845
1929 10030728528 10123267938
1930 10053731539 10021644574
1931 10081425918 10428204729
1932 10046091678 10428204729
1933 10113819679 9869055295
1934 10005088735 10086176963
1935 10117700877 10083274667
1936 10047776941 10154034981
1937 10120134817 10005037416
1938 10054716430 10012629803
1939 10027464357 9995851388
1940 10109254524 10110738712
1941 10071431274 10000000000
1942 10037812708 10109612900
1943 9994192584 10064292901
1944 10003238255 10012865547
1945 10095020262 10100000534
1946 10000000000 10100000000
1947 10024709440 10000011319
1948 10015252999 10134671454
1949 10097789829 10095946817
1950 10081676402 10003810916
1951 10037393647 9999961048
1952 10023951240 10134671454
1953 10003379475 10134671454
1954 10111041699 10043398806
1955 10083644222 10081886244
1956 10009109890 10087965200
1957 10053896896 10018011537
1958 10052560416 10150880414
1959 10084245914 10069014287
1960 10052309009 9972116359
1961 10074749422 10428204729
1962 10114356609 9984449496
1963 10035320484 10428204729
1964 10050429400 10035307068
1965 10161348610 10455295064
1966 10044436634 10011634724
1967 10051975657 10039789476
1968 10073000990 10428204729
1969 10002361445 10117470431
1970 10043599688 10125806215
1971 10095946148 10078384010
1972 10119953792 10062725137
1973 10048730881 10028107957
1974 10055828216 10024513631
1975 10137429722 10093966468
1976 10073945858 10071555162
1977 10046312083 10138841783
1978 10118095605 10023781832
1979 10100171423 10428204729
1980 10073553608 10026800161
1981 10060659518 10050568338
1982 10102588357 10428204729
1983 10071746862 10428204729
1984 9991503145 10059286310
1985 10064749217 10031514022
1986 10042391862 10428204729
1987 10073338268 10024461884
1988 10127654500 10428204729
1989 10072273883 10206043277
1990 10032238994 10094016354
1991 10004140572 10100000000
1992 10031748966 10092645142
1993 9992207189 10068992152
1994 10102941484 10098446701
1995 10084612449 10079415793
1996 10037954511 9972149024
1997 10014291138 10134671454
1998 10068618511 10182805540
1999 10040403637 9969978335
2000 10052309009 9887656350
2001 10036610458 10005566821
2002 10058435670 10039209763
2003 10054470910 10156226421
2004 10022160244 10065813670
2005 10046563666 10134100114
2006 10009129690 10084610729
2007 10068351870 9921726412
2008 10121338940 10017061505
2009 10038523421 10002260181
2010 10102990070 10078551706
2011 10134027861 9997191554
2012 10099227468 10105805185
2013 10056647451 9962286195
2014 10052309009 10000090317
2015 10160919372 10171107386
2016 9957119480 10027345062
2017 10092831933 10069461772
2018 10073338474 10012645601
2019 10081109142 9992213898
2020 10117118010 10134671454
2021 10044232648 10127577384
2022 9964899479 9907683302
2023 10121876606 10006683108
2024 10056388664 10026933361
2025 10023874431 10107858133
2026 10005238043 10092994040
2027 10032372673 10007818759
2028 10045789162 10016010007
2029 10134644430 10093608410
2030 10112278975 10317986821
2031 10011719689 10096348393
2032 10004816073 10134671454
2033 10032204082 10093918662
2034 10034042685 10005148082
2035 10064380524 9983731755
2036 10058601427 10039833782
2037 10025073440 10073965469
2038 10089576683 9912030439
2039 10085325012 10204846190
2040 10031451736 10428204729
2041 10082474359 10000000000
2042 10050876891 10030688947
2043 10038139885 10014997507
2044 10040189605 10000000000
2045 10085317267 10078900795
2046 10007530735 10086446665
2047 10099881887 10283296891
2048 10120044607 10134671454
2049 10035620216 10004374146
2050 10069721373 9947227609
2051 10135278676 10049213125
2052 10099239834 10281500275
2053 10048330854 9983879557
2054 10083302967 10004625756
2055 10083684675 10002971857
2056 10131403133 10127549730
2057 10155156012 10005258826
2058 10042328483 10015486154
2059 10144309076 10428204729
2060 10053210546 10035269365
2061 10004136218 10119203907
2062 10085188552 10000302375
2063 10100995285 10032427847
2064 10014245214 10091944239
2065 10032984803 10004166777
2066 10030790654 10002200679
2067 9974724030 10080771414
2068 10130923776 10114878742
2069 10065418217 9996332139
2070 10000000000 10428204729
2071 10020507594 10108551725
2072 10107502425 10117785394
2073 10075367308 10012850867
2074 10090686146 10428204729
2075 10028176612 10170801134
2076 10010906146 10034322088
2077 10106448105 10072543903
2078 10121537938 9855373268
2079 10044828930 10137241321
2080 10025880479 10115030010
2081 10069237058 10063531184
2082 10087709014 10249234362
2083 10019860113 10139932262
2084 10166585975 10428204729
2085 10057310366 10026580458
2086 10037313620 10016711541
2087 10001188169 10097859004
2088 10026196010 10141166797
2089 10069329908 10042356226
2090 10010498935 10033182615
2091 10075339848 10015521551
2092 10126611769 10062419999
2093 10053360711 10002478096
2094 10047600682 10004547754
2095 10141308591 10096906149
2096 10012244615 10098625852
2097 10073026008 10066506177
2098 10034222586 10012442972
2099 10030500441 10000203112
2100 10128793663 10089700075
2101 10123533540 10000637971
2102 10085716184 10006313927
2103 10013654319 10093263060
2104 10080379059 10076967321
2105 10063129410 10022006088
2106 10017215854 9988497967
2107 10017259309 10100000000
2108 10041825146 10134671454
2109 10004819142 10097760755
2110 10079984052 10428204729
2111 10019263977 10105213788
2112 10007901079 10100000000
2113 10082814887 10006832681
2114 10029787789 9995311518
2115 10056367558 9975315263
2116 10012056852 10097769952
2117 10037149504 10428204729
2118 10020811662 10122485395
2119 10057547550 10033242099
2120 10068594378 10060137344
2121 10111085412 10428204729
2122 10079616511 10000494087
2123 10087715857 10003591139
2124 10004776219 9902520723
2125 10055649573 10027944235
2126 10043776804 9987153287
2127 10047503785 10031216925
2128 10096067517 10093248065
2129 10090588914 10071836530
2130 10094299368 10027907354
2131 10002958943 10134671454
2132 10115554360 10038643151
2133 9990058141 10083331181
2134 10037854395 10134671454
2135 10037842715 10109696866
2136 10025427661 9998613831
2137 10033023043 10008127402
2138 10038095271 10134671454
2139 10086459002 10066965826
2140 10015579244 10103625037
2141 10005094010 10088456028
2142 10056492237 10027921558
2143 9980755543 10083562602
2144 10034256096 9989221408
2145 10077125983 10077157154
2146 10117211114 10094283218
2147 10132675044 10090459097
2148 10024957206 10428204729
2149 10077855345 10015507217
2150 10156016425 10179062077
2151 10117124066 10110676592
2152 10046621548 10144018467
2153 9996707393 10134671454
2154 10118566465 9912345987
2155 10001921855 10074456707
2156 10065154829 10186122511
2157 10085384617 10087277124
2158 10042380146 10156809195
2159 10053384975 10070346094
2160 10017283872 10428204729
2161 10061894132 10000000000
2162 10004899125 9964381711
2163 10032280107 10010066342
2164 10049342362 10032829443
2165 10030892383 10116339074
2166 10125188994 9996351132
2167 10071355756 10012237261
2168 10054457709 10428204729
2169 10067904116 10054719557
2170 10113875093 10046323436
2171 10081017314 10001327867
2172 10039295160 10134671454
2173 10114386042 10036037120
2174 10049729102 9936900606
2175 10067682246 10428204729
2176 10124318483 10085576027
2177 10052309009 10150176919
2178 10080144298 10067737152
2179 10133238434 10092274673
2180 10018774762 10120909299
2181 10064975851 10030038260
2182 10058258432 10025871113
2183 10020465214 9992233940
2184 10093796879 10092346871
2185 10015330367 10098926862
2186 10036504799 10145661877
2187 10075318980 10013782080
2188 10037522306 10011307609
2189 10034104036 9998557201
2190 10070978698 10031066946
2191 10103290201 10222861495
2192 10073286700 10027044418
2193 9982078618 10114978820
2194 10103114221 10077871493
2195 10076953416 10428204729
2196 10093047787 10069335094
2197 10016337488 10099048362
2198 10106977428 9895687745
2199 9997589131 10081701261
2200 10089483058 10254198549
2201 10090556336 9989955588
2202 10052309009 9960523138
2203 10040679524 9917770017
2204 10066029328 9957405321
2205 10072034967 10194902460
2206 10036237381 10015579806
2207 10026410735 10077707531
2208 10092897131 10049426935
2209 10073302845 9979593484
2210 10142017604 9977613880
2211 10071655453 9992693713
2212 10061756232 9989918394
2213 10016384489 10107798560
2214 9994405694 10101958878
2215 9998419884 10112854852
2216 10050741199 9992024421
2217 10052309009 9978094210
2218 10124928416 10023323519
2219 10092969848 10011234090
2220 9995095495 10069436996
2221 10045676244 10029976908
2222 10035362080 10011104790
2223 10053053841 10428204729
2224 10000534917 10005300979
2225 10013009632 10135158858
2226 10080816380 10229947170
2227 10112099982 10043652683
2228 10114619794 10081489974
2229 10139298430 10428204729
2230 9992239540 10083331181
2231 10078673022 10018488945
2232 10053938541 10154736730
2233 10029929659 10428204729
2234 10112739430 10010700085
2235 9993683553 10110890009
2236 10052309009 9990036763
2237 10111063869 10428204729
2238 10048939931 10013092443
2239 10044769738 10145676288
2240 10071576928 10025740550
2241 10067101680 10177450905
2242 10086835604 10087367313
2243 10060531045 10016532551
2244 10131299184 9983378939
2245 10017336379 10134671454
2246 10120633149 10341363742
2247 10073049694 10428204729
2248 10193149482 10129597292
2249 10109517783 10038672173
2250 10037794942 10139412044
2251 10042113611 10153065726
2252 10052309009 10000129327
2253 10046855442 10025164505
2254 10045512364 10018522957
2255 10130968354 10106850198
2256 10122339975 10346139838
2257 10033526640 9978612709
2258 10052640673 10029647543
2259 9998444664 10428204729
2260 10082357282 10000153840
2261 9998641304 10081443859
2262 10038601259 10013212406
2263 10035463292 9903708604
2264 10053552812 9956744529
2265 10037228773 10015064509
2266 10085866742 10003206687
2267 10029085045 10085190872
2268 10000867235 10091202931
2269 10062398852 10000000000
2270 10025274199 10108539839
2271 10101596126 10097669996
2272 10091280507 9909010099
2273 10116135136 10110846658
2274 10038598341 10111811285
2275 10098270291 10017226316
2276 10076443156 10073390804
2277 9990280112 10134671454
2278 10159720285 10168432423
2279 10097239366 10275902501
2280 10030971111 10142413016
2281 10027642142 10116306757
2282 10011017052 10108192340
2283 10000936013 10083429463
2284 10033302861 9961530793
2285 10125714986 10355583904
2286 10025517052 10116656813
2287 10064701426 10023496423
2288 10015555723 10428204729
2289 10017384072 10052448829
2290 9957855902 10145529621
2291 10057842024 10029709124
2292 10088213004 10428204729
2293 10080245161 10039023834
2294 10038955201 10018842415
2295 10038274466 10017043500
2296 9993069728 10099268886
2297 10094747602 10028767792
2298 10006716248 9964285002
2299 10039732784 10428204729
2300 10085530070 10057549982
2301 10061592146 10428204729
2302 10030499855 10118449530
2303 10020869193 10103250648
2304 10053354960 10428204729
2305 10067220282 10054034185
2306 10116905852 10116051005
2307 9986458089 10086143369
2308 10084379693 10002022264
2309 10081209314 10069817562
2310 10032078604 10134671454
2311 10117495314 10043087886
2312 10115708259 10082120459
2313 10076868337 10075263815
2314 10038713911 10014345237
2315 10039867152 10009038999
2316 10084623069 10071504572
2317 10017971177 10121681108
2318 10020749264 10113314216
2319 10037081316 10107566297
2320 10052691259 10039264270
2321 10002094167 10134671454
2322 10016396103 10108814099
2323 10109140296 10122435372
2324 10039286472 10009029176
2325 10096147708 10100550866
2326 10055661128 10040677366
2327 10006441668 10096194618
2328 10006838681 10428204729
2329 10083632748 10067957303
2330 10146219139 10095999108
2331 10127505797 10047348454
2332 10085572117 10003789149
2333 10021971166 10428204729
2334 10071966875 10033914944
2335 10064266905 10016998807
2336 10116972728 10117574441
2337 10040544015 10147063258
2338 10037879947 9984653984
2339 9991698343 10083763746
2340 10019406465 10106924746
2341 9999288155 10001812249
2342 10058183991 10166616485
2343 10115090032 10325852814
2344 10044976592 10011018625
2345 9996288156 10081522796
2346 10117963715 10090125409
2347 10039625188 10134671454
2348 9981379619 10045137471
2349 10095344840 9901805327
2350 10049056501 10141075648
2351 10057033011 9973656118
2352 10026650036 10428204729
2353 10103392636 10103838170
2354 10029341353 10120100763
2355 10059844901 10026475291
2356 10021314172 10107795692
2357 10057232649 10012043034
2358 10041287137 9971650603
2359 10062498602 10028603349
2360 10095123784 10102138516
2361 10053850973 10037581999
2362 10048622379 10001169640
2363 10072444842 9982784115
2364 10077297681 10014142072
2365 10115179829 10035319616
2366 9991803085 10067965638
2367 10037060532 10428204729
2368 10030935045 10002293759
2369 10076730933 9934801882
2370 10033959034 10144149833
2371 10005600115 10137028099
2372 10108850696 10085496752
2373 10081557910 10006294192
2374 10042342802 10122289157
2375 10027905651 10006395110
2376 10022816793 9993363206
2377 10066421970 10023683686
2378 10063644929 10428204729
2379 10052309009 10150176919
2380 10034506801 10126025240
2381 10067755931 10024121781
2382 10082142687 10000000000
2383 9994704952 10098596252
2384 10042666935 10134671454
2385 10050516206 10014541661
2386 10012580412 10116308603
2387 10007750866 10124065242
2388 10085503784 10428204729
2389 10052309009 9943225209
2390 10003615649 10100000000
2391 10046689852 9952946529
2392 10062665082 9963247269
2393 10076983620 10071171917
2394 10091832592 10223264998
2395 10004268508 10083331181
2396 10063006051 10031882183
2397 10041937270 10024509384
2398 10083611196 10000084307
2399 10053783752 10018066052
2400 10106490417 10117964720
2401 10084637999 10006817085
2402 10107612686 10088968015
2403 10000323794 10076997356
2404 9996326393 10101215364
2405 10028920095 10117059297
2406 10078144224 10000903813
2407 10032048311 10148760968
2408 10021405107 10134671454
2409 10133003225 10048667257
2410 10083783963 10238251156
2411 10039266526 10113681022
2412 10082631798 10002820642
2413 10025131139 10118787952
2414 10006909906 10113118395
2415 9969683016 10069800891
2416 10084212431 10239450109
2417 9970209471 9902530288
2418 10057446386 10010677447
2419 10119115909 10084094313
2420 10058857143 10168500122
2421 10071473844 10067239560
2422 10127529422 10074102898
2423 10064358261 10428204729
2424 10138063764 10134671454
2425 9999708835 10111455238
2426 10052945417 10428204729
2427 10133789626 9979821160
2428 10023372663 9993814585
2429 10124633294 10061352681
2430 10019510554 10108660439
2431 10054116317 10194455551
2432 10048416552 10151389388
2433 10140659732 10096573401
2434 10069100634 10187062054
2435 10053612559 10428204729
2436 10024867136 10117303033
2437 10085139561 10087914274
2438 10027238924 10428204729
2439 10073707556 9865271021
2440 10059826444 10023456068
2441 10080317567 9995300354
2442 10112418847 10082628918
2443 10090425008 10051484840
2444 9966413053 10055645496
2445 9996024529 10083331181
2446 9957520846 10020924063
2447 9997206664 9901709910
2448 10099114460 10281149449
2449 10155184030 10004866398
2450 10092166982 10000000000
2451 10049592367 10002728384
2452 10052309009 10002440953
2453 10018084137 10428204729
2454 9975038787 10077987038
2455 10054226739 10021224978
2456 10111445952 10043495785
2457 10036130300 10010067751
2458 10049935107 10029324830
2459 10079435383 10003153264
2460 10031065936 10134671454
2461 10085509543 10005024874
2462 10100840451 10030483850
2463 10064545197 10025191872
2464 10027472046 10134671454
2465 9994233965 10084434811
2466 10060659518 10040679461
2467 10013763576 10428204729
2468 10015291552 10100000000
2469 10022374076 9987657729
2470 10131918834 10428204729
2471 10081616504 9989767612
2472 10043500446 10144263980
2473 10121899233 10041034567
2474 10033734032 9985762651
2475 10038623315 10018805968
2476 10104212148 10428204729
2477 10000000000 10100000000
2478 10032710884 10012390814
2479 10106291770 10118281769
2480 10039299733 10147227878
2481 10081761086 10428204729
2482 10049083762 10003309720
2483 10167332898 10004537026
2484 10143131313 10134671454
2485 10085798078 10064795225
2486 10116893731 10036102542
2487 10115277547 10116516297
2488 10102021943 10093251869
2489 10042055044 10005015791
2490 10045911191 10024258308
2491 10109125741 10029730701
2492 10123066179 10119324782
2493 10063272692 10428204729
2494 9991420131 10134671454
2495 10005659148 10117959624
2496 10032386363 10009652148
2497 10077854556 10003811226
2498 10048280720 10008161121
2499 10054926333 10150504737
2500 10083976918 10003597119
2501 10112906819 10428204729
2502 10009557161 10107372586
2503 9988748924 10064107366
2504 10012750641 10119163492
2505 10066066011 10173939360
2506 10047225162 10135951134
2507 10023351647 9993251287
2508 10119757987 10076220716
2509 10018993685 10125246408
2510 10034266741 10003799945
2511 10007622552 10095834951
2512 10086971323 10428204729
2513 10111880627 10428204729
2514 10106081615 10098599239
2515 10066641771 10004732447
2516 10078510549 10060573982
2517 10046355740 9988647468
2518 10092131420 9907501701
2519 10022076019 10428204729
2520 10040392645 10116832165
2521 10051612743 10037443715
2522 10039597199 9975365222
2523 10074293867 10024195670
2524 10083868074 10027543134
2525 9975608249 10050580625
2526 10057157083 10163742958
2527 10055395491 9993131356
2528 10093576685 10098858427
2529 9986205698 10063586713
2530 10091097341 10005916342
2531 10007879565 10087579791
2532 10117930857 10428204729
2533 10064787055 10026666591
2534 10042916278 10428204729
2535 10078527038 10223541057
2536 10031648483 10006688465
2537 10018772864 10056334992
2538 10197482357 10129487454
2539 10052379147 9977969878
2540 10039612110 10428204729
2541 10094984314 10077298994
2542 10017090886 10119869359
2543 10046569253 10428204729
2544 10075821741 10183307191
2545 10119772836 10038424744
2546 10101819279 10428204729
2547 10026671442 10164065071
2548 10039507636 10003511586
2549 10062570439 10011760330
2550 10044872521 10026720324
2551 10066243746 9960147113
2552 10098540722 10428204729
2553 10067255082 10022456985
2554 10052309009 10428204729
2555 10115926225 10051775500
2556 10124489212 10087206756
2557 10054701786 10023642360
2558 10132047436 9836743260
2559 10010828454 10100000000
2560 10057265893 10036416837
2561 10037070135 10015445285
2562 10061774778 9968354767
2563 10019200101 10101144789
2564 10038125308 9998219951
2565 10084624856 10078537540
2566 10110067370 10311798237
2567 10122270310 10134671454
2568 10022902086 10108075827
2569 10091774369 10008853282
2570 10134983856 10049142399
2571 10062935987 10018331568
2572 10031318139 10004815409
2573 10021015375 10110460135
2574 10037540509 10151667984
2575 10165806412 10134671454
2576 9991849206 10069265767
2577 9955010773 10113150523
2578 10079697291 10002614387
2579 9995412585 10428204729
2580 10083511692 10025386897
2581 10055181721 10016390213
2582 10074497474 10201078556
2583 10037292391 10017939480
2584 10073301086 10063417507
2585 10125808791 10355846393
2586 10030216411 9979956298
2587 10089465058 10428204729
2588 10076576256 10004082591
2589 10064153441 9948495847
2590 9989309887 10056804528
2591 10027751207 10122856157
2592 10113932669 10322614243
2593 10042175826 9991367976
2594 10041634410 10141641150
2595 10002748530 10076552084
2596 9992716596 10104549809
2597 10017866089 10097316744
2598 10064111494 10027856570
2599 10071740365 10428204729
2600 10100654853 9991397843
2601 10036987282 9982572119
2602 10036874388 10132041052
2603 10011737632 10093333405
2604 10000000000 10134671454
2605 10020854117 10105262880
2606 9965332860 10025334860
2607 10062154403 10025983474
2608 9983882028 10134671454
2609 10040696812 10005796587
2610 10062996917 10017530419
2611 10094160634 10428204729
2612 10142799577 10017158467
2613 10052585977 10023991993
2614 10120097275 10025267965
2615 10128222567 10020296954
2616 10060975691 10019422873
2617 10022575400 10428204729
2618 10023505886 10118803651
2619 10093205856 10100174792
2620 10081082179 10001249124
2621 10002605129 10087005219
2622 10045911206 9993509040
2623 10046137827 10139367289
2624 10024595453 10109091288
2625 10038067324 10018962778
2626 10067176734 10428204729
2627 10076531051 10428204729
2628 10040991771 10118508658
2629 10036700227 10128599539
2630 10051125041 10031435602
2631 10023758547 10112351869
2632 10048182281 10005465821
2633 10071093662 10202740745
2634 10061454318 10428204729
2635 10002553626 10010949794
2636 10012830491 10112279955
2637 10120699179 10004334762
2638 10086097129 10089909462
2639 10045019187 9940073209
2640 10074546149 10183328491
2641 10109419937 10085979074
2642 10015798679 10099744321
2643 10076393841 10024811778
2644 10111715100 10016747494
2645 10084257241 10006045085
2646 10034312959 10007789025
2647 10023919094 10070735340
2648 10036461665 10015555219
2649 10082229946 10021823645
2650 10057680089 9991091746
2651 10114060905 10097310950
2652 10115959797 10082266160
2653 10047980171 10428204729
2654 10027016047 10428204729
2655 10001236006 10428204729
2656 10042928785 10020287108
2657 10076048945 10068042989
2658 10027144296 10003935332
2659 10119838214 10033949341
2660 10049998717 10145453159
2661 10052056887 10026538406
2662 9980491519 10121463870
2663 10050535779 10031389632
2664 10107113173 10113317456
2665 10016386814 10098345203
2666 10038323444 9959743546
2667 10021231029 10120384156
2668 9999458721 10428204729
2669 10044835579 10030243772
2670 10114127717 10092083389
2671 10106734864 9997490053
2672 10101771865 10288585486
2673 10114488255 10081413781
2674 10028124320 10005781410
2675 10079127400 10000821307
2676 10085389629 10428204729
2677 10067552169 10192830825
2678 10107345272 10013031952
2679 10103908029 10111248863
2680 10094702973 10083085937
2681 10075206279 10182336300
2682 10125430879 9990738125
2683 10034534985 9999719288
2684 10059815885 10010926653
2685 10008857125 10084344357
2686 10128088398 10085996690
2687 10025868929 9998792640
2688 10111351761 10428204729
2689 10078724484 10428204729
2690 10066604996 10173534343
2691 10182599461 10062307028
2692 10045121565 10130064783
2693 9971219479 10040752878
2694 10058298531 10047495283
2695 10096040435 10096796426
2696 10034532264 9991570837
2697 10097827576 10019180489
2698 10093717496 10009574523
2699 10046985861 10135281514
2700 10141665774 10400217917
2701 10166244003 10111392886
2702 10021346118 10112608616
2703 10124615497 10030455874
2704 10155913428 10166188122
2705 10032602804 9974006454
2706 10069704434 10048771343
2707 10052309009 10002471489
2708 10032654419 10428204729
2709 9995506465 10069474126
2710 10018612115 10100000000
2711 10197657848 10158181878
2712 10115170621 10326078320
2713 10091428750 10071636875
2714 10037155457 10014524403
2715 10000975648 10099984628
2716 10064821084 9920477387
2717 10007948294 10125107004
2718 10033045312 10428204729
2719 10122601445 10033986770
2720 10028757908 10114223336
2721 10113004267 10082733121
2722 9981292266 10066566978
2723 10091098997 10217054385
2724 10018012632 10121428901
2725 10138526390 10020283305
2726 10109414961 10120925517
2727 10116235160 10003279673
2728 10030748300 9996358591
2729 10076264739 10428204729
2730 10120978799 10055072771
2731 10086473833 10008827718
2732 10053384975 10428204729
2733 10052309009 9991864608
2734 10032683100 10122306551
2735 10005197104 10089536445
2736 10027469222 10152950030
2737 10182894784 10066008520
2738 10059325950 10169811952
2739 10039604182 10012670836
2740 10055793386 9971917514
2741 10091464316 10096652618
2742 10084083561 10023637391
2743 10112634545 10082523435
2744 10052309009 9971833173
2745 10060102500 9967111853
2746 10114596003 10122370531
2747 10115451084 10042954622
2748 9978124173 10076067664
2749 10059043053 10035356048
2750 10026310077 10077425866
2751 10076281124 10015809383
2752 10108048171 10090887159
2753 10015644698 10103476464
2754 10116613541 10044735461
2755 10114988983 10128603866
2756 10047406361 10002340797
2757 10086823329 10005948759
2758 10098294603 10024522721
2759 10082160068 10000000000
2760 10109313034 10086496349
2761 10052149980 10147293480
2762 10065667224 10026405197
2763 10009049675 10096635118
2764 10054573866 10022220830
2765 10031616336 9985421419
2766 10065871446 9959022162
2767 10000356394 10096206294
2768 10057305496 10014823323
2769 10108678230 10121398856
2770 10071615071 10066864329
2771 10041035281 9978681631
2772 10116494277 10111138956
2773 10066755386 10021258564
2774 10036889655 10015218916
2775 10090743784 10428204729
2776 10112303276 10045700962
2777 10052313146 10031711074
2778 10054506450 10428204729
2779 10040611597 10159958277
2780 10078250323 9988368882
2781 9990147144 10057786191
2782 10101355097 10106915604
2783 9993202027 10087746165
2784 10044425688 10428204729
2785 10055410647 10007762091
2786 10043540090 10028651762
2787 10081783002 10007634210
2788 10149499082 10125012274
2789 10042307478 10015497587
2790 10053242090 10026928458
2791 10121662120 10045946587
2792 10033537786 9973213315
2793 10001962336 10428204729
2794 10010195039 10109766833
2795 10031824585 10148916550
2796 10026410185 10115032048
2797 10101626897 10062742389
2798 10038898656 10017933095
2799 10040409128 9999339152
2800 10036857332 10008771706
2801 10077252347 9983796182
2802 9981470755 10056610681
2803 10048636326 10013376052
2804 10079233318 10005638153
2805 10114379166 10081350593
2806 10079755465 10008280992
2807 10126239129 10134671454
2808 10038554293 10012665520
2809 10026020439 10002518134
2810 10111013251 10101329814
2811 10041899387 10134671454
2812 10106648144 9902325664
2813 10131943048 9984634141
2814 10000758348 10080724962
2815 10092186878 9906657599
2816 10050909072 10428204729
2817 10027213723 10115496931
2818 10009838749 10112189351
2819 10052366860 10150338800
2820 9998975650 10078887650
2821 10044615695 10004179732
2822 10066019673 10428204729
2823 10115616136 10132040565
2824 10077440272 10004382505
2825 10040188872 9999579369
2826 10001155575 10007037724
2827 10090751279 10094508488
2828 10118616209 10428204729
2829 10052309009 9978094210
2830 10078754419 10004676910
2831 9944248977 9847799836
2832 9986331146 10428204729
2833 10055604442 10040507984
2834 10093629908 10088080605
2835 10054367024 10035420255
2836 10036197212 10011850864
2837 10140003280 10096193157
2838 10026045549 10126772227
2839 10119785149 10127693365
2840 10054201503 10038841932
2841 10007517779 10104818480
2842 10010366404 10096668299
2843 10000040073 10112671798
2844 10052309009 10428204729
2845 10028977166 10007991922
2846 10146566696 9811005216
2847 10063012009 10029495528
2848 10002525577 10134671454
2849 10078042294 10001920300
2850 10021936286 10115136448
2851 10043017471 10134671454
2852 10031644281 10008159490
2853 10095854060 10428204729
2854 10069904053 9957899394
2855 10058760998 9966656879
2856 10044249481 10010009154
2857 10082239888 10233930477
2858 10023241215 10109558798
2859 10052284034 9966548959
2860 10104759884 10056044406
2861 10083072923 10004746425
2862 10075500963 10073877115
2863 10116438427 10034933436
2864 10002669855 10096789458
2865 10051567090 10038805546
2866 10047136540 10139767106
2867 10040562326 10013892731
2868 10066570418 10023246760
2869 10149535825 10428204729
2870 10000905964 10131128066
2871 10063716704 10032862846
2872 10015099624 10123899015
2873 10027180347 10079861085
2874 10044734536 10014887218
2875 10003624479 10101825364
2876 10127755556 10018344036
2877 10123131286 10012016908
2878 10035990063 10018131849
2879 9996563433 9994187843
2880 10005549030 10114173940
2881 10050363559 10017858359
2882 10116195972 10009438264
2883 10065562079 10053073684
2884 10013754980 10428204729
2885 10074567893 10066330141
2886 10078754098 10428204729
2887 10108064556 10021375183
2888 10062752413 10033152017
2889 10057086121 9969625905
2890 10119164533 10010834098
2891 10036442830 10012050293
2892 10032226535 10428204729
2893 10046110431 10050568338
2894 10015758558 10134671454
2895 10017232323 10052024200
2896 10044324336 9993077255
2897 10032946741 10125096640
2898 10023279893 9991385440
2899 10102126239 10030405983
2900 9996649196 10118611334
2901 10044360169 10136043898
2902 10021222393 10063189343
2903 10120754338 10085043360
2904 10011977154 10099482146
2905 10116856162 10130583886
2906 10150200237 9999167694
2907 10006010377 10125539526
2908 9970336887 10134671454
2909 10091564670 10428204729
2910 10072027536 10014683825
2911 10103225117 9994329389
2912 10106168711 10115065253
2913 10015484234 10099533283
2914 9977043243 10083331181
2915 10075522518 10215133713
2916 10012846075 10090663765
2917 9998984839 10000963499
2918 10086474557 9984435553
2919 10005507361 10124291273
2920 10156373212 10114848490
2921 10036293442 10134671454
2922 10048212182 10145266463
2923 10188842192 10064944364
2924 10082313971 10000000000
2925 10131943048 9979394072
2926 10030450394 10089011436
2927 10100961691 10107665994
2928 10049664422 10428204729
2929 10105357673 10109381865
2930 10035603776 10103431797
2931 10054531101 10150577484
2932 10088013361 10250085995
2933 10144316069 10167658857
2934 9974687170 10099189274
2935 10092013668 10028551328
2936 10004434869 10088718003
2937 10008049362 10026328140
2938 10053486874 10027566348
2939 10002192223 10009938505
2940 10136078205 10023680704
2941 10060959322 10028697360
2942 10052774343 9947257738
2943 10011862411 10036997938
2944 10074913283 10001404203
2945 10014392350 10092666989
2946 10140135394 10163452061
2947 10021539193 10428204729
2948 10163142878 10195237309
2949 10111648528 10316222684
2950 10153889206 10114516734
2951 10064390781 10025344717
2952 10148399854 9940414893
2953 10038613859 9964740086
2954 10058903629 10032574056
2955 10110104104 10021941119
2956 10022320329 9986231758
2957 10009979500 10094788711
2958 10082917882 10000633801
2959 10072407745 10026259998
2960 10061414484 10019847073
2961 10007053869 10092096080
2962 10027125693 10114106832
2963 10063397723 10029015449
2964 10071765100 10428204729
2965 10023450575 10134671454
2966 10042157617 10134671454
2967 10079367119 10002380245
2968 10099253483 10079033361
2969 10057663958 10428204729
2970 10124925800 10074428354
2971 10007604847 10100832810
2972 10089964765 10008955301
2973 10086174021 10065080076
2974 10074992685 10057844693
2975 10089851578 10428204729
2976 10055296102 10034952406
2977 10148604041 10124562084
2978 10039525309 10014902288
2979 10036539762 10125083845
2980 10015401432 9918877406
2981 10152222741 10166656161
2982 10011601799 10117828269
2983 9999670591 10109873155
2984 10102529754 10097900972
2985 10060964028 10031359126
2986 10008167844 10083331181
2987 10116461229 10069856154
2988 10043317440 10428204729
2989 10134085171 10091207153
2990 9979006443 9945059303
2991 10043317768 10149053850
2992 10009859029 10428204729
2993 10052764470 10032855870
2994 10122575434 10016001286
2995 10067687205 10011240939
2996 10100293073 10284447484
2997 10136833092 10160446178
2998 10033639471 9990941967
2999 10077614998 10063865350
3000 10117756766 10054586387
3001 10037264226 9979310126
3002 10029053810 10428204729
3003 10037918181 10127709205
3004 10122511392 10346619504
3005 10116069600 10129694798
3006 10041257139 10003854360
3007 10110721000 10014840581
3008 10102293881 10089126816
3009 10068773943 10029905869
3010 10038684082 10018765135
3011 10127645878 10428204729
3012 10092216688 10094650829
3013 10022712204 10428204729
3014 10063933768 10011130316
3015 10038924371 10149870392
3016 10148377600 10179253192
3017 10042730259 10006272122
3018 10037823259 10145851232
3019 10052485492 10428204729
3020 10014438077 10116552071
3021 10012517200 10428204729
3022 10019976759 10103673091
3023 10127992672 10088715917
3024 10025000215 10113145540
3025 10007380411 10126547607
3026 10041840048 10139902108
3027 10137626725 10155704236
3028 10063171155 10021854794
3029 10043707855 10134671454
3030 10002269822 10081390567
3031 10092759663 10263367253
3032 10047417268 10034242719
3033 10043353936 10134671454
3034 10062568905 10026872654
3035 10035525359 9988109615
3036 10034309383 9996981375
3037 10147343607 10168990201
3038 10060659518 10060457216
3039 10087817142 10087061049
3040 10024558398 9995857628
3041 10051635044 10038419735
3042 10031409245 10134671454
3043 10021431018 10110853276
3044 10138567135 9972834680
3045 10140732142 10114207891
3046 10105273306 9884205303
3047 10095389291 10100574421
3048 10085039408 9920073589
3049 9996313249 10067769844
3050 10002772170 9970227189
3051 10034620626 10006284731
3052 10122785487 10034584561
3053 10034013209 10015407239
3054 10151719898 10147888064
3055 10049489172 10142286362
3056 10079636478 10001948604
3057 10084006633 10428204729
3058 10098517936 10088817219
3059 10040183828 10017366778
3060 10012455166 10114071899
3061 10051836855 10034598833
3062 10053923289 10030117877
3063 10074451718 10428204729
3064 10095979115 10045512327
3065 10096504029 10005252635
3066 10052309009 9861893276
3067 10129442952 10366015618
3068 10090197525 10073018278
3069 10136792365 10105423953
3070 10093311535 10264911517
3071 10004568104 10084149907
3072 10114894727 10085240974
3073 10038428337 9983504928
3074 10075602320 10215357019
3075 9976644267 9899884239
3076 10052309009 10000991027
3077 10024067883 9994052856
3078 10011392256 10090532069
3079 10084614354 10240574785
3080 10037476182 10011412400
3081 10073686875 10069094941
3082 10183333724 10130101734
3083 10079417915 10001031860
3084 10030169248 10123244843
3085 10040283611 10116527062
3086 10037957401 10134671454
3087 10057171738 10163783967
3088 10037587841 10142937674
3089 10142527639 10165427945
3090 10037014823 9995638015
3091 10131943048 9836928307
3092 10113340172 10320956298
3093 10055473120 10014009105
3094 10115824536 10130893441
3095 10093692278 9990386617
3096 10015323968 10100657592
3097 10055169482 10428204729
3098 10051488701 10147568243
3099 10000589035 10087108637
3100 10048555530 9997253015
3101 10052439774 10019677876
3102 10076003623 10026741177
3103 9994008272 10428204729
3104 10043865219 10140543359
3105 10079166410 10016289933
3106 10011342117 10123348402
3107 10129578830 10428204729
3108 10039698269 9996968286
3109 10023900748 9992226491
3110 10038085825 10133853476
3111 10122402245 10428204729
3112 10152768166 10431284990
3113 10077914569 10428204729
3114 10049674169 10428204729
3115 10006260778 10098866849
3116 10082039857 10000000000
3117 10039371598 9986384870
3118 10006079270 10100000000
3119 10078547694 10219637573
3120 9990073568 10103995624
3121 10117608509 10428204729
3122 10174851520 10092697802
3123 10090816271 10091527199
3124 10016748164 10104121858
3125 10014357746 10099980506
3126 10101070237 10106609944
3127 10061243233 9952991002
3128 10035900503 10131417824
3129 10086748922 10085850212
3130 10045272108 9997191821
3131 10052225558 10040269712
3132 10062255704 10029013220
3133 10029793505 10134671454
3134 10074541614 10070230524
3135 10136968394 10094435223
3136 10034107943 9987960242
3137 10042888374 10015732908
3138 10096901613 10041774046
3139 10025459248 10116696770
3140 10014577710 10428204729
3141 10107768736 10118261499
3142 10065655484 10001572047
3143 10099641205 10097979057
3144 10109382936 10428204729
3145 10166070089 10181056554
3146 10036346511 10011110968
3147 10051306891 10147372760
3148 10153441005 10066650391
3149 10053632295 10428204729
3150 10049861134 10035613211
3151 10121531868 10061722185
3152 9990174898 10083331181
3153 10085030851 10428204729
3154 9967354628 10132107936
3155 10053698395 10012002061
3156 10032683738 10131278053
3157 10081664731 10005661544
3158 10102776453 10032471823
3159 10088674112 10251934931
3160 10091379293 10002659151
3161 10035318190 10127370432
3162 10075879614 10021071513
3163 10094704275 10099414866
3164 10118036675 10013514836
3165 10067101680 10428204729
3166 10065617618 9982062675
3167 10001887627 10083070498
3168 10039628407 10016543585
3169 10017560832 10138796477
3170 10070583557 10024038914
3171 10022083045 10109982409
3172 10041983436 9996398178
3173 10056883498 9969985091
3174 10133847498 10092627469
3175 10052309009 10001440482
3176 10019020753 9956486986
3177 10141886829 10097642449
3178 10098897752 10108705114
3179 10127431136 9986849249
3180 10143202257 10098046138
3181 10118175276 10038162395
3182 10048249291 10013648664
3183 9971921002 10428204729
3184 10080130250 10001658083
3185 10041454493 10022905251
3186 10055988547 10014337557
3187 10055007590 10428204729
3188 10088634109 10251822993
3189 10164379815 10463777082
3190 10080495954 10000000000
3191 10092440500 9968101215
3192 10110560573 9959068831
3193 9896333347 9955049289
3194 10114547314 10044598083
3195 10117224601 10331825833
3196 10103350550 10074943670
3197 10037301623 10014867161
3198 10063606566 10025445914
3199 9972463165 10428204729
3200 10048473972 10150800698
3201 10057376080 10033685886
3202 10079798434 10002438366
3203 10163590177 10154601782
3204 10067531177 10428204729
3205 10046446008 10428204729
3206 10038177390 9998805602
3207 10027872857 10001285033
3208 10027524367 10128679837
3209 10092644440 10263044831
3210 10035591904 10014072479
3211 10072922078 10428204729
3212 10052309009 9996716651
3213 10116932724 10428204729
3214 10128197823 10428204729
3215 10031610014 10118568821
3216 10006879749 10089927927
3217 10055635080 10016203092
3218 10122387781 10046120670
3219 10085899341 10005112681
3220 10043658639 10022429864
3221 10060210365 10021834117
3222 10064039822 10177839199
3223 10039780898 9992648166
3224 10046605321 10134216677
3225 10033011849 10005983514
3226 10057161557 10004447929
3227 10042358846 10122334052
3228 10116364823 10071372629
3229 10052309009 10428204729
3230 10053509572 10160699465
3231 9982379860 10428204729
3232 10135996440 10049385313
3233 10105483964 10028954747
3234 10018613428 10140942803
3235 10068626265 9961129111
3236 10038208983 10015695760
3237 10144570644 10168679892
3238 9970362418 10134671454
3239 10103753973 10034886387
3240 10058481754 10167449696
3241 10107722419 10074146216
3242 10028455275 10115327412
3243 10058201678 10166665979
3244 10076031331 10073081759
3245 10043048812 10151709521
3246 10054899271 10036322250
3247 10087087349 9993936307
3248 10032557547 9974119291
3249 10025670395 9994898446
3250 10174946461 10138644645
3251 10019768052 10100000000
3252 10073170879 10024394159
3253 10047434659 10136537357
3254 10066882011 10025234635
3255 10109571010 10039383252
3256 10123733106 10084576894
3257 10122226812 10107439569
3258 9937072162 9875833185
3259 10078658025 10073105621
3260 10005804982 10428204729
3261 10051251020 9993787811
3262 10130522704 10100700201
3263 10014038934 10142924656
3264 10135427175 10134671454
3265 10030100484 10428204729
3266 10074222162 10001405962
3267 10033216036 10134671454
3268 10031227776 10116864102
3269 10025851565 10001398845
3270 10065210567 10024962153
3271 10000000000 10099346628
3272 10044434486 10027181106
3273 10036822471 10172496407
3274 10014704345 10044950332
3275 10099642003 10007876346
3276 10075475033 10428204729
3277 10014261686 10428204729
3278 10103561508 10034644386
3279 10076090905 9976594358
3280 10011606781 10036282628
3281 10075198778 10002330574
3282 10094502551 10028498140
3283 10019059368 10146580417
3284 10025265455 10000491164
3285 10111144230 10076838765
3286 10016454213 10099009461
3287 10139291761 10088635082
3288 10043631374 10134671454
3289 10026977319 10004745799
3290 10093397758 10082206805
3291 10047392864 9989818259
3292 10050525897 10428204729
3293 10043500080 10142125452
3294 10181662894 10428204729
EOF