NAME : 3324
COMMENT : tspgen
TYPE : TSP
DIMENSION : 3324
EDGE_WEIGHT_TYPE : EUC_2D
NODE_COORD_SECTION
1 10168969226 10004799753
2 10075256453 10012552432
3 9991230901 9926002706
4 9984757094 10009339546
5 10049859055 10136369201
6 9973209749 10094183771
7 10018951436 10050421495
8 10024427103 10084837046
9 10107213386 10090759114
10 9982714242 10037401465
11 10089633586 9862310632
12 10127482258 10050797521
13 10099184891 10013337786
14 10001688433 10047679550
15 9941984931 10042557058
16 10039258641 10109687035
17 10000478108 10062846101
18 10080350237 10012390951
19 10063627769 10140852102
20 10126479801 10105178133
21 10015081480 10070281902
22 10020733980 10051049517
23 10118518749 10039750656
24 9955258937 9968699334
25 10087433455 10012128092
26 10017809248 10067568241
27 10066680090 10018320636
28 10085420486 10035907438
29 10046519603 10032691523
30 10154512357 10028228999
31 10092435188 9936815874
32 10081296649 10023542182
33 10028034579 10090300706
34 10020037276 10078370168
35 10013151363 10041421707
36 9991196313 10039002470
37 10042880890 10050322570
38 9997843144 10042147525
39 9963815204 9963460781
40 10092107080 9936479451
41 10083571814 10015855482
42 9913319146 9871203076
43 10009979792 10137491875
44 10100206547 10021741038
45 10051416373 10056476300
46 9947687112 10098351738
47 10117003663 10155313990
48 9864793931 10052424586
49 10039512014 10110154537
50 9904675561 10080336625
51 9982095505 10000018097
52 10032574763 10065186531
53 10048683051 10133356347
54 10027546867 10093193306
55 10088896286 10023593315
56 10030730682 10230133726
57 10006754887 9895608590
58 10005175856 10047017719
59 10088338133 10024780550
60 10027139533 9984288650
61 10067934201 9898790337
62 9991835405 10039933914
63 10116010544 10099056562
64 10083328228 10022013185
65 9922174183 10127903252
66 9872119905 10101168265
67 10008749590 10078143366
68 10008998347 10050015121
69 10044090141 9992290249
70 10079372241 10175209695
71 10088349995 10121861920
72 10057119165 9976598160
73 10043554531 10116752256
74 9978477373 10010540999
75 10042862031 10111190294
76 10075272652 10114823105
77 10032527055 10041290942
78 10046664234 10121827546
79 10060006671 9967254663
80 10034953405 10052092731
81 10175522419 10056659602
82 9977263236 10035888018
83 10114794445 10077633699
84 10082735719 10045181085
85 10134558967 10086759377
86 9998680070 10158589301
87 10009595438 10111713801
88 10042539833 9967660677
89 10008749590 10084638402
90 10089730604 10037380578
91 10004197437 10052518252
92 9970966140 9998282052
93 10093296668 10002440175
94 9917368195 10247673136
95 10081709103 10002539977
96 10038434656 10064894939
97 9965451709 10166334125
98 9981882185 10073825890
99 9894296262 10134260820
100 10109652638 10091271493
101 10010456992 10097628474
102 10110897012 10022319851
103 10083196172 10007212416
104 10011151261 10025034091
105 9965221937 10032544806
106 9929724898 10034758102
107 10026981685 10049692120
108 10058542407 10131289205
109 9930226293 9963160471
110 9995977299 10127530330
111 9981313198 10044978419
112 9989148417 10082169860
113 9976145984 10013829545
114 10053555824 9978594778
115 9994537867 10036753042
116 10033038413 10065412638
117 10109916197 10104341393
118 10046309203 9962927160
119 9982208021 10000177247
120 10022955006 10115982420
121 10035150789 10051318532
122 10117780342 10128002817
123 10078444252 10173695141
124 10021469818 10080708194
125 10060318586 10145062305
126 10099890728 9839365118
127 10134900173 9972437858
128 10081002330 10177870134
129 10042884886 9912337300
130 9972161521 9980010270
131 10107861336 10295295326
132 10086414318 9869512225
133 10074102834 10049942519
134 10012164393 10084638402
135 10085916368 9870626153
136 10076585268 10025168138
137 10087493743 10019760514
138 10017286598 10097628474
139 10029591959 9982822198
140 10095351289 9849519971
141 10109874797 9817030477
142 10010456992 10091133438
143 10106452618 10048680333
144 9959314601 10069340718
145 10089053615 10003272876
146 10019439722 10069984182
147 10033756324 9996677414
148 10084920107 9872854816
149 10117975463 9997816685
150 10007964730 10044412148
151 10021144954 10030018679
152 10232403876 9989870233
153 9991380273 10018136849
154 10056451275 9968955025
155 10090861583 10126014009
156 10028722612 10134797127
157 10056727528 10116173044
158 10037714581 10107220980
159 9933450193 10076663248
160 10069103059 10045990548
161 10012041831 10038727769
162 10031345072 10042085908
163 10061908328 10047931711
164 10056797594 10003750043
165 10081269080 10044821586
166 10060046625 9980163735
167 10033845100 10039368227
168 9983144538 10018158195
169 10041551992 10067776796
170 10078412554 10010429734
171 9940901017 10138366476
172 10105003402 10091186445
173 10114761229 10091814429
174 10089985087 9840094991
175 9985845594 10038270870
176 10078755643 10010198982
177 10086897311 10031947069
178 10030666557 10094437622
179 9976086359 10143272155
180 9975619721 10030831875
181 9991868823 9977560780
182 9979786503 10076762652
183 9988594425 10031286453
184 10063532141 10003932617
185 10015913332 10223644037
186 9892531849 10202854230
187 9985980820 10083036949
188 9995491229 10040948937
189 10040550425 9971560628
190 10032332863 9980756609
191 10017252175 10073824655
192 9985490233 10142855524
193 10039080002 10109449458
194 9956875367 10054340324
195 9980314624 10024313353
196 10023758638 10047188315
197 10049098834 10047440524
198 10106101666 9991806869
199 9985799598 10010897170
200 10070733447 10178935774
201 10020987429 10076209088
202 9949779325 10047762931
203 9898396549 10021141810
204 9973866748 10003016081
205 10008749590 10057282950
206 10021461095 9971198233
207 10078671866 10010255328
208 10014955054 10053109341
209 10070772247 10014878134
210 9974924250 9992417531
211 10029905066 9983776838
212 10017550278 10074311184
213 10120924014 10103185360
214 10046016979 10056285011
215 10065332184 9916673549
216 9976835050 10093428772
217 9956406496 10030097238
218 10080174143 9958927259
219 10035328118 10039407030
220 9893058350 10205822234
221 10090157167 10111678909
222 10080492532 10166445318
223 10034713306 10156383800
224 9937541432 10115663883
225 9981259539 10025017378
226 10112095955 10063446854
227 10015857284 10082658242
228 9963628189 10112645535
229 10011596189 10084202222
230 9950695213 10096328580
231 10113524264 10071412675
232 10022235063 10043424249
233 10031043078 10095287770
234 10034483506 10079684760
235 9996114002 10041121847
236 10098688897 10110484525
237 10080183802 9973060625
238 10038943702 10036975297
239 9947844059 10114721917
240 10088541893 10003617045
241 10060973807 9942824865
242 10036422102 10071743588
243 10010378049 10031305667
244 10107040404 10097675948
245 9921193973 10020320641
246 10016054632 10030526980
247 9953977513 10061209080
248 10086500344 9869319781
249 10106451157 10111345805
250 10092230696 10013898764
251 9996720607 10040315453
252 10112773349 10074792387
253 10046759412 10121982885
254 10021463654 10021462517
255 10004760609 10122391201
256 9939605066 10103787479
257 10000863868 10055017784
258 10029948477 10174193738
259 9985980820 9893240443
260 10048464348 10124765480
261 10008436046 10115326088
262 9973387456 10042688221
263 10064599103 10179122161
264 10029157737 9907875778
265 10041030176 10112648843
266 10044775251 10202049457
267 10032637055 10051262307
268 10023404185 10083865240
269 10052423447 9979507528
270 10052469086 10025085045
271 9980356678 10013608179
272 9918142464 10245941075
273 9996023940 10039178435
274 9868749318 10042452322
275 9880562883 10087733726
276 10116023772 10009542795
277 9981586984 10004809925
278 9995667430 10049501185
279 10006723210 10043872630
280 10008711811 10057308359
281 10066555044 10114890437
282 10024238449 10077083353
283 10011876474 9919979911
284 9989981677 10039419235
285 9935160064 10106777054
286 9993498755 10067540203
287 9985980820 10094184772
288 10050393826 10124467988
289 10088494119 9939528834
290 10116813760 9991479227
291 10027256076 9979167306
292 10089429089 9862768098
293 9939430413 10084104603
294 10035744976 10109055993
295 9929104336 10057077659
296 10014751341 10069743089
297 10083131294 10181344778
298 10072196343 10014610570
299 10084569872 9995026894
300 10044409900 10044281770
301 10106131179 10041963375
302 10069068174 9895771911
303 10079106675 10040063111
304 10107057891 10089909943
305 10059783423 10044501713
306 10050865853 9949035136
307 10072832729 9951830112
308 10112485452 9780203220
309 10097986347 9923844038
310 9951189389 10138010183
311 10077905756 9997902298
312 10037487131 10106849763
313 10052058450 9975611653
314 10021426997 10068831809
315 10071719997 10014930947
316 10096520694 9998250743
317 10120308602 10007567427
318 10099855382 10035677893
319 9981303433 10051577890
320 10044928619 10117746130
321 9979081017 10011526196
322 10087834816 10004092604
323 10130414443 9975454826
324 10103463379 10110151185
325 9914549505 10130433227
326 10018993999 10087885920
327 10162545852 9978771988
328 10080127134 10016470035
329 9993885276 9982803850
330 9943194420 10081309851
331 9986468953 10109478035
332 10064707373 9953630096
333 10041094977 10112253541
334 10003049510 10119399225
335 9867998324 10090136062
336 10040413157 9951174508
337 10017869908 10047162276
338 10095861806 10049281912
339 10010670491 10068255896
340 10075531057 10044932096
341 10102613509 10069720752
342 10111465371 10092765576
343 10015447680 9928929607
344 10093793960 10038402688
345 10004465168 10089507494
346 9954780985 10029978880
347 10106114251 10098655712
348 10045582273 10054856489
349 9934968775 10134925624
350 10121619999 10075968019
351 10019076815 10094772955
352 9980850206 10014413657
353 10009300314 10060846567
354 9996605883 10040128214
355 10074444222 9881461875
356 10066829977 9963241039
357 10088930623 10003355597
358 10088102195 9845106901
359 10007253277 10023038694
360 10084890093 10023115825
361 10076702684 10033898979
362 10026518664 10026783655
363 9985980820 10083337244
364 9983796748 10030661682
365 10044342304 10064545888
366 10011426407 9930535361
367 10024584815 10058897432
368 9998150611 10064411505
369 10065878544 10164732541
370 10018933587 10077429472
371 10062612294 10044359348
372 10001908290 10042730605
373 10088245684 9943871529
374 9991959918 10042933384
375 10026849845 10045109263
376 10025544534 10075199006
377 10099498914 9996247682
378 9876464996 10130856032
379 9896069552 10127575547
380 9989921812 10030151186
381 9995292038 10002884635
382 10075807404 10176156567
383 10015327061 10017791780
384 10088225795 10111614310
385 10142541301 10019173694
386 10008503007 10019350807
387 10052123897 10123621330
388 10023581108 9964805342
389 9987656558 10050560424
390 10078479490 10017482999
391 10055099752 10026109224
392 10046263108 10121172876
393 10014207574 10010224831
394 10013560437 10054047319
395 9983027010 9946334954
396 10033661002 9979821366
397 10026401929 10085487375
398 10056501775 10123373672
399 10082279986 10007828615
400 10104168372 10063818098
401 10043057617 9971664550
402 10118922431 10162096191
403 10071638154 10039641927
404 10040836757 9978674614
405 10086066040 10000442467
406 9985980820 10074427289
407 10062376703 10117065391
408 9992823216 10101676694
409 10049401613 9977899534
410 10014683072 10013465703
411 10035820322 10039075989
412 10024318998 10041898092
413 10042394344 10053971375
414 10051919040 10028248475
415 10054606332 9940667579
416 9985980820 10094184772
417 10040586479 10116825697
418 10054736260 10033843709
419 9987662548 10042542775
420 10021557334 10008774148
421 10017437704 9990697706
422 9883308172 10044083526
423 9985980820 10094184772
424 10081208555 10187560359
425 10004579780 10025505764
426 10058668795 9957897934
427 10097028334 10035925583
428 10080304387 10129363035
429 10043543882 9973448411
430 10084775898 10009448745
431 10010456992 10087885920
432 10051184012 10056411786
433 9992143894 10040019565
434 9617257134 10122017646
435 10051285585 10129369970
436 9933221763 10028896612
437 10047935357 10123902123
438 10080866751 10155100652
439 10033695246 10073714002
440 10082454815 10114785270
441 9943641152 10101072929
442 9979177252 10091815461
443 10099842739 10011615421
444 10059561227 9970471702
445 10066386938 10030794292
446 9979545164 10054319651
447 9990725260 10005682766
448 9986150962 10014686346
449 10070702371 9975122532
450 10082756697 10003202594
451 10114742270 10162424274
452 10106798867 10082067320
453 9998557777 10043313865
454 9985092570 10022227773
455 9925677213 10021565392
456 9985980820 9880565088
457 10113317601 10055421408
458 10073664087 9989923151
459 10002635422 10133624748
460 10038843469 9975929547
461 10097150055 10034706622
462 9969404242 10106423023
463 10023836026 10056939007
464 10069940362 9990922858
465 10108322569 10078792620
466 10024320815 9971283789
467 10009137537 10001954466
468 10018629345 9996757709
469 9878664880 10060777589
470 10095575318 10033099068
471 10027024572 10089774008
472 10034694882 10056420752
473 10015002323 10011738355
474 10004393524 10278801549
475 10197093101 10040764723
476 10115788815 10095828877
477 10079538386 10026451324
478 9968720968 10112686127
479 10104539246 10090296763
480 10119016329 10097125314
481 10062738936 10020971338
482 9985980820 9958733516
483 10105968738 10032009804
484 10091642480 9933997665
485 10087636678 10022306614
486 10114420287 10092532093
487 10104498584 10052704288
488 10036154420 10050144047
489 10020514664 10065240260
490 10072873737 10014154976
491 9984920133 9961735530
492 9990854576 10034169916
493 9969341345 10063354478
494 10012671658 10083069975
495 10039775707 10110584905
496 10005259156 9991370790
497 10120417421 9982178522
498 10051576175 9947446126
499 10123612108 10058596919
500 10051612313 10000630455
501 10109192121 9989728322
502 10085989171 9870463291
503 10041097320 10019442750
504 10089000403 10118356931
505 10106903768 9823676752
506 9987440708 10027306672
507 10013812423 9990218201
508 9983028525 10160357355
509 10109082418 10034219181
510 10040066329 10113353997
511 9985980820 10072596541
512 9980818167 10013825265
513 9901238270 10225642467
514 10092579332 10120705177
515 10066490088 9914083286
516 10104364512 9860744175
517 10104610049 9992810086
518 10084104947 10162798073
519 10061956860 10043323335
520 9877671610 10024968614
521 10072161655 9901395831
522 10113279394 10058040375
523 10027329682 9961715455
524 10007694941 10116047764
525 10088896460 10014772209
526 10012814530 10000000000
527 9982586244 10003989501
528 10084914840 9996072705
529 10026562287 10032346209
530 10050360520 10116711468
531 10004479321 10048803670
532 10030131332 10008625272
533 10062029127 9924062580
534 10056321606 10025287441
535 10125263708 10152685953
536 10025708570 10049338645
537 10021724007 10082850594
538 9911195346 10007764451
539 10037381395 10052579552
540 10116023816 9959889968
541 10094154409 9997217857
542 10033407277 10040698930
543 10044419669 10118164232
544 10072867284 9899817320
545 10015365437 10001282478
546 9984325637 10003863321
547 10030558352 10095541427
548 10069844880 9966253736
549 10000947225 9931257540
550 9981264190 10013513223
551 10097718867 10024905854
552 10023792260 10047165702
553 10046991449 9968418160
554 9986931550 10033499832
555 10016808983 9982956384
556 10019175055 9974925816
557 9893482515 10118220630
558 10029843430 9970382469
559 9989596731 10028688704
560 9998613469 10057002564
561 10069390212 10016497890
562 10017286598 10094380956
563 9985093824 10011834589
564 9989870313 10037598873
565 9982480645 10049139535
566 10008177406 10196003274
567 9977079935 10001251328
568 10034623292 10089157719
569 10045291124 10054775652
570 10047644280 10127212163
571 10075966492 10012074881
572 10094205933 10029898168
573 10059046735 10020242592
574 9999237551 10036418000
575 10060888330 10044945976
576 10022000612 10035002064
577 10012004366 10085706118
578 10044754954 10014998948
579 9996456021 10032149039
580 9990342121 9984839160
581 9886537620 10058933240
582 9929636020 10037274328
583 10356119999 10108051893
584 10122592732 10096180130
585 10045678609 10032445602
586 10091192276 10045617547
587 10031396539 10102235202
588 9894992352 10045392645
589 10075506238 10174277773
590 10104480707 9829097207
591 10100109864 10147116724
592 9937331764 10032546174
593 10076888429 10118996022
594 10119319082 10075329179
595 9971035300 9817629003
596 10018380595 10069992903
597 9998604093 10037704637
598 10138496719 9753002436
599 9985024215 10055479997
600 10081254077 9992543959
601 10082532392 10168782434
602 10021087011 10080083422
603 10051197526 9948293175
604 9917593311 10129108879
605 9990585660 9973935654
606 10034542937 10103604573
607 9991617075 10019354971
608 9963938192 10040800589
609 9972992787 10001589705
610 9967301615 10014874182
611 10087077341 10034379522
612 9947673711 10098360751
613 10080157179 9866255050
614 9981240851 9995726878
615 10087852087 9982694007
616 10182241340 10075392970
617 10109773362 10069745336
618 10094054106 10033276138
619 10064221102 10002658332
620 9931150379 10040616230
621 10007433772 9966194092
622 10063661292 9982831435
623 9985980820 10090025719
624 10095631349 10015535215
625 9982026574 10075256047
626 10013432395 10136564897
627 10156832874 10412577087
628 10074496696 10013063422
629 10075610326 9998414239
630 10093255996 9854207200
631 10073061422 9899383027
632 10037390347 10106691802
633 10113989540 9947300031
634 10091726193 9938640652
635 10004735744 10091927563
636 10052153254 10046681634
637 10050492507 10127748410
638 10025891606 10087924914
639 10082636721 10045071571
640 9936758734 10133616347
641 10042617544 10009228317
642 10039541755 10126714534
643 10076421831 10182687706
644 10017286598 10084638402
645 10045364343 10032656967
646 10037742638 10019915610
647 9995246227 10037909143
648 10026924104 10042897559
649 10031770394 10096398362
650 10045012352 9959804022
651 10047272318 9962470965
652 10050254067 10000785376
653 10117492847 10023299152
654 10010575544 10016332899
655 10037394411 10106698435
656 10009068582 9990466767
657 9981340429 10075717528
658 10101462158 10021038904
659 10007945487 10058635378
660 9989333053 10070341929
661 10057095859 9997762714
662 10041197557 10055466419
663 10131444620 9945425865
664 10112114199 10065814276
665 10013156059 9923186641
666 10046268484 10113666295
667 10015385101 10046472381
668 9999076027 9959721843
669 10014989324 10088250285
670 9985363561 10021779822
671 10035442261 10052041160
672 10064629635 10037430588
673 10075863258 9893115242
674 10120034608 10175972938
675 10074033766 10119463925
676 10082775017 9877653443
677 10064529679 10124850643
678 10051481205 10112312292
679 9966325770 10032851280
680 9985980820 10125810515
681 10089236002 10191308162
682 10027774710 10080150254
683 10122759847 9752854696
684 10017670930 10075787117
685 9905904869 10206649344
686 9956288528 9974326986
687 9994118958 9955076199
688 10043717521 10033764571
689 9993945834 10035786796
690 10085210504 9955410446
691 9975141654 10079886638
692 10088683859 10018045239
693 10073850346 10034296476
694 9900435730 10285551535
695 10021367659 10048796416
696 9974235878 10011354102
697 10067316047 10037078155
698 9969204339 10153522818
699 10111399558 10227480901
700 10098514895 10105969854
701 10068087462 10144102181
702 10031342384 10018620168
703 9972685607 10030812484
704 9938396674 10010405934
705 9821365437 10074201143
706 10054975843 9972929932
707 9988227368 10044244957
708 9937243491 10034105338
709 9944255242 10105607920
710 9927640738 9981983647
711 9983040430 10004571010
712 10009134101 10001049324
713 10114198525 9986361164
714 10024967181 10164835157
715 9994592586 10036842347
716 10103325652 10095256203
717 10092897084 10000687874
718 9942310577 10033615607
719 10029174382 10085725500
720 10032533962 10041286296
721 10001720710 10042678524
722 10004485799 10117150588
723 10065591245 10116096087
724 10022223688 10085772730
725 10024298616 10085325024
726 10018993999 10094380956
727 9987827908 10025801840
728 10093810645 10015131563
729 10034165111 10158420128
730 10095166165 10050453940
731 10037782656 9978987315
732 10036281046 10052065123
733 10024954149 10086394907
734 10102953828 10089098283
735 10020896704 9987680173
736 10108008742 10157010704
737 10030752489 10064389285
738 10014043403 10051954939
739 9942596964 10092379221
740 9978270706 10006372931
741 10014468589 10008140581
742 10026383035 10036790361
743 9991203919 10031311765
744 9975176449 10079863236
745 10026420973 10077914009
746 10046552667 9968449333
747 10059444971 9979876157
748 10025212598 10091943444
749 10001047424 10042491590
750 9876838631 10146002297
751 9995446327 9962404085
752 10074670097 10003494725
753 10092961186 10113016971
754 9981909436 10037178014
755 9989937949 10014231450
756 10076324796 10117215531
757 9976564195 10007418535
758 10103457310 10140265434
759 10042424290 9966692959
760 9950200211 10053648142
761 10065222736 10019300809
762 10021018018 10079970820
763 10040053766 10036228702
764 10030934366 10039989797
765 10050268173 10118655900
766 10090485099 10012446031
767 9986469228 10025377935
768 10046113757 10100808335
769 10023955621 10071606541
770 10096826261 9998045228
771 10093248244 9831409076
772 9989383007 10039253017
773 10125866343 10095682504
774 9985980820 10079191358
775 10091769102 9986232936
776 10051053343 10126666395
777 10028495236 10047904221
778 9980608437 10066691501
779 10025427548 10018968147
780 9980332811 10013569226
781 10096765787 10007259732
782 9889893620 10054293935
783 10077496002 10172704059
784 10091440406 10028869533
785 10089321061 10007138972
786 10036990610 10038288889
787 10087925264 10011766413
788 10085225387 10008712370
789 9921387985 10048350065
790 10029167527 9974543715
791 10044548443 9998935750
792 10076021690 10030359577
793 9969583745 10033241936
794 10049938660 10127171677
795 9972252944 10124894416
796 10017162453 10051624711
797 10013594816 10067855545
798 10038997808 10109315311
799 10041231757 10068601003
800 10083929289 10113825785
801 10010482781 10022852694
802 10106705796 10045727434
803 10006331003 10058909619
804 9842218307 10085168609
805 9984373596 10063587309
806 10078922402 9987755447
807 10031482641 10044572810
808 10069143274 10016663973
809 10021355647 10048804495
810 10036080521 10092582000
811 10041848202 10062803084
812 10094180653 10009417702
813 9951844673 10108206939
814 10048941650 10030250978
815 10034539736 10099272881
816 10092114079 10113101646
817 10029769595 10090855187
818 9923506248 10141540262
819 10030902695 9908024778
820 10063160190 9921532361
821 9986138111 10035787224
822 10095331981 10183275942
823 10048140334 10055566723
824 10167262634 9962149029
825 10108135096 10082128784
826 10053077412 10117966249
827 9974464376 10147589571
828 10059073947 10040968953
829 9960646834 10052748705
830 10084968196 10120047911
831 10037711690 10076543273
832 10092593271 10014288345
833 10037290166 10070053396
834 9973334193 10002146909
835 10101061378 10097530096
836 9976060296 9999314853
837 10006400363 10043977809
838 10086966518 10012890254
839 10101028801 10032329500
840 9990770670 10005654942
841 10131030015 10110475474
842 9998262222 10042831494
843 10028588546 10050138257
844 10096557899 9952772810
845 10024423902 10050405562
846 10094762055 9979372647
847 10035425027 10050749742
848 10018441372 10072925219
849 10120651721 9972186102
850 10009100199 10057047141
851 10088117553 10003902443
852 9877344079 10071679772
853 9994997220 10040811778
854 10084653163 9873451978
855 9993561011 10045205248
856 9977111350 10035845847
857 10092201971 10013900590
858 10085046798 10121831291
859 10031677584 10098334259
860 9983729010 10055334879
861 10090637194 9924616253
862 10053428193 9943303109
863 10111595013 10301383280
864 9987883788 10028889611
865 10061094606 10043012616
866 10078202322 10120436464
867 9989432206 10030375271
868 10040631187 10107275379
869 10120450402 10086124857
870 9961578666 10145630870
871 10061280250 10025136117
872 9862009057 10102838857
873 9985980820 10075938213
874 9980090216 10054927181
875 9928719882 10019218328
876 10038052805 9992814372
877 10106940434 10091550309
878 9924855804 10021337332
879 10081413312 10023945146
880 10006492480 9981811884
881 9970797921 10040893216
882 9981085529 10014797724
883 10007540236 10115613854
884 10106616829 10091880923
885 9962848355 10038038323
886 10034373891 10086251475
887 10104666910 9828680664
888 10130635576 10092909078
889 10022176151 10064211858
890 10015885124 9994973000
891 9999587481 10086268423
892 9878730891 10158646141
893 10001648306 9947501646
894 10100833156 10132604368
895 9967941137 10084729489
896 9894602228 9846199683
897 10024169168 10063724509
898 10048910404 9949428134
899 10107324805 10085254101
900 10044358337 10018875568
901 10402376045 9792541624
902 10087420699 10018891644
903 10095853140 10040729020
904 10082081989 10019643632
905 9963005866 10155710227
906 10060319466 9939594455
907 10091370412 10019218328
908 10000467891 10080654874
909 9984722719 10073442701
910 9992732926 10033807231
911 10024122676 10001136355
912 10054406365 10134463338
913 10115404792 10036347070
914 10100136879 10130088876
915 10097957953 9997284086
916 10011047986 9985578989
917 10064795423 9979140494
918 10056642253 10025071784
919 9879766305 10066882413
920 9876531600 10139837892
921 10044327205 10049178937
922 10079006271 10019431589
923 9989855837 10012405881
924 10122012877 10076434161
925 10025024112 9899584221
926 9889974464 10103288160
927 10044305887 10033368853
928 9995908236 10038989598
929 10028525783 9971353504
930 10071336459 9981665197
931 10021192777 10080256041
932 10079108139 10174778660
933 10077878155 9986660865
934 10005739494 9976589831
935 10042790007 10109870210
936 10040298194 10059168388
937 10046562714 9974012820
938 10083998379 9992260918
939 10022477685 10084122666
940 10005442660 10059507092
941 10101566262 9981899930
942 10035202753 10066929353
943 9940360354 10196239032
944 10033626963 10045475435
945 10061969739 10122711194
946 10007352288 10015457351
947 9991421563 10031666978
948 10097737540 10043872498
949 10079003798 10010032081
950 10052824527 10114755008
951 9984698026 10012254718
952 10075767535 10120456114
953 10092507890 10041621997
954 10113615464 10035750032
955 10058161801 10024049782
956 10013871795 10078143366
957 10065653284 10019011235
958 10027884800 10089564208
959 10048106030 9999348882
960 10002392205 10091395947
961 10066011369 10037285992
962 10106283209 9991684768
963 10100528529 10042617649
964 10075018492 9942549434
965 9979354712 10077053062
966 10056555022 9929079587
967 9885062417 10059278836
968 10015579196 10052689562
969 10063318618 10011402827
970 10178940762 10051048782
971 9984107916 10013096782
972 10077578029 9889279251
973 10047951537 10105190515
974 9939320773 10019870652
975 10063597125 9920554925
976 9975474381 10005639870
977 9961732626 10088905148
978 10017349726 10023176441
979 9985980820 10072596541
980 9928587441 10038621808
981 9978695243 10010896582
982 10020560553 10047909321
983 9988364577 10070993297
984 10037951427 10052737819
985 10069419391 10051003181
986 10161378723 10007084021
987 10058547884 9967302216
988 10029653655 10090342884
989 10076105972 10023906255
990 10020576421 10047913727
991 10041985625 10054562205
992 10051549187 10114427338
993 9918612756 10048039122
994 9905629596 9983252195
995 10015351770 10161946916
996 10091429393 10004400636
997 9947049971 10082202970
998 10102812737 10060987769
999 10026501229 10031935505
1000 10073627491 10125025994
1001 10029845415 10092943914
1002 10031625480 10031502743
1003 10074695590 10032077645
1004 9953183803 9950120943
1005 10104739906 10101130213
1006 10029817184 9982715628
1007 9985803708 10038259241
1008 10091342560 10001733400
1009 9982762305 10017534360
1010 10077672964 10032445045
1011 9989132896 10133172172
1012 10074512881 9982943515
1013 9988604063 9993997510
1014 10111004309 10067483139
1015 9978527625 10012912325
1016 10078815076 10118226672
1017 10115810285 10145532271
1018 10074503166 10013059070
1019 9982420812 10015792945
1020 9954586121 10093711672
1021 9985980820 10094184772
1022 10110132955 9989095545
1023 10053904520 10026913101
1024 10016665640 10000692394
1025 10076234359 10179163702
1026 9942835819 10047984386
1027 10025163933 10046243156
1028 10012429123 9989025556
1029 9977316789 10150960939
1030 9948717236 10133909200
1031 10023452796 10083944576
1032 10103045943 10006167934
1033 10061332648 10136918301
1034 10049712033 10116491633
1035 10226590719 10026750867
1036 10095222851 10201079190
1037 9958678887 10090959000
1038 9990185110 10029648987
1039 10008749590 10097628474
1040 9896441339 10166400886
1041 9994344773 10036437898
1042 9830932151 10038215210
1043 10046498808 10121557557
1044 10107210201 10068335378
1045 10046201988 10120403810
1046 10016295870 10046725252
1047 10019106363 10075639668
1048 10035727738 10084064370
1049 10075526183 9878581897
1050 9999143695 10082395242
1051 9993661531 10035322790
1052 9989662666 10028796315
1053 9990037251 10025198852
1054 9930684599 10035926848
1055 9994858726 10020914297
1056 10032179974 10022280502
1057 10116340745 9802565969
1058 9936369646 9941817737
1059 10077404177 9889668162
1060 10077541701 10051738558
1061 10078093635 9967385632
1062 10102937823 10058003368
1063 10076030667 10025633241
1064 10088563942 10017859434
1065 9976888446 10079968492
1066 10040472571 10115994314
1067 10072927789 10050079816
1068 10012636414 10000000000
1069 10002987992 10097893076
1070 9974493448 10035118998
1071 10062274842 10047495024
1072 10022578190 10058519405
1073 9994446817 10026492094
1074 9996442030 10039860792
1075 10057519283 10006777631
1076 10027993865 9912837932
1077 9960461600 9996473002
1078 9979067877 10062478859
1079 9983335832 10013601773
1080 10047565163 10055919406
1081 10057175841 10113588932
1082 9983615794 10058126694
1083 10040622516 10127393881
1084 10053900451 10035994877
1085 10097774092 9997407745
1086 9990168336 10015712015
1087 10001015384 9990628464
1088 9997686605 10064723581
1089 10078997749 10114203330
1090 10069455243 10036486285
1091 10055801252 10047828647
1092 10046610314 9978863038
1093 10173007180 9946808230
1094 10017072918 10059070798
1095 10037727443 10107241970
1096 9985980820 10164992493
1097 9988725782 10009149547
1098 9893495339 10124411572
1099 10138867111 10086287584
1100 9951588233 10022971623
1101 10023406282 10082333179
1102 10081164125 10118903323
1103 10025339819 10058857972
1104 10013954562 10016209407
1105 10125069776 10118329796
1106 10049506453 10055946019
1107 10077825837 10177438148
1108 10086913227 10118897078
1109 10031835812 10050162080
1110 10079411920 9996227638
1111 10085929845 9870596005
1112 10070981591 10015427576
1113 10083871364 10009135266
1114 10001016195 10011940147
1115 10069137353 10175149143
1116 10007587770 9978003623
1117 10009342291 10000000000
1118 10003170037 9885598325
1119 9957269585 9971500958
1120 10020989852 10048028514
1121 10098553832 10033856252
1122 10139981718 9958214093
1123 10024685804 9970866084
1124 9921388883 10048459226
1125 9949146709 10028046530
1126 10056717462 10131018182
1127 10030324087 10050620122
1128 10064220414 9919160610
1129 10157681784 10012084050
1130 10095047144 9850200350
1131 10081592528 10014401852
1132 10038341415 10052890341
1133 10066785555 10011176844
1134 9993938311 9936582454
1135 10080393882 10000605709
1136 10007658586 10058167132
1137 10023699104 10097052046
1138 9937766589 10085339982
1139 10134853637 9951330718
1140 9994636030 10163930262
1141 9981225942 10075794529
1142 10047158654 10122634479
1143 10040825038 9979573248
1144 10122857059 9980537695
1145 10135319520 10079771628
1146 10052927557 10182859380
1147 10052033680 10121616071
1148 9904825956 10064114066
1149 10066748980 10018274303
1150 9990414253 10069614747
1151 10045511235 9974114347
1152 10006880805 9955142163
1153 9981147866 10069239295
1154 9916332225 10126277262
1155 10104565527 10053780837
1156 10025656861 10098434154
1157 10020914621 10079802067
1158 9936930911 10094429872
1159 9888819903 10134321822
1160 10045927535 10116219844
1161 10027560133 10068930506
1162 10012027803 10166365501
1163 10104319610 10087332720
1164 10001127138 10160682359
1165 9998447824 10040585632
1166 10088203381 10035044617
1167 10106047535 10036838107
1168 10042010131 9967324712
1169 10015094529 10070303200
1170 9880712426 10158200859
1171 9990136696 10013125819
1172 10021340614 10077853242
1173 10051382393 10028609408
1174 10092763514 10019362192
1175 10050788604 10046514967
1176 9980949279 10014575352
1177 10092973324 10026713006
1178 10096291713 10110662131
1179 10018615739 10050647274
1180 10112350860 10071809724
1181 10002406156 9974067531
1182 10130890011 9965914596
1183 10095835156 10019218328
1184 10120812133 10143588006
1185 10069139441 10126685899
1186 10038488804 10040190886
1187 10016483440 10052081395
1188 10091664305 10025394295
1189 10001797833 10061958493
1190 10117307687 9872800132
1191 9985980820 9893981458
1192 10117737810 10148711670
1193 10081871964 10136952885
1194 9883568680 10097547370
1195 10052656397 10056820587
1196 10039633690 10071761738
1197 10085553172 10123239559
1198 10028505141 10089403503
1199 9992625758 9991893549
1200 9911521230 10260752960
1201 10030193959 10094946707
1202 10094271909 10040751789
1203 9913033913 10081524611
1204 10085376929 10022941953
1205 10094347698 9851765031
1206 9968868886 9983255486
1207 10112669312 10101562288
1208 9866542173 10084545449
1209 10124484943 10097728992
1210 10036774438 10107875236
1211 10084027556 10005914585
1212 9989209630 10045947905
1213 10010051353 10062072322
1214 10042421655 9958857637
1215 10106094413 10087839864
1216 10022479594 10082356231
1217 9976400752 10072095284
1218 10050092222 9990630620
1219 10017464598 9981208269
1220 10065462349 9996428517
1221 10036578983 10071882387
1222 9887748375 10045250243
1223 10054084185 9972373340
1224 9991307278 10115501510
1225 10109127842 10079525076
1226 10034015192 9981903831
1227 10108056421 10098985757
1228 10112350607 9987604019
1229 10038390890 10041954387
1230 9925600223 10126010002
1231 10126797080 10185683423
1232 10076400057 10050077444
1233 10121665769 10075980727
1234 9978887514 10021870035
1235 10103512085 10062234692
1236 10074538898 10013035038
1237 10010966948 9919983145
1238 9985980820 10081283451
1239 10081847385 10019218328
1240 10019007557 10055008228
1241 10081552836 10144363504
1242 10073230629 9899004506
1243 10086782945 10024787768
1244 10018212506 9981842693
1245 10083615638 10028712740
1246 10021651636 10048212256
1247 10218761195 9984505196
1248 9986955193 10022684625
1249 9985980820 10086523695
1250 10132568436 10052239752
1251 9894716160 10046211844
1252 10024540030 10096517417
1253 10004741198 10059978874
1254 9976611866 10158159170
1255 10082854031 9859076532
1256 10094748742 10019218328
1257 10046303638 10051257435
1258 10042010764 9976357316
1259 9962940682 9986268886
1260 10032535131 10096061432
1261 10043371571 10033997246
1262 10104987724 10048105162
1263 10168593268 9946279828
1264 10048669646 10124047761
1265 9991352003 10022954613
1266 10068688862 9993689325
1267 10023010503 10069755204
1268 9896723704 10204879217
1269 10020001215 10050769653
1270 9998272582 10033596218
1271 9991228267 10031351503
1272 9976261508 9951852754
1273 10019332467 10077219861
1274 10076371382 9876332134
1275 9970057619 10149023303
1276 9910014430 9902924872
1277 10110486483 10119170635
1278 9957016425 10142406775
1279 10062076889 10016450555
1280 10062203981 10021331133
1281 10020965371 10092216348
1282 10021816691 10081274320
1283 10198716904 10039993280
1284 10017286598 10078143366
1285 10093215083 10013202642
1286 10076428822 10024791632
1287 10028919217 10053757765
1288 10018037358 9995311194
1289 10041996573 10056525182
1290 9906061674 10047732436
1291 10150440408 10084549759
1292 9988153903 10006892834
1293 10070680924 9992806036
1294 10004606866 10047926351
1295 10010957334 9987414079
1296 10033894081 10076690493
1297 10062778337 10118451802
1298 9887415174 10094688303
1299 10054126270 10026763959
1300 10086106704 10155228492
1301 10017286598 10081390884
1302 9991337291 10046730246
1303 10024477362 10087997065
1304 10124803681 10143477259
1305 10144819834 9965766192
1306 10028380209 10057806143
1307 10094743229 10187470743
1308 10074434433 9881487933
1309 10080036019 9866577556
1310 10041492001 10053720843
1311 9927098734 10021960071
1312 9938937268 10097095819
1313 9975273907 10079797689
1314 10076559740 10032637874
1315 9998626580 10043426157
1316 10118832841 10083918944
1317 10079217438 10000415549
1318 9994715529 10026347817
1319 9995838468 10038875730
1320 10088804522 9864165271
1321 10058359723 9953841451
1322 9959420479 10153600999
1323 10105849726 10093679094
1324 10098344745 10054260686
1325 10018660961 10050616860
1326 10002114758 10037172101
1327 9985980820 10085302039
1328 10047484990 10006748854
1329 9999727481 10204537039
1330 10105194101 9984544099
1331 10025064696 10087931754
1332 10010923616 10027256519
1333 9985980820 10145316856
1334 10011258865 9962796072
1335 10088541322 9843938024
1336 9952392275 10095187187
1337 9992812881 10068001502
1338 10022770678 10079566714
1339 10106564381 10068507717
1340 9993296164 10034726481
1341 9973247406 9995574489
1342 10134324176 10103807167
1343 10021016790 10024275509
1344 10056903833 10110744608
1345 10107520495 10058984183
1346 10076383947 10115538233
1347 10058851334 10147574551
1348 10068820635 9908869786
1349 10113409709 10061559146
1350 10103834310 10102361040
1351 10112056619 10089535437
1352 10041760653 10113824501
1353 10078958726 10118768352
1354 9999215417 10044387187
1355 9994865126 10035492443
1356 10064689197 10117064338
1357 9914596216 10048876286
1358 9873591432 10105475829
1359 10119408411 10142232544
1360 9978840572 10153022165
1361 9979003428 10011399565
1362 9933700963 10107758402
1363 10090114877 10009084732
1364 10080599646 10001706931
1365 10045661663 10054878531
1366 10032174224 10059302277
1367 10074221404 10179223478
1368 10037823492 10049694292
1369 9995818685 10039981771
1370 10023350110 10029778823
1371 10042283476 9967067781
1372 10008956551 10085707094
1373 10004128560 10052405840
1374 9985817054 10022519961
1375 10069138659 9895584295
1376 10061859984 10220287743
1377 10086826309 10032329383
1378 9995479211 10038579146
1379 9989684963 10039336854
1380 10042262538 10034743148
1381 9994237708 10067043206
1382 9953318494 10141747185
1383 10069771774 10016241263
1384 9976134403 10013955396
1385 10001042862 10132349268
1386 10016692514 10057590925
1387 10143242371 10014199446
1388 10070930025 10037089716
1389 9991028054 10046568718
1390 9984129372 10003520564
1391 10081606543 10018933626
1392 10047954417 9946555648
1393 10081395978 10008423172
1394 10028166820 9983526369
1395 9962276619 10031727051
1396 10056530973 10044775867
1397 10077609078 10144102279
1398 10099677449 10028861082
1399 10112851097 9987267404
1400 9971285042 10082480480
1401 10022707631 10088246065
1402 10031813819 10098175307
1403 10032870519 10096943748
1404 10090174929 10029971229
1405 9944380151 10052868103
1406 10051566622 9973438502
1407 10020356866 10049476245
1408 10023114914 10104599004
1409 10032486989 10068512851
1410 10105845353 10062657859
1411 10048227271 10055590860
1412 10088125948 10044013180
1413 10018079460 10064030068
1414 9991636917 10107333362
1415 9968999973 10003141076
1416 10103230110 10056417685
1417 10127288496 9740800278
1418 10049446941 10113924794
1419 10079057997 10035929208
1420 10070110017 9978315026
1421 10093419605 9830952946
1422 10080952881 10008721186
1423 10039531775 10097344300
1424 10112148246 10410658067
1425 10087509458 9867062366
1426 10006373862 10116763606
1427 10014960857 10012303584
1428 9931957843 10019218328
1429 9986034088 10014121543
1430 9970570292 10020261732
1431 10025073329 10076950762
1432 10024828796 10064032681
1433 9976493086 10007302480
1434 10042092239 10114365676
1435 10083706387 9995520460
1436 10049116012 10123090749
1437 9934364386 10117940026
1438 9981783208 10037142967
1439 10044982346 10123158714
1440 9985980820 10094184772
1441 10114041100 10086264644
1442 10063774289 9971845093
1443 9967217220 9971808626
1444 10065902013 10040611252
1445 10005683453 9904459755
1446 10031168313 10042204791
1447 10021318681 10048119812
1448 10026890444 10064655370
1449 10097669887 10022515968
1450 10018993999 10050392868
1451 9947872095 10132944640
1452 9985980820 10094184772
1453 10082984502 10014500158
1454 10044674707 9977967511
1455 10061615141 10011385906
1456 10011740447 9946113151
1457 10001911334 9995746393
1458 10086886418 10041978749
1459 10098457636 9948749775
1460 10054910921 9976415178
1461 9984887291 9978854664
1462 10206982725 9968835921
1463 10088560215 10000849828
1464 9961600263 10031539264
1465 10102799659 10091463699
1466 10049792183 9974574486
1467 10047220874 10042793966
1468 9964184918 10154197995
1469 10017534731 9902594396
1470 10078788576 9886571223
1471 9944984157 10142445596
1472 10035301869 10052002181
1473 9985980820 10092399528
1474 9999420912 10063557138
1475 10012144746 10054771925
1476 9967561636 9992387417
1477 10026825261 9957442640
1478 10060901374 10123245056
1479 10108494645 10186784329
1480 9995805732 10065988600
1481 10036735063 10038460762
1482 10080512386 10012933164
1483 10100923961 9837053746
1484 10125499747 10148114459
1485 10085953216 10119041827
1486 10054492755 9962645486
1487 10042554575 10100433199
1488 9853146443 10229605169
1489 10081008683 10025206987
1490 10081475260 9987557496
1491 10091533234 10043911224
1492 10123205343 10058442229
1493 10082507708 9961656255
1494 9965148635 10102030879
1495 10025833003 10049373193
1496 10016546908 10159546929
1497 10049500080 10029875395
1498 9991950315 10004932156
1499 10094261533 10041775569
1500 9983600417 10101975254
1501 10062295778 10043898026
1502 9987785881 10021057562
1503 10097842126 10009640077
1504 9945422299 10075327131
1505 10088281916 10138702968
1506 9911510560 10260776830
1507 9975447604 10009813038
1508 10074156698 9910773191
1509 9934527365 10026904921
1510 10098810052 10099625905
1511 10055838938 10136801415
1512 10088858876 9947046576
1513 10021818320 10087546496
1514 10042923124 10020477617
1515 10015344698 10000000000
1516 9997271952 10147922226
1517 10089640854 10006361991
1518 10006949444 10044130259
1519 10112714390 10065558326
1520 10240654855 9984506495
1521 9983577086 10047793598
1522 9928207864 10209950248
1523 9983061468 10020702004
1524 10005977866 10045894656
1525 10131413234 10081649119
1526 9905543696 10047509900
1527 10083453985 9988350341
1528 10160167149 9930289396
1529 10042913382 10109465446
1530 10128485314 10098087683
1531 10080364747 10036923920
1532 10024530993 9913214834
1533 10033408145 9975195488
1534 10067886797 10115470639
1535 10001751614 10140747226
1536 10020965484 10063132519
1537 10034183349 9981340359
1538 10099134211 9993060305
1539 10012567230 10045690011
1540 10027260490 10064442843
1541 10105019072 10180219773
1542 9967647223 10028018680
1543 9987401756 10071640862
1544 9818205756 10137398726
1545 10119933472 10058401320
1546 10039695858 10127689968
1547 10021454271 10224618777
1548 10053822751 10130844434
1549 10005923318 9982939536
1550 9935958720 9963209655
1551 9987646198 10022872372
1552 10016606930 10051998339
1553 10030338812 10042762688
1554 9992511075 9918416618
1555 10020229838 10088432335
1556 9978502744 10055639982
1557 10056740180 10116498001
1558 10033795857 10040437584
1559 9992443984 9908221387
1560 10060279373 10127911025
1561 10084535498 10143150198
1562 10043319116 10024626967
1563 10042816464 9967041844
1564 10034218541 9975970729
1565 10070339131 10015859675
1566 10072875289 10114843199
1567 10118117194 10059142084
1568 10000225500 10063015997
1569 9969744971 10087988271
1570 10014435740 10051821177
1571 10050166676 10037033502
1572 9948268851 10137771166
1573 10077770499 10144815925
1574 10019579194 10049999284
1575 10015975883 10046636409
1576 10020816542 10074613850
1577 10049798299 10117519108
1578 10018065217 10038825849
1579 10048219147 10055588605
1580 9973562756 9996189486
1581 10069609448 10033735857
1582 10028375491 10050079104
1583 10075393607 9878934791
1584 10009849317 10003835380
1585 10113255550 10098134451
1586 10104898699 10064906617
1587 9967324596 9992338754
1588 9967386748 9979640941
1589 10115867594 10090322510
1590 10066285317 9915079406
1591 10080746245 10114008389
1592 10098188641 10063343221
1593 10089561492 9944212064
1594 10081491724 9970051402
1595 10090496956 9860379249
1596 9878358308 10109141083
1597 10115949680 10139912376
1598 10043689724 10068658702
1599 9883699753 10130413930
1600 10085522976 9956131969
1601 10020310781 10047839973
1602 10029825456 10094345280
1603 10094647254 10035143315
1604 9989955175 10069923509
1605 9987316162 10047366208
1606 10002271426 10013626622
1607 10004024100 10010065822
1608 10065638144 9926841874
1609 10074864028 9985366566
1610 10011968947 10039905510
1611 9975848408 9872343367
1612 10066866585 9977961502
1613 10012767610 10047301356
1614 10150246397 10084917069
1615 9995264131 10149968815
1616 9980037487 10071025712
1617 9985980820 10090657896
1618 10148704239 9963153658
1619 10074614994 10027967804
1620 10067208067 9912477147
1621 10104978671 10049587724
1622 10127266248 9952209098
1623 10102321395 10072119289
1624 9969469777 10043000335
1625 9986370704 10054784070
1626 10095522933 10050163257
1627 10083019896 9961662610
1628 10050943463 10118369407
1629 10089697326 10038481729
1630 10050192364 10032838839
1631 10024931774 10090718654
1632 10050523174 9974432121
1633 10109859738 10046156396
1634 10024646223 10103466589
1635 9979941529 10013101284
1636 10130115047 10080935005
1637 10081660480 10011897084
1638 10106447579 9991574218
1639 10040876500 10053549952
1640 9985707019 10076021929
1641 10089032302 10000428650
1642 9993757241 10040467503
1643 10037319563 10069997429
1644 10046410327 10133331146
1645 10156595807 10087896206
1646 9972485871 10066825174
1647 10053776677 10136216185
1648 9960656402 10007593366
1649 10088935953 10017842346
1650 10036695628 10104319658
1651 10068588161 9897049617
1652 10029677044 10050440474
1653 9985980820 9864468195
1654 9986843241 10038547863
1655 9986994810 10014777587
1656 10079850975 10180716911
1657 10011107295 10060461746
1658 10059863845 9928906375
1659 9992510977 10040221177
1660 10093752552 10000112512
1661 10045303415 9911417587
1662 9991508449 10023973826
1663 10023222951 10057496941
1664 10029442566 9974104437
1665 10019062576 10086663233
1666 10012164393 10078143366
1667 9981820678 10015997547
1668 10051627503 10009603542
1669 10088624171 10112632870
1670 9961337547 10045577984
1671 10079657577 10007854659
1672 10091730289 10038137664
1673 10110894020 10072989999
1674 10075905544 10169551762
1675 9972863125 10075245041
1676 10113826688 10090492384
1677 10101777933 9885364766
1678 10059356398 10039956030
1679 10070178874 10138890894
1680 10056873234 10224778474
1681 10048002898 10023724779
1682 9886238923 10046432931
1683 10002566644 10108954345
1684 10102630647 10090458069
1685 10107268523 10003402277
1686 10033239632 9979513849
1687 9959061149 10092204597
1688 10077834293 10172699637
1689 10050751295 9949664534
1690 10020714840 10060474667
1691 10097504633 10050779117
1692 10079217632 10012560520
1693 10006412691 10058854678
1694 10054752162 9966356763
1695 10100813540 10114896735
1696 10036234346 10104805114
1697 10005403880 10128670893
1698 10031886323 10028701071
1699 10100362929 10015082668
1700 10035795688 10092608617
1701 10030254851 10058967600
1702 9899930756 10211411197
1703 10110060469 10076113379
1704 10061254453 10025954266
1705 9970315288 10154052419
1706 10046289450 9956404625
1707 10099155720 9841009352
1708 10069014878 9957536592
1709 9948994414 10108121258
1710 10119726906 9794991032
1711 10080770558 10019015464
1712 10017736797 10047125318
1713 10109616542 10055035450
1714 10090202433 10002741582
1715 10027213354 10087153295
1716 10051871928 10130326930
1717 10050636246 10123113813
1718 9952826928 10094894852
1719 10030481101 10092921660
1720 10070150392 10160158882
1721 10013233779 10016640296
1722 10036417005 10052311794
1723 10007709064 10085338917
1724 10088125827 10169318257
1725 10082596592 10019996019
1726 10045290168 10054775387
1727 9994247324 10079996713
1728 10142485574 10113714363
1729 10146651114 10038299714
1730 10040667192 10047334705
1731 10072911275 10173951330
1732 10039264080 9948650179
1733 10017286598 10051541215
1734 10078734912 9958217990
1735 10097160771 10035932646
1736 10084654585 10000504656
1737 10081371439 9880793287
1738 10076930109 9967698853
1739 9913671180 9978658236
1740 10022000452 10087893357
1741 10105778693 10020364860
1742 10026562451 10089019788
1743 10016360897 10000000000
1744 10005357558 10011883093
1745 9993834228 10067314575
1746 10036927846 10126853340
1747 10004111827 10137823336
1748 10012164393 10094380956
1749 10179185527 10011466089
1750 10041945409 10103447558
1751 10051522491 10120679424
1752 10103365128 10008137005
1753 10141291537 10081429732
1754 9997010330 9987938501
1755 9991823467 10068666952
1756 9945022685 10134810962
1757 10076882094 10025560400
1758 9985980820 10084188123
1759 10102605783 9833291463
1760 9932112900 10105743191
1761 9931282846 10030213278
1762 10034502713 10101978948
1763 10043955814 9964493087
1764 10000447942 10062866389
1765 10022988035 10078742433
1766 10108316241 10090439142
1767 9985980820 10076000748
1768 10007246017 9993807861
1769 9964196594 9993900356
1770 10047363725 9956869494
1771 10057781793 10024305363
1772 10067701627 9899409405
1773 10023339357 10047470311
1774 10012996766 10035021974
1775 10004515913 10112503380
1776 9929170240 10032584946
1777 10086974110 10004671489
1778 10107298358 10103823136
1779 10086467527 10010603929
1780 10139610291 10240090735
1781 10089829764 10021951719
1782 10001704384 10048449386
1783 9992019948 10041813915
1784 10101100478 10103785422
1785 9914741321 10102436100
1786 10025561533 10072077511
1787 10119754438 10068046815
1788 10088220804 10045562383
1789 10079544875 9996017021
1790 10090630375 9838377356
1791 10031260043 9980909822
1792 10064797448 10122194628
1793 10063544512 10033219177
1794 10007359025 10058218202
1795 9984822852 10073375355
1796 10003735456 10059242951
1797 10083267429 10020978164
1798 9992749409 10040187683
1799 9917622664 9964045993
1800 9987177356 10028159307
1801 10099403985 10104230209
1802 10058461617 10023848135
1803 10096928624 10018350236
1804 9932728026 9971667890
1805 9979663271 10012476482
1806 9986024465 10045798282
1807 10050186148 9978763640
1808 10089953179 9861595695
1809 10080854355 9864399298
1810 9993168104 10004185999
1811 10020830582 9946478136
1812 10016487426 10040288203
1813 10007413039 10097296818
1814 10020132342 10078525323
1815 9937808660 10136862465
1816 9995006457 10040814343
1817 10069988180 10016095714
1818 10022605929 10082562421
1819 9930212929 10110104349
1820 10106879468 10046028389
1821 9985980820 10094184772
1822 10027985541 10049970836
1823 10026137712 10045588222
1824 10153856787 9959688210
1825 10006636468 10000272406
1826 10124236352 10045899360
1827 10001851895 10055824257
1828 10057875070 9952213620
1829 10024644428 9988013678
1830 9985980820 10086829564
1831 9929166752 10221279435
1832 10044409243 9972123375
1833 9990425977 10030042101
1834 10006966360 10058482297
1835 10092930380 10005637896
1836 10084241732 10042934569
1837 10016007217 10043254280
1838 9958730913 10155143578
1839 10105684108 10052199729
1840 10035043667 10031921577
1841 10039760314 10036426069
1842 10107789589 10009790747
1843 10038218945 9977326623
1844 10023933913 10074853162
1845 9928333931 10049071332
1846 10081742535 10114899895
1847 10019724844 10030384671
1848 9981847774 10051657875
1849 10046311186 10183322893
1850 10034618351 10045144847
1851 9976564195 10007418535
1852 10082141947 10007921456
1853 10056925376 10134249407
1854 10074719335 9993780363
1855 10016087852 10047697472
1856 10052490743 10056774594
1857 9988445253 9969541049
1858 10105062146 9995983735
1859 10031220092 9968456402
1860 10036435966 10071031342
1861 10110516020 10110269553
1862 10105448490 10067869769
1863 10091411892 10107147345
1864 10000065592 10057059967
1865 10085477923 9871606966
1866 9836108918 10083354078
1867 10053680407 10117044906
1868 10025536554 10079079509
1869 10063306006 10113332025
1870 10132261992 10130232261
1871 10026382167 10045423809
1872 10186749867 10225498900
1873 10028490869 10050111138
1874 10041894746 10057656629
1875 10009527639 10040019433
1876 10050840646 10112902960
1877 10024020343 10086783587
1878 10011930104 10000000000
1879 10247188500 9924177624
1880 10107325254 10065217291
1881 10013871795 10094380956
1882 9997569585 10105396576
1883 10035605616 10053381561
1884 10042318864 10114735546
1885 9961672826 10226640619
1886 10104991518 9982597440
1887 10051411608 10124350546
1888 9990116460 10016146877
1889 10101706637 9996747248
1890 10003246760 9976801516
1891 10038318012 10108205827
1892 9939599114 10103791483
1893 10008577973 10057398374
1894 10032791629 10041112997
1895 9931676659 10041783748
1896 9963840771 10135076759
1897 10028407423 10092030933
1898 9965995900 10087708810
1899 10026331280 10139819934
1900 10026135359 10096257628
1901 10030325341 9969515222
1902 10058632321 10023733324
1903 10028707925 10059174852
1904 10154259314 10026813107
1905 10038239440 9959323104
1906 9917894471 10047958644
1907 10021578424 10080885448
1908 9984511769 10035825169
1909 10115833380 10075821452
1910 10035908897 10001862075
1911 9982415856 10003833138
1912 10090960087 9837499725
1913 10030718486 9969833295
1914 10019968122 10078257303
1915 9925114400 9977237304
1916 10092255329 10036271429
1917 10053756213 10133000345
1918 10089082850 10012598441
1919 10008941746 10030091723
1920 10036783500 10119774759
1921 9944966639 10031928345
1922 9987856452 10071335047
1923 10005338278 10040927790
1924 10078571201 10180094624
1925 9891151781 10195074473
1926 10037940919 10107590381
1927 10004029734 10045098265
1928 10067290886 9975833493
1929 10083094343 10112116114
1930 10024014392 9986910372
1931 10043610084 10102627106
1932 9953519645 10252445687
1933 10115464639 9935996043
1934 10121770439 10076009788
1935 9907884412 10124187012
1936 10040003600 9960862222
1937 10042566103 10110990597
1938 10036483500 10052330256
1939 10055763823 10030214624
1940 10043020980 10064804470
1941 10081447802 9995571665
1942 10113321693 10043433590
1943 10019802568 10078641123
1944 9987891785 10084508413
1945 10044950023 10119029813
1946 10027160051 10089995120
1947 10084968743 10029096713
1948 10042744392 10065622943
1949 10058545516 10123933065
1950 10073517054 9991060849
1951 9963817894 10087502659
1952 9973381638 10034535613
1953 10106451692 10061602759
1954 10105068448 9976844710
1955 10156938746 10030251835
1956 10143797619 9965501472
1957 10134800960 9972504586
1958 10080835216 10041867148
1959 9984803449 10085527553
1960 9985980820 10094184772
1961 9980789265 10036436308
1962 10054012801 10133821011
1963 9977093128 10035840788
1964 10083047803 9916048986
1965 10036918609 10104675280
1966 10106413543 10059265133
1967 10046265467 10121820749
1968 10149322869 10061270578
1969 10025249800 10049211270
1970 10038459000 10109971381
1971 10076711860 10135698959
1972 10017310028 10073919075
1973 10088123010 10025239050
1974 10026336248 10044096324
1975 10055010703 10050793855
1976 10034959973 10106265611
1977 10094017076 10127009707
1978 10020870863 10049130546
1979 10029532475 10091327054
1980 10041227807 10129198194
1981 9936037903 10124251045
1982 10026804868 10098381783
1983 10055890074 9995691707
1984 9926307195 9979478260
1985 9922901868 10048519683
1986 10079280829 10009976439
1987 10050387673 10123254004
1988 10033705100 9974684010
1989 9932574834 10108515802
1990 9977286561 10008597496
1991 10059741079 10020962527
1992 10006339726 10019089375
1993 10088052182 10011668833
1994 9993551335 10056435392
1995 10104880045 10007782105
1996 10093821181 10000066354
1997 9864018189 10047902526
1998 10059335586 9980281068
1999 10125198353 9988956968
2000 10043193325 10113450871
2001 10036089973 10036859759
2002 10037227391 10105368507
2003 9967416474 10068757306
2004 9918975374 10054412437
2005 9974750823 10026312491
2006 10103252527 9993723115
2007 9911616801 10122611545
2008 10128369499 10061923847
2009 10012420020 10017306410
2010 10187529269 9937041110
2011 10053910892 10189066776
2012 9976946107 10054574909
2013 9907146906 10016420536
2014 10012860179 10016434784
2015 9980451118 10065952143
2016 10078953841 10117318592
2017 9978879563 10150186453
2018 10073944201 9897408226
2019 10110555317 10037533126
2020 10047602848 10031151416
2021 10030934143 10058725237
2022 10067409005 9912027643
2023 9887011464 10044498450
2024 10084645392 10183815909
2025 9841699669 10078288626
2026 10089916189 10129980711
2027 10030069929 10097328824
2028 10057837096 10137273833
2029 10084155065 10006567494
2030 9979008254 9985293670
2031 9936518268 10019735564
2032 10102315149 10119269187
2033 10047536560 10123251254
2034 10042970169 10177939913
2035 10080708835 10024275985
2036 10053421032 10195354978
2037 10036090034 10111138997
2038 10155425447 10031936787
2039 10046848150 10055207954
2040 9992914560 10143643363
2041 9987670464 9954881136
2042 10120192868 9970286304
2043 9900292086 10082640609
2044 9987669089 10012110786
2045 10076345588 10026649228
2046 10031091137 10059942403
2047 10046356488 10121325280
2048 9985894204 10009467412
2049 10046330651 10121283112
2050 10113190043 9966812351
2051 10079698248 10020270214
2052 10039914061 10054811777
2053 10145162537 10086418351
2054 10089651665 9840982500
2055 10037379569 10052579045
2056 10084113820 10182948340
2057 10084963350 9853461920
2058 10043945248 10117389939
2059 10010669296 9972962501
2060 10105424433 9998657619
2061 9997389380 10041406946
2062 10009460512 10061108023
2063 10024526722 10085697312
2064 10079259198 10180570451
2065 10077935032 9992495556
2066 10045688577 10120235194
2067 9980865364 10012260224
2068 10008749590 10087885920
2069 10054963087 10135371954
2070 10061335222 10144168351
2071 9881391076 10059220557
2072 10032349051 10041410662
2073 10019439960 10070839067
2074 10021716637 10081111023
2075 10039768429 10036420611
2076 10094202679 10015921383
2077 10088901242 10020449122
2078 10084731798 10024160692
2079 10115806652 9985279587
2080 9981364169 10000646505
2081 10007573103 10003818016
2082 10102293336 9994368237
2083 10251462435 10002169898
2084 10060130869 10112922347
2085 10112516740 10079498296
2086 9992927160 10042623639
2087 10137647893 10069649176
2088 10088597121 9949668212
2089 10044654628 10033134300
2090 10205166104 10018437119
2091 10043789359 10117135514
2092 10024773380 10086024822
2093 10177379742 10007590844
2094 9982922188 10070475281
2095 9986852238 10033561215
2096 10049746389 10029709735
2097 10039106841 10107928570
2098 10078635183 10016351829
2099 10109463359 10069961991
2100 10003946778 10036430773
2101 10090984821 10194162377
2102 10111688325 10070165455
2103 10312225353 10102168875
2104 10050656930 9979070906
2105 9996100618 10020972737
2106 10081941003 9978291380
2107 10016652372 9931948653
2108 10079742347 10004351379
2109 10111085248 10070466985
2110 10010671612 10033852127
2111 10074216043 10135015300
2112 9962475077 9995269093
2113 10142784418 9743410733
2114 9987041604 10046407657
2115 10025667232 10045904652
2116 9979886076 10036616237
2117 10074866146 9895345809
2118 10041220375 9966076228
2119 9947116827 10064925466
2120 9987288967 10071716720
2121 9990883665 10084076000
2122 10038667793 10037160865
2123 9979209683 10011736189
2124 10013871795 10087885920
2125 10083982165 10006683780
2126 10026466775 10045366904
2127 10102660533 10088333582
2128 10097939399 10019414556
2129 9998045376 10042477585
2130 10044582678 10033182692
2131 10031088364 10113988337
2132 10107015929 10096176235
2133 10024846042 9975049989
2134 9985980820 10079043088
2135 10047169329 10055297128
2136 10081631312 9938055922
2137 10094323940 9851818178
2138 9945902620 9978516707
2139 10081274439 10032831771
2140 9811445964 10189983441
2141 10039592549 10110457332
2142 9929905866 10050897817
2143 9907061489 10047866437
2144 10027927905 10086211112
2145 9971507553 10031026247
2146 10043092481 10120553526
2147 10094164346 10025133861
2148 10061921289 9975894779
2149 10017067726 9981483498
2150 9951761752 9966938916
2151 9939228188 10019218328
2152 10054345221 10050571896
2153 10052284408 10121854454
2154 10109376501 10072568667
2155 10277197447 9906681599
2156 10017286598 10087885920
2157 10083862152 10113327761
2158 10050763675 9949263711
2159 10026268718 10075142727
2160 10037197737 10106435301
2161 10097688824 10005256403
2162 10091159433 10113102740
2163 10046713333 10133665013
2164 9981702074 10005517825
2165 10055786728 10025647185
2166 10106634882 10072827651
2167 10071460907 10037605890
2168 10028004306 10091373014
2169 9983333014 10023252380
2170 10008205715 10109998273
2171 10053886582 10026925165
2172 10037427739 10002463483
2173 10096989397 10034820036
2174 10014073716 10068637150
2175 10131751139 10054055899
2176 10003849012 10060578932
2177 9916927830 9963663775
2178 10018993999 10091133438
2179 10044368112 10116270695
2180 10104759304 10102908193
2181 10089634218 10027167499
2182 10084825728 10015848501
2183 10087018762 9868160066
2184 9939454854 10136462601
2185 9985980820 10076235402
2186 10010444815 10108417840
2187 10038729565 10108877516
2188 10096514643 10027403485
2189 10036485910 9979423533
2190 9966827330 10130521488
2191 10076522508 9996288248
2192 9996813587 10065310747
2193 10117080502 10095143283
2194 10043460281 10024303929
2195 10018812891 10056091898
2196 10034715549 10102326313
2197 10118600370 10023213409
2198 10024446384 10091425358
2199 10106345244 10164997845
2200 9983664087 10074154706
2201 10077639320 9974688256
2202 10016883750 9939950796
2203 10016222045 10127075430
2204 10162969674 10019603554
2205 10191607396 9970474388
2206 10008500509 10037391854
2207 10011752072 10104128721
2208 9993187572 10067968948
2209 10010224778 10031913042
2210 9911437462 10076397964
2211 10021736002 10084587332
2212 10021351809 10048129010
2213 10048069842 9955289891
2214 10071893109 10014814516
2215 10049054978 10055820669
2216 9933085800 10146755257
2217 10079732238 9989255161
2218 10037187103 10061910518
2219 10156151216 10031124895
2220 9986126367 10008921042
2221 10068074555 9981776136
2222 10059297352 10023286044
2223 10090124084 10112483327
2224 10014368262 10000000000
2225 10089268324 10003128469
2226 9985980820 10075562657
2227 9985980820 10078302972
2228 10117327638 10136776764
2229 10051251465 10128205610
2230 9994911487 10043774971
2231 10070911292 10178573561
2232 10082458923 10009097906
2233 10053997459 10127963488
2234 10089725824 10002820768
2235 9921160162 10126806334
2236 10052335392 10131083341
2237 10049965542 9965397532
2238 10000860035 10062589227
2239 10015675363 10052624883
2240 10084424068 10002289597
2241 10029296254 9949126583
2242 9985822105 10022528204
2243 10134084909 9972986180
2244 10070824355 9970586761
2245 9979039561 10058776773
2246 10060522890 10125970956
2247 10021184574 10048919554
2248 10077579017 10118202106
2249 10019252006 10082254960
2250 10039521912 10111824590
2251 10009645222 10004974512
2252 10075308260 10171709852
2253 10018993999 10084638402
2254 10117698520 9984007173
2255 9880625935 10164003738
2256 10035956507 9912557641
2257 10005292451 10007912725
2258 10095637474 9998844770
2259 10164725246 10021619682
2260 10102071400 9807923483
2261 9943550735 10189102060
2262 10021917718 10048426463
2263 9995731292 10152286535
2264 10070226920 10035132367
2265 10062144838 9923803730
2266 10026261793 10086576811
2267 10028358066 10060590578
2268 10005343760 10014611331
2269 9989795228 10041701115
2270 9944356801 10100591605
2271 10042163931 10066974786
2272 10046997755 9954519250
2273 10054275209 10120320128
2274 10097083019 10033196000
2275 9988863472 10013814977
2276 9992113256 10045514724
2277 10050054703 10043073437
2278 9891814263 10107944951
2279 9947150400 10078372561
2280 10075010949 9895021880
2281 9889748478 10046815465
2282 10018517576 9966238266
2283 10118952253 9868567422
2284 10090096635 9861274778
2285 10077674182 10113788817
2286 9977893259 10079726748
2287 10032432537 10102662967
2288 9990620252 10030359173
2289 10033051390 10105770050
2290 10059921669 10022866147
2291 10115723033 10101214846
2292 10061960853 9908832908
2293 10048674026 10060989559
2294 10011218605 9978422628
2295 10001685560 9994151895
2296 10096994266 10038026388
2297 10085584687 10132629596
2298 9999647787 10045092850
2299 10073456667 10030986951
2300 10076652556 10030388750
2301 10124679415 10071649556
2302 10070127709 10050327740
2303 10015756212 10023790286
2304 10052178550 9940728940
2305 9877829303 10070844536
2306 10030633144 10037179138
2307 9981572757 10025678502
2308 10083038706 9957021253
2309 10053061086 10039998015
2310 9980693813 10059359984
2311 9972397307 10000617834
2312 9934576912 10107169265
2313 9977402996 10103075393
2314 9974353851 10099024922
2315 10076737878 10170910199
2316 10089878755 10002717911
2317 9927319298 9901685495
2318 10015354976 10000000000
2319 9977113187 10008527334
2320 9878254421 10115665991
2321 9958339941 10030634050
2322 10109962215 10068098673
2323 10113469375 10147020269
2324 9974676650 10080199386
2325 9979270383 9994331660
2326 9987607540 10028109087
2327 10043846395 10051510625
2328 10038932615 9952425187
2329 9996275309 10039588691
2330 10161161127 9954775530
2331 10045477705 10054827456
2332 10037851111 10051397253
2333 10206693368 9974247462
2334 10005915112 10021015019
2335 10043925194 10117357209
2336 9852425279 10043774228
2337 10110082237 10099852119
2338 10044718422 9974102402
2339 9975767668 10059979361
2340 9966482518 10023263361
2341 9878436985 10144927292
2342 10011365668 10061172967
2343 10018217136 10050915363
2344 10076563009 10170624798
2345 10039414838 10042221133
2346 10012164393 10087885920
2347 10105280732 10095039610
2348 10035270601 10049990388
2349 10008006032 10058734192
2350 10116472424 10059464764
2351 10047467884 9956636488
2352 10057997302 10140324043
2353 10008263464 10054025082
2354 9987803646 10002250573
2355 10088258178 10048421048
2356 10043238319 10054205701
2357 9861009977 10040271120
2358 10086269091 10028390115
2359 10078251366 10038444217
2360 10077833896 9872439196
2361 9983270584 10018363913
2362 9983430536 10085458146
2363 10091743982 10113390853
2364 10105626141 10072759714
2365 10099997054 9839127264
2366 9962818397 10055339305
2367 10004485864 9996142471
2368 9895485530 10046314959
2369 10076325415 9990859199
2370 10039548597 9943168050
2371 10078620350 9972295477
2372 10072869964 10114386806
2373 9998370455 9952947982
2374 10047482091 10110753629
2375 10004139724 10079254634
2376 10011688986 10055306001
2377 10047527207 10052398051
2378 10071465605 9902952915
2379 10031271147 10053968322
2380 10029702839 10094079676
2381 10009496679 9999116070
2382 9877893555 10067443560
2383 9974665772 10034807316
2384 10117902889 10158634977
2385 10051997769 10127923462
2386 9948503982 10081825347
2387 10021297400 10079623808
2388 10057046843 10024799669
2389 10077911705 10009236665
2390 10005489510 10024829966
2391 10079535137 10114647325
2392 10071383136 10134089321
2393 10058667276 9931583135
2394 10094531733 10148301277
2395 10095062864 9826578898
2396 10116696372 9768994537
2397 10065419726 10006347076
2398 9920611324 10094347961
2399 10055171227 9974863703
2400 9983530764 10069982269
2401 10006912309 10017522182
2402 9880774622 10076888381
2403 10125239265 10076195025
2404 10112917512 10142117708
2405 10072878457 10175068141
2406 10144140586 9966223034
2407 10050626857 10128294872
2408 10097389509 10016494648
2409 10013526229 10016801169
2410 10065899659 10153221337
2411 10098776884 9976550930
2412 10066312175 10140740110
2413 10023750816 10048683576
2414 9999115253 10085423074
2415 10050588887 10123069046
2416 10065713866 10113598070
2417 10059973441 10022831327
2418 10103618194 10088554685
2419 9943678939 10101047515
2420 10156287360 10026376135
2421 9944356801 10013388857
2422 10107947694 9821341460
2423 10071325179 9903267050
2424 10082976715 10007360016
2425 10025864845 9982687741
2426 10078208649 10022571989
2427 10105661538 10013686464
2428 9951416240 10075205202
2429 10095543279 10040572722
2430 10092044330 9856917731
2431 9982743190 10001168346
2432 9988172307 10072062020
2433 10116643788 10074586396
2434 9901748754 10018613267
2435 10067647589 9893092628
2436 10160629019 10081851045
2437 10049613588 10029799053
2438 9985980820 10119173752
2439 9980497271 10013837639
2440 9997400453 10009001096
2441 10092431413 10196523334
2442 10092852300 10046486253
2443 10026611928 9970984956
2444 10079814868 9969297496
2445 9993520324 9987364432
2446 10037656843 10107126746
2447 10107638639 10072086157
2448 10109312407 10092332962
2449 9993600556 10056440907
2450 10106116097 10041039236
2451 10158270558 10023006855
2452 10101434973 9984820781
2453 9937470301 10084167910
2454 10018993999 10081390884
2455 10058212038 10113061248
2456 10044146436 10033476095
2457 10117414741 9984198035
2458 9914786021 9962485597
2459 10091786005 10127170999
2460 9921688810 10132465472
2461 10103784708 10082867692
2462 10028085033 9990791840
2463 9994913288 10066588831
2464 9988446749 9991402584
2465 10015579196 10094380956
2466 9834662249 10071086096
2467 10110456216 10203649090
2468 10199639940 9981687859
2469 10085744435 10015835007
2470 9939421993 10040562636
2471 10045243886 10208070467
2472 10022537735 10147098000
2473 10111661407 10092299961
2474 9956713292 10000622733
2475 10184814238 10014383898
2476 10029585740 10023417582
2477 9987712780 10030340602
2478 10079806605 10029484731
2479 10100881423 10033152108
2480 10028864687 10033827083
2481 10118775714 9869021791
2482 9984646851 10046732560
2483 9865781471 10059132955
2484 10082509710 9994666936
2485 9984107209 10019729353
2486 9990349188 10031340531
2487 10083316927 10024266635
2488 10029916195 9984032215
2489 10103433678 10005352222
2490 9975045759 10026570702
2491 10119905194 10095629932
2492 9908347490 10146574109
2493 9987300131 10069473112
2494 9990418358 10125369906
2495 10011888029 9973848572
2496 9858092463 10041258307
2497 10062323697 10027057974
2498 9974631454 10056194554
2499 10040482698 10075025997
2500 10093136569 9831706336
2501 9989238870 10079211517
2502 9993291086 10115449392
2503 10061852347 10116377580
2504 9985980820 10077661066
2505 10020979494 10048025638
2506 10068428222 9897475345
2507 9867978376 10151961439
2508 9991501552 10039841222
2509 10065990705 9896255517
2510 10083131681 10118333370
2511 9960434784 10068508988
2512 9878212199 10055305587
2513 10067951765 10114096284
2514 10079592943 9995007931
2515 9936742036 10049294457
2516 10164179748 10022224424
2517 10101569877 9994854814
2518 9985569239 10020934274
2519 9965070417 10140961929
2520 10034735634 10001512669
2521 10057550648 10024460825
2522 10083004037 9877141118
2523 10028995351 10092990480
2524 9997027363 10128191651
2525 10079503428 10128952259
2526 10070832330 10029182436
2527 10031620507 10091314820
2528 10074447868 9992754752
2529 10035614431 10100335661
2530 10062140811 9981204122
2531 10069980651 10016100778
2532 10138165801 10141765224
2533 10011718584 10045454389
2534 9946216739 10079065798
2535 10095361170 9929799649
2536 10029866450 10043080385
2537 10080347670 10009128233
2538 10028848653 10087912701
2539 10014914268 10010913081
2540 9990351407 10041719117
2541 9937079779 10105485912
2542 9990456865 10005847215
2543 10012972489 10058611378
2544 10053788488 10133454912
2545 10083135510 10000657159
2546 9834219284 10126959597
2547 10138651457 10056344160
2548 10095244686 9970356764
2549 10051560803 10028489414
2550 10096991306 10009658442
2551 10079258024 10114390345
2552 9992124667 10011504269
2553 9992594097 10113900985
2554 10090261921 10020800787
2555 10084451156 9854825285
2556 10084979868 10039847904
2557 9991050240 10137281400
2558 10050519704 10114368949
2559 9844447166 10039729460
2560 10108768638 10107010619
2561 10045662625 10057197032
2562 10047390905 10019209757
2563 9974722880 10057900166
2564 9935836781 10106321915
2565 9990516513 10003026355
2566 10016781611 10122909337
2567 9983193117 10074471466
2568 10031556854 10037097717
2569 10083753693 9986986792
2570 10078229368 10031427578
2571 10071430818 10122229920
2572 10029146208 10022157719
2573 9873617761 10110288441
2574 10040687715 10112073378
2575 10036650920 10038517354
2576 10088088190 10006026540
2577 10138793071 10103875248
2578 10034100133 10051668524
2579 9997536842 10042629281
2580 9940873550 10142046733
2581 10027262879 10169148185
2582 10104880045 10007782105
2583 10034441740 10094805465
2584 10172324211 10013195431
2585 9997081257 10138400220
2586 10099167378 9996470663
2587 10095733841 10047031193
2588 9886155526 10044690533
2589 10054289562 10026654133
2590 10087198610 10004520496
2591 10042776044 10017676996
2592 10074973664 10017326777
2593 10106364076 10056234083
2594 9973122977 10023842546
2595 10123208157 10065265747
2596 10124131322 10146793080
2597 10027245493 10097147722
2598 10019019183 10050375930
2599 10009297892 10051904916
2600 10029324778 10043444697
2601 10071770134 10014897226
2602 10097461174 9946828812
2603 10102153547 9994462255
2604 10046536850 10121619646
2605 10013871795 10084638402
2606 10064398839 10150771875
2607 10094209361 9828850764
2608 9961385185 9958149424
2609 10071315925 9889788820
2610 10090656180 9941394605
2611 9989535335 10046462567
2612 9975575497 10005804900
2613 10019492649 10038619151
2614 10015387718 10070781708
2615 10074308850 9979493853
2616 10094046399 10206861103
2617 10034800493 10041031240
2618 10039413887 10109994386
2619 10048018980 10111199255
2620 10076512414 10031456223
2621 10049953431 10127195786
2622 9998173831 10064395888
2623 10042602662 10115198727
2624 10080158802 10019544398
2625 10106439252 10060840456
2626 10056321241 10025287687
2627 10027243498 10087712176
2628 9997778051 10064662078
2629 10026788565 10089388825
2630 9991407662 10080715854
2631 10047006646 10045421626
2632 10126387838 10056955157
2633 10050463660 9976102412
2634 9995746502 10038725634
2635 9973168190 10055019931
2636 9992222593 10032974325
2637 9990578783 10013948804
2638 10043492757 10038895000
2639 10030144947 10050570385
2640 10114911627 10040075824
2641 10064074479 10150242494
2642 10070825322 10034413335
2643 9997392206 10064921585
2644 10016369097 10100051740
2645 9984747993 10020775165
2646 10084852899 9873005162
2647 10065846994 10020922864
2648 10015579196 10081390884
2649 10021174618 9885521550
2650 9984172189 10016248468
2651 9987245460 9966100670
2652 10025776530 10084164735
2653 10049006123 9971887636
2654 10014878318 10046331675
2655 10054011719 10035708502
2656 9850296106 10067423548
2657 10172622654 9999458274
2658 10082018794 10001394728
2659 9969345872 9992516920
2660 10086457593 10005018882
2661 9964107470 10056068638
2662 9988843368 10070671277
2663 9917950755 10108852848
2664 10092022583 10195856091
2665 10050344839 10016384388
2666 10122397318 9753819681
2667 9990702936 10030494121
2668 10009642540 9986180683
2669 10080743139 10114728222
2670 10091874811 10007106068
2671 10089580012 9993841731
2672 10038166234 10015624008
2673 10025267463 10049216174
2674 9996056012 10093634026
2675 10053304483 10130623859
2676 10079491884 9998416163
2677 10099054814 9996546370
2678 10106289450 10051661390
2679 10106872765 10073981731
2680 10055460763 9940486423
2681 10070533601 10132595858
2682 10043918282 10117345927
2683 10084028439 10006652658
2684 10105642933 9992115399
2685 10097812085 10102650345
2686 10013011926 10055924359
2687 10063938249 10008785863
2688 9992803337 10068007920
2689 10047234901 9912562717
2690 9985180382 10073023474
2691 10032166912 10094822969
2692 9993773148 9954040102
2693 9959361097 9975677170
2694 10026686863 10101622540
2695 9975110478 10057612377
2696 10006796455 10032893431
2697 10042917763 10063180025
2698 10014716373 10007845983
2699 10021659752 10081018183
2700 10039418780 10036655774
2701 10017581454 10023493268
2702 10043599650 9973387760
2703 10043550402 10064754079
2704 9939525244 10160287130
2705 9880619838 10329880240
2706 10043386577 10116478141
2707 10012047863 10065330791
2708 10062268662 10021287630
2709 10027987534 10044344087
2710 10065228753 10126959423
2711 10113222493 10145790548
2712 10041297026 10059041530
2713 10045499334 10044034649
2714 9978944192 10077190857
2715 10082655557 9953613108
2716 10001472504 10044127192
2717 10082590582 10039845367
2718 9964047282 10203382315
2719 10063894692 10149949066
2720 10089197138 10191244731
2721 9988880299 10039113443
2722 10041772512 10053798726
2723 10047227361 10011490357
2724 10085444555 9871681611
2725 9944342108 10091747621
2726 10045520174 10054839247
2727 9952822371 9992026899
2728 10073348062 10013835959
2729 10090023358 10017015151
2730 10105529589 10108689576
2731 10027425917 10087574595
2732 10026581015 10037995245
2733 10032382972 10098519355
2734 10061270416 9979174343
2735 9985980820 10094184772
2736 10164209370 10024707546
2737 9991782095 10041088121
2738 10096610097 10034699030
2739 9985160218 10021447950
2740 10006220104 10036156018
2741 10146931302 10099670485
2742 9943530208 10004388095
2743 9976786969 9989008394
2744 10025138850 10049180465
2745 10049633378 9962389756
2746 10030701303 10098632240
2747 9969753189 10083510757
2748 10144597871 10088901799
2749 10068789918 10016901630
2750 10040008706 10074302244
2751 10088507908 10003639902
2752 10092518578 9992486001
2753 10097905515 10019218328
2754 9850346392 10067411768
2755 9932659567 10111388066
2756 10023849046 10083822859
2757 10014727073 10053262675
2758 10027641198 10047367889
2759 9923585017 10071737933
2760 9986857748 10027590243
2761 10059862416 9928909572
2762 10080650199 9882406720
2763 9987130316 10071823424
2764 10082099463 10002987842
2765 10027258936 10079457222
2766 9968203457 10133953232
2767 10102545039 10023916139
2768 10034549289 10039930848
2769 10030110420 10094196053
2770 10031930003 9978114980
2771 10014733007 10017465000
2772 10049824864 10123518204
2773 9994193158 10140879764
2774 10064129502 10020036086
2775 10013833178 10068244571
2776 9975912553 10035513007
2777 9986880637 10002724559
2778 10123574492 9980055171
2779 10049813256 9975170201
2780 9888703147 10090918000
2781 9956979289 10071074672
2782 9985980820 10072596541
2783 10037170695 10121512308
2784 9993237293 10046281851
2785 9923461564 10034632963
2786 9980938597 10025883318
2787 10004609599 9957069382
2788 9911931209 10104522590
2789 10094388747 10024093709
2790 9985980820 10080572814
2791 9982289515 10078013744
2792 10116724796 10086701556
2793 10085220476 10002384389
2794 10027626805 10044586703
2795 9996050863 10065823732
2796 10049386193 10127048981
2797 10043721479 10117024729
2798 10078634034 10174004880
2799 10026629964 9956953212
2800 10079138954 10031993963
2801 10013871795 10081390884
2802 10007004180 10058456860
2803 10116664462 10065360512
2804 10078640681 10010276303
2805 9964660338 10021982303
2806 10042378784 10053967054
2807 10039516834 10023555969
2808 9999671570 10084762216
2809 10107906238 10067491694
2810 9995712355 10001435504
2811 10069006661 10016755855
2812 9997432882 10041477943
2813 10118982242 10056860532
2814 10105547279 10006185009
2815 10071018409 9903953303
2816 9985980820 10158366589
2817 10027994170 10027563814
2818 10095405613 10035903687
2819 10021366752 10080539982
2820 9992710068 10037249548
2821 10044263038 9971842761
2822 9983112643 10003406208
2823 9977649628 10003442474
2824 9993760119 10067364418
2825 10167303665 10018761233
2826 10096240126 10047891649
2827 10024962078 10086407849
2828 9979241278 10011787756
2829 10008591283 10059689369
2830 10059609634 9956971006
2831 10038926568 10095531653
2832 9991849430 10032365292
2833 10044237435 9974298498
2834 10164039377 10014812890
2835 10036622686 9980897500
2836 9994222695 10067053303
2837 10028449934 10050099772
2838 10071195596 10035576080
2839 10051978752 10130501275
2840 10028964286 10080305900
2841 10060397439 9972455564
2842 10057632512 10115266160
2843 10055445150 10122280481
2844 10041268829 10200595110
2845 10071142406 9987543497
2846 10080801616 10031905682
2847 10004145099 10039078046
2848 10032039434 10103233983
2849 10094191624 9852114174
2850 10023022591 10047683359
2851 10015222783 10052929275
2852 9895872750 10039002591
2853 10087702477 10048164263
2854 10083894779 9953268136
2855 9944418715 10015106266
2856 10094386763 9999685960
2857 10047255030 9973229708
2858 9852767363 10141101607
2859 10099361312 9996340229
2860 10011595368 10057499863
2861 10012585008 10034743145
2862 10123660559 10143949705
2863 10010045654 10016340186
2864 10004025316 10037095981
2865 10018707469 10047394821
2866 10005105263 10085752583
2867 9966298758 9990773984
2868 10064547158 9923638138
2869 10118001562 10027858139
2870 10023806496 10079985038
2871 10095189930 9929519537
2872 10099425091 10044210562
2873 10002802091 10053678330
2874 10069960210 9893397479
2875 9845156580 10068627586
2876 10093668223 10028659030
2877 10023991401 10084823624
2878 10017572888 9977690694
2879 10087078965 9868025390
2880 10122359304 10116234636
2881 10045698054 10101350097
2882 10020293947 10083572311
2883 10004990370 9989787826
2884 9997759617 10064674476
2885 10077029712 10171386495
2886 10054000014 10009371891
2887 10014950914 10008425300
2888 9996460662 10109638620
2889 9991084455 10031116791
2890 10073201052 10013934833
2891 10070474304 10114806205
2892 10037985251 10067091604
2893 9975091158 10005014419
2894 10102182174 10011572748
2895 10015125640 9988138748
2896 9847724758 10254106114
2897 10001710105 10048458722
2898 10047739989 9975752075
2899 10023408184 10048699953
2900 10130784921 9988068877
2901 10008937793 10076080107
2902 10021942515 10081479674
2903 9942846092 10130623186
2904 10071018409 9903953303
2905 9935608232 10005055333
2906 10020355761 10052311504
2907 9982033812 10075251180
2908 9994522054 10024936252
2909 10106814111 9823877317
2910 10071774227 9902262517
2911 10038657864 10056440712
2912 10106005452 10034259478
2913 10051503185 10120754575
2914 9963797043 10087516682
2915 10019979912 10144858642
2916 10070430924 10015797938
2917 10038614886 10049755808
2918 10108916029 9789704359
2919 10111779922 10039655994
2920 10002529753 10043320812
2921 10164952857 10083050031
2922 10035685851 10105728813
2923 10036797938 10132060463
2924 10103646527 10070977766
2925 10025966689 9984622783
2926 10039696037 10100405724
2927 10167736897 9950352864
2928 9997405771 10066325888
2929 10104803763 10096596818
2930 10033978011 10072576560
2931 10072723124 9997782099
2932 9966887002 10144160647
2933 10095757007 9997172108
2934 10048175115 10018966037
2935 10088896458 10003679799
2936 9993813140 10106370887
2937 9995679157 10066073731
2938 10111555855 10070725860
2939 9999330495 10123141944
2940 10022521573 10048020328
2941 10068424891 10011081679
2942 10015407839 10002828035
2943 10006642171 10058700337
2944 10126014736 10077188197
2945 9988976510 10034924686
2946 9978384997 10081007143
2947 10064348110 10120608593
2948 10001579801 10121728355
2949 10012743239 9961897339
2950 10078179967 10001003165
2951 9996215314 10008430333
2952 9934512619 10113383970
2953 9972651643 10034607630
2954 10069886887 10016163841
2955 10069576074 10159221548
2956 10078597103 10038763414
2957 10045746303 9970645440
2958 10048133106 10124224865
2959 10093740491 10137366560
2960 10077838533 10022365837
2961 10119168230 10036241503
2962 10050155672 10029434463
2963 10032544979 9979504149
2964 10085727505 9997371515
2965 10014530061 9891717486
2966 10159116646 10194469622
2967 10056494647 9972127525
2968 10056236549 10029982331
2969 9820417814 9992340597
2970 10010958584 10062877021
2971 9913669018 10105450232
2972 10048748794 10117964383
2973 10030808553 10107580866
2974 10089403512 10191581552
2975 10016312691 10132315431
2976 10084033766 10014219316
2977 10096852374 10103126648
2978 10064499066 9878783725
2979 9969978825 10083359002
2980 10060976784 9996642342
2981 10016414294 10053331074
2982 10015101250 10012984669
2983 10133020176 9975362245
2984 10106153117 10086913183
2985 10084289955 9992501055
2986 9978457361 10071027823
2987 10126441698 10088825676
2988 10029867358 10094413667
2989 10039322053 10036720830
2990 10019353113 10032771779
2991 9978120908 10006154318
2992 10121579756 10045253434
2993 10061625924 10122454674
2994 9973665393 10076902721
2995 9998028901 10133048548
2996 10083199094 10007210450
2997 10046398366 9996688455
2998 10120931671 10126942551
2999 10039609672 10101084345
3000 10079671994 9867546521
3001 9990757415 10039851019
3002 9943375932 10141322104
3003 10176826830 9944045893
3004 10067645991 9959582647
3005 10041110247 9979568987
3006 10218165404 10051744928
3007 10136050419 9975885732
3008 10029498842 10056634755
3009 9960840025 9981755401
3010 10027632343 10040271460
3011 10053067058 10056934605
3012 10015668594 10046551091
3013 10111793533 10080300047
3014 10057659978 10119000696
3015 9997536023 10041516665
3016 9980394012 10013669112
3017 10023875389 9979979322
3018 10021623118 9990863045
3019 10028901888 10043729120
3020 10082295199 10186810610
3021 10030325615 10095161580
3022 10091645655 10036075000
3023 10039817928 9971319053
3024 10028040350 9960487739
3025 10041281974 10112607087
3026 10108741053 10069177477
3027 9973123753 9977382371
3028 10028878902 9958631883
3029 10049278899 10117191093
3030 10095057408 10019619264
3031 10024760418 10086078723
3032 10089746329 9840730521
3033 10077729058 10021073762
3034 10052634919 10047210830
3035 10048298527 10030683524
3036 10027163497 10245898631
3037 10121687191 9965046409
3038 10030720797 10066440420
3039 10045549090 10120007540
3040 10081457562 10015436681
3041 9995269844 10079384670
3042 9951761152 10071432205
3043 10041909009 10114066629
3044 10024488346 10087596211
3045 10123463350 10031444329
3046 10096430140 10047574787
3047 10091945879 10128766234
3048 10036497105 10099123753
3049 10101633032 9809090336
3050 10015579196 10078143366
3051 10031977340 10051079141
3052 10159693939 10027197415
3053 10011840486 10064992334
3054 9985980820 10093053562
3055 10006865123 10063841341
3056 10006768106 10025096110
3057 9960517653 10149407009
3058 9985980820 9910608974
3059 10022494166 10048446180
3060 10126867745 10101951736
3061 9984662720 10002456453
3062 10027733930 10075989058
3063 10074578416 10167385780
3064 9985576235 9980079245
3065 10044602539 10142306046
3066 10141175178 9968217478
3067 10032079129 10077745439
3068 9989959015 10045065802
3069 10102759716 10092797403
3070 10084847611 10018085835
3071 10030023473 9918596108
3072 10036490070 10071940991
3073 10088336472 10024141905
3074 10082562067 10006916045
3075 10059868220 10116104595
3076 9976498822 10007311841
3077 9995483331 10066205437
3078 10070136958 10122322538
3079 10000973977 9976945740
3080 10040082983 10004860131
3081 9951560737 10018219920
3082 9941793475 10099883983
3083 10023718173 9964541571
3084 10050098305 10048135761
3085 9959923141 10150581518
3086 10037270292 10108276043
3087 9914686993 9962431123
3088 10061192927 10145539564
3089 10046976180 10107977476
3090 10089143400 9977002376
3091 10082793169 10007483464
3092 10105713704 10101438777
3093 10045125473 10118588852
3094 10082771104 10027134257
3095 9916622419 10086936327
3096 9974188098 10027022428
3097 10013780692 10053899182
3098 9952585622 9961794737
3099 9985980820 9971310955
3100 9988623211 10027099839
3101 10027246330 10090940748
3102 10078808982 10019236230
3103 10009677638 10056658773
3104 10021176765 10012800117
3105 9999311471 10087466149
3106 10017597701 10026317218
3107 10010071249 10044997014
3108 10014021004 10015108052
3109 10083356313 10018246470
3110 10056045306 10137296969
3111 9996747691 10041297788
3112 9889908469 10120874337
3113 9979631104 10094328028
3114 10071577654 10003499417
3115 9982155719 10016544361
3116 10102502066 10046480956
3117 10008749590 10057282950
3118 10026974702 9975013524
3119 9991815666 10068672199
3120 10041535354 10035232230
3121 10102141336 10070559856
3122 10008202536 10057650882
3123 9952654907 9987817900
3124 10120566615 10089320442
3125 10027282695 10074536063
3126 10082666896 10120810383
3127 10008749590 10091133438
3128 10029736454 10050456969
3129 9985980820 10038308415
3130 10000601514 10060403220
3131 10086139268 10122354550
3132 9981766229 10004231174
3133 10012164393 10097628474
3134 10041058559 10112678625
3135 10092522548 10041439695
3136 9999636503 10121182264
3137 10057803942 10048878120
3138 9991766274 9949232578
3139 10082398712 10037061519
3140 10061231799 9977186654
3141 9962327189 10067103890
3142 10081688969 9880082963
3143 10092659063 10034787273
3144 10041097289 10068206742
3145 10051022954 10120909331
3146 10026098740 9971401019
3147 10101584328 10095022641
3148 10005742708 10057801338
3149 10003779167 10001270492
3150 9904281561 10041091261
3151 10054321656 10122796425
3152 10092751989 10000785461
3153 10038155336 10008347086
3154 10014842718 9927413529
3155 9986675431 10015592802
3156 9988166572 10007250510
3157 9980900871 10014496347
3158 9948200260 10087920086
3159 9990947581 10042008398
3160 10038107581 10197532078
3161 10021204148 10089143443
3162 9913925891 10018302691
3163 9980902997 10014499816
3164 10049293817 10030014121
3165 10030264981 9982974626
3166 10009357869 10002373352
3167 10047243623 9957138165
3168 9985980820 10072596541
3169 9925909894 10053498948
3170 10022335622 10085435820
3171 10003784649 10095864555
3172 10052012349 10130556109
3173 10023889197 10056851405
3174 10058822937 10125969780
3175 10069820929 10048129163
3176 10001682081 10084566633
3177 10144680311 10058537847
3178 10035067273 10064088492
3179 10036606605 10052364435
3180 10090377058 10178441160
3181 10049784522 10112425943
3182 10043591896 10116813238
3183 10074591208 10152495313
3184 10078063715 9958511748
3185 10008942163 10044683528
3186 10031215999 10007876486
3187 9898298219 10074014239
3188 10036608669 9978156718
3189 10088521778 9993984939
3190 10044147472 10116970613
3191 10071175105 9903602772
3192 10095044433 10027646605
3193 10050641553 9944820140
3194 9983962813 10019493687
3195 10057739344 10116256068
3196 10059023267 10034732866
3197 9984410591 10062273731
3198 10100490410 9995580831
3199 10035391318 10173051983
3200 9942698635 10101706838
3201 10073580181 10013679843
3202 10095063328 10044537687
3203 10018029861 10063913930
3204 10030414272 10095306277
3205 9912281609 10313108493
3206 10040519594 10047357222
3207 10083822611 9875309946
3208 10140489008 10048488098
3209 10088277405 10021488073
3210 10003015309 10055555626
3211 10149306235 10037736985
3212 10032077139 10131015772
3213 10082219949 10005589522
3214 10073597011 10165784047
3215 10021189468 10046445168
3216 10006285314 10147023757
3217 9989373351 10070314826
3218 10009785313 10086051550
3219 9981101224 10014823339
3220 9905603975 10109220522
3221 10077628901 10115184134
3222 10020044967 10082496190
3223 10114816843 10103588157
3224 10011953392 9858554909
3225 10091793335 10001071121
3226 10026095746 10088258088
3227 10068751753 9909023877
3228 10080703177 9864801705
3229 10026290831 10045485238
3230 10160459107 9937852756
3231 9992548998 10054023434
3232 10050149144 10119325391
3233 10055428745 10129016900
3234 9900649288 10211778740
3235 10047263280 10109349307
3236 9819919330 10084814844
3237 9985285180 10004403611
3238 10041549151 10054579765
3239 9904970663 10046311929
3240 10045732778 10054898276
3241 10046210330 9959449672
3242 10183378786 10016124159
3243 10103916114 10033340283
3244 10006514196 9963223005
3245 9981271116 10049152377
3246 10038075800 9985637298
3247 10107218041 10089056255
3248 10002923672 10043393276
3249 10038215970 10069346715
3250 10010456992 10084638402
3251 10061519962 10027851760
3252 9926363486 10142983089
3253 9995228518 10066376817
3254 10014393073 10053487313
3255 10012717531 10045731742
3256 10092602366 10000886092
3257 9974633210 10098607368
3258 10031973293 10046998836
3259 10096480939 9846992911
3260 9969342487 10033688858
3261 10088384372 9844355796
3262 10018644188 10050628141
3263 10011509874 10055426466
3264 9872663777 10065973185
3265 10035833627 10091780393
3266 10079758155 10026924127
3267 9987007933 10098743817
3268 9987662090 10000193469
3269 10026786056 10058176485
3270 10031292002 10099652240
3271 10016702810 10072494837
3272 9936446991 10148288047
3273 10092248892 10001123829
3274 10123353759 10199349970
3275 9937846422 10097978699
3276 9997324287 10035696270
3277 10096656759 10008745310
3278 10077488041 9997043840
3279 10044846312 10059298021
3280 10083587306 9875836330
3281 10038876069 9987642828
3282 10111075261 10070461492
3283 10160629019 10081851045
3284 10011413224 10044449807
3285 9985980820 10089197688
3286 10046506111 10205301300
3287 10043865063 10112337318
3288 9822250058 10037242451
3289 9979905922 10076682334
3290 10030707754 10042514549
3291 10043352575 10103874037
3292 10004046385 10042496953
3293 10021396301 10080588208
3294 10013261023 10141044625
3295 9982693412 9959703461
3296 10070542028 10003639173
3297 9850889569 10067284518
3298 10076607972 10181003800
3299 10010691119 10018436835
3300 9996477027 10065537107
3301 9969757602 9934951202
3302 9938373414 10041910115
3303 10042738531 10114262536
3304 10037602041 10062961536
3305 9909210750 10124229783
3306 10119296075 9762074612
3307 10089252179 10011441698
3308 10102634280 10028989994
3309 10047341822 10020554911
3310 10048801900 10117058157
3311 9981154709 10036968468
3312 9920960194 10070665405
3313 10089911711 10108509306
3314 9996276249 10065672145
3315 9985980820 10080577817
3316 10025420178 10054043994
3317 9982577616 9969556625
3318 10017763075 10074658486
3319 9924510143 10033285483
3320 10025413740 10049256787
3321 10158617345 10073447750
3322 10024692177 10046560445
3323 10129096211 9964124955
3324 10025643448 10049320564
EOF