NAME : 3334
COMMENT : tspgen
TYPE : TSP
DIMENSION : 3334
EDGE_WEIGHT_TYPE : EUC_2D
NODE_COORD_SECTION
1 9979007027 10075254575
2 10000583263 10190348049
3 10050912215 10004731531
4 10056647971 10100000000
5 9906659801 10077163648
6 10151430934 10463053382
7 9966584764 10103532725
8 10077256663 10112817041
9 10016163449 9903363621
10 10030558162 10089765700
11 9969296148 10209905064
12 10045105353 10022688414
13 10058451599 10097207844
14 10034780490 10082389088
15 10075969389 9965968198
16 10041657220 10100000000
17 10044171487 10054810941
18 10114331029 10197648977
19 10199557162 10132133927
20 10042063734 10089278292
21 10126554276 10002129682
22 10132657187 9762318390
23 9685167496 10160445341
24 10000906506 9915660932
25 10017272966 10039494064
26 10048837818 10057660306
27 10043848421 9972681856
28 10135707101 9961538088
29 10055526627 10183585585
30 10037776105 10100000000
31 10052905653 10074870397
32 9734025250 10144471676
33 10098163646 10307831036
34 10051450100 10161622276
35 9995240622 9987230337
36 9999873030 10138538855
37 9928541474 10106085788
38 10074071221 10069471974
39 10061973818 10065681438
40 9917701484 10184628195
41 10070818028 10029501110
42 10010336177 10220769648
43 10062334525 9926968982
44 10050633299 10062259385
45 10043886005 10088739365
46 10047123555 10174884115
47 10001352928 10069748787
48 9969411575 10022645766
49 10072921386 9913275675
50 10049447843 10072547226
51 9997623816 10082185166
52 10044029255 9997982725
53 10064575499 10081165758
54 10006550870 10193705889
55 10083023596 10078534898
56 10116573813 9972272974
57 9926050576 10020134186
58 10046971431 10023415161
59 10060008680 10108104901
60 10065778541 10117387768
61 9954831318 10098143057
62 10069949643 9909139256
63 10051206482 10080226714
64 10074718131 10128221850
65 10056009217 10101670346
66 9958373627 9972780003
67 10142645728 10008713003
68 10040178123 10052629159
69 10030815852 10046655695
70 10048605395 10073955198
71 10138281387 10021224154
72 10057757249 10068105716
73 10067244170 10068899631
74 9973389111 10085336145
75 9959492743 10102268478
76 10114207775 10097576647
77 10136979528 10008799555
78 10059645341 9902644845
79 10075921138 9908525229
80 10065203501 10067653553
81 10098194521 10092483816
82 10076727294 10040040196
83 9990568375 10065539550
84 10038489753 9982798151
85 9882631281 10142857408
86 10030865328 10046685906
87 10059261646 10064025325
88 9891843478 10059966740
89 10131833151 10014933193
90 9943723361 10083126584
91 10039886791 10052194611
92 10130606186 10014169606
93 10110463390 9965286704
94 9953418803 10048730070
95 10096592302 10086674062
96 10061888822 10137053239
97 10045256589 10100000000
98 10122432026 10055023056
99 10049088244 9978384678
100 9881982530 9873371243
101 10020659282 10040453869
102 9946400491 9925325848
103 10068365812 10071445506
104 9934508949 10070282549
105 10037823398 10050372595
106 10015870893 10025482145
107 10019241871 10045487711
108 10105249111 10084129322
109 9960943279 10106334527
110 10019283265 10039167513
111 10064615303 10030529334
112 10041848699 10097564264
113 10130696073 9999858251
114 9905844593 10009856453
115 10037308164 10038237809
116 10096558010 9846839519
117 10048181308 10102991904
118 10044693633 10055129775
119 10120202709 10018149125
120 10051639154 9952010683
121 10057596120 10091019104
122 10079311601 10079327232
123 10071105704 9901218597
124 9984169151 10166584758
125 10102039197 10169909097
126 9919143899 10262229629
127 10001347179 10069762247
128 10044315016 10010362212
129 10053798142 10000087096
130 9896194983 10069123975
131 10071081415 9908005719
132 10053072997 10096946396
133 10046792880 10020050009
134 10028089781 10007148219
135 9905804096 10050578545
136 10071112391 10085381221
137 10224542538 10181377476
138 10029041714 10045572367
139 10054866873 10061341780
140 10010067548 10049344733
141 10046619293 10056305625
142 10130088003 10016998699
143 10062690602 10066119122
144 10090337259 10103606900
145 9926345131 9980152708
146 10050897944 10186819173
147 10054057024 9999902182
148 10016111509 10086630755
149 9938465893 10037994796
150 10110793123 9930333773
151 10061219042 10025128862
152 10082765002 10143504564
153 9992990574 10145780295
154 10131927300 10023283756
155 10045303916 10100000000
156 10010185127 10049069438
157 10018248159 9938366638
158 10049121419 10057833479
159 10146445884 9899701812
160 9673286282 10045157382
161 9979095699 10154916351
162 10043848421 9934288970
163 9943571291 9978853955
164 10028391793 10083299665
165 10029069912 10098399911
166 10011406472 10091332522
167 10020439952 10040319941
168 9912918682 10058213806
169 9830762118 10099820064
170 10140420574 10023105331
171 10048861555 10005435966
172 10073653692 10109787331
173 10110923421 9813204937
174 10043848421 9970251586
175 10078900552 10138499175
176 9970986542 10083502429
177 10052706909 10001256703
178 10148412129 10045748839
179 9962126926 10089265184
180 9838504597 10228862723
181 9987973120 10096624244
182 10046627577 10091660545
183 10064215140 10057585662
184 10101375465 10086666917
185 10047012620 10010203087
186 10077108586 10052560785
187 10026845589 10211191423
188 9983928927 10124333223
189 10095245108 10299326334
190 9878228891 10062185599
191 10011716580 10194163788
192 10015408646 9979326560
193 9930723520 10238191590
194 10017962016 10038806859
195 10101691688 9958947003
196 10019945913 10026215936
197 10003576705 10125220622
198 10027220798 9915660932
199 10074150421 10130856905
200 9720649436 10148844795
201 9980617241 10075147114
202 9925079659 10063936153
203 9973765947 10063221641
204 10099710348 9950165271
205 10038542842 10083611811
206 10045550639 10094315028
207 9966433662 10017747502
208 9945057256 9923164779
209 9930976128 10101339872
210 10056856763 10062556851
211 10027349043 10093732788
212 10041479855 10093428541
213 9978153552 10074248052
214 10068213092 10036206780
215 10066698930 10118868539
216 10093802048 10060891358
217 9979473749 10076959792
218 10100400051 10041569320
219 10041597672 10068555619
220 9855906432 10149742108
221 10002156869 10197089158
222 10045732637 10008826198
223 10070482768 9914616348
224 10095744630 9963062666
225 10234190531 9902733377
226 9890995990 10074673726
227 10087847079 10086201616
228 10054533602 10099296297
229 10084351756 9944134876
230 10052189934 10095525676
231 10064249479 10101901207
232 10077516764 10130866441
233 10051308741 10007953699
234 10124416066 9967666909
235 10126942370 9962667484
236 9971670360 10178453885
237 10011601555 10182252871
238 9881314128 10159934239
239 9926986962 10183153730
240 10091555652 10153393101
241 10053321156 10097345646
242 10015019930 10193313510
243 10036106949 10051772037
244 10151365437 10154548632
245 9852436875 10069608570
246 10105697397 9967560715
247 10036190131 10088842874
248 10036136778 10051958180
249 9952431857 10152761055
250 10050139785 9955521245
251 9772062684 10606599544
252 10037446176 10088518139
253 9746686720 10116413410
254 10064056037 10081200713
255 10099225814 10091226664
256 10112942507 10187485277
257 10064298812 10209147975
258 9922372333 9933669167
259 9960179580 10107545151
260 10161316586 10017812149
261 9980427936 9764874681
262 10031807017 10092174209
263 10124318558 10004065166
264 9973255102 10053730856
265 10076151403 10131386625
266 10084322706 10040018284
267 10108652514 10212143835
268 10101753252 9942648990
269 9911125869 10069613893
270 10079023509 10125376759
271 10039549051 10120603175
272 10043848421 10218558041
273 10020417341 10087201544
274 10060188468 10081041300
275 10022023358 10042499483
276 10042633754 9973095556
277 10049396994 10063887149
278 10229796238 10177126039
279 10045938225 10004528371
280 10066136798 10068223445
281 9965543898 10008131277
282 10096777091 10086296955
283 9992913675 10186098977
284 10011848674 10079326913
285 10060463264 9931350275
286 10045278792 10091481358
287 10050456259 10003685583
288 10092684520 10159591795
289 10048336509 10189375729
290 10132067096 10006512076
291 10033049167 10090489104
292 9925283244 10135501900
293 10059176134 10063973110
294 10112057831 10101129063
295 9989581584 10125218995
296 9985201028 10145925143
297 9952949218 10183079245
298 10077794381 10075341823
299 10064595898 10026670744
300 10043619117 10067829772
301 9893306195 10034156058
302 10071252772 10053829093
303 10023832479 9995733234
304 10125481775 10000851739
305 9855960014 10149709877
306 10044196365 10054826132
307 10098078007 10053085017
308 9983905223 10110600126
309 9962782065 10203221114
310 10052750554 10064853530
311 9995808592 10127247211
312 10051372966 10018374933
313 10036307233 10052122454
314 10020500034 10040872746
315 10024012485 9968999845
316 9938590119 10069695665
317 10088705395 10082004330
318 10060794162 9930575523
319 10066331217 10215070458
320 10043848421 9968571330
321 10094498190 10085541539
322 10096513589 10130993667
323 10013644713 10043496716
324 9969170970 10091781966
325 10065365259 9919872946
326 10038421693 10054667271
327 10054245293 10002491087
328 10060464871 10081022992
329 10061787680 10065567778
330 10124329717 10002413197
331 10091477272 10122235242
332 10118832820 10096531423
333 10004144652 10123780185
334 10065992718 9956664546
335 10043848421 10300963174
336 10069499737 10114417803
337 10017478892 10038511852
338 10104072209 9829246083
339 10022587020 9963987478
340 10136123782 9906565769
341 10096052996 10301680544
342 10033911675 10030234920
343 10057816536 10063285411
344 10050041608 10058395367
345 10055437457 10150697043
346 9998364341 10139631798
347 9974693066 10089596701
348 10107810460 10195038915
349 10161403001 10165196897
350 10071368089 10035083489
351 10051730904 9980051296
352 10082179455 10261252661
353 10058554331 10026670744
354 10364237540 9938428636
355 9940761654 10138326692
356 10109624533 10063235933
357 9968922322 10111738885
358 10081786352 10041700040
359 10070574978 10130403731
360 10089793997 10087959247
361 10071956351 10127959466
362 10065693702 10091544438
363 10027988864 10097447522
364 10067304751 10068936624
365 10057391732 10062883515
366 10094683345 10179027944
367 10028452534 10097159779
368 10106548534 10332264831
369 10032982175 10081620434
370 10092382178 9959341175
371 9898873492 9969334648
372 10057075655 10208000442
373 10076980514 10134651882
374 10046601240 10096977006
375 9830225609 10113019712
376 10062090797 10123466925
377 10044951921 9967667896
378 10057811743 10076859065
379 10132136648 9982403958
380 10042258982 10062708490
381 9971315779 10089891908
382 9965284892 9950865768
383 10104128308 10154446117
384 10143722142 10150870777
385 9968621112 10030166752
386 10133076997 9952266668
387 10028067925 10168865337
388 9962944875 10179235814
389 10109767532 9964535787
390 9950039897 10112510785
391 10125890049 9965290652
392 10095445305 9959526788
393 10028190865 10188045484
394 10032393485 10088154293
395 9904588065 10213398539
396 10017790558 10038702162
397 10034755896 10006854793
398 10063269942 10082509849
399 10041947070 10088952519
400 9961580881 9933025368
401 9899981197 10173631069
402 10092904079 10084568139
403 10017319972 10161195149
404 10043848421 10141072131
405 9889058115 10092944537
406 10048545544 10062359142
407 10124139669 10005106606
408 10048841216 9958561661
409 9919191305 10262118635
410 10041655424 10143164517
411 10055192683 10035856788
412 10043355063 10074220265
413 10164314582 9990635843
414 10075801855 10074125143
415 10132181365 10406959608
416 10135300329 10153665438
417 9920398634 10061573040
418 9898750137 9963790345
419 10125392055 9961648815
420 10091337987 9953160468
421 10097710141 10085185134
422 10059711673 10107627060
423 10116321781 10064713714
424 9958927295 10178036763
425 9995896587 10025333220
426 9954217414 10067729549
427 9941261600 10069998394
428 10108544510 10338081160
429 10088449978 10153862813
430 9931312328 10118284027
431 10114605867 10355744121
432 10037417220 10006464357
433 10061629156 10102370648
434 9964066422 10133086032
435 10013366925 10044669124
436 10000899166 10111026431
437 10034096474 10080345726
438 10033736348 9982605300
439 10209324813 9582811959
440 10037408154 10083262488
441 9895823789 10061740408
442 9972167073 10088535642
443 10098841686 10088193773
444 10015256659 10184918807
445 10005974704 10185887309
446 9856391131 10149626429
447 10017917050 10038961670
448 10050002247 10001555271
449 10044013623 10129206657
450 10126629152 9992228958
451 10111446213 10037531989
452 10070127057 9908723867
453 10129879030 10036048852
454 9943669135 10080740575
455 10096665044 10045262929
456 10092995182 9957616487
457 10054506505 10061121732
458 10044322921 9969140611
459 10055177006 10025500143
460 10012230150 10154553365
461 10019312549 10027698867
462 9847469515 9997559952
463 10047549021 10006183554
464 10079775086 10080594160
465 10163262920 10117702509
466 10042458636 10022056382
467 9927876649 9973295607
468 10010859387 10045567727
469 10053724502 10100000000
470 10105552332 10152612465
471 10067023940 10065474789
472 10091797325 9960327410
473 9976575342 10154345776
474 9989348624 10069919162
475 10043819777 10100000000
476 10047250419 10100000000
477 10049794129 9956330548
478 10093983867 10085227481
479 10043848421 10150870777
480 10014328022 10201248435
481 10122026429 9981555655
482 10219752377 9920528650
483 10045095186 10088504648
484 10095094843 10164553433
485 10056924778 9901699935
486 9927040058 10130691796
487 10023735553 10086386652
488 9923161589 10145911088
489 10037171549 10094923982
490 10051384760 10094230267
491 9891702361 10081726744
492 9982134037 9797738157
493 10084997061 9965565649
494 10128846220 10157347610
495 10077152226 10088203855
496 10091316242 10064418022
497 10026453120 10081956832
498 10125356657 9953360535
499 9935449372 10132100436
500 10157058924 9992416253
501 10091873482 9946959232
502 10058523891 10183877090
503 10110967427 10136448671
504 10026909118 10099443719
505 10025695653 10043529188
506 10056635368 10062421662
507 9920856928 10096181192
508 9891542993 10134331132
509 10046751056 10056386083
510 10067174228 10068273932
511 10087747532 10095537127
512 9831870913 10081040625
513 10067361144 10063190807
514 9980461738 10080961095
515 10081588297 10111391099
516 10140493683 10002967104
517 9946566934 10097048973
518 10035679519 10053461455
519 9977349677 10125949013
520 10190658104 10129555447
521 10136460270 10043865347
522 10082839680 9878959053
523 10084764510 9874452336
524 10066647715 10030523831
525 10043926505 10054661349
526 9771464899 10081965884
527 10092595450 10152259763
528 9917905820 10079527323
529 10063243407 10079196734
530 10012994474 10009991582
531 9887321092 10128737707
532 9819712925 10067447925
533 10050263848 10011464039
534 10129656737 9941741722
535 10077237927 9956481813
536 10051598939 10100000000
537 9993793395 10087448368
538 10004970689 9949944136
539 10171721403 10522180370
540 9938843770 10068461426
541 9978462284 10074131220
542 10098795298 9948563650
543 9949148015 10058975533
544 10033535549 10083057521
545 10095754119 10300809608
546 10039733127 10015535028
547 9863827516 10146076656
548 10037447762 10090079371
549 10132152557 9763499910
550 10138662089 10030609951
551 10043848421 9965341804
552 10095136962 10299011194
553 10108734757 10186498072
554 10041981323 10203061348
555 10124223557 9995650899
556 9919744270 10111342546
557 10055812633 10101354072
558 10091113770 10077390090
559 9954887113 10115934837
560 10037477479 10100000000
561 10099688982 10088711151
562 10039147050 10051846845
563 10066961790 10113096937
564 9960306825 10101386407
565 10127219695 10009184257
566 10072749997 10134868898
567 10022531549 10041597116
568 10182359666 10102712881
569 10016338142 10040086463
570 9830081990 9937247215
571 9883158289 10148589548
572 10048882550 10090204575
573 9992156345 10066876952
574 10016243826 10036319301
575 10009133331 10159945227
576 10155529366 10150703858
577 9900524206 10102685263
578 10066358642 10068358908
579 9691321778 9944381996
580 10052596772 10100000000
581 10044366519 10087442798
582 9907355626 10007165729
583 9941491196 10163195543
584 10075657319 9895775538
585 10138566418 10021423011
586 9785822978 10072827273
587 9928259746 10105671747
588 10087882058 10046409447
589 9862690830 10145661175
590 9967446860 9958288050
591 10064336462 10089394970
592 10102692590 9963251754
593 10087018506 10151559783
594 9952779712 9956426074
595 10084943551 10148221481
596 10019131412 10035591883
597 9885928330 10123920806
598 10128038252 10010743325
599 10168571824 9875728008
600 10051038490 10151493963
601 10095775568 10078298552
602 9950099673 10076023309
603 9834438316 10036974750
604 10093692263 10162296887
605 9989288175 10075456559
606 9921733425 10101729921
607 10140459511 10111321160
608 10142639630 10006969985
609 10084793138 9874385308
610 10060275449 9915660932
611 10097284179 10074358035
612 10012305045 10043027885
613 10065781227 10113692595
614 9992735319 10073577240
615 10055436902 10100749575
616 9991073814 9915001762
617 10084045358 10079158808
618 10057838624 10031316741
619 10074812142 10069322243
620 10060955209 10070136863
621 10108056789 10239640740
622 10076583966 10134874725
623 9880892986 10351788745
624 10030588215 10038557989
625 9850971517 10077442062
626 9984434562 10085992048
627 10140200435 10430327399
628 10063575864 10066659682
629 10094807424 10085730364
630 9975580399 10084775641
631 9954089107 10007737441
632 10071693009 10068642132
633 10075358993 10115071307
634 10051986559 10034374226
635 10132332192 9763079320
636 10089533305 10155605728
637 10019933267 10213700554
638 10023558715 10219670399
639 10122941060 9983595646
640 10062659300 9926208566
641 10370645673 10246314525
642 10011735483 10045439498
643 10095446184 10152356536
644 9939767978 10067884528
645 10142622077 10013236273
646 10063390156 10067279068
647 10011410045 10150870777
648 10073903209 10237135451
649 10085366786 10270540633
650 9968199980 10094831112
651 10043848421 10134365936
652 10166145086 9683911198
653 10038259907 10051201199
654 10075517010 10073951210
655 10032364725 10100000000
656 10075355904 9968416629
657 10100183551 10150990753
658 9981801347 10148957772
659 9918640938 10087784864
660 9972709454 10075262284
661 10057582771 10014147045
662 10055432683 10082542792
663 10134244457 10002262503
664 10016679588 10155371154
665 10043471691 9971133646
666 9938887968 10107932928
667 10060161985 10076034620
668 10017545072 10035708006
669 10053338333 10059036079
670 10101124170 9967851840
671 10035601985 9989559451
672 9915848115 10093660280
673 10136029895 10053179116
674 9932950453 10173090467
675 10079256640 9938455200
676 10059809040 10069706366
677 10087714949 10277383245
678 10109386095 10202703003
679 9930590737 10098591034
680 10053559784 9947513799
681 10059731599 10062441252
682 9961792239 10056808924
683 9944919430 10101759456
684 10029223283 10045683237
685 10061514363 10065400884
686 10130464933 10016014056
687 10043818346 10066125308
688 10004465500 10062696064
689 10125620725 10001013956
690 9991011215 9914810654
691 10106772906 10157327922
692 10121915112 9973568486
693 9957125666 10054462455
694 10018536793 10029515191
695 10041428203 10084113151
696 10053186478 10176766325
697 9935811387 10106726824
698 10038315818 10049909644
699 10115413240 10139105905
700 10101070645 10054251854
701 10102671407 9832525863
702 10145326601 10023254386
703 10043848421 10221526686
704 10132356857 10007457095
705 10053939220 10099611874
706 10051139490 10066682086
707 9999200620 10126603013
708 10038727120 10084520194
709 9551702081 10053249273
710 10131609145 9764772231
711 10200998181 9943643518
712 10057080528 9901386759
713 10026115467 9980820042
714 10017857573 10042235021
715 10015218235 10042266045
716 10043848421 10147760929
717 10040135495 9978944877
718 9918403540 10104057741
719 9966055773 10095031010
720 10047508185 10002196148
721 10042155843 10047533785
722 10043848421 10252660593
723 10040087262 9979057809
724 10055033304 9998748779
725 10011081356 10041651308
726 10092953252 10079755175
727 10039303899 10084223749
728 10013815985 10212464806
729 10038105045 9983698889
730 9969627358 10156271607
731 9962696362 10005060428
732 10098775212 9952966212
733 10131451706 9991530729
734 10105947257 10182013390
735 9993593589 10130622417
736 10010025909 10146314119
737 10058240772 10105260594
738 10039230312 10012698392
739 10046644010 10093023460
740 10096277640 9944353449
741 10032370794 10081722225
742 9978596710 10076735412
743 10042567033 10163704020
744 10043980530 9994105666
745 10113003194 9974460831
746 10040005841 10070248788
747 10030104286 10031856604
748 10100863990 10147120853
749 10062582042 10023249879
750 10045011269 10124672875
751 10022212632 10044636224
752 10018813283 10089203546
753 9933337950 9921310536
754 10077593156 10077423314
755 10055893472 10088702965
756 10054011944 9946455131
757 10021224589 9957026642
758 10024290381 10087034456
759 10057437290 9938435165
760 10099284250 9961330007
761 10032660275 10077886940
762 10045910043 10055872542
763 10080224383 10140629026
764 10042658675 10094355722
765 10037196273 10036589111
766 9934793783 10172612326
767 10118056817 9962760374
768 10055381125 10061655794
769 10085819196 10176760581
770 10031867417 10100000000
771 10029070204 10086833482
772 10048449484 10167127351
773 10085679156 10042654933
774 10136997302 9752156622
775 10047678707 10006717601
776 10056595621 10070797962
777 10047870365 10099276165
778 10059486826 9933636467
779 10049617562 10010072797
780 10055354863 10061639758
781 10068604831 9912287943
782 10097089669 10087185997
783 10064879417 10084733740
784 10071037956 10070579725
785 10033353732 10091550515
786 9988324870 10083547493
787 10057148254 10103122719
788 10026334732 10046124753
789 10086418298 10150594136
790 10065776121 10069985782
791 10113489540 9975435881
792 10087767178 10089063597
793 10079895740 10055468313
794 9868026417 10069848279
795 9995531303 10164028937
796 10052017345 10001865520
797 10046043777 10100000000
798 10059714791 10108118080
799 10027097330 10085412281
800 10055411279 10100708351
801 10072939874 10033144294
802 10093993826 9852843195
803 9918977672 10107932175
804 10096537478 9955820310
805 10092776420 10165205970
806 10043848421 10251890049
807 10019297636 10035840636
808 10054673626 10093404570
809 10017903566 10038860765
810 10052479807 10077144875
811 10073598186 10067158729
812 9974965487 10106386275
813 9963296809 9952509566
814 10054259362 10005998259
815 9941344788 9895232378
816 10092173176 10088859246
817 10093617099 10006755038
818 10077676257 10135716244
819 10078700960 9959632282
820 10058550822 10089520612
821 10025095160 10138551929
822 10013321217 9915660932
823 10100478624 10089193324
824 9969553857 10090942443
825 10031135244 10091540382
826 10057040364 10100000000
827 9830228505 10085080374
828 10139035313 10017849250
829 10135964037 10003583942
830 9872922274 10370451042
831 10013739473 9974952833
832 10043157247 10073911416
833 9938318581 10068684978
834 10058309710 10105371505
835 10058634531 9935631994
836 10083513138 10145824330
837 10117330349 9931248951
838 9964168726 10090739919
839 10016784276 10157239059
840 10067080485 10032252209
841 10009437992 10033601901
842 10068349869 9910909886
843 10035513368 10082979696
844 10065444319 10053369897
845 9814106255 10035785277
846 9992921047 10130370580
847 10018974381 10113237607
848 10098544528 10079098945
849 10003834362 10063938859
850 10042692208 10071571878
851 10105786586 10330044492
852 10019529655 10037311470
853 9658568461 10046136909
854 10073907828 10131061651
855 10017226021 10032584178
856 10014130046 10150870777
857 10063571118 10028822747
858 9911048445 10017205919
859 10045304618 10066408064
860 10067321869 10068947076
861 10117036741 10064297695
862 10019950386 10178060513
863 10161523446 9873618970
864 9964243085 10006004891
865 9952901665 10252613189
866 10096124735 10173529632
867 10114911231 10197193403
868 10056610516 10149003422
869 10050017793 9955806870
870 10069190805 10070088289
871 9878987934 10076141769
872 10079364954 9887094635
873 10054182882 10076313552
874 9995084351 10024837250
875 9926607044 10100408593
876 10175828324 10534148051
877 10088923239 9961384437
878 9902344712 10067768669
879 10011715700 9915660932
880 10066365595 10118332252
881 10123988284 10009685164
882 10123625632 9969553720
883 10107979841 10205228141
884 10056082999 10062084373
885 9998897580 10059572718
886 10140233251 9902411102
887 10017347945 10032298710
888 10071260287 10075435858
889 10049688725 10087796617
890 10001377738 10166285446
891 10012744626 10035621005
892 10101069691 9954001236
893 9992819374 10023454205
894 10002708776 10109083616
895 10056623843 10080934037
896 10029542821 9988110833
897 9948438179 9923091662
898 9911947802 10066269705
899 9996962776 10025984258
900 10005147565 10065768823
901 10086514614 9965675088
902 10054860841 10068688141
903 10143149861 10044574037
904 10014112262 10039874605
905 9936958340 10193515831
906 10052831103 10004781517
907 10075337840 10241316006
908 10053771472 9947018161
909 10038377375 10061321467
910 9981107143 10117151437
911 10097392230 10087308703
912 10043849949 9970248008
913 10020874142 10042416940
914 9825233002 10102501832
915 10064349847 10112895620
916 10038873378 10088670046
917 10026347103 10043926978
918 10072865142 9902313027
919 10001403698 10137339602
920 10075010716 10087833032
921 10182101075 10124062639
922 10077063330 10135048582
923 10052801391 10077449805
924 9884569070 10063330323
925 10047380272 9998301748
926 10052380488 10004358569
927 10045012354 10009865638
928 10102994803 10049409684
929 10075444076 9906592176
930 9954180676 10134121169
931 10047543722 9961599559
932 10100488919 9964403365
933 10069230001 10081728829
934 10136198241 10027308660
935 9929025367 10135280359
936 9996811427 10025891841
937 9980202923 10103808071
938 10132127447 9763558702
939 10130413176 10013974292
940 9938071127 10142591750
941 9977809293 10081165606
942 10073306630 10235397004
943 10048423833 10065427726
944 10078605021 10079269976
945 10131839576 10405963625
946 10077862390 10248672614
947 10102273715 10173109172
948 10057299647 10049250699
949 9963603508 10090764189
950 10082446946 10040101575
951 9953779947 10154767394
952 9997471506 10177265171
953 10107865944 9820363586
954 10057116851 10062715666
955 9855458611 10062531590
956 10062453833 10084278608
957 10072146877 10127633495
958 9952553873 10063004062
959 10173925091 10013030630
960 10038109874 10091132136
961 10045845420 10091231344
962 9943538246 10108827008
963 10079242040 10116797167
964 10116384650 10059834708
965 10072899787 10040278315
966 10069765083 9909571378
967 9956342622 10074542825
968 10107732936 9820675007
969 10039146903 10058743675
970 10101522797 10089830919
971 9965140446 10154535205
972 9949189496 10125048329
973 10045393411 9966634210
974 10088837509 10079294182
975 10138536088 9908272200
976 10055511305 10094056109
977 10045219904 10055451127
978 9970431042 10108917181
979 10092454972 9955648655
980 10060968837 10081437570
981 9947200817 9954111644
982 10114652349 9966226348
983 10133300111 10006555286
984 10037703329 10097310490
985 10111851594 9811031750
986 10121683250 9945276272
987 9854354391 10033106611
988 10048195819 10073236786
989 10049161026 10005111484
990 10058470489 10065377837
991 9917540055 10076207754
992 10014887313 10038059934
993 9848833920 10106935868
994 10063332236 10073608244
995 9992159102 10078092255
996 10067624150 10127360245
997 9701014153 10310480022
998 9998259602 10014138073
999 10043848421 10333946036
1000 10079859127 10141865224
1001 9992724204 10089951727
1002 10008626465 10033106364
1003 10053344843 10097383756
1004 9959984898 9976453036
1005 10056561187 10095592154
1006 10076183083 9905149765
1007 10046696425 10056352724
1008 10116807010 9966686355
1009 10050202740 10054277040
1010 10043149553 10054186925
1011 10054727737 9944779201
1012 10057399674 10067275650
1013 10020292899 10040230147
1014 10057985022 10097687149
1015 10042736879 10146315906
1016 10046965266 10055789625
1017 10036036350 10170176801
1018 10034445081 10044174948
1019 10052467611 10100000000
1020 10063201239 10205949617
1021 10053908984 9999966997
1022 9929055457 10239023115
1023 10056059987 9993338261
1024 10105628342 9825602617
1025 10079338801 10076284880
1026 10138015739 10038477953
1027 10086702531 10151051424
1028 10015133537 10037483436
1029 9929140520 10085705256
1030 9998760846 10139278482
1031 10042305676 10053671635
1032 10038302820 10065718414
1033 10037042351 10050457733
1034 10054290584 10002967788
1035 10054170317 10012677522
1036 10052869043 10187597525
1037 9919985400 9969699299
1038 10050389228 10092628601
1039 9892406624 10090106985
1040 10089196814 10097456103
1041 10095810572 10144388218
1042 10015004016 10151540545
1043 10102503016 9832920127
1044 10051281945 10094064853
1045 10049356956 10045522389
1046 10049987020 10044244897
1047 10059317237 9897413592
1048 10039806482 10096958563
1049 10014565794 10177716933
1050 10055719736 10097608630
1051 10087670675 10120543361
1052 9999003227 10219895789
1053 10008899949 10188240877
1054 10066016214 10117770149
1055 10070272517 9965095505
1056 10059413846 9933807340
1057 9953708376 10117803386
1058 10046406720 10008095818
1059 10017478891 10157866122
1060 10085252863 9963609608
1061 10032214906 10047405085
1062 9920178595 10092049306
1063 9898635399 10060650546
1064 10052222386 10094377897
1065 10075671568 10080347072
1066 10074739828 10107275787
1067 10026302274 10034963267
1068 10052008608 10002026084
1069 10068539511 9912440883
1070 9675313346 10045022473
1071 9928822446 10120520945
1072 10059328713 10069015614
1073 10072606957 9908008176
1074 10043848421 9956331905
1075 10041779239 10100000000
1076 10121065083 10058311829
1077 10057734953 10068399956
1078 10062846045 9925771330
1079 10089466631 10082469158
1080 10023665496 10042289529
1081 10067796993 10120635164
1082 10046247826 10088895391
1083 9963423249 10102403246
1084 9933221495 10031746197
1085 9929464021 9984768026
1086 10020595490 10036800677
1087 10055501284 10061729165
1088 9918505718 10097053744
1089 10015473587 10041384642
1090 10095857771 10000930589
1091 10076035314 9903152390
1092 9979453463 10135402695
1093 10093094953 10293060723
1094 10060626624 9930967791
1095 9937467341 10035781046
1096 10049952334 10099202576
1097 10040573685 10100000000
1098 9962576725 10118316980
1099 9909221931 10064652278
1100 9950076439 10123560778
1101 10114033008 10195022187
1102 10031873529 10034803320
1103 10062628864 10175998764
1104 10090359725 10103034112
1105 10052635277 10064843896
1106 10125289940 10005467467
1107 10040974451 10092118906
1108 10088676295 10091970943
1109 9881683309 9677001358
1110 9977454172 10136927440
1111 10147028564 10170867986
1112 10107203714 9956897404
1113 10028462310 10092269646
1114 10022610084 10194079851
1115 9823725505 10242165898
1116 10106400165 10094967917
1117 10197883574 10120065824
1118 10019062553 10028284199
1119 10058153643 10065360617
1120 10042125477 10014454379
1121 10144131143 9892450557
1122 9930835462 10092232719
1123 10080036625 10128491831
1124 10147338650 9727943816
1125 10043133022 10090149202
1126 9995157522 9915660932
1127 10073935802 10072985689
1128 10203720492 10172122902
1129 10248861989 10192186508
1130 9952665326 10109666092
1131 10067107550 10217332713
1132 10044163825 10009918681
1133 10088727517 10149577624
1134 10037300449 9985582738
1135 10078040463 10127728266
1136 10000292211 10224698411
1137 10061056131 9974681501
1138 10025589561 10080784800
1139 10089274740 10071861110
1140 10035300211 10064820993
1141 10097583563 9960514311
1142 10112569370 9969632302
1143 10066303059 10041902644
1144 9892238003 10079326367
1145 9907148659 10070479240
1146 10065831538 10213614382
1147 9855347498 10150078316
1148 10043848421 10139910547
1149 9955613103 10195818957
1150 10086323704 10080550017
1151 10052391592 10022841650
1152 9970622902 10080294212
1153 10082852288 10072132140
1154 10119210199 9975843890
1155 10058094281 10094764234
1156 10045854078 10040058160
1157 9971529070 10011095283
1158 10112661665 10064850607
1159 10125839659 9966067750
1160 9951902383 10120666267
1161 10020442881 10184301218
1162 10030173745 9976528253
1163 10099235872 9967240363
1164 10033504268 10092727078
1165 9966101508 10152285013
1166 10085589518 10046237004
1167 10065560028 10049968109
1168 10042110852 10004702190
1169 10049545351 10095749077
1170 9945111085 10131431919
1171 10055511992 10061735704
1172 10122039305 9981207200
1173 10048342049 10072083988
1174 10032787434 10047859587
1175 10024391589 9984304050
1176 9989629387 10154569643
1177 10054204441 10073319127
1178 10016328887 10099527573
1179 10065633434 10082190530
1180 10138984176 9747504636
1181 10031871848 9913190803
1182 10142453778 10436893701
1183 10091007253 9859835835
1184 10041891146 10013710801
1185 10051461678 10094354018
1186 10063540534 10155874203
1187 10028871611 10003869729
1188 10052409592 10155078675
1189 10093462478 10167256442
1190 10144953097 9891251382
1191 9923114810 10109363461
1192 9865530186 10039294869
1193 10025186162 10043218082
1194 9879005393 10135847684
1195 10118703827 9794988212
1196 10084449647 10045796225
1197 10028306797 10054817268
1198 10133937276 10009855011
1199 10015994220 10037605278
1200 10027865828 10154722608
1201 10117816589 9955715230
1202 10029232428 10099991746
1203 10066223764 10079284582
1204 10023816445 10078767170
1205 10084273568 10147143575
1206 9987469458 10152586178
1207 10094930751 10080893098
1208 10015384814 10180501205
1209 10017669271 10038786007
1210 10025870116 10009991582
1211 10053331047 10002614059
1212 10037063490 10050470641
1213 10124700395 10007755055
1214 9996839366 10080172447
1215 10043707593 10070022042
1216 10043848421 9930201609
1217 10019024005 10039455332
1218 10071048507 9911677179
1219 10043735750 10022095559
1220 10123590227 9783547398
1221 10018426567 10168322335
1222 10084406588 10060411653
1223 10052519554 10010215542
1224 9559738826 10052714397
1225 10005938488 10077150792
1226 10009604639 10150870777
1227 10000020726 10025666530
1228 10124104512 9994189530
1229 10050631120 10097061101
1230 10164384099 10022145707
1231 9954377907 10135918673
1232 10051114220 10093795007
1233 10042451022 10186819599
1234 10074997134 10070079989
1235 10097050896 9957328877
1236 10060957172 10065060651
1237 10059978313 9932485719
1238 9995199486 10093118844
1239 10039788994 10052134894
1240 10054852596 10072372587
1241 9982947311 10164309910
1242 9940959699 9929622816
1243 10041142756 10054271264
1244 10039173228 9945243127
1245 10114273670 9945898694
1246 10050028060 10058387094
1247 10125752592 10003883747
1248 10112683621 9966622609
1249 10108928571 9817875597
1250 10046405164 10117363391
1251 10026041763 10046341802
1252 10129324914 10022148969
1253 9918570333 10092624607
1254 10017424202 10038478457
1255 10048305068 9959816974
1256 10130621462 10011187365
1257 10040251488 10014765108
1258 10127884225 9961859194
1259 9962643780 10078493448
1260 10039838392 10052165057
1261 9967418332 10093680978
1262 9996824017 10140534162
1263 10067386674 10034089702
1264 10038003800 10055383904
1265 10097801447 9966315838
1266 10124380616 10006144152
1267 10121157700 9986462426
1268 10138353559 10043222880
1269 10041938744 10015979987
1270 10042946546 10136881530
1271 10026847351 10031459898
1272 10074774900 10069180043
1273 10132805894 10027510243
1274 9831505237 10202237853
1275 9903799598 10058800793
1276 9876027118 10363181490
1277 10027776973 10197194284
1278 10039245061 10072842774
1279 9698925070 10311766700
1280 10052257881 10023014642
1281 10120372271 10205221138
1282 10071144408 9906341883
1283 10104553706 10053078857
1284 10118894467 10057613166
1285 10171606526 10054953111
1286 9921122203 10097072256
1287 10056809993 10062528292
1288 9856631785 10080209693
1289 10023537567 10042211413
1290 9953614351 10116108366
1291 10048322963 10162593910
1292 10019318689 9961248438
1293 10096578681 10078886955
1294 10125094620 10018318538
1295 10038901805 10001770244
1296 9947340640 10053037475
1297 10108831450 10094293744
1298 10049956677 10058343506
1299 9957086559 10090560563
1300 10043848421 9915660932
1301 10043848421 10308226449
1302 10140120355 9956260303
1303 10057805712 9937572558
1304 10011445583 10091176404
1305 9859311185 9973786186
1306 9972666739 10087994247
1307 10037257084 10050588854
1308 10008648518 9906413386
1309 10014069195 10101665673
1310 10037309388 10050620792
1311 10046576110 10069360323
1312 10013788198 10184930567
1313 9958877548 10086987442
1314 9962985035 10103097909
1315 10070618448 10105669481
1316 10084226056 10123128712
1317 10083597159 9955122211
1318 10036291064 10067500713
1319 10043848421 10219308645
1320 10070861321 10070935940
1321 10072219453 10106338816
1322 10038097934 10086111247
1323 10001531345 10109378155
1324 10052606318 10091850942
1325 9881906422 10106744068
1326 9953210181 10182468236
1327 9969812533 10091086824
1328 10047950489 10011842583
1329 10106854055 9822732784
1330 10052712307 10138796526
1331 9965831186 10110371728
1332 10077841570 10136795426
1333 10049575352 10098287459
1334 10112787683 9808840029
1335 10043848421 9898936708
1336 10036337051 9962505983
1337 10125954850 10003187154
1338 10102766154 10103788220
1339 10028012166 10049562541
1340 9840259791 10067388817
1341 10056291574 10163563396
1342 10063825765 9901221829
1343 10039467711 10051938711
1344 10054950094 10094669109
1345 10025870116 10021505190
1346 10078936155 10033146016
1347 10074032036 10073044452
1348 10013736253 10156746587
1349 9991212156 10155200421
1350 9934092847 10113904375
1351 9912491680 10178833345
1352 10051564619 10014940292
1353 10054613525 10065387884
1354 10009948229 10155848816
1355 10063856512 10066831052
1356 10048604552 10089757317
1357 9823393517 10169299188
1358 10032631752 10160057568
1359 10051216705 10071830314
1360 10022175726 10179915357
1361 10124962886 10178983602
1362 9917283180 9940276908
1363 10078598860 10151230642
1364 10080083020 10128957045
1365 10043848421 9948380892
1366 10044383575 10002142389
1367 10060475305 10105418416
1368 10046512136 10073272975
1369 9963075679 10198660720
1370 9547895075 10053502644
1371 10053188197 10092346989
1372 10005607757 10176269551
1373 9995690882 9915660932
1374 10047418916 10056793893
1375 10034874583 10092041368
1376 10067116510 10119540366
1377 9978920117 10137646033
1378 10087643191 10144916124
1379 10039478489 10193858963
1380 10021879795 10041199141
1381 10068244922 9972008108
1382 9978087463 10079157349
1383 9799461480 10095857359
1384 9927109615 10103702201
1385 10056919363 10103134639
1386 10052981544 10000971893
1387 9939482592 10150419092
1388 10091505743 9965142058
1389 10047418686 10056793753
1390 10046394823 10079224893
1391 10041510065 10035504074
1392 10046922130 10057580544
1393 10012994474 10015748386
1394 10094193993 10092328547
1395 9764894986 9977082369
1396 10093412281 10154321141
1397 10103078138 9963021064
1398 10052802867 10042931497
1399 10051321838 10002770210
1400 10029017426 10045807192
1401 9938924955 10077405561
1402 9998789566 10159080512
1403 10037510470 10053680166
1404 10127216897 10001355951
1405 10062059634 10111404588
1406 10012525990 10147082271
1407 10041505951 10004222660
1408 10118617024 9962974830
1409 10181977300 10081517535
1410 9995376117 10063388278
1411 10000024414 10131973361
1412 9925526031 10106473310
1413 10093460918 10079322612
1414 9947615261 10111653967
1415 10001199413 10028571242
1416 10045669022 10056289476
1417 9943422704 10002402159
1418 10089990882 10156341903
1419 10102346777 10320020795
1420 10069588244 10130488238
1421 10057489910 10062943464
1422 10068248007 10139561127
1423 10061578348 10065439955
1424 10043848421 9899942944
1425 10144275450 10442202104
1426 10056618212 10062411186
1427 10149729773 10015637261
1428 10019979890 10026136383
1429 9853553849 10156777639
1430 10145513060 10059521897
1431 10167726105 9953687254
1432 10061904962 10106901677
1433 10082254324 9963028011
1434 10097833326 10099002661
1435 10064439215 10061346195
1436 10080849635 10257377529
1437 10093577950 10065958077
1438 10109300076 10340282900
1439 10004870266 10190512781
1440 9977257901 10081862999
1441 9999374340 10144342986
1442 10045710427 9965891960
1443 10171524381 10024532951
1444 10030365983 10091957300
1445 10075202228 9950436027
1446 10058172996 10100000000
1447 10056837300 10011492293
1448 9996903427 10080166665
1449 10010234147 10168129485
1450 10018632315 10082425135
1451 10088654226 10081973085
1452 9966531368 10129757662
1453 10090964270 10092596959
1454 9918569770 10172825074
1455 10021863463 10038835949
1456 10010527468 10123365476
1457 10145017444 10012375840
1458 9965416287 10095850225
1459 10130493704 10014085132
1460 10058371199 10098252706
1461 9995871641 10163033962
1462 9970926654 10180370828
1463 10086837145 10151267999
1464 9972122338 10052928861
1465 10060568186 10026670744
1466 10140882572 10015201966
1467 10069365723 10038686194
1468 9980956168 10155439831
1469 10035203254 10085217928
1470 9848390008 9955011860
1471 10043699732 10051611863
1472 10076486229 9916127415
1473 10012014357 10145518390
1474 10010856482 10056398251
1475 10047956548 10166171868
1476 10067915727 10219687765
1477 10008169394 10096047976
1478 10035588536 10093269586
1479 9956482410 10103230217
1480 10040981546 9976963969
1481 10137144238 9952186172
1482 9979588875 10157633629
1483 9951932406 10139910906
1484 10133475311 10410730203
1485 9982577652 10078158749
1486 10022193950 10038589247
1487 10043848421 9967691628
1488 10068465750 10121711096
1489 9943976667 10065000396
1490 10042201761 10057985979
1491 10069593095 10037156490
1492 9935886579 10106954724
1493 9727353363 10146652998
1494 10046748859 10056384741
1495 10023229226 10045324514
1496 10051319357 10059175589
1497 10052423471 10001576574
1498 10058209610 10121409662
1499 10028679352 10045351101
1500 10026689647 10100000000
1501 9994636314 10075799166
1502 10146279257 10009393356
1503 10052749812 10083948208
1504 10105766752 9957532102
1505 9923068049 10093701156
1506 10006260568 10181551037
1507 10044073649 10001534361
1508 9977443862 10080177593
1509 10075067862 10065515138
1510 10032088670 9997785383
1511 10055910961 10061979323
1512 10052914321 10030661032
1513 10086553806 10064221128
1514 10112463866 10349502270
1515 10046709628 9963552472
1516 10136361877 9753644381
1517 10057687520 9937849288
1518 10078637429 10044065300
1519 10088567947 10081920401
1520 10020614637 10040426608
1521 10131344887 9999264867
1522 10133594624 10027192550
1523 10091028595 10039145919
1524 10054981275 10097879069
1525 10053437617 10003797003
1526 10117256694 10099438384
1527 10059447551 10100000000
1528 10065191835 10067646430
1529 10117143759 9963969194
1530 10106243586 9966718351
1531 10044115313 10086231028
1532 9718878125 10299477498
1533 10061422153 10084239890
1534 10059989977 10108074810
1535 10065001892 10112323937
1536 9999342186 10117882181
1537 10043582326 10054451186
1538 9995283100 9911953501
1539 10120297496 9920083528
1540 10150822990 9938919518
1541 9924866240 10126163885
1542 10051307479 10061199538
1543 9572185720 10197383860
1544 10012739247 10082078702
1545 10133543254 10037060881
1546 10051226266 10002873764
1547 10054101206 10067169018
1548 9939280485 10086815858
1549 9928300572 10067304081
1550 10151455294 10463124370
1551 10141084892 9976971195
1552 9830923555 10082510277
1553 9968385414 10070741057
1554 10182673413 10085376501
1555 10046268462 10088732800
1556 10059829155 10085275937
1557 10062382777 10111924477
1558 10173093833 9667641689
1559 9971235130 10047191236
1560 10113730715 9970093622
1561 10047247456 9962293224
1562 9959683692 10164950556
1563 10071092771 10071249672
1564 10046882746 10098144554
1565 10078302175 10075651893
1566 9939206868 10215255017
1567 9988143108 10065905668
1568 10043848421 9962457846
1569 10128096507 10007763323
1570 10031899795 10100000000
1571 9931242214 10089896188
1572 10054475716 9945369274
1573 10096484747 10163144692
1574 10068667541 10221878572
1575 10121944660 9964016317
1576 10069256705 10028704605
1577 9816232577 9486276119
1578 10092208369 10045133785
1579 10025587707 10066835279
1580 10086413264 10150586037
1581 10124788404 9967838335
1582 10036860434 10090553782
1583 10042051566 10087633344
1584 10038267565 10058618721
1585 10045804104 10008748762
1586 10034291620 10087267768
1587 10028127603 10181756696
1588 10047463959 10078011919
1589 10083080652 10145224347
1590 10021928798 10195448028
1591 10106496145 9969819620
1592 10102741543 10090575112
1593 10079941878 9885743849
1594 10020601622 10024680686
1595 9957270094 10112157305
1596 10054938159 10073483212
1597 9971401792 10110635798
1598 9939508042 10067169666
1599 10037928221 10050998664
1600 10041527025 10053196174
1601 10024217729 10038689146
1602 10018004512 10040225672
1603 9995777400 10145152839
1604 10119470908 10083168262
1605 10087035998 10151587924
1606 9960976593 9967077808
1607 9959580477 10006496929
1608 10051097144 10059039900
1609 10013037643 10045187329
1610 10142574290 10016864638
1611 10049990025 10004213251
1612 10054951910 10099969293
1613 10059783524 10100000000
1614 10095599650 10046926279
1615 10045739993 9965822737
1616 10013407246 10041525302
1617 10022643057 10187684227
1618 10062319684 10067768784
1619 10054678927 10093439205
1620 10040716138 10052701028
1621 9968977548 10091991543
1622 10075392903 10132855878
1623 9971151919 10089635578
1624 10000837565 10125004773
1625 10055827259 10051416339
1626 9884422587 10084389311
1627 10146483209 9964229497
1628 10063891787 10057080580
1629 10038508826 10092305187
1630 10103644489 9830247530
1631 10073170610 10103356463
1632 9996477807 10023161102
1633 10099798234 10088777862
1634 10118813697 10202713621
1635 10070809962 10228121645
1636 9965681473 9956071988
1637 10034905171 10089130195
1638 10049196248 10012883487
1639 10063652465 10207264500
1640 10119929994 9977028849
1641 10051831925 9989893943
1642 9939097806 10109594672
1643 10059895149 10123725327
1644 10021567914 9975046366
1645 10053362329 10076958125
1646 10036072908 10093187574
1647 10049861270 10057219435
1648 10087769862 10081433073
1649 10002790828 10082817636
1650 10046622073 10015503332
1651 10159274760 10152368537
1652 10055249965 10045043248
1653 10088874740 10147149748
1654 10033474722 10046461315
1655 10142391621 10047829394
1656 10082001290 9964948158
1657 10084649530 10268450527
1658 9992729687 10194424095
1659 9879644616 10093109429
1660 10124432451 10004031695
1661 10048318378 10100000000
1662 10052498149 10093725042
1663 10035544306 9967714567
1664 9940640840 9927522765
1665 10049497652 10072997045
1666 10028336017 10100000000
1667 9880482811 10134958992
1668 10076881316 10069213613
1669 10061304517 10065272748
1670 9929278398 10105607604
1671 10049173699 9889005295
1672 10061173680 10069073680
1673 10045718642 10066290538
1674 10117510376 9962681627
1675 10054397781 10056348863
1676 10128693821 9960833817
1677 9885064639 10065515446
1678 10021499799 9974537016
1679 10063021344 10066321081
1680 10062979796 10205304325
1681 9984183740 10077147654
1682 10018240964 10038835271
1683 10076065409 10074286075
1684 10128931428 10005078065
1685 10101401636 10092181092
1686 10061710299 10110094915
1687 10107500514 10074680079
1688 9920203657 10083645253
1689 10044252708 9969305005
1690 10016571392 10036836526
1691 9997484253 10120434174
1692 10082821870 10078411719
1693 9922182365 10109875990
1694 9956887939 10084707002
1695 10034356250 10065532817
1696 10043848421 9911321583
1697 10126443888 10003201980
1698 10109260594 10340167849
1699 10050159694 10050911001
1700 10038146513 10052651242
1701 10056604708 10186727144
1702 10052171737 9950763714
1703 9721165050 10298068967
1704 10058028416 10079765467
1705 10125408287 10006961197
1706 10118423142 9971297067
1707 9961097052 10114219410
1708 9874644473 10141827671
1709 10097615253 10078082024
1710 10038596411 10100000000
1711 10063080307 10033111161
1712 10159210280 9955270682
1713 10059711497 10107626776
1714 9988797398 10148318633
1715 10060965828 10065065937
1716 10074610442 9958769634
1717 10093552713 9853875999
1718 10045284150 10055490357
1719 9877420542 9927382870
1720 10132730356 10023061084
1721 10067701069 10070017310
1722 10041261489 10100000000
1723 10089302649 10082369026
1724 10060169667 9982272862
1725 10034394044 10089237528
1726 9959739421 10051508055
1727 10110123121 9970353388
1728 10055386606 10061659140
1729 10075285750 10075941474
1730 10040350358 10099082141
1731 10133723246 10003060036
1732 10044834457 10087163762
1733 10077094669 10126198508
1734 9651683574 10046595125
1735 10055611498 9942709999
1736 10041896574 10100000000
1737 9882402244 10072224775
1738 10074227226 10132675356
1739 10061071469 10065130443
1740 10057758923 10055003230
1741 10133149232 10021556193
1742 10076784225 10136764105
1743 10119100763 9970839629
1744 10085125636 9873606811
1745 9999103026 10027291142
1746 10029550413 10046276775
1747 10052490867 10059890938
1748 9945876384 10130218758
1749 9867409458 10141747825
1750 10016867864 10039376490
1751 10073755861 10236706076
1752 10086396360 10083140329
1753 10072195618 9948423003
1754 10033531804 10097727609
1755 10041046183 10049156771
1756 10103485518 10089423081
1757 9918373002 10106151006
1758 9960626242 10087972241
1759 10160099879 10488314929
1760 10050327088 9955082701
1761 10142564628 10015895875
1762 9974402575 10137458683
1763 10090424197 10081243818
1764 10121356297 9973963288
1765 10017028879 10039029584
1766 10039925078 10090430797
1767 10119295599 9976159008
1768 10075627440 10032301334
1769 9859276879 10054384817
1770 9909581308 10068561428
1771 10084299765 10069797599
1772 10025870116 10015748386
1773 10029975350 10002733423
1774 10067671287 9903813219
1775 9848473166 10001437683
1776 10037666930 10050839114
1777 10049121511 10057833535
1778 9910751882 10061971098
1779 10002514375 10066774257
1780 10058989250 10058871644
1781 9972233405 10092021107
1782 9994932274 10024744389
1783 10124842958 9962664025
1784 10048568631 9959199880
1785 9959909467 10166782805
1786 10023998357 10156152599
1787 10068355184 9912872457
1788 9928954370 9920848565
1789 10124222271 10017752729
1790 10056555488 9940499781
1791 10132620362 10006866512
1792 10037692764 9984664187
1793 10037185583 10098370667
1794 10066271790 9900599254
1795 10050422980 9997317269
1796 10051451350 9909323757
1797 9958122866 10141111504
1798 10094580915 10163726599
1799 9962342634 10187251706
1800 9886628716 10338359343
1801 9915679740 10133815550
1802 10034907840 10048116891
1803 10054386062 10003926076
1804 10072863084 10084379117
1805 10012994474 10021505190
1806 9964277655 10055728588
1807 9935471401 10077267319
1808 10014682395 10059000504
1809 10015376236 10041380752
1810 10112854187 10193125636
1811 10116263805 10023278172
1812 10041116423 10013827938
1813 10088410249 10076566621
1814 10140711047 9905915598
1815 10071331531 10081034217
1816 10046804580 10043446913
1817 10129732564 10013888437
1818 10083659705 10265566151
1819 10124857595 9780580034
1820 10126578262 9981587181
1821 10042550438 10095104734
1822 10001550751 10010931506
1823 10095200901 9948267849
1824 10092178275 10147355137
1825 10043848421 10341169089
1826 10120118024 9791677072
1827 10024528923 10182769332
1828 10007818734 10078875999
1829 10038910140 10089321793
1830 10061675103 9928512926
1831 10060375705 10070740473
1832 9962776261 10095887155
1833 10075862102 10068303879
1834 10141768793 10033955498
1835 10096172226 10061941369
1836 9881727978 10084480121
1837 10173413882 10126895932
1838 10042225989 10140479347
1839 10058888986 10065307455
1840 9992330905 10158557629
1841 10036061059 10097604934
1842 10075229828 10072067792
1843 10236002224 10285545479
1844 10091425841 10233369567
1845 10005137688 10213558414
1846 9951046083 10057413125
1847 10062624626 10066078835
1848 10038103542 10153052164
1849 10082922097 9964390497
1850 10063616141 10066684277
1851 10050508278 10070093628
1852 10041143904 10100000000
1853 10093746825 10042261431
1854 10043848421 9915660932
1855 10049729682 10100000000
1856 10231494355 10283360629
1857 10046694361 10056351464
1858 10038346330 9983133954
1859 10139281037 10427648249
1860 9989203787 10168616940
1861 10054541645 10001751092
1862 9930691123 10133475486
1863 10102481278 10090416188
1864 10124362850 10001909438
1865 10047290696 10100000000
1866 10127102073 10209866089
1867 9951410800 10055081375
1868 10052993767 10096818926
1869 10062135097 10065779918
1870 10058006039 10049848415
1871 10043631744 10001796275
1872 9982191716 10174285538
1873 9926145954 10091948240
1874 10033038471 10093856436
1875 10078507502 10127047746
1876 10055239078 10075658305
1877 9958518179 10061069059
1878 10050952040 10093534085
1879 10054110075 10074743576
1880 10077305223 10075043133
1881 10120686374 9956613568
1882 9950880537 10117482676
1883 10093980361 10089947418
1884 10047333245 10088404788
1885 9910324370 10282879312
1886 10038375532 10086832286
1887 10102799412 10176948964
1888 9931898377 10077228768
1889 9977613793 10082634036
1890 9997526542 10024461543
1891 9926629150 10160729716
1892 10071974715 10071788206
1893 10054809896 10061306989
1894 10004721404 10190326493
1895 10073322748 10079178410
1896 10046052066 10055959264
1897 10025612797 10100000000
1898 9985399766 10076821050
1899 9946972120 10109620236
1900 10020229007 10095848910
1901 10071829606 10071699600
1902 10014741011 10082291846
1903 10027514869 10093097540
1904 10091169905 10158238779
1905 10059386138 10088030910
1906 10006583949 10007936143
1907 10088773491 10150960814
1908 10043791788 9996296321
1909 10099152175 10125646433
1910 10044483002 9968765804
1911 10082349352 10117912499
1912 10031057560 10039603640
1913 9889998310 9911411996
1914 10048521467 10079043719
1915 10030979996 10000372142
1916 9899694002 10071095955
1917 10087803802 10152649271
1918 10059463261 10086757067
1919 9973378348 10010240959
1920 10069427652 9957822482
1921 10011436680 10198316726
1922 10115593800 9975519505
1923 10050068452 9955688261
1924 10042887365 9972501763
1925 10060398222 10066230911
1926 10013540507 10036106987
1927 10043848421 9915660932
1928 10066185995 9917951308
1929 10048507373 10057458529
1930 10005884727 10213792807
1931 10076758304 9893197738
1932 10054237322 10060957362
1933 10168137215 9950373704
1934 10054881936 10081034935
1935 10048872949 10085576775
1936 10104618730 10097934147
1937 10082609791 10078282219
1938 10093301882 9854463283
1939 10050871561 10003258093
1940 10021635938 10022258980
1941 10042854650 10063933272
1942 10111562363 10189112044
1943 10142435348 10017132737
1944 10011550528 10043536397
1945 9994504609 10023184426
1946 10048860678 10057674264
1947 10028246520 10045086804
1948 10019634750 10067860880
1949 10067107402 10058670517
1950 10019890239 10037574244
1951 10066280201 10032520316
1952 9953477984 10036577301
1953 10056877407 10103067138
1954 10027936984 10133642450
1955 10043848421 10153485046
1956 9936527718 9909441992
1957 10110446424 9968085590
1958 10106897776 9956096198
1959 10037511162 10076877925
1960 10077581062 9967559113
1961 10031123274 10089591005
1962 10065376365 10116740724
1963 10023172111 10086822617
1964 9996975894 10144882998
1965 9941451787 10114920991
1966 10047523333 10006885951
1967 10063923735 10110874751
1968 10090173434 10153796825
1969 10058424845 10098268133
1970 10018572249 10039179480
1971 10071977478 9904391367
1972 10057025437 10100000000
1973 10040389921 10092692913
1974 10087513910 9868015004
1975 9968255727 9960487745
1976 10088707649 10149462075
1977 10001140984 10100388621
1978 10044252986 10067742480
1979 10088742682 9950928572
1980 10055901887 10069301320
1981 10067512698 10218513328
1982 9970417537 10099332664
1983 10054151816 10100000000
1984 10036302733 10050006105
1985 10017889061 10038762310
1986 10043848421 9970251586
1987 9999212875 9910946047
1988 10060700120 10159563335
1989 10154045198 10150044204
1990 9918480653 10098771897
1991 9959390674 10053436153
1992 10272226905 10815056177
1993 10032646390 10180824980
1994 9927559623 10091606239
1995 10073563763 10072758515
1996 10034589242 10042378376
1997 10124332876 9949566147
1998 10073521961 10129845804
1999 10090471801 10091372217
2000 9954092730 10125109355
2001 10020403491 10047075978
2002 9922390068 10142469810
2003 10023921430 10203825611
2004 10090540991 10038862818
2005 10005912742 10059072626
2006 10055224251 10064620919
2007 10058886715 10063796385
2008 10088124108 10278575544
2009 9969001905 10091965152
2010 10023040786 10034285736
2011 10014562964 10180165965
2012 9759794589 10196012017
2013 10032417117 10170099967
2014 9904425442 10070407690
2015 10043848421 10157851686
2016 9961098376 9936279346
2017 10017442505 10039066745
2018 10116021929 9801267499
2019 10075105917 10066443140
2020 9941241027 10067038983
2021 10039177280 10051761367
2022 10073739416 10136127187
2023 9920173307 10141561311
2024 10034503400 10100000000
2025 10087827926 10081559928
2026 9998435676 10022138806
2027 10136688663 10000157467
2028 10044033222 10009117228
2029 10025634268 10089131496
2030 9812861092 10082925243
2031 10044189037 10010498712
2032 10045802478 10046857626
2033 10041393709 10085007343
2034 10052295103 10042399230
2035 9972157908 10090252557
2036 9997131930 10092994742
2037 9844496215 10034015487
2038 10112473727 9969145722
2039 10125616955 10213106575
2040 10065128159 9920428082
2041 9955759981 10057884487
2042 10140175286 10018583911
2043 10163202097 9868126614
2044 9940884297 10038893523
2045 10058442187 9936082341
2046 9938973830 9930737929
2047 9913844099 10230047732
2048 10090958823 10083380323
2049 10070506058 10060680558
2050 10045615839 10045771720
2051 10052980065 10006202552
2052 10036517616 9987415630
2053 10024955500 10043077234
2054 9914116550 10010237150
2055 9955930088 10097286942
2056 9896959056 10068888474
2057 10043128087 10014884956
2058 10037868359 9915660932
2059 10043715734 10007114654
2060 10060696557 10026649055
2061 10040830743 10098391485
2062 10016251138 10040518420
2063 10003068994 10082941269
2064 9942887571 10134151691
2065 10039361449 10099130491
2066 10055550633 10083170247
2067 10054541526 10099309044
2068 10097538027 10087454521
2069 10056026668 9915660932
2070 9974026257 10083668861
2071 10094951495 10082335836
2072 10044002446 9965592502
2073 10050377356 10092609501
2074 10055951925 10184824916
2075 10025430954 10090981694
2076 10141682006 9741188049
2077 10040869866 10014095087
2078 10052630518 10096234511
2079 10080223708 10133579468
2080 10044033596 10001392106
2081 10015955697 10085049456
2082 10019637217 10046131244
2083 10102170279 9964044940
2084 10095638679 10086001363
2085 10018064000 10210592873
2086 10101493760 9964903577
2087 10056943628 10098026986
2088 9988854351 10070454714
2089 10068389982 10069599289
2090 9891894136 10095799472
2091 10011797891 10045188474
2092 10045315197 10018626185
2093 10066284512 10214934360
2094 10089098074 10042267434
2095 10087954842 10082472085
2096 9995360134 10160604730
2097 10043319921 10065744256
2098 10041527112 10053250402
2099 10048744546 10057603352
2100 10196944116 9836865930
2101 10064474935 10099988207
2102 10016722512 10036543374
2103 10124163074 10012286143
2104 9949113165 10108071749
2105 10090089995 9959540070
2106 10018612042 10039203779
2107 10033449678 10096397085
2108 10086024470 10041732050
2109 10035749658 10062963898
2110 10064063532 9922920754
2111 10023865695 10086715298
2112 10065408043 10073803609
2113 10033979291 10136551662
2114 10123395147 9991774887
2115 10040716974 10002283630
2116 9995642707 10134300610
2117 10108745262 9967073891
2118 10078535481 10075538465
2119 10063746377 9923663329
2120 9936628375 10035840425
2121 10059174139 10066562862
2122 10016585756 10037966484
2123 10015183728 10164314943
2124 10022941880 10186825591
2125 10047973064 10006398660
2126 10084044337 10090326030
2127 9952640531 10066832477
2128 10132646036 10007807101
2129 10042871466 10100000000
2130 9845824370 10072999825
2131 10074535721 9898401603
2132 10127820514 10217204279
2133 10051799958 10094898260
2134 10101178246 9963633270
2135 10064479624 9921946534
2136 10034699891 10013080734
2137 10088386941 10081809875
2138 10133034367 10030813784
2139 10047311697 10035061755
2140 10051850385 10094979390
2141 10132458993 10016887046
2142 10073170241 10202393382
2143 10056804958 9939915683
2144 10127227605 10004052268
2145 10055490281 10074619662
2146 10035370511 9990101417
2147 10141951026 10239938218
2148 9924485286 10111281394
2149 10064854235 9961976658
2150 9891300818 10129303339
2151 10053400796 10065991451
2152 10131432476 10005103909
2153 9995487936 10070904487
2154 10077291345 10076140936
2155 9921920542 10142978548
2156 10080172588 10130736079
2157 9974072784 10094578214
2158 9990676659 10022145816
2159 9918919045 10095896164
2160 10026935309 10091669536
2161 9947185491 9976511458
2162 10111402409 10346409157
2163 10117472953 9964973966
2164 10049220745 10089793072
2165 10048211917 10076362493
2166 10045489928 10100000000
2167 9958106196 10110831906
2168 10066274380 10101043322
2169 10000020999 10007667730
2170 10028323589 10006600790
2171 9939138510 10087593650
2172 10074647013 10133333087
2173 9882259216 10224944606
2174 10117981476 10043260004
2175 10028354869 10082556499
2176 10048396922 10003993179
2177 10088442139 10081843580
2178 9938903267 10124577498
2179 10085074372 9960580367
2180 9960404393 10008667850
2181 9974841427 10070395235
2182 9890577918 10111776141
2183 9965774697 10098675701
2184 10008154502 10137488371
2185 10056696037 9954498333
2186 10117756987 9967175511
2187 9852154191 10074232579
2188 10036218314 10099906227
2189 10070700028 9915660932
2190 10200761578 10129734402
2191 10091114743 9859584160
2192 10076533232 10074571738
2193 9998090914 10077386333
2194 10000729298 10125514621
2195 9945418757 10110450014
2196 10019098218 10099216868
2197 10044784204 10070088107
2198 10006246994 10092998660
2199 10019029349 9968732248
2200 10067087841 9908017552
2201 9967620651 10097761446
2202 9827077740 10114048883
2203 10102604256 9962797268
2204 9958596828 10100587414
2205 9955574632 10178855801
2206 10049440980 10004342081
2207 10047867552 9983534093
2208 9958398426 10110368659
2209 10044391692 10074844813
2210 10019984938 10040042099
2211 10052536092 10063437690
2212 10043848421 10252487537
2213 10031880914 10056471468
2214 10020052823 10040083551
2215 10033630853 10048374597
2216 10051828932 10094944876
2217 10054556921 10073439225
2218 10050949521 10003173622
2219 10024203121 10078241821
2220 9812296814 10099550681
2221 10129240836 10019339527
2222 10130814912 10205321774
2223 10084239850 10081079034
2224 10001711013 10160186305
2225 10052578631 10003321255
2226 10015895404 10033618485
2227 10058931806 10069951340
2228 9926030674 9982565033
2229 9969683572 10099726734
2230 10086937752 9869363997
2231 10098041129 9843367005
2232 10070519568 10070899662
2233 9937053920 10220295841
2234 10134448324 10020660426
2235 10064590809 10087821581
2236 10099969879 10088882673
2237 10034304665 9992596944
2238 10099017583 10141646952
2239 10079815039 10132012692
2240 10054434591 10000880449
2241 10080438202 10256178604
2242 9825214641 10163755784
2243 10093109926 10161359991
2244 10096680817 10137638279
2245 10142102742 9740202955
2246 10117108040 10101558414
2247 10080475476 9963640299
2248 9806794013 10090143051
2249 10048163331 10057248449
2250 9935147008 10208800148
2251 10092240997 10155468067
2252 10056166107 10086455739
2253 9946337514 10091729475
2254 10032089737 10048925736
2255 9999500564 9915660932
2256 10134794015 10053878503
2257 9928774924 10105910452
2258 10057466653 10069253205
2259 10040852983 10014113379
2260 10051238967 10011796362
2261 10014119093 10060989486
2262 9966503649 10182328981
2263 9885024448 10077360367
2264 10090021227 10284103802
2265 10056266986 9915660932
2266 10054858037 10181637296
2267 10084736485 10136047029
2268 10140556867 10009149816
2269 10109300400 9817005012
2270 10107546955 9821110454
2271 9884575201 10124103481
2272 10097565418 10078978183
2273 9551590610 10204117272
2274 10115811948 9801759140
2275 10127487014 10216667726
2276 10074341592 10131164472
2277 10073441342 9912637026
2278 10036726599 10051121976
2279 9936684082 10124489551
2280 10131327799 10012619159
2281 10109043873 9970055012
2282 10040884047 10014079721
2283 10035974535 10083459485
2284 10042806020 10099897676
2285 10016047346 10039832616
2286 10097031717 10090354590
2287 9964127439 10100232018
2288 10044056086 10100000000
2289 10132661397 9762308532
2290 9981063091 10075938158
2291 10061984869 10065688186
2292 10095571684 9958722246
2293 10123736817 10087810642
2294 10118691580 9969961680
2295 10052690773 10060013005
2296 9996488275 10049988151
2297 9897945778 9941888166
2298 10057268412 10071754650
2299 10120091981 10204770193
2300 10074980555 10114903106
2301 10003286885 10114045046
2302 10050787433 10056249066
2303 10088444674 10043800036
2304 10138978484 10426766600
2305 10026804375 10155851880
2306 9923909339 10173197581
2307 10048735376 9958809470
2308 10050712808 10060208060
2309 9949715519 10107529445
2310 10061372071 10065313998
2311 9939552466 10063255327
2312 10025601362 10043471612
2313 10068790883 9971165680
2314 10094131378 10085317555
2315 10016954785 10038191821
2316 10101662859 10101269077
2317 10062197427 10203024479
2318 10092170408 9857112471
2319 10016518284 10034241246
2320 10054659953 10093623793
2321 10121368784 10101949317
2322 10051965636 9951246273
2323 9944184363 10123491242
2324 10049500591 10060807507
2325 10047754865 10066362215
2326 10097039359 10089559034
2327 9977608556 10125342884
2328 10020796068 10035929819
2329 9998279865 10130486961
2330 10055821884 10057470708
2331 9773457988 10038490574
2332 10048583114 10010136583
2333 10023597939 10078183917
2334 10037372263 10100000000
2335 10060946836 9930218059
2336 10031296774 10002902281
2337 10154783435 9890667944
2338 10044433742 10089754405
2339 10088593801 10160699148
2340 10053190681 10085496528
2341 10040695763 10095319479
2342 10106165991 9969425381
2343 10021679279 10022157503
2344 10001315099 10173139340
2345 9921413595 10110338419
2346 10044425913 10100000000
2347 10015288020 10173794421
2348 10124582794 10004081419
2349 10039228169 10067609141
2350 10091548841 10039672026
2351 10117565166 10062604503
2352 9961904532 10104810736
2353 10149588635 10009498295
2354 10078586876 10075825738
2355 10107210791 10040321020
2356 9952642383 10098220308
2357 10125587852 9998185245
2358 10044478701 10005067947
2359 10067406944 10068999025
2360 10038745758 10009991582
2361 9822021838 10007146446
2362 9973569190 10223591508
2363 10128025454 9989991453
2364 10019389334 10027519088
2365 10055354746 10014562343
2366 10047541787 10086521340
2367 10033322341 10055609278
2368 10017247252 9980942641
2369 10054136870 10077132742
2370 10078247551 10129420207
2371 10040722739 10074825308
2372 10033478637 10041276151
2373 10040054449 10094393663
2374 9925500030 10024408449
2375 10043260428 10054536814
2376 9989636275 10157863508
2377 10062582042 10026670744
2378 10073390275 9901083501
2379 10038932055 10091635123
2380 10135690076 10044619215
2381 10043848421 9970251586
2382 10109396315 10042721519
2383 10021809621 10021852327
2384 9974582960 10070374945
2385 10052601218 10095031075
2386 9949920541 10080757514
2387 10057235818 10100000000
2388 10043673076 10090053483
2389 9976662486 10078892923
2390 10074108053 10077788099
2391 10084617616 10137188189
2392 10023900141 10196082646
2393 10129974484 9966906434
2394 10060175966 10105470078
2395 10078596117 9888894758
2396 10020805178 10040542956
2397 10023147153 10086013786
2398 9854181865 10062444345
2399 10093981695 10295644715
2400 10122980314 10136237095
2401 10082526358 10127031392
2402 10181136578 9849471138
2403 10077716153 10037097198
2404 9942931097 10206535261
2405 10027059508 9983232021
2406 10077095161 9906011953
2407 10044720799 10072269573
2408 9965537904 10090583117
2409 10043946479 10058257349
2410 10017850603 9980755267
2411 9992014884 9914647041
2412 10084197481 10147021163
2413 10057543073 10208390709
2414 9984055086 10078840460
2415 10032921201 10094157551
2416 10205913468 10017162987
2417 10048143328 10100943555
2418 10084998555 10166581175
2419 10097546305 10084574679
2420 9944384389 10132583886
2421 10008372841 10040132598
2422 10001506831 10106083394
2423 10017679939 10112218703
2424 10010025771 10104733698
2425 10039860394 10098882884
2426 9820351934 10121601117
2427 10097405451 9844855356
2428 10068679801 9895375524
2429 10074494577 10131520172
2430 10047054563 10010221592
2431 9975155296 10081940238
2432 10115688864 10197735149
2433 10042773846 10012823599
2434 10048823247 10056290548
2435 10034141519 10094847089
2436 10089896109 9964961025
2437 10080635981 10132146793
2438 10118762717 9794850331
2439 10093109780 10084693745
2440 10039192381 10135987142
2441 10054489708 10099225677
2442 10157724553 10008906523
2443 9949213229 10124863179
2444 10031648707 10092382763
2445 9932076216 10231950434
2446 10035758784 10049839001
2447 9987140543 10009997588
2448 10043940896 10091974669
2449 10100607041 9967323853
2450 9914815371 10021020760
2451 10129919687 10005626901
2452 10099869392 10091132767
2453 9907279804 10118840138
2454 10069793879 10070456540
2455 10041479831 10003985721
2456 10047978834 9915660932
2457 10043848421 9972617753
2458 9949219299 10191812323
2459 10106110552 9931244195
2460 10094641080 10052019961
2461 9999298985 10026631471
2462 10127093690 10005878506
2463 10039209357 10053971967
2464 9978106953 10124175957
2465 9995756272 10025247540
2466 10035613018 10086174336
2467 10002837919 10127857392
2468 10090428406 9964225635
2469 10092560861 10087450731
2470 10070602646 9907610343
2471 10006857342 10148486118
2472 10049516866 10002370226
2473 10114647665 10062714326
2474 10059283785 10100065599
2475 10097731137 9962133352
2476 10023874947 10038392776
2477 10088751082 10044674027
2478 10069291005 10223695362
2479 10015654749 10110082945
2480 10067568270 10069097534
2481 10065890786 10111749946
2482 9979653049 10193033522
2483 10063957660 10062822516
2484 9980289719 10084447254
2485 10049188141 10165115061
2486 10042797050 10021413339
2487 10047053761 10096220397
2488 10089655527 10155802366
2489 10019342001 10037652293
2490 10102863130 10097140803
2491 10037954603 10051014774
2492 9989092212 10157882544
2493 10135743347 10024630929
2494 9861979697 10064665796
2495 10028195641 10045055736
2496 10053559144 10001405844
2497 10050577642 10003576558
2498 10056754330 10010368848
2499 9984384551 10126854783
2500 9996699091 10061954816
2501 10106986447 10043118812
2502 10081494346 10218018192
2503 10090330803 9958670629
2504 10011100211 10091145234
2505 10018173100 9969328808
2506 10049405349 10058006853
2507 10084214501 10119007229
2508 10053966784 10098384369
2509 10038526600 10088308451
2510 10181910696 10081148310
2511 10137588591 10003944276
2512 9846292524 10154405192
2513 9826310757 10246573253
2514 10133992797 9996819808
2515 10011135437 10034638398
2516 10002265465 10055893906
2517 10184952364 9639876610
2518 10152042877 9887156649
2519 10112708094 10210761476
2520 10103874098 10046395125
2521 10043386757 9971332505
2522 10131339214 9996040270
2523 9994278612 10159873857
2524 10039785819 10013980829
2525 10085875287 10148960557
2526 10050356875 10100000000
2527 10085850626 10080141317
2528 10152537169 10001821750
2529 9920812713 10110699859
2530 9988829738 10075707821
2531 10049754216 9969512664
2532 10098892340 10125530946
2533 10093775090 10085662668
2534 10110133671 9954556312
2535 10019129524 10100000000
2536 10134188058 10023198295
2537 10140119734 9744845889
2538 10051873661 10079159243
2539 10039951931 10052975261
2540 10069840667 9915660932
2541 9989811126 9913261061
2542 10044149960 10108861774
2543 10040883431 10052803181
2544 10033719668 10057092791
2545 10001957474 10012841735
2546 10035166933 9990578065
2547 10074105009 10130783843
2548 10073275361 9901352558
2549 10076176951 10133552323
2550 10018599741 10217232554
2551 10062226163 10111672508
2552 10069882390 9909296720
2553 10036882370 10001723561
2554 9979097632 10121856423
2555 10018387552 9948674744
2556 10022090552 9979553571
2557 9913657571 9876992671
2558 10037239958 10099270761
2559 10065332608 9919949392
2560 9918486403 10098377744
2561 9980956168 10182626670
2562 9796225751 10262416890
2563 9783871496 10099135996
2564 10027394119 10008777012
2565 10088056238 10152883754
2566 10118265299 9965705696
2567 10039380847 10065930317
2568 9986005738 10085181470
2569 10093877488 10083580929
2570 10069902412 10030462786
2571 9994057794 10159724631
2572 10048650598 10089831399
2573 9998405239 10181744681
2574 10065530691 10067853343
2575 9996300472 9910766460
2576 9950590852 10125466600
2577 10053160078 10060755068
2578 9936583808 10128131906
2579 10182899099 10554752485
2580 10039032893 10090282907
2581 10102999401 9831757910
2582 10055309689 9999684083
2583 10083205753 10043244647
2584 9958853436 10060226087
2585 10125220591 10009638688
2586 10052341260 10062292520
2587 10079761819 10254207604
2588 10020933935 10181991675
2589 10089529252 10043392171
2590 10129078177 10013685595
2591 10048774974 9958716757
2592 9943042712 10060477253
2593 10061258110 9929489255
2594 9905582627 10160680936
2595 10056345708 10062244789
2596 10037612198 9959615152
2597 10053161524 9948446269
2598 10122323728 9987874154
2599 10049739499 10058210892
2600 9918974010 10152351460
2601 10054977795 10071386083
2602 9966908972 10094232877
2603 10047906269 10093343567
2604 10021964671 9955485956
2605 10051531282 10104480834
2606 10089053784 10150951701
2607 10048356616 10054422108
2608 10075118321 10240676323
2609 9963427622 9934031991
2610 10048037736 10097387826
2611 10053015083 10096853221
2612 10029251417 10045700416
2613 9945700333 10057443175
2614 10234362856 9902520984
2615 10050147569 10100000000
2616 10126604213 10016904712
2617 10057442107 10052192609
2618 10095199109 10089207802
2619 10120715481 9790278210
2620 10082293427 10261584778
2621 10021177801 10035508136
2622 10087283531 10081136108
2623 9659709997 10046060936
2624 10093742871 10084343642
2625 10131517725 10026272334
2626 10041311194 10019589006
2627 10064685389 10056996112
2628 10125370372 10006246257
2629 10045126511 10055394100
2630 10022078909 10041320724
2631 10060839649 9930469022
2632 10063403162 10066554227
2633 9995204879 10008284249
2634 10083039861 10263759908
2635 9954726888 10151105898
2636 10096466172 10166759703
2637 10086835932 9961224475
2638 10116202233 9932471283
2639 10123060736 10016624316
2640 9982737146 10075892916
2641 9985937799 10073614844
2642 9980982191 10114832690
2643 10050743174 10097718747
2644 10058363114 10100000000
2645 10016989883 10006474915
2646 10027683704 10037150969
2647 10066913704 10072744183
2648 10074682702 9898057467
2649 9953999169 10153530864
2650 10002782991 10122635689
2651 9978425043 10171865317
2652 10018533595 10039155877
2653 10103762603 9968815124
2654 10132049962 10096682428
2655 10071275115 9906035851
2656 9918519772 10096090407
2657 10072339660 10127943653
2658 10059693897 9967835100
2659 10164962538 10502484851
2660 9923563505 10251881745
2661 10059020032 10100000000
2662 9949875578 10101815056
2663 10052951807 10077092328
2664 10082405726 10045504093
2665 10083993948 10163785243
2666 10118746984 10061334195
2667 10136415937 10005005617
2668 10000835013 10095999673
2669 10085420027 10270695779
2670 10082949013 10139351296
2671 10048777733 10091556253
2672 10091395157 10039049464
2673 10053658532 10093270284
2674 10054141988 10098666246
2675 10131785279 10044501396
2676 10020142046 9976811837
2677 9942706866 10120456239
2678 10085754554 10148227145
2679 9998680173 10076006665
2680 10045886596 9965479487
2681 10136271596 10042324811
2682 10073955500 10039660559
2683 9967362104 10093741902
2684 10025715355 10047954236
2685 10084976839 10083179070
2686 10061781770 10065564169
2687 10060853691 10107967048
2688 10045714973 10021683230
2689 9964705648 10206838084
2690 10053866251 10100000000
2691 10056482941 10100761287
2692 10110870854 10051874950
2693 10014567128 10157147542
2694 10064443382 10073060372
2695 10043619503 10020158937
2696 10014487136 10038996892
2697 10036242236 10092792683
2698 9858381184 10155299481
2699 9947694224 10116234005
2700 9879670121 10095272227
2701 10040839476 10102884797
2702 10051053642 10072666881
2703 10007949304 10142412328
2704 10045537700 9966296378
2705 10103372575 10049150429
2706 10049703324 10058188803
2707 10013998491 9930736871
2708 10101133909 10161867491
2709 10181792586 10138845427
2710 10134782469 9998760396
2711 10017536874 10038951873
2712 9972594116 10204519945
2713 10054638446 10099464975
2714 10098159981 10169484794
2715 10058140733 10191203162
2716 10134291983 9912870754
2717 10049551887 10058345629
2718 10047817287 10013636826
2719 10048042637 10004516790
2720 10059894623 10067788051
2721 10051491033 10091511719
2722 10034215262 10033241885
2723 10057839047 9937494508
2724 9961905094 10099654658
2725 10043848421 10140208816
2726 10060554506 10083986636
2727 10075243941 10241042382
2728 10127325235 9976070897
2729 10039331827 10013445567
2730 9980346235 10078297107
2731 10062693230 10112423951
2732 10085432663 10080005927
2733 10075416534 10111859763
2734 10008498671 10049021537
2735 10043856100 10059452085
2736 9914828052 10087247816
2737 10070271913 10074753634
2738 9941623573 10082020190
2739 10044310329 10009030506
2740 10053208281 10060329007
2741 10043848421 10145850060
2742 10043848421 9970251586
2743 9993746750 10087557579
2744 10146715018 10042549726
2745 10137240733 9909675737
2746 10022685658 9988188045
2747 10020486911 10086997393
2748 9963921504 10076641043
2749 10137641425 10422870372
2750 10140652860 10040069423
2751 10045128248 10013755689
2752 10046367904 10100233700
2753 10043848421 10157734954
2754 9770248522 10038704176
2755 10034411845 9992345996
2756 10073460232 10080091365
2757 10071012579 9906650543
2758 10088827592 10043896679
2759 9970400478 10054485745
2760 10043848421 10333373385
2761 9994580900 10017922216
2762 10068261998 10075717827
2763 9960580609 10105239480
2764 10102076699 9946788155
2765 10087234546 10057185049
2766 9945797528 10130343761
2767 10143464479 9737014641
2768 9954571351 10179281250
2769 10086979977 10075912054
2770 10092110596 10043143609
2771 10054197519 9999654364
2772 9988045008 10122864285
2773 10076039191 10137366514
2774 10039023368 10051005085
2775 9988546442 10070788339
2776 10090257596 9861591049
2777 10046895463 9990894406
2778 10053232990 10097203801
2779 10123569827 9970679130
2780 10055696378 10098206880
2781 10052101745 10000262886
2782 9910875115 10061779252
2783 10066009103 10068145472
2784 9956970567 10054612609
2785 10090930397 10087054337
2786 10063799510 10024253664
2787 10082436972 10144124323
2788 10051050958 10007380346
2789 10053101179 10060263608
2790 10046903116 10007557965
2791 10095051814 10085879594
2792 10100606332 10151239254
2793 10091163608 10287432731
2794 9736341758 10143714312
2795 10053660080 10092356457
2796 10056367195 10102246281
2797 10066841113 10120709325
2798 9946550179 10135885486
2799 9944179208 10122432273
2800 10048670957 10023125058
2801 10034739344 9991579204
2802 10132196850 10150870777
2803 9909898334 10109768589
2804 9920682890 10089377721
2805 9933098475 10184611155
2806 9953330333 10102658504
2807 9851181882 9988493743
2808 10038628578 10059896562
2809 10044692780 9968274639
2810 10038901014 10060406850
2811 10010765440 10087396384
2812 9950010217 10021840514
2813 10072825115 10072307480
2814 9918672964 10094835301
2815 10060304552 10064662147
2816 10061535471 10052573003
2817 10108484000 9969826212
2818 10124796828 10004479468
2819 9866455498 10177529610
2820 10051206405 10059106617
2821 10141563649 9999724713
2822 10057146631 10055974542
2823 10015969883 10154893424
2824 10054088073 10098579504
2825 9972435167 10053655108
2826 10052793512 10060075740
2827 10052036641 10002120661
2828 10042862836 10095686373
2829 10043848421 10221880442
2830 10060471363 10070346952
2831 10040215019 10052694600
2832 9980524960 10118514534
2833 10041359665 9915660932
2834 10034646472 10058045599
2835 10083886246 10038785943
2836 9896449653 10087554843
2837 10034814254 10045892254
2838 10035228264 10049350011
2839 10070934228 10079108801
2840 10116851335 9960893097
2841 9960825317 10107930840
2842 10034134633 10095117417
2843 9954068463 10108145770
2844 10028957319 10081887849
2845 10060119885 10072215439
2846 10123639666 9783431642
2847 9965982497 10152563662
2848 9837791963 10077109110
2849 10012947521 10042601682
2850 9936862193 10035205971
2851 10010807564 10156755965
2852 10053994931 10179122179
2853 10106482344 9959763906
2854 10065507174 10067838983
2855 10093330698 10081461873
2856 10089137916 9933879798
2857 10082876280 10078444943
2858 9881879169 10151831053
2859 10074485775 10071717038
2860 10058735419 10095353978
2861 9884470296 10132560451
2862 10130551232 10007666118
2863 10066312466 10118246776
2864 10124401276 10211703222
2865 10137086067 10006171348
2866 10131447232 10060937662
2867 10089785920 10121483504
2868 10093357276 10084844871
2869 10043335352 10011950069
2870 10153210236 9714196324
2871 10096187754 10138357628
2872 10054146785 9946139420
2873 10020453442 10039945808
2874 10088012558 9866847490
2875 10088903505 9864761462
2876 10054394038 9992549608
2877 10095310948 10089570619
2878 10047202854 10091168714
2879 10016803726 10034473462
2880 10053480482 9947699473
2881 10001044379 10070471210
2882 10074907199 10151909805
2883 9955791004 10111157875
2884 9952142308 10149186939
2885 10081466656 10062917969
2886 10044803795 10088869433
2887 10076874497 10135239548
2888 10059415901 10069981296
2889 10050194647 9955392792
2890 9983813499 10074382966
2891 10110757803 10344530758
2892 10036693692 10050249556
2893 9766059521 10038982970
2894 10047734841 10008557647
2895 10008440169 10048471020
2896 10037766834 10100000000
2897 10044343627 10093386551
2898 10047664793 10062179661
2899 10168492835 10512772232
2900 9925571379 10096956766
2901 10080135007 10140485233
2902 10066918737 10028772531
2903 10030809479 9915660932
2904 10066988609 10068743580
2905 10060089352 10038464252
2906 10012357113 9967389827
2907 10129755893 9769111361
2908 10057332418 10103799185
2909 10133867914 9960743985
2910 10043848421 9915660932
2911 10059903764 10078517170
2912 10008568945 10307690466
2913 10135352079 9955367054
2914 10052348518 10062677024
2915 10123676386 10221616686
2916 10105288448 9826398432
2917 10043848421 10181753815
2918 10021393668 10040902301
2919 9478766193 11293311898
2920 10183413582 9965316838
2921 10096262296 10086618741
2922 10026571136 10044063778
2923 10073000387 10072414504
2924 10007464089 10076087983
2925 10092613340 10165485995
2926 10031132329 10092450994
2927 10065876046 10071460058
2928 10043698014 10149116680
2929 10033119154 10080815035
2930 10065930232 10076723207
2931 10078912531 10108414034
2932 9916977567 10141830538
2933 10048891189 9998305016
2934 10061274104 10102041343
2935 10031786380 9991010615
2936 10047976872 10088747471
2937 10053552573 10070650225
2938 10050214954 10071389160
2939 10052666406 10087849003
2940 9957382613 10085910428
2941 10072316589 10071996962
2942 9984842159 10074840164
2943 10018660041 10039990064
2944 10093724048 10080006726
2945 10044050560 10009196340
2946 10031309312 10046957012
2947 10122838673 10053815439
2948 10036996122 10100000000
2949 9934229676 10079685977
2950 10132414282 10024233261
2951 10157500898 10480741425
2952 9987126596 10145944125
2953 10062476459 10078388361
2954 10062965295 10105384929
2955 10099148265 10080049414
2956 9791549448 10091707064
2957 10090337504 10158615614
2958 10018407050 10158281598
2959 10049913209 10091834655
2960 10079079344 10093087769
2961 10004076246 10218539229
2962 10133333429 10030415027
2963 10111818841 10212786825
2964 10048759631 10004741600
2965 10091354018 10082271137
2966 9982082592 10084385328
2967 10052406205 10049653903
2968 9982544496 9805644549
2969 10057359951 10188927941
2970 10132802906 10041639168
2971 10021747413 10035476608
2972 10055061588 10084103162
2973 10123603318 10008350073
2974 9964634887 10064550834
2975 9927472920 10029099725
2976 9944639849 10141382903
2977 10031708464 10025093994
2978 10043848421 9902474465
2979 10115244975 9976000400
2980 10046780349 10056403970
2981 10055339144 10183039255
2982 10065016830 10026942025
2983 10044868925 10009762043
2984 10022851783 10047234249
2985 10044148094 10100000000
2986 10044072928 10010624519
2987 10016780408 10039448264
2988 10116782421 9960517047
2989 10149926810 9895930174
2990 10040157102 10185990201
2991 10037350575 9985465375
2992 10088890465 10080549421
2993 10137451169 10005571681
2994 9895063058 10034936914
2995 10022544196 10164424695
2996 10036132569 10049902200
2997 9985879844 10074993269
2998 10078646539 10059022879
2999 10042127015 10085475610
3000 10096887634 10052694237
3001 10043848421 10223577861
3002 10015725489 10174188141
3003 10051859462 10145538162
3004 10085588871 10038968064
3005 9794694084 9972469980
3006 10018686577 10038444574
3007 10100826778 10236726110
3008 10096716066 9846469455
3009 10032234402 10087837435
3010 10085587060 10066376821
3011 9886976233 10131053086
3012 10043952795 10071414894
3013 10062985684 10205321484
3014 10017309184 10038569809
3015 10040589597 9915660932
3016 9965288773 10022155543
3017 10047331275 10056940663
3018 10042243175 9974010042
3019 10250411182 9915660932
3020 10121594496 10215005258
3021 10052667713 9949602457
3022 10065975655 10073729918
3023 10054475597 10056927959
3024 10112952030 9974530483
3025 10085848867 9871913467
3026 9826122972 10046476114
3027 10045696307 10021941924
3028 9996317915 10202272058
3029 10150480904 10012878083
3030 10094805095 10092747016
3031 10041802338 10091753823
3032 10137230121 9942493804
3033 10087919693 10036743211
3034 10045512927 9984473367
3035 10056781360 10079787842
3036 10128960773 9911722412
3037 10046971821 10009636795
3038 10130489249 10019197829
3039 10048798526 10125472555
3040 10068937475 10222665168
3041 9800720952 9912080857
3042 10107421220 10211168192
3043 9941316085 10121963173
3044 10049902220 10058310253
3045 10014720478 10041914971
3046 9964052793 10091317486
3047 10070584397 9907653071
3048 10145048174 10007307058
3049 9959244373 10161603290
3050 10102709217 10049636060
3051 10102943016 9831889929
3052 9870618340 10148179151
3053 10048590486 10092753637
3054 10078578107 10075820384
3055 10044564974 10056540289
3056 9938288305 10083961002
3057 10086767725 10158372964
3058 10097699926 10220453970
3059 10082824217 10133224498
3060 10057700568 10114516375
3061 9880661276 9981797950
3062 10366854792 9900384902
3063 10099007592 10171481338
3064 10123145395 9971753925
3065 9899348513 10065189215
3066 9870096080 10100393891
3067 9918508953 10109971643
3068 10033850738 9993659749
3069 10134131719 10053925802
3070 10053886667 10000165287
3071 10030425925 10205414029
3072 10076544859 10126157020
3073 10085068187 10269670505
3074 10063797484 10114022471
3075 10137735147 9750429063
3076 9936649027 10145694963
3077 10046928310 10056494318
3078 10010079579 10126434916
3079 10101840550 9967623760
3080 10016270710 10039923318
3081 10048961033 10010849033
3082 10049979608 9955896277
3083 10053251288 10008363360
3084 10023681231 9984357523
3085 10086849508 10151287889
3086 10039000997 10059173866
3087 9921120335 10093500148
3088 10046377073 10056157721
3089 10066993430 10112304596
3090 10050972333 10093566733
3091 10040894499 10084666233
3092 10042276129 10000618390
3093 10115987625 9801347817
3094 10130851163 10013521079
3095 10082896776 10075578204
3096 10024461844 9998432170
3097 10075530685 10133077549
3098 10048868704 10081223226
3099 9976981596 10134668178
3100 10038745758 10015748386
3101 10034487549 10031832352
3102 9884688391 9944432596
3103 9957586198 10108825556
3104 9998558118 10026958409
3105 10047675229 10006721369
3106 10052107492 10001918942
3107 10034554776 10057818876
3108 10029791837 10100000000
3109 10066919547 10027789859
3110 10102730825 10106209902
3111 10091251220 9961036666
3112 10105506664 10213753201
3113 10016796314 10004656607
3114 10049571650 10005215082
3115 10057592942 10063006378
3116 10071444385 10133879039
3117 10089930394 10066798099
3118 10012547309 10043459038
3119 9950984463 10156521855
3120 10010428266 10048500162
3121 10065207403 10211795635
3122 10082255286 10146928796
3123 10056405229 10189172109
3124 10010623756 10095988747
3125 10091577457 10083067516
3126 9825632832 9953030159
3127 9995858618 10124227929
3128 10018013848 10204638677
3129 10005501092 10049984964
3130 10032777582 10095871202
3131 10048213849 10047271599
3132 10087597445 9964231023
3133 9926182245 10103215294
3134 10061323953 10107206939
3135 9943387871 10205465790
3136 10027224412 10009174357
3137 10047154499 10098959654
3138 10036192599 10100000000
3139 10066885923 10034107858
3140 10035859816 10100000000
3141 9871285185 9994117844
3142 9959561091 10167598476
3143 9956337084 10175147033
3144 10051140701 10093837612
3145 10023386638 10018159964
3146 9981604524 10079957365
3147 10060080390 10100000000
3148 10107507971 9962187346
3149 10066567048 10101455382
3150 9916013835 10165191449
3151 10048213850 10030376429
3152 10089716466 10039041576
3153 10028485867 10097621805
3154 10053939921 9999933476
3155 10000556327 10028178560
3156 10057122375 10029757652
3157 10003751130 10132562589
3158 9934040051 10113517550
3159 10060471411 10064764035
3160 10090167057 10092112339
3161 10090503294 10177818284
3162 9973848255 10134147098
3163 9969714034 10092431015
3164 10067167270 10217506740
3165 10023941907 10100000000
3166 9914126090 10134366390
3167 10054027759 9946418102
3168 10074289917 10127668897
3169 10035292207 10049383997
3170 10056840251 10100905741
3171 10059671852 10052137944
3172 10018107468 10078908839
3173 10017094970 10087776460
3174 10012095499 10141478810
3175 10112736454 9968306053
3176 10010957079 10117634143
3177 10151197380 10036737501
3178 9921126688 10251666546
3179 10062358826 10111885944
3180 10055123572 10100000000
3181 10076108320 9894719584
3182 10043848421 10143877276
3183 10048857795 9958522843
3184 10043056355 10054130017
3185 10038745758 10021505190
3186 10130738146 10009795888
3187 9916875239 10016212266
3188 10128531255 10014205986
3189 10067315260 10078972737
3190 10040002529 10055373577
3191 10085402295 9954299435
3192 9922333280 10167539582
3193 10050372594 10040561065
3194 10186854587 10566278885
3195 10101625678 9951455427
3196 10027435515 10086118648
3197 10065290460 10212037664
3198 9915188086 10271491608
3199 9945741944 9994114781
3200 10175805576 10053547280
3201 10113437273 10188127018
3202 10118384395 9795736119
3203 10066969744 10171233608
3204 9985954432 10093066643
3205 10072773452 10034070051
3206 10141070171 9963787628
3207 10041061432 10055670357
3208 10044425534 10151236695
3209 10049024379 10042523350
3210 9952828774 10005285708
3211 10055271189 10061588664
3212 10043848421 10156893963
3213 10131380699 10011326924
3214 9830878065 10099821756
3215 10050056102 9955717176
3216 10053273941 10000655076
3217 10057996079 10160670760
3218 10081374897 10045907839
3219 10044190485 10072567594
3220 10065673912 10066243039
3221 10021276729 10039527785
3222 10056301218 9991230095
3223 10124203029 10001058319
3224 10011985661 10154912451
3225 10051700922 10059408581
3226 10046799303 10012058585
3227 10060710640 10100000000
3228 10136094815 10418363509
3229 9926488873 10079397801
3230 10054465998 10072830001
3231 10110569771 10176624413
3232 10020312528 10111692422
3233 9902606762 10121138423
3234 10134074758 9758999346
3235 10056860509 10010610601
3236 10048781307 9958701930
3237 9885343910 10087476572
3238 9999144277 10074920030
3239 9931702786 10066011872
3240 9946097059 10057875678
3241 9940431860 10104248010
3242 9943652029 10161192659
3243 9937938057 10122043406
3244 10009662801 10185091187
3245 10018917177 10193476443
3246 10128615256 10010175156
3247 10060475277 9931322147
3248 10059128573 9934475266
3249 10062582042 10030091609
3250 10070123538 9962113908
3251 10117277952 10200242830
3252 10088498229 9954161075
3253 10032600536 10116778322
3254 10068097030 10072962264
3255 10059884177 10096670366
3256 9994576146 10223661666
3257 10049600451 10091359574
3258 10043848421 10152666491
3259 10008087900 10044735617
3260 10087889237 10081505966
3261 10078549089 10080975614
3262 10079359108 10034386666
3263 10027717972 10008018756
3264 10013500748 10035038936
3265 10014875843 10038086789
3266 10058898581 10106318913
3267 10030905367 10000555921
3268 10097097792 10052844229
3269 9998082239 10060954187
3270 10054389606 10096745168
3271 9999296391 10128119843
3272 10052525478 10104922715
3273 10036499596 10050126314
3274 9872199078 10043957886
3275 9676401986 10044950020
3276 10137228337 10421666622
3277 10062886678 10066238850
3278 10017703150 10038648789
3279 10045338780 10055523716
3280 10016097574 10025118134
3281 10084758969 10152620877
3282 10087779097 10176404404
3283 10002805911 10158572590
3284 10029923421 10097329795
3285 10044815280 10057566822
3286 10027048447 10086768802
3287 10013706300 10043004379
3288 9869499178 10141565837
3289 10044181340 10096408367
3290 9990490457 10145127796
3291 10010256276 10104382528
3292 10060329582 10073351232
3293 10032749092 10059950163
3294 10167265055 10018934452
3295 10051181499 10002922270
3296 10136184276 10032388252
3297 9930657049 10133094986
3298 10107145882 10194531256
3299 10095138616 10167257395
3300 10049034435 10016618789
3301 10109060483 9964504841
3302 10102956323 9964163346
3303 9860100331 10003649138
3304 10042483555 10059703229
3305 9941442518 10039558678
3306 9977172945 10073469114
3307 10055677392 10087053535
3308 10125225190 9958992292
3309 10035835180 10002471680
3310 10026701581 10098996836
3311 10036962298 9915660932
3312 9997631690 9989965705
3313 10074350165 10132384290
3314 9939869608 10095529399
3315 10043848421 10425452492
3316 10053357930 10011619277
3317 10046860317 10056452800
3318 10017726928 10039045792
3319 10133356126 10029670162
3320 10014816319 10039948410
3321 10055390386 9998361875
3322 9939600054 10059722401
3323 9870747929 10135976899
3324 10092633118 10291714924
3325 10079508467 9960245873
3326 10051654034 10094663490
3327 10058808074 10103165679
3328 10055403320 10138972023
3329 10060097279 10108247443
3330 10065825537 10105210910
3331 9918079116 10264722668
3332 10039879872 10058224506
3333 10095120524 10164594750
3334 10055209241 9915660932
EOF