NAME : 3364
COMMENT : tspgen
TYPE : TSP
DIMENSION : 3364
EDGE_WEIGHT_TYPE : EUC_2D
NODE_COORD_SECTION
1 4599536823 6623096801
2 -1694117964 10867459431
3 10000000000 8063435499
4 6032076051 9365582759
5 -8946701418 4951648018
6 7452378195 -2904618716
7 -10891140012 1180205379
8 8222589216 9565513993
9 4139486425 1588270258
10 479402264 6297552473
11 -10375144604 2127305013
12 6260647901 15427641030
13 6040536621 9373666833
14 -10375144604 2378648312
15 -10375144604 14978216546
16 6096373307 15308040554
17 5452412754 13506667104
18 571038979 7714259008
19 -5617216759 196477513
20 10443290216 3889900458
21 5993313300 9060614623
22 -1689149775 6919278218
23 9321280701 427435001
24 3924179124 15501771784
25 9378629592 14732125217
26 -3634714740 8511489681
27 6959991042 7220893050
28 5276984365 1218333331
29 -10375144604 2554022756
30 4830178987 1583989919
31 -9815095911 11314153448
32 2151516277 3776153918
33 98581362 10000000000
34 2665636223 6751221007
35 -1427204206 11841614218
36 6950545653 9033294553
37 4958310994 5796800916
38 1515614136 12469140531
39 1900514104 7690336604
40 7342393939 10997386461
41 421803 2894418800
42 5396769049 5446793552
43 10179110209 4394073752
44 1870415986 1652483835
45 10081350683 6437083615
46 1730369339 8888691863
47 5642689155 91811988
48 456519122 14376653825
49 5173128957 6047245451
50 -1320111216 4156394152
51 10521075269 -748446761
52 7781679368 -40734236
53 2839975444 3212732702
54 3912737441 11636529843
55 7310946660 7327380162
56 4314395140 7162249843
57 5190265361 6095550087
58 10000000000 -2646888222
59 4048388164 5345696865
60 7050618960 10193432291
61 2358692659 13341075961
62 463892400 5772812727
63 5388770802 929845814
64 5928604386 9266715595
65 3967437302 5959396826
66 -10375144604 4862370822
67 2458983218 6838919102
68 5238519536 17818898883
69 2338277428 8468985252
70 3142264582 7883466322
71 0 6483236148
72 6333205946 9653312340
73 1830627470 4038762901
74 1032618094 7689942002
75 1151714830 12962422042
76 6512086812 6361698386
77 7177002356 7811323471
78 3727867363 961153691
79 9507228691 14715602052
80 9378629592 5329752141
81 8423167157 11650270044
82 3167490989 15274347844
83 0 6799755023
84 9378629592 14618247197
85 9855419217 -2528566200
86 3138939078 9241218557
87 7949909994 710453576
88 10291439158 13435403732
89 5206371245 6147847355
90 874204784 85879687
91 3377367048 2526400836
92 1393351201 830625688
93 5391549791 6384218602
94 8079771762 9532488787
95 0 6915410443
96 7057866246 6303135050
97 9028289787 172772713
98 371595749 5904912647
99 4839726847 8245751858
100 5653027715 -858029781
101 8305158636 7653226395
102 5627011325 -208726942
103 -2671303039 13945328529
104 8348646570 8442525315
105 -6825628449 1318219542
106 348741329 23465115671
107 7472529364 -65415204
108 4028459191 709282857
109 -696151099 10880968357
110 8410197089 720375383
111 -1490547236 10799713617
112 7315444474 10591841144
113 9960680900 14575535831
114 7922346404 10355819445
115 3801740348 5849892328
116 188161431 8781533181
117 6119225775 6035307164
118 1811921329 12555394960
119 509913471 4431181367
120 5141642035 5645912291
121 10000000000 4087598488
122 6568638703 7183858503
123 10497609333 4357806861
124 -10375144604 14027722701
125 132693981 8815157678
126 5383320113 6411674068
127 9378629592 4726962968
128 10067707102 6980072457
129 3922939213 298247012
130 13134302 9827571972
131 3409363133 2713341699
132 9378629592 5160963731
133 3603799115 15125282925
134 4446773165 1086271969
135 5096013464 134434587
136 10963137139 7941459313
137 7477791571 -582763278
138 4596087197 6002578249
139 -1381736758 11605622426
140 9378629592 5740811014
141 2864789802 7836453995
142 3426640321 9440447083
143 10048181258 4302933741
144 4997640495 8377179701
145 5467274130 6995850630
146 6475970365 957725431
147 2748745255 15065434878
148 5313788840 5667403844
149 10717109442 7495763078
150 0 7075210723
151 8571724713 -1478016287
152 1712074573 13431979540
153 -4872611617 11334010114
154 -11728304608 5199283774
155 4467460293 1880831645
156 2313999768 9157099959
157 6614595842 15453799058
158 600653218 11608781597
159 0 7422924851
160 3223518909 14678311777
161 9837379886 9689416258
162 2029324059 12554535722
163 9318476546 5214303361
164 6642926679 703233701
165 5654699886 9007970648
166 2819958455 4885091051
167 6437912862 9368454791
168 4903078932 6003238935
169 5647868480 6529996779
170 4071624118 2204776055
171 12409670989 10932406792
172 6006418662 1081095287
173 5605407135 -733511369
174 -1232252721 11334408205
175 7388376370 8441574622
176 -830987873 16537904871
177 3962923699 6133340459
178 3721836643 2346027156
179 -449906349 9914969275
180 4516206929 6779913873
181 5338030414 9384107047
182 -993413316 10901073353
183 9378629592 8646370783
184 4059578656 2415307949
185 4124674682 1615143732
186 7328725358 7908253525
187 7250679103 6946120100
188 9832374695 8303730214
189 4817013565 5856713204
190 9378629592 -2138371105
191 -1129052583 11147168514
192 -2042605740 2655516546
193 4687203762 1477724634
194 -10375144604 14027722701
195 2129137855 8294630158
196 4011830610 2368265171
197 10000000000 6364618314
198 5980400600 15262004570
199 322742231 8392237748
200 1822844447 6843055691
201 -4962706963 9598291963
202 -592311003 10173339119
203 6860348671 5414922267
204 1632850536 7211587639
205 5325842674 8690776846
206 5002233436 8381568255
207 236684543 11142641686
208 0 9644082347
209 0 4495830125
210 5304158054 3355391152
211 4825973451 243251462
212 10271002293 -2868671080
213 10088647141 4441673791
214 9926925697 7186434871
215 -6454953981 12131901376
216 -3522824666 10244130508
217 2178360374 6966436031
218 -3399463297 9586289587
219 2177819962 2513792764
220 5616324774 5643223047
221 10011774161 5152370313
222 0 6249626418
223 4063686348 1725797042
224 8954286722 5275310983
225 5455442604 -799315977
226 9378629592 4347579998
227 2948967045 7471352347
228 0 7565769236
229 3073010152 13871400351
230 -5376277354 19769793122
231 6333856186 8111553285
232 -10098613357 6545464716
233 -11845362731 15230919818
234 -10375144604 6437083615
235 9815374837 -295860818
236 8943965573 411654255
237 9664029979 7679001935
238 1668377165 2057426385
239 -5775128022 4003400470
240 2125601096 2652205415
241 -10375144604 149300124
242 9886361904 14357184507
243 6809058855 8552774419
244 0 2460124885
245 1229147670 4322857991
246 0 8627008936
247 5402216056 8763751604
248 0 9951639516
249 6237861165 15713440178
250 9378629592 12374908507
251 4156314190 2121352418
252 3906411221 2470391916
253 2596421388 684414843
254 5325076328 -562787792
255 6648125945 16432805218
256 3536554527 2642666310
257 5092868885 6685914466
258 -10375144604 14027722701
259 9378629592 44205454
260 3942502403 6639818390
261 8796032697 -986702259
262 1576147635 4172602721
263 5112445934 8627371559
264 0 10000000000
265 4433960938 1053994646
266 -11132922840 5888060183
267 2280803314 6972945212
268 4519112386 1838560605
269 7056336411 10886140205
270 8931872134 -1772753735
271 -9021903453 11088893821
272 224149446 11230641809
273 6023768940 7551720964
274 2725923459 2723781831
275 772331785 2709020173
276 2848798787 12621568434
277 2906532127 2726230778
278 6631873711 15311953658
279 -6972985137 10803973561
280 0 6772910168
281 2954331795 7445211190
282 -1890074647 7083711115
283 761706830 3706526294
284 10082023948 5043806840
285 0 7534176190
286 8925426689 -88638728
287 5232804557 6896474459
288 5728712903 848647729
289 247892448 2651609824
290 1160206971 3230937429
291 5750375654 14858675032
292 903862546 7458778078
293 -3905718308 -129978642
294 -1296289898 10938142631
295 4146094990 6474806690
296 7053754628 -312903166
297 -381009735 11685112483
298 7167881249 -790502655
299 -9379992441 -4088058225
300 0 6111866891
301 7760021193 8269877888
302 5287238802 1209941305
303 4284338710 12074388590
304 4566526153 1238768939
305 219244777 3576037541
306 8483899392 5284565883
307 6544996432 5544092016
308 1689035724 4154638754
309 5177004600 7280891016
310 6461400322 8963742378
311 -10375144604 3039375508
312 9378629592 15359767267
313 3153155865 2636102157
314 4424936258 1915632464
315 6554784378 6800202504
316 3089311830 2569668203
317 2941285725 1107918012
318 5610797992 945146934
319 5419668173 6758665875
320 10000000000 -2646888222
321 1766415266 8123250718
322 6260608242 -2260156715
323 2134994786 8107029760
324 -3590179495 9445664904
325 6040402371 15287576183
326 4751113188 901369646
327 10096812595 11327524494
328 -2293539981 12527415189
329 9278996562 314423598
330 -8832865373 3619278420
331 4087004764 2192188842
332 5553469526 8078220876
333 2032784539 7028534830
334 9378629592 15367290723
335 5437548948 6375179076
336 9430901803 155822503
337 -4570206582 3905987595
338 -641328994 10882671426
339 -10375144604 5867686922
340 2014771919 3888062766
341 6320968053 15859161167
342 9378629592 -2138371105
343 -10375144604 5655254285
344 -1284181197 10472445925
345 426152930 3433734085
346 9378629592 15280751031
347 5314151085 8679605534
348 7237351795 -385992173
349 9152493966 8190368353
350 -1676228592 22043886754
351 -1698980970 11119890284
352 5204472849 7939241242
353 5099521721 9148147319
354 -451550523 3018547751
355 9979378624 -2630012100
356 5996348154 15283533050
357 -1922958080 12587579576
358 -3929702401 8752901685
359 -10375144604 12027158447
360 -2162584403 12969868635
361 -975419210 11626006200
362 4650461963 5859312851
363 9320896922 421573630
364 7007825374 10287714684
365 10000000000 4096968667
366 6371429336 9969192337
367 8435980877 12673239040
368 2510372118 8167390484
369 7978848363 11225723486
370 -10375144604 14027722701
371 4219523335 6096226917
372 3798373592 2428398822
373 6189020404 15627801979
374 -8790360314 4154350897
375 5224915309 5909322231
376 3614605683 17750362817
377 0 3531898481
378 4610120036 5484016284
379 9509632005 -2245580860
380 -7477316043 6422290974
381 7395416792 11152863552
382 9378629592 11663053622
383 -4877210241 2935714017
384 7136681888 -303605934
385 10170718764 4118709124
386 462423380 11820871128
387 3034655788 3053410201
388 1060231224 13296169507
389 -811494869 11632918501
390 9378629592 9469414031
391 5376942760 -656890910
392 10201077762 6106448236
393 1773839042 12107102683
394 5260593351 8831946831
395 4110412991 2173032017
396 273146742 8740289308
397 -9475456900 2632795397
398 9831415750 6684258071
399 5959832354 9936310165
400 3975496653 7545619144
401 5347665840 6135587404
402 11451376041 -3834665352
403 -2168323031 3141597761
404 217329968 7687040475
405 4471178023 5956907899
406 -4110206795 4908973419
407 856458438 7723171993
408 1256702235 5387505933
409 5646612097 -1146161608
410 5411401481 5715488181
411 4798048742 5992467855
412 -1908808423 1778068530
413 -7867351367 4791258147
414 3791617344 15125258079
415 1907025574 7403548159
416 3536196343 2682840974
417 -6093524961 5005441521
418 10003682292 5418881346
419 4298499285 5895249264
420 4820948966 7705556690
421 6172894560 6360145550
422 6742046251 19355979
423 2412645990 7977646156
424 2028869416 600966749
425 7466294549 6662096714
426 -1202865678 11281090244
427 7779765388 8487620031
428 8164944361 9924192703
429 8710779558 779507240
430 4617965686 5746603953
431 -10375144604 5977475137
432 2481846800 7154098286
433 3288410069 15497222956
434 7331954055 6459613916
435 8608587746 -69427769
436 6486900220 6747705505
437 638946108 6411481068
438 10000000000 -2646888222
439 3135204326 2630710267
440 4023105747 2428155996
441 -10898935936 6573879239
442 5617980087 5859944276
443 174097901 2322622415
444 3180340053 206814374
445 720178119 3359852370
446 7570224332 6501198476
447 7249196033 5208978858
448 7513946328 9954051685
449 0 7412854360
450 10391402802 7246883496
451 2892963334 7593416694
452 -37662525 5567734075
453 9378629592 9344193602
454 10000000000 4971143379
455 8702839530 11357572601
456 5064769491 5480005425
457 1852247425 4021069562
458 10000000000 7882006259
459 5774529803 6470619206
460 4623049212 4691015581
461 7636595304 10498580608
462 -2642209450 2775301921
463 0 7798804163
464 2216327557 2661474630
465 0 2289587632
466 9378629592 15065651073
467 6725691904 15438456667
468 9378629592 -1020393574
469 7455438892 4999487152
470 10000000000 0
471 2206013467 8077381442
472 1428267337 12183603921
473 771774787 9244207782
474 724479729 7784238721
475 614242651 7619833666
476 8418505074 8524152177
477 9601768806 -849102048
478 3718063633 2352872662
479 1544372158 12735491377
480 -308568134 11800829859
481 9378629592 8265159457
482 2058072745 8294082096
483 593465412 121872632
484 2232962106 8800490139
485 1517397336 3239135849
486 10394099254 6348734327
487 4609311432 8748606182
488 4651675985 6358846549
489 4176392398 6038036405
490 0 5679066834
491 1937721399 6222733288
492 1328573957 9162253025
493 -10375144604 39788543
494 9244074489 437962095
495 -468414654 8318241729
496 0 7361848869
497 2539134933 2446425517
498 10035262787 5709987700
499 3813803275 7805810351
500 3911573740 15496756844
501 -10375144604 4060323649
502 2656064953 12677617630
503 388307722 3134712573
504 5101666613 6160944534
505 9141185863 -1944051905
506 6791818743 15667059007
507 9690897138 8794977439
508 1048690211 1237442961
509 9378629592 6190222790
510 4657586558 5871031322
511 -10375144604 4914242068
512 8959076164 4458578575
513 -1738367083 6959556679
514 2622492439 8482074697
515 9378629592 6787960361
516 7435203248 773579901
517 4718067005 5793710548
518 5431749550 7048775251
519 5075209960 6437172096
520 2036314438 2826404529
521 4925731065 1031312495
522 2632375229 1426339004
523 -1794986510 12341786785
524 9378629592 15610433505
525 7953108602 -2136558753
526 9378629592 4503525625
527 -1215126061 11303334695
528 -10375144604 7128715876
529 9378629592 522722442
530 340982805 6609382398
531 5067618507 9411964428
532 -10375144604 0
533 1580390330 8244967490
534 3763239209 2270909004
535 4909120872 1416231012
536 -11377885451 3342133081
537 2322831252 6953148775
538 -2036055180 15216542298
539 9378629592 12004231249
540 -1005028038 10922146358
541 2113156077 805420666
542 9741281156 7601739435
543 7509378140 -608613094
544 9898273504 6437083615
545 6365475629 8320908787
546 -4764049036 11501432181
547 380452281 11745552296
548 5476731294 -837940806
549 8413928515 4738619612
550 2101447977 7760339770
551 -9592619167 12023667773
552 8065755900 10475730780
553 -10375144604 326450443
554 -3286629254 4276956335
555 6836999127 -1460311725
556 5064901741 1391897510
557 3784267536 8090291970
558 1254765946 10000000000
559 1734561669 2677901062
560 972465732 14874326527
561 2629694139 8058411945
562 2746253120 11754343097
563 1421929127 10000000000
564 3599004953 15169714917
565 1954608505 2562457196
566 9378629592 6354297830
567 2218977950 7765649876
568 129551173 3482858968
569 8903440835 6886458571
570 5190146950 8561119597
571 6559105442 6682010733
572 4433138075 7054003717
573 -10375144604 1668067068
574 6570181290 6403343827
575 6501876794 5883253919
576 4108692428 5872741029
577 9119947624 4844152420
578 0 6890911370
579 9378629592 4851403472
580 -981737475 6340346137
581 -2466569175 13573872576
582 880646318 4816208480
583 0 6116343555
584 -10375144604 3117056205
585 4410591011 1927372328
586 -258616894 9567905995
587 1776389407 2355649535
588 -592157498 3036128341
589 6540452782 7159069157
590 -10627676414 7326051655
591 1134434962 6160567511
592 3522070698 2045562311
593 3214939181 1959566290
594 2707438037 7575368490
595 5949430833 668016588
596 -10547549092 7360730591
597 4981470855 1135275326
598 5462893976 6344167206
599 2637232860 7767333280
600 -10375144604 1866959432
601 5206182674 6047843965
602 6201445451 461772864
603 5028803947 18350695849
604 93194038 9312123416
605 6399112451 -449322007
606 0 2446557679
607 1023577583 3331935656
608 5112376197 6130781478
609 -2982554141 7977774488
610 5153407195 8925333649
611 4016458673 1056678288
612 3651952572 8533628321
613 -918230784 10764667004
614 -10375144604 572899971
615 6332085802 9652242042
616 3722475226 15080685960
617 -7981832200 12714687879
618 -437889380 9844985531
619 8721614581 11327828459
620 -1163775089 9412297688
621 2220820890 2153191840
622 1179814251 3074542590
623 10328426392 10341075019
624 1830111750 6081011508
625 3438367210 2351797938
626 -10756386837 7574357794
627 4796131340 5857424698
628 1176596603 7852331940
629 7544605645 8098561300
630 -912579087 10687138739
631 8606775969 -405679799
632 269294428 19234216270
633 -1310377020 11476151908
634 -3108286970 11398367768
635 4236616151 4748026067
636 5875515926 8461109069
637 1994997783 10000000000
638 9044793459 15100549509
639 171391349 2165276792
640 6714608345 8900893302
641 9378629592 -2138371105
642 3122337405 7301440332
643 7340591897 7694967656
644 9016308491 10213057523
645 10000000000 6928438379
646 9378629592 16695684380
647 8414647537 13731541860
648 -1040684522 10986839189
649 5966474660 8659539171
650 9362725156 4750267744
651 5050889607 -16822338
652 7908892783 9058785107
653 -10375144604 44205454
654 2987001404 8018422554
655 -7107091476 743774966
656 5449101337 6399419161
657 4737287284 15283665714
658 -3782731630 1342205155
659 -10375144604 640603210
660 3753813177 7607449527
661 5443071434 1082410995
662 -10217065483 2909310862
663 6290839198 6635314687
664 9378629592 407165372
665 2549653100 20783842560
666 5342538059 7603399254
667 -4965456294 12468724055
668 2795104365 12110856950
669 7933241965 616429846
670 0 8447803001
671 9378629592 22648198
672 9378629592 12207844327
673 3557039851 15146251602
674 -1868717368 1560987154
675 4622497821 5495122131
676 1640883867 6244135360
677 3335836738 9174514692
678 -10375144604 3227765648
679 7114576706 10290094932
680 -5566020542 19362384309
681 5366542104 1145041068
682 1857475150 7790315640
683 2265378360 6831566504
684 5422118835 7150930459
685 4994948665 5298830639
686 9378629592 11277302234
687 2183862274 8935077082
688 603451391 5114486731
689 896776725 3460535198
690 -1188603498 11255213863
691 0 5030264341
692 5206332882 1276153093
693 3931997595 15385975759
694 3343081750 12266496276
695 3617255953 2576621876
696 8178666149 -127827944
697 7997426516 10481418009
698 -1544380281 10937191699
699 8850014075 4898947554
700 3582896017 13316115107
701 2539541165 6911198979
702 4280372462 2180953496
703 4917003839 177592679
704 4011263575 15749116751
705 2848592119 7827380924
706 3943419323 1830993171
707 4328206600 6743919786
708 9702832982 -2403692677
709 9378629592 11489484396
710 2024353151 12831762216
711 3879499645 2191924720
712 -10375144604 3504465186
713 -10653677410 14255668380
714 5337457392 7313163495
715 95293060 2799683379
716 5063010888 1393444946
717 263978294 8629938725
718 9378629592 7110540477
719 -9267343320 5557587255
720 0 7242133879
721 9378629592 137383568
722 -369984656 5839699863
723 5799684564 7327116141
724 0 10000000000
725 7252688477 15693614288
726 2285318444 12311458561
727 3678189012 2262780315
728 7863194159 802460652
729 139042639 1248155908
730 5214045435 8084612750
731 9991835670 6437083615
732 9728799089 -2424942820
733 9636953829 7672383348
734 -10375144604 7480243059
735 6231538931 729792084
736 11097756120 6149648358
737 3797183527 2209322616
738 4265043502 1957894118
739 6204233307 15322116680
740 0 6632999371
741 1189730525 6276476050
742 2491901293 8028030886
743 4840853551 15223074597
744 -1083729398 9690361440
745 10223555537 7338230156
746 136173226 5425470372
747 0 3075984194
748 10000000000 5512479347
749 4125241814 1614114764
750 9856348117 -1327890945
751 5424441822 1280605013
752 0 7815816433
753 -10375144604 14027722701
754 5047954122 6312311378
755 4951894253 6682855165
756 5492883954 6564988792
757 9378629592 6574694942
758 -10375144604 12281954269
759 8095069136 5679493266
760 3297912106 9317277078
761 -10375144604 7807115674
762 7839029143 10279736244
763 5803362986 9147047451
764 2260108995 1017125302
765 -1453760118 11736296977
766 4778854236 13155193335
767 3793323784 5584645077
768 7936341952 740700664
769 1037785955 13508473674
770 -10375144604 -4284581543
771 9114776633 -1922439119
772 10000000000 4811633691
773 428103693 14093242271
774 8866117974 -254743670
775 3749967848 6418875910
776 0 6396114283
777 8525314990 9427707771
778 0 10000000000
779 -1447352560 10955034576
780 5464024669 7856742009
781 9888241669 4445974519
782 9387821461 5010629417
783 1653759114 13346281987
784 5464976429 -816613536
785 6074169834 7461075617
786 10000000000 8296243432
787 8311428893 6744764521
788 3542408414 7893342453
789 8577383213 4884785512
790 8513846090 8717250432
791 -5933424527 247087965
792 9378629592 11015201459
793 9213348359 4371177467
794 4835378217 1579734973
795 5346303104 5161930801
796 2666840710 5002809546
797 0 5049001275
798 0 9288087781
799 2572034921 2219710403
800 5536707623 6220044914
801 10413010761 -2984887970
802 -10375144604 109769480
803 14148277810 -6041755833
804 3409890643 8255524062
805 9378629592 5555390369
806 404707249 1371029152
807 5904840947 9244009632
808 7383511171 5068504493
809 -934937140 10162065868
810 5936865448 6124762588
811 4788539359 1618066957
812 9276706485 6888100711
813 0 6584790769
814 6621425407 5507568581
815 7239012475 10518810377
816 422949651 995559371
817 3851780481 11529646903
818 1203824633 13101108101
819 7514971890 8397779483
820 0 5679927852
821 4222356977 8209255239
822 9108350453 201719590
823 7379347113 10006197609
824 9171414871 8922218669
825 7179451856 10242643803
826 5025253473 10652773785
827 3427379539 2555032631
828 1869335491 13462098206
829 158727241 8810703641
830 2175730727 3016625210
831 7642611783 9752415397
832 1905548210 3977449265
833 6992025872 10282814706
834 2134069262 2271180324
835 4647258153 433009609
836 3076451906 15114664175
837 6227378369 9337851597
838 -452266094 11662320653
839 4589082892 11023704136
840 8090149330 11332071547
841 -1683997380 11698161864
842 2768762731 430689504
843 3341560516 2466485000
844 9106723212 7496467181
845 9378629592 4812856095
846 4832977761 8219844476
847 -545650236 11312472477
848 9497177116 209142167
849 6144198633 508622516
850 -1640514688 12075132455
851 10564558315 -1489206435
852 -1359070050 10566490481
853 9077743182 -1892131683
854 2031669683 15255138108
855 -1400980056 11558919110
856 8584068941 4536696518
857 9016305289 4566409554
858 4826049351 1587369530
859 9378629592 4510335075
860 -10375144604 15280751031
861 5437034131 7308891963
862 1114223564 4625053533
863 -2459440235 13560938286
864 -1852927324 12460520278
865 5173355977 6269847939
866 8183735372 11421493000
867 3402037232 2120748947
868 3149806849 13511428680
869 4352062795 1735810200
870 9467530859 8509756628
871 9185622145 -128210375
872 9963513687 4739091002
873 14453341805 4779587346
874 4188772638 9891276474
875 10081362868 7074902165
876 -9769042925 -631805235
877 -2537695753 13702920065
878 2791502252 7101064427
879 5832401231 6057024002
880 5174208801 5636489976
881 -961700230 10904844169
882 -10375144604 1997119279
883 515471307 7981134214
884 5909236884 6330955947
885 9287339465 5052933145
886 5308223250 7408001320
887 6361291535 330958025
888 6467877553 15924275185
889 -628365741 6051153776
890 9378629592 -1387185039
891 6690423862 9528864252
892 -1294835828 6596579568
893 7442874730 -1789894523
894 9715876140 5610840653
895 6941000349 10234059825
896 -10375144604 15400214344
897 3305387988 2831848383
898 -10375144604 4205002501
899 10926762672 5973832036
900 6131216028 6495798995
901 6932839599 6879633173
902 5351309068 6781941204
903 4387808605 974346972
904 2639043509 7313487998
905 -1057077176 11469955416
906 0 8062950513
907 1128055553 1618900066
908 585082562 3426798726
909 1671715621 7091763516
910 3860325870 6677312234
911 4892187270 6769620593
912 2724953419 7498201288
913 5646065710 6029342388
914 1163933492 7236698581
915 -1245591061 6556278636
916 3738666336 2315492443
917 9378629592 8106526472
918 -1354330193 11254086222
919 5857211624 9125513704
920 -10375144604 6858214293
921 3783357164 2234408279
922 2019811 3127946294
923 9378629592 15081901868
924 7446324185 987262321
925 4035499302 1776937804
926 9149619646 5484736828
927 -3187191236 14881322886
928 0 3106051153
929 2991238308 12689366354
930 -4404400490 4256899940
931 3220827089 6488281634
932 2818999010 8404295784
933 -11006202877 7212922925
934 9378629592 5232263507
935 0 4825519733
936 5276390560 5807774154
937 9862446130 6378633946
938 8877885051 6378395072
939 4363706290 6142286308
940 9812118097 15133713058
941 5266381443 6101790750
942 3240184317 8898547072
943 5967989713 9355644878
944 8210371220 -1186811467
945 9378629592 5227818049
946 769970925 10000000000
947 208640913 2830525963
948 0 10000000000
949 2259221341 16060642492
950 9378629592 39760027
951 4057069712 199438524
952 6285121079 -64509661
953 6474445770 -1336337827
954 4793759090 6304990506
955 2847575754 6874514906
956 6028304166 774771271
957 1250739803 7430331979
958 2504100957 2658882981
959 7925787499 10062385807
960 10000000000 4972603898
961 -10375144604 6018203824
962 2637361133 9605565177
963 -10375144604 5213277802
964 7868560814 -902561012
965 0 6831472454
966 8911706935 5715186900
967 10000000000 8032910377
968 9378629592 9408748149
969 7011692845 -2497259020
970 -10375144604 14027722701
971 4753697564 1826757671
972 -767540621 11441872214
973 2609816431 5383441281
974 1228849719 4769219197
975 7673478276 10933942401
976 4194782979 1140905767
977 4971172306 6308236976
978 4862092336 18416090413
979 5711048120 304071142
980 -10375144604 -1096563201
981 9378629592 10418223528
982 6946251434 15463459981
983 -11737860473 3804754978
984 1029243360 7582024232
985 9112193945 9819910819
986 -122970694 9310019970
987 -1234368195 11245179593
988 7142315527 6717794622
989 5191564610 6313709406
990 -7135811312 5803357452
991 3145559410 8051959200
992 -2612651749 9483379291
993 2650546963 8865326786
994 5440406225 9228448625
995 9437305263 7871337693
996 4237032435 5303997151
997 170060408 2588073774
998 1663911505 7324849742
999 9490153814 270450863
1000 2586360738 6959223857
1001 3720560285 7958261213
1002 5208704505 6421698008
1003 -159573901 9737638003
1004 6860557987 8909273829
1005 8928925419 5084584418
1006 9943521395 6758361332
1007 6900215322 7584461170
1008 -637316912 11548889773
1009 -500214831 11644045689
1010 -1351033825 10926158061
1011 3596012335 2669529750
1012 5435719665 1088427536
1013 4042398139 1764420999
1014 4479421693 5807202788
1015 4352176727 9769692358
1016 0 5034019431
1017 -10266723346 6470712170
1018 -10375144604 14200585722
1019 2700949957 7638503840
1020 7672006344 5620270868
1021 1657176182 15280751031
1022 8398771445 322899773
1023 0 10000000000
1024 7945800300 10729590874
1025 4777127518 9538084825
1026 9766468829 4313749819
1027 0 8258554702
1028 8148873934 10855516181
1029 753450654 7731675739
1030 -10375144604 14027722701
1031 4935678155 5087272821
1032 -10375144604 6588871472
1033 9378629592 160451754
1034 2856633266 2756091005
1035 7660473520 10921516359
1036 1470929064 15158985269
1037 -10375144604 19297792880
1038 6386438439 7766101347
1039 9378629592 12227537251
1040 -8102370939 4624504304
1041 3908618997 15457576533
1042 1781841158 502094344
1043 -10375144604 15783817094
1044 -5693244332 10196149138
1045 9458999824 5910347364
1046 2672717219 15238939705
1047 9378629592 4658264624
1048 -10375144604 15002049914
1049 -10375144604 6318118067
1050 419943649 8435412433
1051 3786138720 6444263449
1052 5341971796 5535091891
1053 6515151460 7811771172
1054 9695821905 4851001057
1055 8653804095 11408891744
1056 4841021279 1575116803
1057 -1641771207 4008918368
1058 7520755471 5032387846
1059 1215302834 8639768426
1060 -2266598169 7391850436
1061 5727162776 6978822800
1062 5051784451 1277273603
1063 4269019676 13706134890
1064 5542422528 6160650253
1065 9594993517 5434072140
1066 11273114641 15258243436
1067 0 8689722959
1068 0 9899737176
1069 4711251847 5755208590
1070 7560228713 726620723
1071 6022383184 15299596263
1072 -547838578 11078617017
1073 7489178330 814733964
1074 0 8781622567
1075 5203683054 5910909753
1076 4452430867 5944384905
1077 10342797821 7105289072
1078 4605462891 1385448533
1079 9378629592 44205454
1080 0 7017241086
1081 6453357740 255612884
1082 6563340499 6992813898
1083 8447723516 8765147891
1084 7618847922 4963079463
1085 9378629592 6763407887
1086 -743518337 11191322318
1087 5456981819 8816080284
1088 4520583248 5475273795
1089 3602455897 2562623900
1090 4790533153 6538424490
1091 7333068624 5324956589
1092 -8096415491 12162856360
1093 9346342737 8467990226
1094 10000000000 8378505224
1095 8948255729 -1786161741
1096 4921780471 1509025095
1097 8160499747 10094216164
1098 5505386462 14996645961
1099 10648223809 13776311426
1100 590135681 8283131954
1101 4361388016 6129829906
1102 -10375144604 14027722701
1103 6591634599 15495709162
1104 9334298961 9790415734
1105 -1716140593 12212343232
1106 5821976958 9164833099
1107 9378629592 13575539173
1108 8003668463 -1013130411
1109 7464913952 10014949802
1110 9378629592 7402652181
1111 -840901096 17737484394
1112 -10375144604 6238752664
1113 4174583350 1226753858
1114 9378629592 6216728424
1115 0 9294596763
1116 898567894 11664990633
1117 3986603847 15504619311
1118 -935198733 10791140745
1119 -10638081810 7444844925
1120 8054113797 8677315048
1121 1644355797 1861108439
1122 -10375144604 3706285877
1123 -950104368 10822496384
1124 1631623225 6086966958
1125 5547712793 8480548265
1126 -1469431818 11768882369
1127 4113600274 11848603131
1128 7951713248 5465182570
1129 3144317062 10000000000
1130 2265187628 6982832173
1131 10315172898 6858473639
1132 4085891657 6090738272
1133 5605065086 6181897872
1134 5046303666 -57000607
1135 2698126207 7658997264
1136 3803205301 15158171219
1137 -11578548025 4263685568
1138 1632439561 9407213421
1139 4495029424 6148257157
1140 2895615338 12507196732
1141 -10709175327 7417537584
1142 4645224701 2011431794
1143 4683399274 6551798808
1144 8077625253 4847409038
1145 5412804961 81966884
1146 2334112874 15088812150
1147 -6905544660 12015586207
1148 -873771972 10684003795
1149 7085206102 10035488070
1150 -7137532545 -2495090702
1151 2409123330 3565333457
1152 -1836386852 12338431813
1153 -10375144604 192354400
1154 5312314941 9785434510
1155 4753161102 6061180155
1156 -705726238 12123373114
1157 4742661826 5049566950
1158 6668611868 9973792661
1159 1599603878 10000000000
1160 8897246440 19941784248
1161 6103363414 8775557731
1162 5180018383 15012970835
1163 4363912146 6323155352
1164 7157271024 10440706430
1165 5310830296 4394405760
1166 822378341 7604006287
1167 9745055531 4195322776
1168 -9894308900 11587840058
1169 2474835785 11861077347
1170 4250682973 12118625383
1171 5746809584 5736635370
1172 7165353735 9271702675
1173 -10375144604 14027722701
1174 6021512142 277190108
1175 8655462574 -220606204
1176 1474134935 4330509263
1177 7886564382 951586018
1178 9306670209 -581507543
1179 -1972614461 7151260049
1180 10804130455 13925280209
1181 8611822358 4691282927
1182 2826821791 2017315114
1183 2774114397 12389070026
1184 6210094876 15664754307
1185 9378629592 9496561679
1186 -7124155073 4594515484
1187 2307824119 7155464448
1188 815155776 3264145584
1189 -496680484 1626393991
1190 9528247427 7639328481
1191 4768758111 6013798738
1192 -2089829963 10347418976
1193 3139759685 -415855980
1194 5351389894 12811375522
1195 -902417774 18149429297
1196 11283549724 15486452067
1197 7294152085 5212656301
1198 -605647962 10197536840
1199 2899076215 9521409952
1200 9378629592 12151652066
1201 3759413845 9627138199
1202 6921498611 9038673746
1203 -1653340819 10635095473
1204 12300070453 10504405438
1205 9314883779 4569051214
1206 -535222037 8125673848
1207 5432080184 6457885811
1208 0 6004114612
1209 -8780258770 -574258047
1210 9378629592 5610404138
1211 2447184119 982416152
1212 980094387 8567357253
1213 4182658668 8828367928
1214 5509160121 6606508864
1215 9530456608 6689391161
1216 4815570404 1595945291
1217 8432476802 -1364058581
1218 4341824042 6107515793
1219 4337848421 877346352
1220 9806181916 6117129442
1221 5383757534 8746114489
1222 5050344246 1908088385
1223 -567635695 9456584200
1224 7996998891 108205134
1225 4386870978 6049414427
1226 6632478160 6179880801
1227 335393042 3426243168
1228 5245374913 -418182672
1229 5373425580 8736242308
1230 9268787522 5696867687
1231 1541457329 9225737568
1232 10800602522 6385950130
1233 6484777289 10273285068
1234 1878156246 12399226418
1235 117335383 11806354309
1236 -10375144604 6184538372
1237 -10375144604 6887356271
1238 5866072355 6000767865
1239 4224843121 1433404561
1240 5586820553 6065705253
1241 0 7913567744
1242 2256709459 6814623523
1243 3043236157 8114167873
1244 -821748010 2949123613
1245 2023956171 14223821903
1246 5359095864 6292168384
1247 9630000703 8398801027
1248 4686109141 5843864925
1249 9378629592 -252589461
1250 -11627865482 3435340396
1251 3558773397 17298816650
1252 4892916013 6520832252
1253 9378629592 -2138371105
1254 5254067815 6608349565
1255 0 10000000000
1256 -10375144604 14027722701
1257 1308081765 15280751031
1258 9539129170 7997810928
1259 11058990132 14509682080
1260 0 8294726395
1261 3334653222 7484071771
1262 9378629592 5566639246
1263 0 10000000000
1264 9161579283 -173758514
1265 8108958813 -3113335447
1266 9500473162 4519024230
1267 9331419686 5254037291
1268 6820979465 5227283262
1269 2904830690 1899760881
1270 -10375144604 5749564342
1271 4658198186 817854671
1272 8343351995 -1291120621
1273 2790837031 3252946597
1274 9378629592 -2138371105
1275 1603988185 11869682734
1276 9378629592 370349439
1277 4315321309 1269246756
1278 480215058 403954444
1279 -9087910842 4528666723
1280 1592766338 7710641420
1281 4553736548 5264097719
1282 -11109958701 -2540565129
1283 -814177754 10575879880
1284 5639304714 921817603
1285 -916813828 10005306908
1286 9378629592 15129426612
1287 8200628266 8251904026
1288 1179247649 12630240217
1289 5664385880 14707899142
1290 9378629592 7595150433
1291 3829654537 1921277424
1292 5965995138 44666
1293 0 6441406883
1294 8958861512 636026775
1295 9893734092 6043551186
1296 3493906295 14480471522
1297 2082663204 4104939381
1298 5574819946 8928674601
1299 8070282281 11313088584
1300 539458787 10000000000
1301 5119376852 -189579895
1302 9378629592 11859753471
1303 -1395249212 10407255740
1304 477227936 7829096758
1305 5003768044 20173287
1306 -1347820292 9792031685
1307 5784863981 -734771442
1308 4585509834 1078614271
1309 1498195462 15280751031
1310 4946462514 6507121918
1311 9151897213 7867308594
1312 76537866 11712475418
1313 10816571679 9074832380
1314 6739035317 9902859740
1315 9195174742 8788285930
1316 -10375144604 14027722701
1317 8671023770 11871297342
1318 9886889920 -2554321194
1319 7568591427 7902354341
1320 0 5287424284
1321 9424491359 7649361324
1322 4503784195 5019100063
1323 3489058362 10000000000
1324 9084534484 12601396110
1325 1177930322 11854625948
1326 6290215346 9218521822
1327 6102161018 5560009790
1328 5266465747 5402866105
1329 218768996 5357875646
1330 -10375144604 14443243109
1331 7300734233 9308239711
1332 9916375011 6304463499
1333 0 5389043130
1334 -7206772562 -3284135613
1335 7647434262 299369815
1336 11649602125 12101317457
1337 10206179167 14917744669
1338 5432853202 7314845126
1339 5011731977 7895205826
1340 9182149539 44205454
1341 6215629258 7094066545
1342 1381490614 7512841064
1343 7105294971 10065170871
1344 10000000000 8490127602
1345 -9600430730 11967481643
1346 8659417480 4600291293
1347 1196630754 12609916531
1348 1101730171 8694892261
1349 1707973237 14350955063
1350 6404004474 7473140124
1351 -6715279208 3555317802
1352 0 2474972620
1353 -10375144604 7424432726
1354 4935115414 1498112045
1355 794085782 7657949977
1356 2316348655 13052649528
1357 -10582538995 14197450123
1358 10578418168 4055584201
1359 5631054955 -626833778
1360 4357937644 1963901506
1361 -2011701791 1466649278
1362 7173898987 6417160816
1363 10801571968 14199965756
1364 8901246842 9499854358
1365 6654154529 -2805494272
1366 -632326160 12143631259
1367 1681475597 10000000000
1368 6692142786 9358369953
1369 1968255911 1383541174
1370 9378629592 4259665212
1371 5563797836 6446398003
1372 6776316169 5613510567
1373 0 4668376168
1374 -10375144604 0
1375 3855887365 1999292981
1376 668883243 239190570
1377 1235411089 3011001655
1378 7585698322 777018703
1379 6893347348 10164195194
1380 6332698699 5733321004
1381 5643371683 918489276
1382 8841713923 4461599627
1383 9312212159 6724301204
1384 7921351470 11170785211
1385 -1173195756 11227259047
1386 -10375144604 3034739420
1387 9378629592 0
1388 1162148444 12596957227
1389 8262199711 11496465667
1390 0 8386659082
1391 7322274529 -455491240
1392 3856480196 2380845539
1393 2415100014 2396172783
1394 -6790898021 12142151321
1395 5017288703 1211864467
1396 6763665708 -91571286
1397 5157805508 6094327458
1398 9995518650 7732927759
1399 898345953 8068882325
1400 2242961745 1875901757
1401 3962353097 13847387192
1402 3618757656 4828717150
1403 -10375144604 5484068830
1404 6308497954 8273374631
1405 3966558084 11163450875
1406 8868393947 7918094853
1407 -9697410442 11913713451
1408 5434666706 7976607237
1409 5310732115 8676338708
1410 8423167157 11650270044
1411 0 10000000000
1412 1222118182 13105484185
1413 0 8354861608
1414 5084028768 5559125921
1415 10000000000 7215565951
1416 -8913569353 3407879774
1417 2923940955 1849900801
1418 843333751 10000000000
1419 -10375144604 -1528162501
1420 6803327295 9946029579
1421 9378629592 -2138371105
1422 8805090115 -1668997866
1423 -11050909996 7332608641
1424 5252625352 5858304231
1425 5679749348 9028934634
1426 1734596977 15280751031
1427 5303392983 6553278748
1428 2712760962 2721917318
1429 3672251974 7649401527
1430 -725815119 6130904398
1431 -7795487837 11916583185
1432 -9772362630 11884730068
1433 5122443160 5488112282
1434 -9948922472 11727892599
1435 2078690256 12895611138
1436 11010278104 6246997369
1437 0 10000000000
1438 5790117295 7260752827
1439 9378629592 14657086143
1440 1325218366 2405223043
1441 9944770191 4701923739
1442 4760133827 1890384866
1443 -5452241204 19186467921
1444 0 5270742696
1445 -6332350205 10719180604
1446 -1956889707 11514141317
1447 -1889172215 12526280676
1448 -13115268782 -1645952595
1449 5143065782 15903521889
1450 6043021970 6019332323
1451 9378629592 -2138371105
1452 10000000000 6601969748
1453 8480888812 6163547891
1454 1359905631 17723212106
1455 -1317445555 10121865752
1456 9378629592 15071033604
1457 420211588 179558137
1458 -1645866362 16915933591
1459 -4222214752 10252326177
1460 3573963481 9153411766
1461 893119575 764363573
1462 -1114385061 11120556706
1463 7270921945 10549299872
1464 -10375144604 -3269114146
1465 9991457522 5972980905
1466 10000000000 8116197009
1467 1407080377 2370138614
1468 5542347573 5470730618
1469 5202506525 5086644804
1470 5457951365 8755390294
1471 4442064695 6151497194
1472 4100992716 1242309639
1473 7242211454 9183967776
1474 5161146356 9090476504
1475 9378629592 501974447
1476 3546899397 7071754478
1477 4207291110 2333113811
1478 3580985925 15944077232
1479 1457546152 1153725778
1480 964324774 13800503877
1481 4375819543 1955828602
1482 -10375144604 4097818542
1483 4641912194 1553208044
1484 6685552320 -2045203875
1485 -1861129005 11628808936
1486 6729173258 9579139167
1487 10441471607 4632241483
1488 8746157036 -981431610
1489 4788340992 9525139805
1490 11060809434 14170536946
1491 6454904892 8710181301
1492 4927286516 198750962
1493 9636087420 7590014888
1494 8585839489 -629090862
1495 7935691360 15292720953
1496 6600947017 134828771
1497 2349468733 7055589210
1498 2757898208 6956182134
1499 9378629592 6755504573
1500 622052845 15280751031
1501 -5016094907 -7030648700
1502 -1465976832 9313239634
1503 4590851570 7331608704
1504 7637442556 573875042
1505 4802587261 5998555489
1506 5247179392 6144681108
1507 -10375144604 2983282045
1508 4095465477 2185264764
1509 8511169182 8541871218
1510 -6266473315 12061624656
1511 7668673825 10925960926
1512 8953900316 -1790781158
1513 -4425562254 10188868005
1514 6305984453 376220235
1515 -10375144604 3988978898
1516 599459548 5046326110
1517 -9090052549 16840480580
1518 2132702464 1224593314
1519 -8239484111 4931080272
1520 -10375144604 499028274
1521 -10955140534 6296156821
1522 1716145482 390670375
1523 -2173933470 3454060230
1524 4699303622 6698795516
1525 9378629592 8222480109
1526 -1246930423 6557374742
1527 3853061096 15287028058
1528 10000000000 4143074694
1529 10000000000 6819743942
1530 254320001 8637266288
1531 4158553944 2133634424
1532 6340856647 5489212930
1533 3749672954 2468254450
1534 1851621769 10000000000
1535 3490855992 11300388888
1536 -10375144604 14969751390
1537 -1767503720 12259036782
1538 5694982225 6086368293
1539 0 2305677578
1540 4427542186 5906464436
1541 933654330 3457854349
1542 4303379520 6729527705
1543 -835184089 12298167305
1544 1772604483 1877442111
1545 -1624762300 6866584796
1546 8130689348 11370807530
1547 -9751622623 12294717346
1548 0 8198523649
1549 9378629592 15078759758
1550 7019088215 10308672771
1551 8088967394 5892201355
1552 5978085283 9313994587
1553 6908184470 8459218576
1554 4231684969 5572211674
1555 -9852793559 11522404176
1556 -9981721879 12539736163
1557 9378629592 9855241384
1558 -9584716710 12213837551
1559 4124841295 18517966344
1560 436968768 8062434972
1561 6471591902 5471696285
1562 9437369608 9605129207
1563 3971852882 15637179011
1564 0 5772611485
1565 3465311124 2700970486
1566 5432748671 5368260285
1567 3639645358 8079652531
1568 0 4177429227
1569 7210277849 769837321
1570 5755062054 5585576464
1571 -1664667375 -1433760254
1572 766013605 8227067132
1573 -1526792784 11868802749
1574 0 5554501787
1575 -872486830 9800079762
1576 1922184278 6631865191
1577 5345311975 1162415382
1578 -1509722093 2656304532
1579 1326310972 7590452674
1580 -10375144604 13812539624
1581 -896161819 10724626494
1582 2120925715 2337243887
1583 5149387780 6905061744
1584 2329021649 12334569295
1585 6100080092 -1968904767
1586 9240825368 -2025594884
1587 9378629592 11935909703
1588 469465959 7494615752
1589 7997203575 683806610
1590 -4306200093 20874307110
1591 0 5144380412
1592 9078418537 -1892684381
1593 0 6335285871
1594 4986445300 6496800272
1595 6419721691 9735978124
1596 5463302260 8822119465
1597 3055136764 3036648980
1598 0 5261968838
1599 3881515788 2360356911
1600 1854498526 4019227306
1601 -10375144604 12119037473
1602 8392353076 37410717
1603 -763699477 10484295340
1604 1812817832 1664043578
1605 -10375144604 14027722701
1606 9664716092 4633944222
1607 4142058072 1583604428
1608 305950588 8543591072
1609 2541209647 10000000000
1610 7845614111 554127939
1611 -1933860657 12092286411
1612 6907838767 10202373937
1613 -1639591095 11077763452
1614 5566644591 981281194
1615 10363989933 3998423263
1616 1504968590 7508865385
1617 -2926016004 15366600182
1618 -1324159181 11501157373
1619 4323798944 6875437538
1620 1970397444 3924377949
1621 4541976569 1931644647
1622 5764866143 819060640
1623 9378629592 10231403399
1624 1989669068 12008217594
1625 6272928015 6430412749
1626 4990970124 6441324218
1627 4971445886 78816531
1628 4896770304 1651445440
1629 6041257274 592867665
1630 -10375144604 14027722701
1631 6819138909 10117621232
1632 717033358 11700625976
1633 0 3649450713
1634 2530285420 7099101762
1635 4617898867 5521247870
1636 4360785357 1968132280
1637 0 2909199202
1638 -1845847894 12443503285
1639 7148342170 10432174911
1640 4247266819 5951209676
1641 7761678405 632664710
1642 -10375144604 5920729305
1643 3419473234 18511959879
1644 -9702526017 12714653702
1645 8085358 8519864998
1646 4599482218 7857554921
1647 4852074431 5504779814
1648 3803163925 2198472167
1649 2905093342 1468512324
1650 7097500380 -271540571
1651 6349086889 6896264779
1652 -668553843 3037157760
1653 7135257544 10419672553
1654 6614519051 123721689
1655 -1253917161 11028164587
1656 2820753529 3228463533
1657 2373970930 8390324878
1658 2407102131 4568142668
1659 2429288740 9796451369
1660 6618505723 8267381723
1661 3820003712 2410697164
1662 5976919410 9312880595
1663 829143979 3302976326
1664 8245920413 4681298477
1665 9378629592 7041575403
1666 4927733296 11369113805
1667 -672956561 10319657231
1668 9378629592 8159414316
1669 1761653216 15280751031
1670 8845017473 9964746418
1671 6195529632 6906092913
1672 2819483021 12048910980
1673 2203306876 2867487802
1674 9250618535 -3453455039
1675 91824852 3293015547
1676 10692548405 6540970275
1677 1765341606 12006208355
1678 2495010728 6958555465
1679 6191264277 5361346142
1680 -5474898503 15396202358
1681 5034147132 445632993
1682 924324815 1290276841
1683 2127098886 3796136622
1684 0 9623089471
1685 10650816568 -10225468282
1686 9378629592 5320054812
1687 0 4846989979
1688 5031801008 8560598643
1689 1347739079 4433949104
1690 9596236802 5347423970
1691 9509609740 4828535068
1692 4722829590 5745598187
1693 -1882005672 12403382973
1694 7306835077 -1218721480
1695 4539594660 5363793931
1696 8591589456 5389157150
1697 1476709465 15280751031
1698 3077965516 2016397131
1699 2553753238 7012903734
1700 9378629592 10500323476
1701 575209639 512912492
1702 -1564485710 11937190367
1703 5942735641 8664512555
1704 8237258067 9237557985
1705 7459613551 10729594681
1706 -1572571581 2099342794
1707 7395808994 10668629434
1708 -10375144604 5618318726
1709 2823557117 3226169132
1710 7052554572 -234757821
1711 9408094834 7594440856
1712 -1479826567 10146481268
1713 3343643717 2653406325
1714 7417070923 8501363826
1715 6709294501 5962301487
1716 9378629592 15632757663
1717 -702964911 12252838260
1718 5485365898 5971707650
1719 4869647441 5368523337
1720 620487408 9409515985
1721 9440161773 4237952925
1722 5949255874 8933538430
1723 9802672413 4359698724
1724 -10375144604 14027722701
1725 9236979907 345402884
1726 3348028937 2733472755
1727 -1943626840 1744799536
1728 0 8562661229
1729 -10375144604 4052935047
1730 2994722560 8038666785
1731 0 8026744545
1732 3577819395 2438183117
1733 -821395295 10588974922
1734 1719639230 12269552767
1735 9037139538 386961128
1736 6875527693 5405689760
1737 4321694138 1257684305
1738 -1358556390 11563565458
1739 1613531037 7195937160
1740 8750250281 4954190617
1741 4696204283 578197191
1742 8656233802 11872965198
1743 6358610773 9475897681
1744 8317314223 4931883930
1745 5260595485 5616706002
1746 6235288913 15708929948
1747 2194328931 5187967453
1748 9378629592 6347746075
1749 5960696605 5929876770
1750 -1561570581 2109854249
1751 6306097518 5582752775
1752 4558600258 6275646527
1753 543385539 14766603174
1754 8686978190 -1572337428
1755 7123957788 986270848
1756 5586610294 13697245429
1757 3019596771 18632989464
1758 10220454811 -2827304031
1759 9144712836 189561767
1760 5155055154 -7653568
1761 -136235530 12830527703
1762 2303110654 3652092111
1763 5028518852 8963697501
1764 -9788706226 12781658642
1765 5059609423 7021220124
1766 1606660738 8110127502
1767 4110804825 1872793818
1768 -7417533362 -3485517534
1769 4891330332 8275600352
1770 0 3073966952
1771 5658135259 6613416247
1772 -10219639718 6712795373
1773 2867282810 13116142775
1774 8667619959 -1556495038
1775 4005562746 2258839361
1776 6981818381 15595816326
1777 2790015318 12152767760
1778 -201795984 5702057616
1779 -11273226199 7157027372
1780 5185760545 5773853826
1781 -716672135 9553008304
1782 4578481318 6540124420
1783 7273714132 1193190048
1784 5416283421 7629551383
1785 7901229418 -151553594
1786 5150794456 990514618
1787 5120479387 1346413876
1788 -1195465483 6515256865
1789 5656893791 9235614762
1790 656743177 1760060046
1791 10461270618 8977151834
1792 10063981784 6839919566
1793 4398667627 7086998825
1794 3802703784 2370349639
1795 -4801616680 10988098858
1796 7277450416 -4105049742
1797 4505623639 923974451
1798 1319647393 7453772629
1799 4958038029 5717690013
1800 2500817195 3490293031
1801 2894750548 11729195328
1802 5808724125 337394181
1803 9378629592 12099179458
1804 7076587488 -254425879
1805 2101963243 5210999430
1806 -3490885279 8393782527
1807 5775444142 5796223864
1808 -9406173465 12663552022
1809 8373320525 6581260354
1810 5875222733 9459848954
1811 8214785687 -76898767
1812 0 10000000000
1813 2800557018 14309236228
1814 5314043205 6063469186
1815 -10375144604 5849265333
1816 -10375144604 6157579096
1817 3429577496 7157835801
1818 2255298046 9086029348
1819 7483868039 10273148040
1820 2959872799 8077830186
1821 9378629592 12883702686
1822 7054294897 9564191822
1823 -614201520 3015065281
1824 0 6906259931
1825 -64154342 9221769017
1826 1473512346 9194584756
1827 6123514276 9147107480
1828 -11612728222 3654234563
1829 5279296390 6013963741
1830 2263653963 2853570672
1831 9921971234 4593966474
1832 6048265485 1033422543
1833 3051168166 3039896801
1834 9294275427 10557304443
1835 2939448915 6899488354
1836 1712500385 11910719222
1837 -10375144604 84674868
1838 3303047716 2651227134
1839 5973477185 15276540932
1840 -1767191753 12304967173
1841 1876584525 7213809135
1842 9221480151 10602076744
1843 4428586145 6199171932
1844 -10375144604 5487951387
1845 9378629592 9933393284
1846 4952902580 5903564345
1847 5370521387 15102450126
1848 -10375144604 42214258
1849 8860954050 15082037
1850 4685873663 6247757496
1851 -1097595822 6435162291
1852 9838110208 7206774859
1853 9378629592 4933664693
1854 0 6588804602
1855 709262616 3538304617
1856 8827525415 293804274
1857 -3248436029 9913836456
1858 0 9993549956
1859 5461960067 1066952916
1860 2370689208 11781740538
1861 0 7485823539
1862 10000000000 6814779718
1863 4379497856 1152808958
1864 3977380715 2281902972
1865 4857443768 9173009479
1866 5123183970 6460352816
1867 2656653334 2216994938
1868 9378629592 15280751031
1869 8695346172 9625095500
1870 9871725616 10134248455
1871 11976312145 10354622630
1872 5563047937 836140124
1873 5866931946 7569290872
1874 6641626493 9948008138
1875 4001243459 6272689724
1876 4102360439 2179622065
1877 8414902396 4729564271
1878 -10431106350 -6364986187
1879 -1734397960 22003060475
1880 7049583350 5966825908
1881 462020053 2475818539
1882 9378629592 8643599790
1883 0 6745474276
1884 4514156959 5110058415
1885 9024931403 12225255714
1886 5989142401 9860004971
1887 -10375144604 4879322110
1888 8993672331 -1823329780
1889 -2284495942 1367446979
1890 5724326478 6711975311
1891 9502706203 321735213
1892 9655204488 5707256594
1893 3303736760 10000000000
1894 0 7955563739
1895 7583352894 -4660059521
1896 9713349456 4982577640
1897 4606137977 6704398079
1898 5292899824 -504408813
1899 -11615046688 15042433773
1900 5160589566 7097114040
1901 8686613167 417303802
1902 5460088311 5393101379
1903 10000000000 7811684737
1904 9066258222 44205454
1905 519533453 8845107060
1906 7995779561 160536793
1907 9677822716 7675925381
1908 6153654082 500884365
1909 5275686703 6036395229
1910 9893316020 4117069561
1911 -11336016142 6540247299
1912 10000000000 6021771022
1913 10131459157 5942476990
1914 3697034853 8390762761
1915 -9607219148 12263581032
1916 -1158350512 11200324791
1917 4693662424 13005816604
1918 10424000189 -2993881498
1919 4819036795 10000000000
1920 8846075681 9985492099
1921 105566131 5890885219
1922 1452212996 8399967458
1923 8427437960 6186449830
1924 9378629592 12161538951
1925 4067337754 6487640808
1926 -10375144604 14027722701
1927 10000000000 8749292911
1928 -781971658 10517447211
1929 9378629592 10036955778
1930 2088764309 12804197398
1931 9305735796 14197179930
1932 8928881684 -250556417
1933 -4938157514 5524786316
1934 2355868279 11984788754
1935 5517108137 1021820838
1936 5421287433 9941654175
1937 7281748076 8966190809
1938 -1411871380 11660296746
1939 -1907555342 11808083558
1940 2361338790 3604439368
1941 4927510479 6063100260
1942 -9862374799 11991559483
1943 7177709917 976998173
1944 5046590893 1406882742
1945 -11540700892 7769508080
1946 9811203746 6044857496
1947 5268133037 1225577081
1948 102481116 6559338961
1949 4118766399 1625863340
1950 2237127099 7126033976
1951 7500058771 9447247019
1952 -10375144604 5895188523
1953 2961260420 11709748408
1954 3946389310 11475122204
1955 2904470452 3159951277
1956 3989998018 7459360142
1957 -2624224153 8971834747
1958 7624145264 9498244039
1959 5313825923 -542375782
1960 2661083770 13708020189
1961 4705103920 6258589944
1962 2722093332 8444813719
1963 6676051276 6074391867
1964 5364848216 8728046637
1965 6010505335 6302158431
1966 4337272190 7805935600
1967 8525895698 4650569955
1968 2709760940 1643411008
1969 10917631564 5938461669
1970 7066412931 8786276369
1971 4361457379 6505407385
1972 -4655395629 -4800292781
1973 2419516020 12050153668
1974 9378629592 10728626030
1975 6585476003 -1099925873
1976 -18017990 5551657381
1977 7594338797 9407849093
1978 3769945783 15221616005
1979 1887045264 3073768908
1980 4728335847 6580580779
1981 4667967183 8347786045
1982 1877130208 12757662168
1983 2828368845 5941268546
1984 2189323770 13273463080
1985 3146469186 5762002428
1986 4894519110 218387525
1987 9477762187 4529742701
1988 5353795802 7499127899
1989 -6788517916 12256273705
1990 891415688 15280751031
1991 -2047727359 9791522401
1992 5723634403 -1263252208
1993 -10375144604 5184306709
1994 -10375144604 6568662490
1995 5246234399 8922666188
1996 -652137603 11769446043
1997 7196208841 10477911510
1998 9378629592 4500059438
1999 1012951191 6819549598
2000 8157834290 10574225097
2001 4994978446 6534496450
2002 9411478082 4991837819
2003 9165387883 -5759971841
2004 9029134459 -1852351276
2005 8730958352 -603398772
2006 5087880573 10133079503
2007 -5393641363 827867089
2008 1980488300 3916119795
2009 1697212717 8882675921
2010 9461495417 4449013072
2011 9852173259 5966710273
2012 4421991550 5321166966
2013 7029669920 5590621642
2014 9009077663 -226975430
2015 11326770311 5222324925
2016 -10516985872 7613692530
2017 7150757335 9599622299
2018 5250505702 9947731180
2019 8133702560 -313471532
2020 -997470902 9882387379
2021 7633322505 6174444881
2022 934447291 6357463363
2023 10000000000 7138041180
2024 2240938313 12675156736
2025 -8301518994 -4330165707
2026 5592346524 6009324133
2027 5665729628 5637491274
2028 6524448509 -1703657602
2029 0 10000000000
2030 6609978428 5685245966
2031 0 7729694626
2032 2780866924 6744883369
2033 6008624278 619573856
2034 6589010981 -2059436968
2035 9378629592 4438281249
2036 1370346341 3168013994
2037 5008685299 7094746599
2038 5307990071 9214748866
2039 8189310967 -1165056524
2040 3330833267 1821024034
2041 4459852816 5158078933
2042 9378629592 5454217306
2043 -10375144604 5887271782
2044 -387993313 3240496940
2045 385034335 11787089443
2046 9690446215 6340862819
2047 -10583284523 14921418628
2048 9378629592 6444432069
2049 7613264787 6896140304
2050 -10680965726 7368638134
2051 3282908018 3884702603
2052 8469494868 6200851601
2053 8444996363 -860097917
2054 5950530694 36065864
2055 5726014044 9073140546
2056 9721049757 13825600455
2057 -710308033 6118213709
2058 1570970182 7673950778
2059 10000000000 6298760197
2060 8566837337 44205454
2061 10000000000 -2646888222
2062 9086029140 4379147754
2063 4959373651 8639961422
2064 -10375144604 7052935797
2065 3487751649 1771606963
2066 4382351499 5780103084
2067 0 9161727069
2068 3606927302 15246946663
2069 -10375144604 3354917328
2070 934486701 10000000000
2071 2137993106 2839502331
2072 9987564410 6630545298
2073 9261293855 255404203
2074 5182547444 8350247936
2075 3471821279 7415047081
2076 2317317613 7090531190
2077 -4823205760 9484126967
2078 6495822201 8044834195
2079 2345020351 18414616710
2080 9430901803 44205454
2081 4305504625 8259639588
2082 3077234421 1496502441
2083 -10375144604 6538529258
2084 9378629592 -2138371105
2085 -1106727723 11106663725
2086 -444410285 9904997572
2087 5205643345 -345949103
2088 1169815879 6643079274
2089 2352639478 296462781
2090 -10375144604 2909693728
2091 7294589793 5284078312
2092 -913269719 10427673006
2093 -4663285360 11208234007
2094 6521546724 9833271933
2095 -9420864605 -5399700313
2096 3219715570 11641532014
2097 5576275323 -1018547089
2098 8015477881 5037462441
2099 8893135494 7927287084
2100 5993989490 905868028
2101 8699235837 10586642421
2102 -6169609194 12025507993
2103 8931057383 7330366855
2104 -10375144604 5254295848
2105 0 8906179214
2106 3312121875 8354629714
2107 5534976219 14480990105
2108 -1842474995 11690227371
2109 9378629592 -2138371105
2110 4071429523 1711748322
2111 -1165223856 10318117777
2112 3743084066 2473646664
2113 5115165209 8876330619
2114 5631985992 7469188647
2115 4735313416 6876394525
2116 7437703026 6240884820
2117 -10375144604 5409012453
2118 6687035933 9991396853
2119 -1628902557 10724161138
2120 10000000000 7387086875
2121 -1017062585 10943981065
2122 3349433631 15096704351
2123 9095222419 4543839993
2124 10728781374 4304064024
2125 4607209075 6902933405
2126 -3323070382 15096472193
2127 5266951556 -457329945
2128 5168815249 6667259576
2129 3074435437 14058467974
2130 6201086173 8435906715
2131 -899952460 10453613552
2132 9284443068 374104306
2133 5325803389 5490943608
2134 11095071416 14203274265
2135 -2194019065 10831989309
2136 5895156250 15274666593
2137 6729969349 9508687262
2138 6217383371 15456352080
2139 4949655656 222650108
2140 7806896847 -852096455
2141 2184017969 15182631325
2142 256975650 12315253690
2143 2260806094 9341608365
2144 1004373755 9271882745
2145 8437068855 9619529704
2146 -7363985974 5099739390
2147 -3439370749 3577663794
2148 -11166725560 6771952569
2149 590786801 6568778474
2150 701681015 10000000000
2151 4773990425 5115472933
2152 5252109337 8620324650
2153 7341418199 -3570040346
2154 -2668807559 13940800891
2155 5946694368 5731322020
2156 9378629592 -2138371105
2157 951000771 4758631803
2158 7002729321 10293041850
2159 8610793163 733180967
2160 -9865953782 13611011114
2161 6283799881 16710006878
2162 5693284542 6377521872
2163 8501299234 5567932273
2164 805928402 9224494667
2165 -2913787378 3282515714
2166 -3363810230 -84544727
2167 10000000000 6320397724
2168 4274966360 2038364830
2169 6657341758 6416539906
2170 248475216 8647870690
2171 7989264887 -3521083658
2172 -8902822662 -5994015438
2173 7965609582 9844378626
2174 -449415070 9914077931
2175 10000000000 6692931239
2176 -3839943537 626552815
2177 3711130944 2365450888
2178 3109328443 14969068588
2179 5049016078 966239000
2180 -9203506516 7203975819
2181 -2392407586 13439318561
2182 3995451865 2267113904
2183 -8712218705 14214243474
2184 940658911 9711186161
2185 9378629592 10569578987
2186 307546404 10000000000
2187 9991822262 5080722592
2188 3385241296 2766498032
2189 5719393582 5824078868
2190 -1054556527 11012007663
2191 -10375144604 14027722701
2192 6116136592 531587928
2193 12602656830 6282796179
2194 8156170182 4860110311
2195 5872681121 730827018
2196 5043177162 1111513518
2197 -919347938 10766693895
2198 7621184993 893341057
2199 9358685967 9678258060
2200 6161565783 9489310184
2201 6222218974 9547264300
2202 -9583044321 4950207355
2203 1858707171 10000000000
2204 9772835516 8656473048
2205 0 6324251921
2206 -1710303128 11584101304
2207 4702707165 1688310308
2208 3899353343 6401820342
2209 9400947957 14039542751
2210 -10150719623 4943011620
2211 7094041243 788802864
2212 4078048807 6025480746
2213 9478701572 10186240226
2214 4486740539 1309463099
2215 3409676719 8879675045
2216 9378629592 -2138371105
2217 5240799211 1247946538
2218 -2244460465 13170892822
2219 8343046009 8221525683
2220 2774763552 1993298318
2221 357704838 7833263996
2222 10664075756 4690358139
2223 4852844385 5506870732
2224 6661503165 8900726460
2225 4273536369 1198153548
2226 4668575909 5223409626
2227 6308245720 15836853617
2228 10185843869 -1272331405
2229 357352979 8986063978
2230 5958995379 518878361
2231 -9061836750 3227751469
2232 4795185961 842713991
2233 8705788870 11924253700
2234 9378629592 4781100227
2235 10091291519 6623440292
2236 5502730016 14424449080
2237 8777727598 4891769103
2238 8360305764 5911015166
2239 10000000000 6481194163
2240 5351072743 6986410811
2241 4942148897 1293119455
2242 9132669977 9668054578
2243 4431467002 8342778474
2244 9851891223 10155006586
2245 -279007519 15264870322
2246 2707333228 7556686129
2247 -10375144604 5676094398
2248 2511605052 2285202582
2249 5042320154 6069823846
2250 -1549911888 11849313007
2251 7606484636 -1217106793
2252 0 9297830896
2253 -1182962299 9893284101
2254 6373106952 443066255
2255 8602839887 44205454
2256 -1774458997 11237002177
2257 0 7418774277
2258 4306576592 1707204132
2259 -8182138442 14337890978
2260 9378629592 11599872512
2261 2595242426 7126455104
2262 1082647303 5962238337
2263 0 5411094589
2264 1011812776 12980635476
2265 5411210444 5814315376
2266 372752037 3573331930
2267 6251412284 420881007
2268 5211234867 8581269099
2269 9378629592 11795426431
2270 4939904098 5518140226
2271 4441438589 5920037312
2272 3847542533 5382426253
2273 5089173832 -3826653
2274 9447587811 4343256295
2275 9378629592 11679321231
2276 6906291660 9505785189
2277 5980656443 5540206216
2278 0 10000000000
2279 0 8850052194
2280 9293455451 120343853
2281 4856461855 13291271815
2282 4509579908 916796450
2283 8739113760 -1615004136
2284 5784646979 6336348328
2285 2978661458 16726232
2286 -10375144604 14027722701
2287 2606195960 8335092562
2288 9378629592 14190494500
2289 1728098971 2665816256
2290 -10375144604 5617609976
2291 9281707088 147442362
2292 8491063173 233837933
2293 6548342494 9858875287
2294 6618813629 1080825228
2295 697658449 2383287321
2296 9378629592 -2138371105
2297 8417711185 6565864444
2298 1249617739 4514249647
2299 9091818993 5143785707
2300 2732472046 2185355740
2301 4304419237 1289026774
2302 -1519134601 10726384137
2303 4851353752 296703974
2304 1897443181 2712012393
2305 7753446199 8307814536
2306 -9775230048 12712309344
2307 7475876564 15447095205
2308 1067487985 4663300996
2309 10000000000 9146147122
2310 702513456 11676027335
2311 3984562829 1869353665
2312 4063209665 5848955467
2313 4604188030 5573884775
2314 342503418 8477271969
2315 -10375144604 14027722701
2316 6138516726 9478810229
2317 3810431788 3997547962
2318 10165454804 5598264903
2319 4918935935 174087208
2320 -10375144604 11650270044
2321 5131835559 17747292407
2322 0 9625059502
2323 6558133087 9868230198
2324 -8487090735 24497119599
2325 9378629592 14788067342
2326 1958107777 5255766572
2327 733548576 8032654553
2328 3166640868 2313681249
2329 2904262402 6313725032
2330 2161759503 345372902
2331 5595892015 5712074241
2332 -10375144604 14027722701
2333 8692581504 -1576923068
2334 7137132740 10000249174
2335 -10375144604 14027722701
2336 8332063504 -1281882346
2337 -1368943500 10716719654
2338 4082594304 1691491662
2339 9378629592 -2138371105
2340 5568208760 -1003911636
2341 2274045364 12588176641
2342 4869414880 8917382287
2343 9378629592 14226152654
2344 9661060033 5210794574
2345 471899410 5150718777
2346 5711688538 862580129
2347 1287083646 3573117806
2348 7477338379 7213227373
2349 5638078276 1227494669
2350 8184310895 -1397319959
2351 5138392557 9700724876
2352 1558704181 2709964023
2353 9341149151 4396528755
2354 6467434092 9249873865
2355 6112763590 7740822181
2356 9482151380 5119364051
2357 3699716886 11634245911
2358 6240088494 10069777371
2359 -10375144604 6590326044
2360 1545323998 4272249557
2361 8857711373 11195487974
2362 7620732520 11673793335
2363 -10987810846 7379813505
2364 6558154431 7485841459
2365 9922947441 8297478132
2366 5495761770 5882727389
2367 6935882996 6061225977
2368 4902813265 203339145
2369 2797553204 3247450215
2370 9172163229 7721873606
2371 -10795136544 4617446975
2372 7360290146 10634691178
2373 3922154284 2327099179
2374 4417292443 8381942330
2375 137845837 4847254938
2376 7611097346 8687688205
2377 6606638677 6749265199
2378 -1041613880 11819165531
2379 2657135341 11999901000
2380 830497321 5745413407
2381 -10375144604 14027722701
2382 6159417172 9487257186
2383 4846106866 8232389335
2384 10000000000 7075737603
2385 9043190546 173298022
2386 5030818544 6499093120
2387 9722762570 5702017711
2388 4713632125 4948792555
2389 8648202657 15217679218
2390 10000000000 8202984212
2391 -1147163071 10926829899
2392 1422900193 6031516986
2393 -10857839343 7756771617
2394 9293109611 4643489958
2395 4470380203 5969068534
2396 9378629592 10682846943
2397 2240199124 12867922563
2398 -1080357738 18153491788
2399 5887957012 5051221958
2400 3106845440 9598726835
2401 8419988640 -456662079
2402 4904888702 15390403705
2403 -1040824258 10987092716
2404 7999405383 10174633480
2405 9378629592 9198729004
2406 3122603320 6552929504
2407 0 4192931975
2408 5664524463 9014387258
2409 -1236735769 10212262455
2410 1882444077 7210642839
2411 9022837012 8413507925
2412 -1853119694 12385532393
2413 6928755431 437450386
2414 9378629592 -2138371105
2415 9378629592 10319872183
2416 -10375144604 983444768
2417 8428804710 480357018
2418 -9831652956 -5792208537
2419 9378629592 8170331219
2420 1959471864 7647143782
2421 9678802692 4325201367
2422 4376929434 849542301
2423 0 4314481539
2424 7583286569 -1381290291
2425 -10375144604 -1108821701
2426 1882792573 5167609617
2427 3942252082 15553104200
2428 6416527671 9732926239
2429 4255826695 6565976596
2430 10124936263 7994876209
2431 7429706851 10701018832
2432 -10375144604 3208413173
2433 6790134911 -19998817
2434 1546001375 2370987895
2435 8665882646 464111168
2436 9378629592 8442512125
2437 6010482189 8488174050
2438 -2723490882 2407184547
2439 -825492692 8784189316
2440 9378629592 8727169833
2441 -1479920602 11775576931
2442 6953940071 10091541158
2443 5235011278 4943267059
2444 -10375144604 7643000730
2445 0 8316791502
2446 1216954344 8495151331
2447 10000000000 7401036703
2448 5979065129 7951588703
2449 7396055307 5499450350
2450 -10375144604 5396915513
2451 -10375144604 1584552182
2452 -580457320 10151832559
2453 5998263846 11913958800
2454 1057085914 543567452
2455 0 10000000000
2456 9450024776 504562858
2457 9378629592 11748929455
2458 -1974611156 1715194025
2459 -11673071466 3978517713
2460 4207685600 9958710162
2461 6583736153 6488923615
2462 1902802598 3103860264
2463 5614493680 9893049909
2464 6051101174 6380657107
2465 -9072301758 13333508929
2466 -4860525534 10245654526
2467 8978697129 -1811074374
2468 7020059852 15696598634
2469 9378629592 -2138371105
2470 6922776550 5596990334
2471 2847743557 2742155956
2472 10149293269 4961496724
2473 2942772507 9905060892
2474 8057616479 177530095
2475 -989664921 6346833800
2476 1626148281 6277084384
2477 5075871362 8451929286
2478 5171690117 9704568026
2479 7811031951 15438545380
2480 5476990622 5999372433
2481 2644264525 12615042748
2482 9378629592 5064104117
2483 556051889 1621919877
2484 939957348 7927260710
2485 217158802 7002904296
2486 -2130733510 12736375138
2487 -3960792360 -27151801
2488 2033797576 5805231340
2489 3774617765 2250264482
2490 -8841391403 14198876064
2491 9139880042 -1942983247
2492 0 4035011435
2493 4751997594 1033747873
2494 409343455 4740857393
2495 5181595137 8552948341
2496 9378629592 -2138371105
2497 3488498627 5664458509
2498 4880253126 7804353863
2499 9090305381 -1056499598
2500 3584078946 2595965859
2501 1901893628 15242081555
2502 2632167358 2904303208
2503 5428291702 9673833150
2504 4500391526 12666932219
2505 6961283295 7589399998
2506 8958883292 15247492069
2507 5451285040 5837105165
2508 9378629592 12802782557
2509 5382428984 8547827316
2510 1772344048 8638678127
2511 9658491680 10205218807
2512 -687211381 2945304367
2513 680187118 19755466636
2514 6998733886 10176166281
2515 3616865409 2540277164
2516 4013387503 12841574361
2517 4060780392 3660516273
2518 0 6884990405
2519 9378629592 9126498834
2520 5208324525 6312960001
2521 -10375144604 6958241198
2522 -10375144604 4395800144
2523 1424184343 2897776329
2524 -3027668952 4981513914
2525 2620602845 13358953119
2526 -11181909 -1541293846
2527 10101093769 4587692907
2528 0 10000000000
2529 6582552955 -308897487
2530 9378629592 5552260159
2531 4470102906 986275818
2532 -10375144604 6820319216
2533 9378629592 13208454990
2534 5918184815 5834237246
2535 8479234001 794059236
2536 443359706 8177715359
2537 -10375144604 15623911511
2538 4030513689 2238420008
2539 596882787 8437903432
2540 6269559677 9592498337
2541 0 5222421998
2542 9544435977 4189444522
2543 1677592861 6492375846
2544 4638554995 1392505754
2545 5836066673 804861687
2546 -337789698 11577870465
2547 -10375144604 13603336813
2548 337839850 5816669384
2549 9378629592 10078609974
2550 3461992405 2632203216
2551 4869623864 7886893927
2552 7314656551 5052479640
2553 9378629592 11783639936
2554 0 9336428551
2555 4467936179 992352154
2556 5127214650 5624517390
2557 -10375144604 3246279752
2558 4267631221 11990481518
2559 -9750351846 12033721148
2560 384557926 9156107544
2561 -1756670070 13973314132
2562 9378629592 7727294957
2563 6323445237 9278379867
2564 3383873485 8193577699
2565 -1748930184 1733570260
2566 2193998501 954704821
2567 6406220201 6451017268
2568 0 9226797639
2569 -8107220497 12171698961
2570 0 5521005505
2571 9316345925 -275345800
2572 3681947024 9289894152
2573 2266833213 7033151468
2574 6696145246 56920444
2575 9566194550 33696411
2576 5426245642 1057785988
2577 0 5172331149
2578 -694836241 10359354316
2579 4450663118 1464299145
2580 4451263516 1022601961
2581 0 5995975154
2582 9258933018 7100311634
2583 -9691171083 11862450937
2584 2560531807 1506239274
2585 12733039491 3433696579
2586 8870536913 507400406
2587 414184356 3785168902
2588 9378629592 10620780737
2589 -8708958293 17107952294
2590 9339599062 4684362413
2591 5422284117 1099422920
2592 9832495663 4949606342
2593 -735267022 10958356537
2594 5757440928 9387741949
2595 6991151547 8210180282
2596 8351354094 9384785123
2597 5008025765 7685026987
2598 -408774285 16564079074
2599 9012531496 -1838763744
2600 9526216146 8770868025
2601 4904257057 6169539790
2602 6475130610 5540144847
2603 1980342375 14609147934
2604 -814238182 10575989516
2605 2167451877 4887986253
2606 98013847 8918164015
2607 4347910894 12399570161
2608 6351037286 9670350184
2609 0 10000000000
2610 5242479380 7087547020
2611 -1863348516 10892366617
2612 7803956443 1072521376
2613 -8923764299 -4924721026
2614 7703258577 10962397476
2615 1592720595 12198835994
2616 1326277919 12397242325
2617 0 10000000000
2618 -9889821705 11644974450
2619 5380431093 6606998527
2620 -493922485 3218788355
2621 1234405032 7482497634
2622 -1524912127 10543022952
2623 4801564754 784331272
2624 2533199132 986467287
2625 -8415583316 2237611950
2626 242617552 5890493311
2627 10007373042 4840822651
2628 10000000000 8128220786
2629 8078893232 -1905199265
2630 6672116 15280751031
2631 1933707864 12137043986
2632 7438068025 10709007933
2633 4383976217 8330043309
2634 10706990214 5716574169
2635 -6287808816 13278296181
2636 3492427292 9629136629
2637 -10829545789 7747378295
2638 5058183431 63444914
2639 4994622971 8522814096
2640 2720692003 7583872488
2641 8775140816 359492341
2642 8951738522 4822590519
2643 5855346021 106794862
2644 9147168022 5480420126
2645 -1666605147 12122469305
2646 2043461837 6957168627
2647 10000000000 6616917934
2648 9006839098 4919413116
2649 -5577644162 19218406900
2650 9378629592 14661888853
2651 1911903824 5276181553
2652 0 6303541990
2653 9378629592 15419716800
2654 -1711886510 11162014102
2655 4478156932 973808276
2656 -10375144604 5304171243
2657 5423651636 8784233298
2658 8160420054 13983212388
2659 1125028884 5771047577
2660 5776595398 809461652
2661 9378629592 -2138371105
2662 6546092239 -710823240
2663 7442348593 8565268346
2664 -9185108047 13053820579
2665 3284044337 15269141535
2666 6570544495 -511015486
2667 -1623294035 2050877495
2668 10162837979 6053825156
2669 4949447974 8331131752
2670 4650244124 1273561763
2671 5845809372 6390518487
2672 4766219369 10000000000
2673 8353654790 5851343814
2674 2225871395 3715303176
2675 -586156489 12192705577
2676 721339571 7789936023
2677 6051929586 584133658
2678 5114742387 5150259046
2679 -10375144604 15248450278
2680 7938472053 10431786130
2681 9079107707 512604087
2682 -1589141210 11981923722
2683 4216649856 5981998447
2684 2498747883 3491986515
2685 0 8584982451
2686 5222857767 -377329012
2687 196234250 6185466409
2688 5874974470 8859902495
2689 5613066288 6683668587
2690 5543852085 8265387117
2691 5213979031 1269895637
2692 5023107690 5613108995
2693 -10375144604 11721208179
2694 2726001477 6192788219
2695 3937732713 15540267885
2696 7027656079 5264162442
2697 9427102836 8369677602
2698 9257135056 12447126278
2699 6763382524 10005771742
2700 5825195440 14710525552
2701 -10894668568 7562203090
2702 -10375144604 6872277537
2703 7750608720 12116918380
2704 7301151144 10011802067
2705 0 6155056599
2706 244368432 8655321774
2707 1816803228 12335623464
2708 10000000000 6534490449
2709 10942363819 7214634230
2710 -10375144604 2579534395
2711 0 9469293082
2712 5871974056 6215610208
2713 4884682937 5031598550
2714 9890232233 5130201995
2715 4417437908 13936759457
2716 550950675 3461992655
2717 1225539390 7813296053
2718 2797308899 2359912934
2719 2837182584 6828372748
2720 4029022048 1949116439
2721 6165022428 6496864063
2722 6959500729 9368522637
2723 0 5177707441
2724 1720459685 8524397846
2725 4807274188 5798163225
2726 9582489310 10436955246
2727 -10375144604 4716863701
2728 10667379869 -3193058562
2729 7273479491 6159503631
2730 9500155220 12686442958
2731 5330581755 6014985163
2732 6935904787 10091691185
2733 4919790284 5550804935
2734 8824864085 5338702643
2735 9378629592 15452436625
2736 -967195583 10584109674
2737 11573752887 7335478063
2738 0 9401703929
2739 1857947952 8685519389
2740 1305500393 8754401790
2741 7036513420 5383004765
2742 5465976872 723486127
2743 6735840124 10038029252
2744 2149338254 15272997727
2745 6613248721 5326400611
2746 -602854807 9311239255
2747 -10375144604 2417430537
2748 5524148388 11780255981
2749 4104988833 5733057862
2750 8777380135 -1646320572
2751 -2131422774 11566482716
2752 10437768156 7096291226
2753 5358613545 8722089409
2754 8423589143 5368451589
2755 4739190408 6659922795
2756 4296812644 1302827687
2757 -7303774069 6067354236
2758 8447526188 7530046608
2759 518090515 11495218045
2760 3617021709 15157405359
2761 2315211455 6032266855
2762 3989435737 5117403624
2763 1250094857 7256642983
2764 9808214480 4686351015
2765 -10375144604 5564645430
2766 568166975 6379163986
2767 2607937334 2967546113
2768 -10375144604 5309540670
2769 3998802836 6056862925
2770 3172858948 7684148836
2771 -3431913152 4391024779
2772 3848722928 81682955
2773 -8597492165 5929600661
2774 743004115 2367574787
2775 2337588141 10116728657
2776 0 399396138
2777 536800601 399819363
2778 4648759624 6756342501
2779 -810699691 19060327442
2780 6561727609 9871664763
2781 2598025995 9309309029
2782 9378629592 -2138371105
2783 3757775750 14635101206
2784 7607061752 10870481421
2785 5145062654 6189088142
2786 10777459423 6825682188
2787 460512805 9030703082
2788 0 10000000000
2789 5052722765 5864697630
2790 4389365270 1134906156
2791 5638181947 6785408829
2792 9378629592 8215075244
2793 1785771703 2645303120
2794 8896002909 5634329694
2795 -10375144604 14027722701
2796 9378629592 4962182683
2797 -6932019328 5225514428
2798 0 5674230321
2799 10267747629 3994805832
2800 -9557656052 12564407358
2801 -1453723516 12942731848
2802 9528964681 8705932213
2803 606839624 7058853716
2804 0 5437808557
2805 5306411783 1194250521
2806 1241388876 3511644192
2807 7305198665 10582051274
2808 -265048073 8577339154
2809 115730335 17138179654
2810 -1075358514 11049749450
2811 253187514 8639321000
2812 10206979869 4787358074
2813 4631712811 1382947029
2814 651554332 538797287
2815 -10761325480 7658049017
2816 1755295104 15280751031
2817 6117230043 8331380314
2818 6556584232 -290082869
2819 4092452951 2187730155
2820 2160701294 2051186428
2821 6474551782 -154376377
2822 8957903003 5141088983
2823 -862751028 10664008104
2824 9220250449 -283802507
2825 9695496505 -2397688651
2826 -10375144604 6702878262
2827 0 6675741628
2828 2479515634 6802636505
2829 0 4833482713
2830 9635104018 4441288875
2831 4852481455 6790608640
2832 2571956847 2441778954
2833 9378629592 6513745918
2834 -4200319592 4931095902
2835 5409732383 8770933453
2836 1783905397 6715201333
2837 0 10000000000
2838 4722288660 5624495058
2839 3388660020 15384893830
2840 755689847 8652801957
2841 6954754827 7732033962
2842 4129319249 2102197629
2843 -3591984732 10620892412
2844 3856774589 5804827605
2845 5103741479 5873366957
2846 3355527110 2466332530
2847 3226546563 9738013122
2848 9430901803 124993007
2849 0 7254925337
2850 9716752967 -2415084514
2851 -10212335680 11596287436
2852 1171789445 2061473149
2853 -10375144604 7223503644
2854 -828062032 6214581227
2855 5056880787 1398461698
2856 4395745974 6088135732
2857 8657375910 9074436305
2858 -873642751 6251883576
2859 -9984901338 11772483257
2860 -11506150427 14953315251
2861 9378629592 15769274663
2862 3443503025 9454762605
2863 4971158095 1468615435
2864 10000000000 8760905615
2865 0 4695706067
2866 9378629592 5867940776
2867 353678632 8456996379
2868 9286082198 -2062632168
2869 7397099840 9988906303
2870 4417138149 1922014281
2871 9974203701 5945670213
2872 2651308091 13076071540
2873 2491147638 6874533926
2874 0 7425569484
2875 10839896572 -425494816
2876 0 4380515497
2877 8280733133 -1239874596
2878 8493354335 9856882962
2879 -1163799325 10199591486
2880 -2837820774 7859327595
2881 3569741863 9809256065
2882 5769705781 6338254234
2883 -1989746375 11664355770
2884 892078320 11663168793
2885 1423356431 4372065376
2886 9378629592 -2138371105
2887 9378629592 14785391873
2888 -10375144604 6146938747
2889 1149712794 8487732799
2890 3504513191 6627841523
2891 4048569219 11874699526
2892 2879833011 7946168400
2893 6514430716 8198163449
2894 1500455313 15280751031
2895 3540657651 9722425882
2896 8334927331 11507960388
2897 6204890303 9530706758
2898 6940253408 10233346122
2899 9084678747 44205454
2900 7306524723 10583318323
2901 4860390677 6245351811
2902 9378629592 509349349
2903 4526632935 5362737877
2904 4746308307 5254661887
2905 1282579341 4487274531
2906 6004848245 5845687679
2907 5417938331 1102979424
2908 0 8155239479
2909 5248832583 -424456046
2910 4830432702 5854867508
2911 8181261103 8139570
2912 3273256790 14788220184
2913 6127919562 -557826468
2914 -1088367847 11073352746
2915 5052473289 8413891771
2916 6154498049 10529409363
2917 1975850300 10000000000
2918 1503370758 2548942294
2919 -2835535376 892581029
2920 5234298506 8603306404
2921 7074315151 5505430991
2922 4956076005 11077075649
2923 -5529991411 3514657461
2924 -10375144604 4203152706
2925 4937464086 6486750267
2926 6639194607 7595001037
2927 5126667464 6250237843
2928 3396064719 8394309508
2929 6087024935 8486228634
2930 3191444297 6549479504
2931 142705174 3116893997
2932 6680223885 6047638998
2933 3618387051 9323413535
2934 0 7183326566
2935 -10375144604 13824868493
2936 -1129204513 6461030212
2937 10289426762 7266510723
2938 9378629592 5555618754
2939 5306912483 8497889093
2940 1594491865 3288660423
2941 4346527505 5337473866
2942 4807100246 6013613829
2943 -1448211847 2218168506
2944 -1369320883 12020104103
2945 6475269626 5375140389
2946 5353172464 6283748889
2947 9319706654 8732161577
2948 4765871183 8959816296
2949 8802337815 4873072543
2950 10000000000 4905734194
2951 0 8308597289
2952 0 6068429163
2953 4558243523 9678919042
2954 6302366661 379180964
2955 10139406758 4677560121
2956 -10375144604 11949406947
2957 1954814851 3937130431
2958 6092710220 7356877555
2959 6439336111 9406411055
2960 7235207222 5780078684
2961 4855628012 6354976763
2962 7568899028 5198718482
2963 374229385 11607566926
2964 5879780336 9986670523
2965 4339701771 6451824380
2966 3511752033 6080877025
2967 -3944250681 10232662556
2968 9952392067 6091865700
2969 6206852886 15659069749
2970 -10375144604 5723007260
2971 -1705834111 10733946243
2972 9280613640 103874319
2973 10438013887 4068040021
2974 4647696753 666206131
2975 6685558121 5351061903
2976 3483841270 123782992
2977 5648937690 12354329027
2978 5205956801 1276460869
2979 -738814677 10439145962
2980 2780775138 16727330221
2981 -4575704940 4439508604
2982 9045723913 266823825
2983 0 1030472768
2984 5841324647 7773979819
2985 5260399384 7124249713
2986 6796326266 9889513022
2987 -936933762 10798600484
2988 6159264012 6294114129
2989 3617794519 2534794493
2990 1924658904 10000000000
2991 -7591462762 -3382014046
2992 -10375144604 7139362714
2993 2755731166 11898846666
2994 5531131357 5887327493
2995 1657504317 2289735088
2996 -1407139305 6688486488
2997 0 5830856057
2998 641612529 12488695105
2999 2783796394 7095985047
3000 5936356829 6598288170
3001 6001936133 6393878415
3002 -2156181575 12814670687
3003 0 5083917282
3004 9187546207 12244107405
3005 4952397690 5958190066
3006 0 10000000000
3007 4216529520 5910483005
3008 -2573551813 8958724108
3009 4906110702 6353425483
3010 -1035848732 10978065443
3011 5384801061 6369338468
3012 7449393267 9430034894
3013 904569886 14633982470
3014 -904020915 2738142881
3015 338267597 6604473891
3016 4747933987 14983304251
3017 5058426158 18158800052
3018 2653454600 7538345654
3019 4090568600 5593847440
3020 1362096578 12213025497
3021 9378629592 -2138371105
3022 4770391977 5368683853
3023 4319283370 1262058247
3024 5222969884 6122652485
3025 8998250695 99930850
3026 -10375144604 15583331276
3027 4581080234 1787847357
3028 5702492219 7695448359
3029 5742356109 1267313332
3030 5546372257 8901492838
3031 4927090230 12863159340
3032 1755591253 15280751031
3033 8566903658 4904054163
3034 8410075534 11637761000
3035 7676107828 10228596857
3036 4783140072 1790403193
3037 5522791820 762373877
3038 833378953 11869695221
3039 5504293908 10483566076
3040 -10375144604 44205454
3041 771136142 3388886472
3042 2603403654 1284389960
3043 6575898084 9584437996
3044 -1694744091 12173522796
3045 534636626 8128677836
3046 -6921196703 18322885883
3047 6830627633 9615453345
3048 3416580663 1855745818
3049 6402012654 7071311231
3050 9378629592 6888778366
3051 4649242046 915911555
3052 5567663127 6443753944
3053 3417962619 1566356001
3054 10159694097 6325577700
3055 7225625085 10506018728
3056 -10375144604 3489014625
3057 -10375144604 2701640393
3058 2096218609 3821408424
3059 9591350995 7911537223
3060 -11243423896 6385557988
3061 4947379431 4651031546
3062 9990768407 5852594620
3063 4113027600 19655495896
3064 8952631511 -373895793
3065 9378629592 9696592739
3066 3682341209 2523357404
3067 6770788099 6931382896
3068 783513312 3394972344
3069 9378629592 17413593457
3070 585686713 450710749
3071 -11487707478 6610042999
3072 9378629592 10011596223
3073 1153636376 5078968286
3074 -1601427007 3581759764
3075 5342987170 6714929603
3076 4462750446 5525774476
3077 9920956772 4289068322
3078 4768949554 1634098862
3079 9378629592 -1689276582
3080 5301089191 -519267074
3081 -1711821424 3589452993
3082 5556362750 15210471534
3083 4443732699 1900249833
3084 8280748669 948436090
3085 3915863573 2470940870
3086 5492151921 -859835079
3087 3047437275 8438359432
3088 -316057505 8920819183
3089 8852545616 4816566994
3090 3108192568 13414454240
3091 -457011249 3165260567
3092 8266439508 11500516793
3093 -1626545477 1951780333
3094 -1008841843 6362527810
3095 3214971972 1587467000
3096 -733943661 10430308302
3097 4417068275 6858066298
3098 9206109345 6093509611
3099 -3164668320 3660311221
3100 9430901803 44205454
3101 2913268570 1690723335
3102 -512533178 11241535720
3103 5280179792 6217702048
3104 5318172446 6683953479
3105 1261016521 11954018967
3106 3557679392 2625378142
3107 5295568944 15103466598
3108 9378629592 15122192937
3109 8555496474 11288032831
3110 -653176098 16068990202
3111 -11036195601 7177085684
3112 4919987631 6743640468
3113 1922365927 14042988464
3114 -10375144604 4791142748
3115 5636879540 9960853376
3116 -5552923332 19173555015
3117 3889982025 2479170185
3118 3683603605 2415394720
3119 3676221529 2631683442
3120 8802510721 7303504347
3121 7062484317 10350137742
3122 1733902400 10000000000
3123 8442889129 667253687
3124 10226362646 4807767254
3125 2747645221 3288293910
3126 2713126352 3316543462
3127 8014803451 817513877
3128 0 7491970163
3129 -4218076344 8988901154
3130 11152206309 -3589830826
3131 4932533251 6620368780
3132 5956273957 6225538165
3133 10000000000 5805868110
3134 1751021430 3200451379
3135 4617650323 7008391288
3136 6482884905 9796330569
3137 0 4804177794
3138 7283741567 10561549020
3139 659330382 7902441507
3140 4268217597 6364948478
3141 3243282391 5764859744
3142 5534937755 1795521879
3143 6421654358 5954067278
3144 3992773717 15696600219
3145 7263091885 10490338491
3146 5148082856 6164747033
3147 10000000000 5461479495
3148 8434259940 10890079740
3149 6174836938 9501990771
3150 6908780255 8032900772
3151 7314110955 9599888396
3152 -1420561334 10032594468
3153 3860546561 11545017492
3154 10008419816 7712916788
3155 2254201824 3692118119
3156 -7408211876 -3490012023
3157 1246077147 15280751031
3158 4789930151 874733525
3159 714250894 9294529175
3160 -4213896592 125680032
3161 -1274214917 10327445913
3162 9378629592 11426369975
3163 -953281550 2791946455
3164 5159237751 1314694806
3165 -433938084 5892038069
3166 6324533265 15865412468
3167 9378629592 10391502446
3168 -956814443 10834670713
3169 9378629592 6400534844
3170 3590583843 10000000000
3171 4097420254 5758817379
3172 -1627765099 1285850994
3173 -1253705016 11373329869
3174 4047610305 1754964380
3175 4895685666 6103653239
3176 4112430481 2171380944
3177 10000000000 4704314587
3178 9378629592 -2138371105
3179 9378629592 5407260713
3180 2984877071 8102412574
3181 4368896769 1172042888
3182 -7075483210 6184711890
3183 -11388890979 6859084238
3184 198473645 9190888183
3185 -1593579684 22101894045
3186 2150665878 7975440200
3187 5837472450 6375711974
3188 1754522414 1298338032
3189 1306578566 4467634045
3190 6828519306 8454674516
3191 4680410254 12982580031
3192 9378629592 15280751031
3193 3963904967 7009180381
3194 9653667751 4383779096
3195 9378629592 8804494433
3196 463104363 6435726748
3197 955478054 11282408084
3198 1313528853 2240375505
3199 4835117709 5350854542
3200 5292449437 6258867563
3201 2550105097 9288539280
3202 4058533436 15883376796
3203 8361741913 -1306170562
3204 2042319204 7615813649
3205 9378629592 8507538373
3206 -10375144604 3265118686
3207 6574487739 9883857066
3208 9378629592 20258115706
3209 5348127882 -396723772
3210 4929838583 8312394982
3211 9271179417 10550014611
3212 -2731595861 14524823534
3213 6407402777 16010717239
3214 4968590766 1470716486
3215 4443122327 2040601853
3216 7662529180 -733948843
3217 3287935488 7876924886
3218 2378562454 6935989709
3219 7867062168 5341083992
3220 4077001804 7396557726
3221 5288100353 14604581406
3222 4882755971 835752438
3223 8330995907 -1281008646
3224 4986791932 5670326369
3225 -10375144604 4151671118
3226 2004041856 3896844035
3227 0 7226412550
3228 -1268350908 11399902434
3229 132856619 9001335725
3230 6638175644 104361607
3231 -1129633620 11048693388
3232 -10637742850 7507933787
3233 897640790 23850361782
3234 8813886193 9484598110
3235 614664503 5729820178
3236 -9751575290 12999853510
3237 4615228933 5620327058
3238 -827025884 6213733264
3239 0 7490740787
3240 10437348806 5029305884
3241 9378629592 12548872528
3242 2735710921 12645632552
3243 3555294843 2556259421
3244 8167662622 10096031091
3245 -2912467165 269845739
3246 0 7301789948
3247 1161394883 10000000000
3248 4523728206 1834783110
3249 5717367756 8948852373
3250 3700892747 14678630495
3251 9005495333 -1833005488
3252 -10125368627 2875120860
3253 -496522375 12222272558
3254 4333022041 1990853222
3255 2384859640 13170840020
3256 2865182039 3192104129
3257 -3308405124 15174672183
3258 9509103478 4425519053
3259 5386467668 8748704021
3260 8318372891 10412217429
3261 4984280096 10340059825
3262 6804457658 7519448932
3263 4957148609 9866881850
3264 7531931559 10798694529
3265 5405252543 -708254359
3266 4980289507 447267738
3267 5717040277 1758354056
3268 507971316 10000000000
3269 -6852284319 11144684287
3270 3300921428 9157850170
3271 244246880 10000000000
3272 770487205 3588946497
3273 -3659756607 5185889751
3274 1905992076 2025680049
3275 6013844858 615301438
3276 5239807726 7598351290
3277 8463750509 4623415107
3278 1903160985 1838118235
3279 5579155376 5890373203
3280 4974147511 7197341593
3281 8638093755 272643355
3282 6267399140 9488638481
3283 7673034989 10733164891
3284 3942606959 3669533215
3285 7995146090 661719965
3286 9093006279 5046440181
3287 8197529856 11434673628
3288 5344868349 6462500179
3289 9378629592 -2138371105
3290 4126561844 1611719786
3291 -6477477294 10837949712
3292 5186019884 13869124306
3293 3911616901 2001702063
3294 5884919611 720811282
3295 9378629592 13444354567
3296 -10375144604 3184681526
3297 5135871110 13781192617
3298 0 10000000000
3299 9378629592 -2138371105
3300 1182975998 4568787916
3301 3324705985 4782213943
3302 0 3600418064
3303 722338761 8003040479
3304 8831766500 12040686670
3305 0 5789143057
3306 6080499821 560752349
3307 -110738626 12236022924
3308 2326010507 10000000000
3309 0 5739091476
3310 4405869591 1136417287
3311 78252564 5619848394
3312 5663206113 6712318626
3313 -3995491948 9219778282
3314 4470193175 8289218808
3315 10309592729 -2900252721
3316 5170611684 13842107313
3317 1818758285 4048476405
3318 4503475321 5933999159
3319 0 5972379709
3320 9378629592 0
3321 0 5231939155
3322 4481049653 1325009542
3323 -2741057359 982854764
3324 3630111415 -3868822420
3325 4910485201 8297158552
3326 5036810977 -39777684
3327 9378629592 7245874782
3328 4946139241 1800486619
3329 11253912899 6270963787
3330 -1449852454 6723442076
3331 7452680072 13087948
3332 8734085162 5046214129
3333 999862102 15280751031
3334 6693430510 6207397633
3335 6560657178 9880913031
3336 4784964264 7552383216
3337 4968591299 9294342289
3338 -906602283 10907385825
3339 9378629592 0
3340 -8890390865 4485009109
3341 -6093967610 5936092838
3342 7992272174 -1396989891
3343 0 3827299120
3344 5106694020 7247249676
3345 -1162278109 4236982821
3346 0 8836074613
3347 5695299473 875992612
3348 3905833742 2340455584
3349 10512076801 4864200268
3350 5979974205 8418598897
3351 5727075310 9528835187
3352 2473398438 3512731993
3353 9378629592 12406375764
3354 1754312801 4101217300
3355 5326702742 -565738654
3356 -10375144604 18173488020
3357 2382837295 8294772243
3358 8937066667 6272567615
3359 -1013657465 6366468819
3360 5650200568 912900653
3361 10269711235 13414642705
3362 9177281715 10551622535
3363 -1522682254 10676905893
3364 9881131292 9516658061
EOF