NAME : 3444
COMMENT : tspgen
TYPE : TSP
DIMENSION : 3444
EDGE_WEIGHT_TYPE : EUC_2D
NODE_COORD_SECTION
1 9390190101 9839034679
2 10438935918 4118678888
3 -10037045851 2265887354
4 -8495289862 619049706
5 -11391291077 495355751
6 -8078204011 -732181738
7 14481909994 11200791034
8 -2625990397 -22031315501
9 -6014675534 -683692010
10 1826072448 -764494037
11 9486365377 5805015764
12 11373505969 2815569522
13 8954051850 -22031315501
14 8592128728 -22031315501
15 12919044913 1395411947
16 4902669995 6650901547
17 -2265498482 4894737545
18 14481909994 -22031315501
19 -7027370429 4672200139
20 5618725223 7469597180
21 11248596382 -21472399345
22 -3697349607 5855047998
23 7310841076 9818386553
24 5028123734 7267221654
25 4158995768 -1900897461
26 -6884475864 22434413027
27 1817788553 -22031315501
28 6110893131 6457719550
29 -2190270379 28404584546
30 -3314680145 -21650711741
31 -9069589233 4678662642
32 -8711891995 5716883397
33 -1963062238 6011678574
34 6945371052 6297506147
35 2087895554 -691146410
36 1071968198 2618711433
37 4497741719 -3265281171
38 9986795107 -18257121293
39 -3339749141 3579112302
40 6427145836 8313575159
41 -2170344859 3663211509
42 -1103176828 9121781
43 3285807270 -1196099067
44 11448459446 2309408876
45 9990722924 8177884983
46 -8546708206 873200394
47 1920934048 10442482019
48 1286206385 12442971729
49 -14110226097 -22031315501
50 14391523661 11234883862
51 8804973198 6272179867
52 5604628001 -6247886051
53 14481909994 5688475653
54 5914025968 6457719550
55 -8884238045 -16863522665
56 14481909994 -22031315501
57 7365278132 -11230628406
58 1474225462 30409323
59 12204222184 2086430642
60 16343925947 10865089110
61 5323424479 8481474809
62 5717158805 8076723757
63 -8090907573 3781660057
64 -1115346876 -5160563
65 2539004250 12125420935
66 3230700085 15424836867
67 17647372851 -1519889375
68 1584883632 3452754000
69 -9193682814 348145439
70 3551090949 -22031315501
71 7527501571 10137785993
72 15895971143 9514486566
73 8552166931 -22031315501
74 9299410097 3255345586
75 -7057752759 -1238513938
76 6514846408 9593167777
77 14481909994 -22031315501
78 3133870418 -22031315501
79 3006231456 10416833326
80 -5413385245 7080673029
81 5446943054 -6688828453
82 11012649041 4668891581
83 1413468279 12722426753
84 -575569978 1601052700
85 3166228901 9336227280
86 2331402108 -22031315501
87 9203104739 -15987297462
88 8678576715 10011036967
89 14481909994 -6695455591
90 -5877819145 3382069756
91 -11484739087 16640882517
92 123183936 12708602119
93 -4091753627 7355826584
94 -6722217987 -1616439163
95 -4809571942 9158134754
96 -2842589170 -11281116894
97 5552053217 -3286610403
98 5137312333 -3150710339
99 4641255001 7841553888
100 -5061209 1770703578
101 -14684284542 -2493774836
102 14481909994 2439470130
103 8536343470 9483396035
104 2543328265 11133170861
105 -6182372950 -6613109838
106 8218462782 -12810064106
107 9136771439 -7957819902
108 -8045574686 11434884102
109 17211046936 -2027523899
110 8375395649 -22031315501
111 2211838258 10429671719
112 6082188037 -4740163172
113 2218848221 10723271857
114 6485061216 -22031315501
115 -7791226705 2354257505
116 2777142786 11328073513
117 -2340112191 4370456900
118 11102334326 10776864309
119 6328170171 6077322009
120 -6938932217 -22031315501
121 14481909994 10137762261
122 -12085188719 597914005
123 7052881379 9095808151
124 -1075904414 5125318442
125 2355236523 10782934866
126 15020818177 -5372121358
127 12612197264 -22031315501
128 14481909994 3661659970
129 7546236058 10010956672
130 1522685317 -2672616430
131 3067097132 -2096788180
132 8516922758 4225051617
133 7696615734 -22031315501
134 3684069977 -991107712
135 -2917059927 7498475254
136 -3219311188 2508675450
137 2485433889 10815116895
138 5323424479 8076723757
139 13469728416 5165690034
140 -132563855 1148199432
141 5520291642 7469597180
142 10912478530 19422577606
143 8401720021 3103314015
144 6662450118 -22031315501
145 9259327763 5940600547
146 2253168221 -22031315501
147 6625194652 9078869951
148 -7695088174 4616004319
149 5323424479 6255344024
150 4929690153 7064846128
151 15749580813 4387775462
152 8981345667 2323057000
153 8909297201 7259970621
154 14481909994 -22031315501
155 9802689915 6376350626
156 -2171298977 21896165638
157 8620314972 11405891333
158 10277907395 7243314950
159 -15273367222 -3609983734
160 6655033606 -22031315501
161 9789080250 983269002
162 19918711078 1122652951
163 11732376996 8745465200
164 2690129367 11849007317
165 2278179688 10024373840
166 9020635492 10662532640
167 8231681185 4050954152
168 6860246134 9698558626
169 9334475592 1977168070
170 -2565969580 4956394647
171 -16991602144 -9895018961
172 -1735374313 4765598344
173 8400571761 -22031315501
174 10397410714 8534073743
175 9343977260 10558999801
176 3313442240 8886856941
177 1100667110 2595476434
178 3176400637 -2689922763
179 4929690153 6862470602
180 5126557316 -22031315501
181 1508457705 423812718
182 -3532247489 7027750600
183 6722967681 9193612981
184 8307920241 3722086356
185 6069125096 12035994016
186 -492243897 726091436
187 14481909994 -22031315501
188 -1636451502 2745865960
189 11175627823 3951856479
190 -7814144246 12472884204
191 14481909994 642808770
192 -1938748123 6293707914
193 10494088696 -1020829519
194 5520291642 7267221654
195 14481909994 -22031315501
196 7331083728 9595103517
197 4583590052 -3417080032
198 285043585 679573478
199 14481909994 2896848066
200 9248119889 7457785728
201 4702971360 -6012534132
202 -2540426791 4806480805
203 -3232781233 2904793053
204 11947208303 9617318405
205 -2394948745 6722780554
206 9034882532 7571069933
207 14481909994 2864347843
208 7342415683 10035040883
209 10064826341 2476556451
210 10951193124 -22031315501
211 12988634812 -422626920
212 13686843542 -24726826502
213 3616656207 9928738154
214 -1882359778 -905300248
215 -1358618038 3766261314
216 11692327300 833696397
217 -1631185288 586840631
218 -8464681504 6416294572
219 14481909994 2715080662
220 -1471839311 5300117126
221 9777925953 1386811816
222 3790723969 -1850402943
223 6308904507 8957121805
224 7525523608 10135464724
225 14481909994 11120923069
226 9370279971 5540233958
227 -9506207452 13505649499
228 7207443348 9231646478
229 715690423 -2003117526
230 9043108050 6970925922
231 7108027358 9645505635
232 7835881117 5430617200
233 2342740004 10655748093
234 8202249653 -13063397167
235 6824231715 9311123979
236 4339300480 9530419850
237 -17723719095 -9265744191
238 6949433245 4419345537
239 -11482559362 3272638206
240 8796959395 6678784446
241 4903053735 14818011268
242 -3626506274 4609661793
243 5520291642 7671972705
244 6794860216 9898167848
245 2816717846 9767956609
246 1721074954 12781762916
247 5473579063 -3065844930
248 2339972651 -144448838
249 -10382823575 5785547435
250 -2842438322 -13895770508
251 -9672632963 1706722371
252 6802510792 -10143038937
253 4613306184 18873401624
254 -5601945047 9197064499
255 14769412441 3001921064
256 1866077264 -22031315501
257 -8481633253 7319410145
258 14481909994 8448006177
259 -2601164646 5945726538
260 10647836924 6378033651
261 10989946816 -22031315501
262 3361153102 -16151423238
263 8128177935 2979933827
264 14481909994 11759855465
265 1526401714 -1488438665
266 4184809383 8427605814
267 10717765658 7202820638
268 2747822985 9886153793
269 -10365546363 4696790992
270 -1946667487 3319316332
271 7659530293 -12326866173
272 6415890750 -22031315501
273 -6029398006 -22031315501
274 -1210309314 -23459476680
275 -10940342519 5592101490
276 16192955887 -3212001252
277 5224990897 6255344024
278 -18408225549 1412374747
279 -12635852465 -13638906297
280 -874160514 4486606731
281 14481909994 7298636148
282 6378573168 7395298817
283 7081308864 9858104167
284 9524031051 2959620531
285 15729221514 2095264783
286 10994520544 5744500958
287 10414343659 4115338247
288 6199391259 7060659013
289 -11425545364 6225876683
290 -7513923621 -22031315501
291 -2718071684 16354084054
292 23103172294 6816875926
293 1716436421 -22031315501
294 7128117 1312137077
295 3824353844 -1622856568
296 2653833669 11317869792
297 2506142188 10026254774
298 8484846170 -22031315501
299 2305504745 9924331630
300 -4023331599 4587323244
301 -2257970528 489302843
302 7215445191 9796476679
303 -2903563194 4179022624
304 14064101769 -26206038
305 2691829303 -3427867236
306 5797667509 -22031315501
307 11149618054 7969277807
308 -1844451926 4494148680
309 -35400500 -5370646708
310 2714836578 12000471230
311 1106045591 -9168670445
312 -1183112554 14212614914
313 9444352295 5121505334
314 10670320383 -18260195130
315 -4016818730 -22031315501
316 3140134839 -951109102
317 2697042666 11601170017
318 10334313844 2049283362
319 7766401851 8640598803
320 -2254997772 6493226909
321 14481909994 6684428830
322 -649651997 -7128523023
323 14481909994 9006606810
324 6506145469 6140858732
325 9705499822 -22031315501
326 -11347819495 -14746006263
327 14481909994 -22031315501
328 8784218657 5482124025
329 -1674506087 5566143370
330 -5435425205 9909490773
331 8820829420 5399935427
332 5815592386 8683850335
333 3178415479 -22031315501
334 12453183716 1701345309
335 5815592386 6255344024
336 14481909994 5405085708
337 4507606583 9052878822
338 5188911383 6578631617
339 16724589771 -22031315501
340 8423351526 4691273197
341 5126557316 8481474809
342 5323424479 8279099283
343 1969443679 10293772598
344 6864111832 9296445668
345 4338954008 10383317583
346 -4909611271 213154341
347 12383090134 -1718799843
348 2094501176 10298881979
349 13223732530 3532343496
350 844285972 3336970591
351 13981464777 -22031315501
352 8825612638 1918566058
353 -2260716834 5374068162
354 -2356954430 -1462268037
355 5717158805 7469597180
356 8496979478 5591780016
357 -13182786119 -1931974405
358 -7553688120 685777898
359 11447160789 4561896598
360 11737239284 8482063272
361 10068558130 -1384541423
362 -3554514433 6776184064
363 -6927505469 -22031315501
364 14481909994 10168848222
365 1049957063 -1830250688
366 2299230265 10675590122
367 14481909994 3515477721
368 13989665126 9778184209
369 14481909994 -17871863516
370 1736252396 12220436829
371 -5996218308 7958969276
372 10179178898 -22031315501
373 1378115522 12386614670
374 -233034908 1030290097
375 642087658 12109560064
376 9735229634 4935008529
377 -9381365501 -22031315501
378 5717158805 7671972705
379 -5434832260 8728137711
380 15137194609 9762181706
381 1684136024 12080418440
382 -8230407330 -17425508251
383 14481909994 9229300839
384 -47932530 13792817733
385 14481909994 9129838811
386 7151248519 9030116591
387 53718182 2259010664
388 5126557316 6862470602
389 -2044379682 6173536633
390 14481909994 5099295750
391 -2638036296 -1792135945
392 12155438488 979958889
393 8426794510 8378275595
394 9296547215 1813562097
395 -440782033 248291096
396 -8049681193 4519491045
397 11467809249 -22031315501
398 9627220402 7859346188
399 2819783736 -22031315501
400 -4420409804 18964551067
401 1851591010 11503919454
402 6012459549 7469597180
403 7835881117 5154684590
404 7459600318 8241229260
405 14481909994 -1252678588
406 1725597763 11781525117
407 3433315538 -594914381
408 1045166390 59560960
409 1593205753 11159318845
410 8502265008 -14211251799
411 -7989473235 11355053301
412 2347940017 13939359739
413 15581360441 11322444306
414 14481909994 11885737856
415 10325896887 -3073239502
416 -11289059844 -14796511808
417 9798450623 -22031315501
418 -6446575952 7936790019
419 1917753219 14359454176
420 10956537209 -3937610857
421 11436595043 3975339688
422 7006290932 9629872568
423 8850959571 -22031315501
424 7491072972 9240727161
425 1495613664 -5254444360
426 4189630740 -1573765593
427 6030198930 4529334925
428 -3335047430 -22031315501
429 14481909994 -193120339
430 -5755607404 3567081077
431 -2708180998 5791310725
432 9848374521 5171164170
433 10578241654 -351241338
434 -3829993464 7314210209
435 9151637749 7954254433
436 8903335623 6971263213
437 -4129217358 606783276
438 12966537887 -1472730462
439 -789885186 11600412927
440 -593808082 606899238
441 -7175711758 11653697175
442 -612673879 584758995
443 11778737594 3485508363
444 -2040725584 -22898960952
445 -6884657455 8734444190
446 4136963296 -22031315501
447 3590855311 14573220263
448 2527407716 -22031315501
449 5028123734 7064846128
450 -13659797126 6844432493
451 6786639947 5131285556
452 772083821 -22031315501
453 3392678992 12232737088
454 6012459549 6862470602
455 14334652563 -22031315501
456 6422531876 -8160122110
457 1991299544 -22031315501
458 -1542461076 5081022218
459 9679608673 1739417244
460 1569986314 12634642855
461 5557283472 -6360634671
462 5187951141 -22031315501
463 8942126664 3352233401
464 -10678867758 -960032318
465 31564986 3517674429
466 635973060 -7667198220
467 2123728337 10521151748
468 11415081445 -22031315501
469 5323424479 6862470602
470 10022705793 1011946023
471 535060404 -9957914165
472 8946652650 6634552593
473 7134342434 -22031315501
474 9912416509 5334787880
475 -3779041835 17771123219
476 14481909994 -3328189802
477 -3336457696 -1955388132
478 9498940084 3456467294
479 -5721880401 550520888
480 6787604296 9291997408
481 -6362131576 854570190
482 14481909994 2968423735
483 14481909994 8522240544
484 2284144715 11166034359
485 -8559043885 3291440427
486 118255027 3296118783
487 -9585068613 -106258557
488 14481909994 6924711241
489 10777738741 10714642560
490 11860287642 4740519938
491 9815534777 -22031315501
492 14118812374 13642097550
493 4575011952 -22031315501
494 -1990801372 5314296628
495 10550617691 -5756722204
496 -2046114219 6174170904
497 8373678967 -22031315501
498 14276882208 -5441218257
499 11934935954 4676357648
500 4619334628 7312360389
501 4929690153 -22031315501
502 7182645508 9607747011
503 11073067741 2442588635
504 4442000026 -2434204258
505 -1858120738 5610893219
506 5977764056 -7441495862
507 -2162359772 683952492
508 1820872538 10720441603
509 9196108658 6341700186
510 11374575964 9822885352
511 2116387491 10326494007
512 2487829130 10724297711
513 12173108243 -835063144
514 -289478032 1565867199
515 1466860374 11917701931
516 3345825582 -22031315501
517 7956456727 9071915138
518 9964149894 5691304116
519 6084002649 4861068179
520 8261570469 3649578689
521 1747483178 -1134301131
522 3589015920 -1954523257
523 -2765327025 -22031315501
524 -9333319949 490647849
525 4896396274 -2810033207
526 9448737172 -22031315501
527 14481909994 -22031315501
528 14481909994 1371311
529 12387803626 4919912217
530 6322514642 8723655212
531 11759189995 -22031315501
532 6679085007 9142113799
533 -12535008583 13552913373
534 -208695094 -3850500367
535 -3247580701 7096109528
536 -2182374762 5924092350
537 5164925927 -5970202236
538 -1568435277 5973809886
539 10092522203 896908717
540 9834836972 926903404
541 2687883579 11362675653
542 -13635842484 -12779387215
543 7302375463 9654459445
544 4537831784 -2080873422
545 14481909994 7614433891
546 3802662361 8535703805
547 8943807976 -22031315501
548 -3353401898 2588824585
549 9926424017 6416061534
550 9122264629 5273356808
551 19337108551 2156192264
552 7304673206 9876282368
553 4280529311 -22031315501
554 -4954531886 7309802498
555 -8361695683 -3036997320
556 14481909994 -22031315501
557 -2449893380 -1571337958
558 -3017916375 4028113123
559 13272463713 -1111880408
560 14081031606 3652180396
561 -1154500072 -51109394
562 -16361719806 5696092919
563 14268961442 -26060482199
564 1611347155 14197942673
565 10070428124 13122076216
566 3660407185 -22031315501
567 9145252533 5748191738
568 5323424479 8683850335
569 8587414939 11381663484
570 9351811935 5247847265
571 11095365844 -22031315501
572 11323761353 4329665395
573 17579199779 9265908514
574 2081767285 3530435698
575 -1406113961 5424340985
576 -11352477807 2026505224
577 8805852619 6422151872
578 10426569580 8358890341
579 575858105 -243789729
580 9204002209 2647252737
581 5323424479 7267221654
582 6841868875 -9435960124
583 3051887135 -1891506292
584 -12153807377 7715608848
585 11189464672 5208861008
586 -423532213 2214112603
587 -1650232449 -632883681
588 6552688204 -9029664012
589 1575362977 12965923516
590 -2382285526 4766964753
591 6813830526 -22031315501
592 7108817937 9417669127
593 9733664042 7392128094
594 685276677 -2668333081
595 6012459549 6255344024
596 -2025710365 16863894482
597 -5383675273 8479684551
598 10135062610 7379627523
599 6110893131 7671972705
600 4755378662 -22031315501
601 7653589978 10005728575
602 2754735737 11946289178
603 8891454485 10135371411
604 12406562878 3761027197
605 2389605271 -3364795303
606 10206284986 3709453985
607 3901017272 -2393415070
608 5915278072 -22031315501
609 11766318064 -7206003719
610 2562664173 11855803060
611 3260994648 -90034369
612 6548643844 9221544007
613 5133539551 -6048470178
614 2825051701 11468932729
615 4929690153 7671972705
616 193627461 13022267426
617 1122081019 17800052378
618 -7056545984 12791912726
619 5028123734 6862470602
620 1228234302 18099993265
621 7553341522 -22031315501
622 9208938816 2705052191
623 5126557316 7671972705
624 11547848145 3061804925
625 -1481623932 5806680743
626 14481909994 5378358063
627 7453662537 10051131068
628 12254971774 17001520455
629 2460937960 9736903388
630 2579876735 12095455633
631 1578875251 14214778949
632 -3153312282 3615715439
633 2210565131 10782867929
634 -2985173038 -1041971985
635 14481909994 5150496237
636 8941659727 7122997363
637 -7476115902 -2744542629
638 7338622003 9916123496
639 -8059639769 1474631117
640 4637850566 16866648541
641 -657468860 532189162
642 8866140885 -22031315501
643 9537548177 4992751239
644 588639643 1994578793
645 3481434489 11491721986
646 5114310090 -5088131335
647 3684767617 9926835626
648 1430122157 11147102443
649 14481909994 -274956035
650 9216575701 9869110120
651 -2571992557 -4943428340
652 6158899472 8531642135
653 11722797782 9602585567
654 6686676286 9151022661
655 3897675388 -1945154833
656 9495339441 7566998404
657 14207186821 13832385527
658 7972260656 5446570351
659 14481909994 3667372660
660 8130277104 8305710051
661 -5633365906 -5307350673
662 -3664807613 3812679148
663 9471747532 3063103016
664 -12408345102 -20743588341
665 2575987101 11300282928
666 2558711768 -463878324
667 6797844229 9175582957
668 1102731077 13332600019
669 1548301055 1487038783
670 -2585954299 190458300
671 -9174420415 11701394225
672 3653936297 10321038189
673 9196782543 -22031315501
674 -3305165226 -2575055271
675 3582579311 4165057918
676 9337287064 6403837121
677 -14571441972 14388469902
678 4687039320 7413704905
679 8700804655 5755139304
680 784342525 2183211534
681 -2754797529 3519222380
682 2145564261 10998763291
683 -6933789887 11155790624
684 9911605882 934752983
685 -7149407307 -2336719730
686 8185027609 7410428952
687 -1730095855 -22031315501
688 4055335599 -1503151027
689 14481909994 7463574418
690 1818543010 10807024439
691 -2701647777 -22031315501
692 2872487548 14425931412
693 10425082279 7341780300
694 -10095137130 5838994003
695 2338259826 -4644926497
696 4626560457 -3229132412
697 14481909994 6507135894
698 6025543961 -8071643147
699 1149688606 1560869104
700 -2181532429 6019117468
701 6270550782 7438000455
702 4725889167 -22031315501
703 -7709204503 -22031315501
704 6676540741 9978253869
705 -5898608284 5386868338
706 14581668122 2610696380
707 -3325062777 18070301103
708 -6816334512 11007026637
709 13362327231 5518898986
710 3788320836 14120255107
711 790369139 -954753957
712 -5164511291 9033377704
713 -1321331851 16470663749
714 2459064055 10948913037
715 4274111529 7818150545
716 13510495852 2785014968
717 6587682502 9034846996
718 8447445963 6009724561
719 -175821249 3981761005
720 9810471274 630141286
721 12197466850 -1932850923
722 -14249952969 -2993753693
723 8626763232 6147185208
724 -1401010577 678675503
725 -6666673168 2086303371
726 19562065962 884611492
727 14481909994 5704400953
728 2740449724 -22031315501
729 14481909994 -22031315501
730 -13442230044 -12945802462
731 9590342612 13667418683
732 14481909994 11240073606
733 2664929023 11465841287
734 -2953078989 -20824058522
735 19258869455 106299453
736 8525573792 2345904651
737 2580663895 -962383547
738 14481909994 6424236621
739 -8373192918 -8522716431
740 11343075558 -2865052398
741 5421858060 6457719550
742 268146965 1618459725
743 -3248706002 5765485749
744 -4001302426 17819763200
745 3309639985 -1242627231
746 -2133623343 6439247084
747 12529439114 -2484647403
748 -7122487238 12301227612
749 -1970576943 -22031315501
750 12741175358 13817337861
751 5126557316 8279099283
752 5717158805 7064846128
753 1691919092 -1180148889
754 1617983557 -1925517429
755 14481909994 8521888556
756 14481909994 6627391631
757 9439891155 -14997672206
758 -2966146557 5395418562
759 4775940219 -2643732971
760 2750779190 10682963444
761 2697362197 10648957130
762 10307486328 4501409946
763 14481909994 1372551841
764 12551237573 -22691462657
765 5421858060 6660095076
766 1019278038 12560696933
767 -2809605359 5098841324
768 -5684508809 7493980790
769 14481909994 6959101008
770 -7655975053 7143588164
771 5028123734 8683850335
772 4297147835 -3758960332
773 14481909994 -22031315501
774 -6616134810 -22031315501
775 7158247700 9508963284
776 -3987233040 3349415997
777 9358720257 1127005558
778 1516976118 13760540744
779 3080986947 -1396137351
780 9106165970 4264246360
781 -7500075039 8765089900
782 14481909994 11068793456
783 14481909994 -562217258
784 3354855887 -1357844818
785 14481909994 2209073862
786 16037846430 -3392460199
787 -9119699652 22249610
788 14481909994 4954324014
789 14481909994 8623204520
790 7386316798 -22031315501
791 9826077540 13162081948
792 8429755890 2816784502
793 9633392628 2010262282
794 8436933072 5680148570
795 15372768207 9494542676
796 1636340950 10807753830
797 11306305086 -22031315501
798 -628588759 566081845
799 10579338860 -3328357638
800 14481909994 3529524969
801 3561502117 11225264991
802 1509851631 12004409496
803 -5615097739 -5285697911
804 14481909994 11145576185
805 14481909994 -22031315501
806 -2864310980 3711608184
807 519711050 -4379152665
808 5323424479 7064846128
809 -1293772091 3966278660
810 14660948566 11765548926
811 966435745 12250760784
812 9921236755 562372640
813 -3746892191 5472296607
814 5126557316 6255344024
815 7145809566 9689845521
816 -3513471333 4502110829
817 14192687425 1796597077
818 12170582670 9698786825
819 3427094571 -1541920916
820 -2094217566 6461846637
821 -2376313506 6999812365
822 -1116656906 5367545791
823 8904223847 7573261802
824 1742204606 12217692206
825 9469023776 6583931076
826 9236292308 7531477834
827 -3381481404 4144612444
828 7215233641 9996966713
829 8418644019 -22031315501
830 8765991681 5000376347
831 12298768975 -7742613921
832 -5921003622 4009148902
833 -3301054550 5309859186
834 -6052221520 6188736642
835 1572864212 -1034408206
836 14481909994 9095369686
837 14385152512 10720522344
838 -5377036243 -303350279
839 1861772761 10876525030
840 -9381646859 4944676280
841 5413944120 6632970350
842 6672333727 9134190732
843 5773125047 8055496920
844 -1978989506 1230873481
845 -13114580821 1223336847
846 -2007669089 5623831924
847 4088958764 -1494277096
848 -2569310571 6249725658
849 -9110522727 4705508179
850 231710491 1918941997
851 12985620982 -519097456
852 10810603493 13593224831
853 8206984310 10144230606
854 10938910151 5202733477
855 8047548270 -13106254377
856 -11363554261 17607964706
857 -5177110777 9682678540
858 7261121053 -22031315501
859 10227894779 1089734235
860 -3508755222 4981860755
861 14481909994 11785184230
862 9478419634 -22031315501
863 2103335934 10683532640
864 494071026 13381166911
865 8483488658 8407191918
866 2412791841 11320820053
867 -8499467326 6882820234
868 6521232941 8956864101
869 5406083111 -10933533951
870 10776773082 1895598171
871 3427628229 -2859823529
872 14481909994 -22031315501
873 5967825697 19091415146
874 8984195359 14748972132
875 7271856572 -22031315501
876 9021821750 6373772227
877 10607378583 9579586743
878 366356756 12649392067
879 -1036112649 4934747245
880 11641614215 -795929502
881 -4184631261 7934215733
882 10760662433 13932111211
883 2996159254 -2169964669
884 9645892861 8126167915
885 -6485034423 8644067653
886 7608791814 8614743549
887 10720869022 983524751
888 -17744750842 -909796436
889 2268577730 11684090017
890 -8296744371 10356240609
891 14481909994 -1571459130
892 -2222113074 5893194447
893 8676797555 6051174178
894 17005149477 8339868148
895 3285199369 12521789594
896 14481909994 -22031315501
897 2427662013 12938460482
898 4241951740 -1978505375
899 5224990897 7671972705
900 10283841022 13747709362
901 14481909994 11407920432
902 4734979831 12979610077
903 16843003981 -2455716000
904 8614255110 3932450233
905 -3986569427 10343516887
906 14481909994 8445134349
907 9731837188 918202747
908 14590242775 4853478738
909 -5550509466 4853547194
910 -3158327730 7506261718
911 6861828771 9667255383
912 14481909994 14020967642
913 -5140486197 19866690812
914 5039421296 -2185183304
915 14481909994 8594147189
916 9160268803 6190416053
917 -6487093464 -6309255664
918 -46646727 948240136
919 -3629003202 17301853225
920 7058140839 9586960550
921 13583608138 5668653191
922 -2357986497 6777157659
923 7651672018 9287296439
924 -1836038894 5665290727
925 7088283838 9622335326
926 -415428318 2942278411
927 6030198930 5564603778
928 -2153586648 15819690058
929 14481909994 5835092773
930 2937125370 -1163928678
931 10990674952 12758146847
932 3773584986 -1466036414
933 2224354362 -22031315501
934 6783562879 7030951124
935 -1801331630 659463658
936 4199208470 -22031315501
937 3214019018 -23118217
938 -14943684708 -11655260646
939 -7937054529 8125976576
940 -2063424828 -15111650817
941 14481909994 4550987780
942 14481909994 -22031315501
943 10721216518 9460465728
944 3920509649 -9640536593
945 14481909994 7328107297
946 8713090548 11485875313
947 -16331980 -22031315501
948 2823255372 10953288471
949 4862144527 -3079297728
950 -1806990842 4685590219
951 394410103 12811117325
952 -10435718568 2499403382
953 1066413742 -3222221014
954 -2160932117 4784863774
955 -8986683864 13852020165
956 -7828390460 1910580147
957 9621948209 1998211323
958 7303317247 8927788998
959 126773110 1678590772
960 -9735492188 2544796507
961 5126557316 -22031315501
962 2343573367 11133071988
963 -1274285124 3287963696
964 8062469082 -12724074430
965 -3478657842 6294840292
966 8208382010 7960710797
967 10000000000 4829164113
968 10147240747 5831786899
969 -10282014138 -15662095449
970 6288996311 8684319264
971 1055777817 12419121563
972 12190585066 -22543068020
973 2537969891 11512678533
974 2960765498 -22031315501
975 7380942373 9965789212
976 9551421285 1747750834
977 10067096255 -1064469272
978 -7479170828 -22031315501
979 10057484718 1046523925
980 -3709494852 -22031315501
981 10036987917 13082831951
982 -2187075838 2236105355
983 -2520222432 -894052338
984 -3086303387 7446442855
985 3397235474 -1022831259
986 8459377642 10042255003
987 7171337695 9441468889
988 14481909994 -873886102
989 -3978259823 8362150486
990 -6494562799 10429236474
991 975602919 -1676354799
992 12032088045 5393428685
993 400597736 232833231
994 2569170106 -793147141
995 771049365 2381260190
996 -9103352810 13955248493
997 9289311075 -22031315501
998 -7704476137 -22031315501
999 -1790806972 5442161870
1000 -6099685877 11052124439
1001 11171071317 5599779082
1002 7102362254 -10907109986
1003 6574129862 8434430186
1004 3804214032 11191349559
1005 5627909280 7521233144
1006 1113132092 11636587727
1007 -1456032945 5653255235
1008 8587808698 10220633922
1009 7277792167 9518254801
1010 2551045388 11482427573
1011 9529141102 4848400691
1012 3242992311 -4524399305
1013 -1208068982 4684206698
1014 3033301563 -22031315501
1015 4770275973 7719139826
1016 8993067355 7578774860
1017 -4865772676 -4290167678
1018 4291505125 -1598321312
1019 -706293300 14346226458
1020 6664032400 9124448583
1021 -4055106018 10541063184
1022 -3045163241 7743765091
1023 7121429143 9661233504
1024 -1175165660 5492743203
1025 14481909994 14744173788
1026 -5416155729 7182590410
1027 -4448156454 8731412011
1028 4478127579 -2068514840
1029 11879953970 4167428481
1030 6542229031 8310346440
1031 10201952843 4479421492
1032 9682711480 2621749156
1033 1115153531 17780478446
1034 -2768143502 16071177153
1035 7549918516 9638113140
1036 10505213385 2732641634
1037 8499977329 5757692594
1038 7822768699 9001977157
1039 5323424479 7671972705
1040 4119352841 -1227940702
1041 -1551944637 6000658723
1042 3732252650 10660847273
1043 -3633148803 8424886499
1044 10663564489 4989475699
1045 -1462392112 550826421
1046 11179447962 5007086792
1047 -2193314854 3658844245
1048 8979941224 6718210028
1049 2321199682 10685859230
1050 10000000000 5430540338
1051 -2968661325 -22031315501
1052 2044164108 -1311383079
1053 -2725694776 4164849939
1054 3091228701 9503697486
1055 642326008 -22031315501
1056 8502862135 -22031315501
1057 8334608106 5862478602
1058 131288277 -22031315501
1059 11481216665 3820825098
1060 10722690826 -22031315501
1061 -1898336344 6104986406
1062 -7493844739 1415018531
1063 2141079951 10368196046
1064 3321985011 -1819755147
1065 -7193764115 -1957591797
1066 -1580116635 2957944819
1067 -3163689909 6590924252
1068 13469138970 2230483090
1069 2231005004 10112087060
1070 14481909994 6031691321
1071 13166193587 -6733426374
1072 5618725223 8683850335
1073 1705660958 10747799808
1074 11503281603 -21040335426
1075 12496564291 816262391
1076 -2511157330 6601959090
1077 2607766520 10889164493
1078 10005638689 2155254086
1079 11337749454 5189655965
1080 3269113158 12518440996
1081 1845036579 316214412
1082 -1492495547 5253400362
1083 14481909994 6737450911
1084 6012459549 7671972705
1085 1368290711 -22031315501
1086 -2106662346 4531541214
1087 2531625251 11091352543
1088 14481909994 11017768129
1089 13462881666 -360647753
1090 -8658326119 12869974541
1091 1473949046 -22031315501
1092 14481909994 7513407409
1093 7399713510 -22031315501
1094 -204571183 1063694135
1095 4929690153 8279099283
1096 -7890678162 6629162367
1097 -10216381218 -15718508760
1098 -3023833811 3352010896
1099 15413354442 -28682332933
1100 2241920147 -3430017829
1101 7329957376 10638517064
1102 9583031285 12550084225
1103 -6307767198 8314063738
1104 -9335671074 1327189729
1105 9826482984 6118679723
1106 14481909994 11331520304
1107 825053108 12451371456
1108 -10908379654 -22031315501
1109 5224990897 8683850335
1110 8918031962 6059278232
1111 -2768529990 4011408908
1112 9248390391 3390284597
1113 14481909994 -297550245
1114 -1013262107 15201430388
1115 -8053296414 -117196289
1116 11378527410 10025351703
1117 6644576165 8564119521
1118 -2176082080 6463242226
1119 473492579 -3201968994
1120 6110893131 6660095076
1121 8663108018 6181368919
1122 -1312004771 5097910359
1123 -3717130846 5285298009
1124 3448601465 14572243976
1125 -3106451527 -22031315501
1126 2662349889 266562489
1127 2596691762 11129063487
1128 14394719989 9719792849
1129 -14961217932 -11640190355
1130 10795191383 -9491920732
1131 13808182131 10146122641
1132 9658309713 5106738515
1133 9084285854 -14959925357
1134 -8252640954 4759077530
1135 2131965898 10846949046
1136 -3737807138 12429786088
1137 2413567697 11194164064
1138 6443298127 8378477541
1139 14481909994 6393716911
1140 9619851775 -17322089078
1141 -10230932261 -957183273
1142 8394954965 4647816329
1143 8870689557 13388632778
1144 10935732999 2478093340
1145 14481909994 1536744321
1146 13455427898 -22031315501
1147 172375305 -3602795590
1148 5618725223 7267221654
1149 1996568319 -3440704577
1150 -3008678939 78086428
1151 2293597061 4181346709
1152 3277315189 -1255990472
1153 7996617830 10057660798
1154 6312241375 6893143612
1155 2237083453 11428655040
1156 -7280628571 11577542233
1157 10879615046 3448565971
1158 11057477583 4190518801
1159 13853452402 -22031315501
1160 6557676791 8999633337
1161 -7371583387 9865309447
1162 6012459549 7064846128
1163 -9484292337 3387865843
1164 -4259368424 -22031315501
1165 -1473691374 -96906970
1166 6941424789 9449986650
1167 14828892835 1666291329
1168 -2159547838 17864763995
1169 -7315992236 313962743
1170 -315946273 932988201
1171 8247496275 3023922794
1172 -13384354089 -8050354265
1173 6012459549 7267221654
1174 -1693917410 897730259
1175 -11802037794 -662603826
1176 -1177075856 3038608098
1177 4630370629 -4608067047
1178 -8205099958 -22031315501
1179 9211330186 5273961893
1180 -2765520764 6181814745
1181 10606207241 1852056829
1182 -1279621052 -12588161759
1183 12731885147 1617513572
1184 6849918344 12761123453
1185 9985594842 -22031315501
1186 4063123324 11144290526
1187 -11398901198 -12436998896
1188 2764977098 -793193183
1189 1984135848 -400824170
1190 12781624499 317017295
1191 -1775199138 5361041526
1192 14481909994 -3507799774
1193 7943397118 -11697554162
1194 4479336268 -1465371963
1195 1439463463 -22031315501
1196 -14849725536 -11736021153
1197 14481909994 -22031315501
1198 1822367800 11320046963
1199 640210586 5945655375
1200 6701560020 5110974101
1201 2502849505 -311844918
1202 -2915911771 17689704729
1203 4586785639 -5904748750
1204 14263972378 9131663222
1205 1564359064 14460983
1206 8193707745 3534783916
1207 4367914980 -1859114686
1208 -7544431919 -2198928195
1209 6719487535 -22031315501
1210 2784033684 -1161134409
1211 7166037339 9713584132
1212 1219749626 -22031315501
1213 -3996334927 -22031315501
1214 -9342051191 -22031315501
1215 6943233018 9452108725
1216 5308449364 6892703139
1217 8969599855 4704734648
1218 205808636 -22031315501
1219 1486309281 -1578554136
1220 -11696589674 -22031315501
1221 -10267032255 6734582307
1222 2484745073 11140996239
1223 8760625635 10625363244
1224 10048479779 3757588154
1225 7115345410 -9856253769
1226 5028123734 8279099283
1227 -2006234319 5471780554
1228 -153266931 -22031315501
1229 8859914774 6654216479
1230 9656538061 3108647697
1231 2178669350 11086110312
1232 -2577751284 -22031315501
1233 7106120095 -10916685586
1234 15156950744 4737033408
1235 -15212374822 -11424314061
1236 9820928150 4738100281
1237 -13122585992 2085614315
1238 3112548462 -740405479
1239 10409745496 -52036500
1240 14481909994 8878623020
1241 -7986256126 8655425661
1242 -8254927625 -17404432379
1243 -17230538830 -9689646271
1244 -2855113055 -836539002
1245 4624895888 -22031315501
1246 9243340188 5113760532
1247 6327198609 4529334925
1248 4135117919 -3280881737
1249 -2488683395 -1616860572
1250 -1342114490 5177135728
1251 7900158640 8641190342
1252 6110893131 7064846128
1253 14481909994 9971726795
1254 2463111164 10957023123
1255 2451847101 9755997131
1256 469040406 13431777806
1257 -3238143078 4352341843
1258 -11901037585 459509536
1259 6080630410 -8303568497
1260 6582765999 9029077159
1261 -6990894469 12461668285
1262 6110893131 6862470602
1263 19216348768 1077563845
1264 6107298297 -7834774118
1265 2253429646 11360810418
1266 6246493592 8634439549
1267 14905684746 -4709650715
1268 14481909994 -4724851812
1269 2217118989 10647793439
1270 6150734391 8852465738
1271 -1682289424 5607772689
1272 17888134333 -1239780319
1273 5599738259 7468956635
1274 1034296220 11475115805
1275 14481909994 6655648009
1276 9505579146 8319652392
1277 -11495433138 -384169362
1278 6686195448 9914662047
1279 5618725223 6457719550
1280 1825396717 -22031315501
1281 16157717988 13863679121
1282 -5531208011 9272160410
1283 15943290292 9811502823
1284 14481909994 7426645799
1285 6340005598 7039211546
1286 14481909994 21835393258
1287 6044634765 5813957185
1288 2241023824 11008885520
1289 10162967472 4800909874
1290 704086635 -2564778555
1291 7310962524 8882414852
1292 4585195670 8166403340
1293 5618725223 7671972705
1294 3836007226 14029044692
1295 12787738485 649999914
1296 -1597960033 4404078301
1297 10265047033 4243662826
1298 14481909994 5737552370
1299 14481909994 7300254340
1300 13048469883 5244945863
1301 14481909994 5990215717
1302 -8051193842 13677480074
1303 -17863746527 -9145386740
1304 580458720 -22031315501
1305 11421726729 4517381208
1306 -143279734 13716724607
1307 4443043551 -1471382642
1308 2316010043 10990055505
1309 -1807656477 -136414030
1310 410770676 -6793928056
1311 5815592386 -22031315501
1312 14481909994 11913830137
1313 6292708889 -8367807693
1314 6907868738 9410606435
1315 20089474993 1321324760
1316 6910572833 8591583340
1317 -7393333797 -7559087297
1318 10000000000 7822960622
1319 6342606348 -3737012640
1320 2389611382 10848587044
1321 1655234671 12662332082
1322 6204306518 8538027917
1323 -20949970990 6027914696
1324 15024896526 8813778839
1325 7310272836 9882853899
1326 9239405799 1658621111
1327 12442725624 1760225082
1328 -1939049837 3975417968
1329 -2057982420 6024574727
1330 4887434698 6626120216
1331 20628061671 1947932492
1332 -3124460150 4940788900
1333 6643066788 9099844070
1334 3540184205 -5700186520
1335 -775189090 -22031315501
1336 -7115051211 -1794701882
1337 -2480984498 3531057026
1338 -2028555020 3569218671
1339 2172701521 -1231651177
1340 3307169452 11929382425
1341 7309140128 9523082840
1342 9702248411 -16621593609
1343 15004284095 -4594937306
1344 18818907743 -156890900
1345 6285440108 -8620620513
1346 10619127144 8212390397
1347 -6379544773 11587531964
1348 -1511678448 4947911744
1349 8052353302 -12007564094
1350 9786032636 -22031315501
1351 12702538034 5102147964
1352 -2173902565 22789364857
1353 13180795062 5801567829
1354 2963418435 -360397540
1355 9469154665 -22031315501
1356 1775961011 11503671573
1357 -2265514010 5868000226
1358 8080622381 10786909351
1359 13968656629 2148377398
1360 6327198609 5564603778
1361 8754274713 10022723317
1362 8667688798 5630825306
1363 -6036401688 -5780339460
1364 3215721682 11678106560
1365 1139176255 11304125734
1366 10934724409 1887481350
1367 -347474548 895987713
1368 1116903960 11522270509
1369 6892318025 9124580076
1370 6408401899 9216243830
1371 -2348096789 6521814625
1372 9938230435 4116974156
1373 -8668050605 -2325035782
1374 2434158666 10100827027
1375 2993883215 3673033896
1376 -106353315 -8552489485
1377 3206848541 10963210608
1378 -3208164285 16953250965
1379 5385497523 -6062141141
1380 14481909994 -1612513510
1381 -1707266036 3984900211
1382 14481909994 -22031315501
1383 1810776073 12678915888
1384 9393584443 1151061184
1385 3379964145 -1421824808
1386 11253416008 5026146338
1387 5670798930 7552350969
1388 -11340808143 16391751219
1389 9650486717 7519459509
1390 -5286800665 1315684523
1391 2783165110 -22031315501
1392 4870555908 -5179511921
1393 4804985142 -9201448150
1394 9119945156 1531355823
1395 15168781938 2835806608
1396 14346616407 1786554484
1397 2091931779 10527571433
1398 1635346075 11019427938
1399 9444254518 1470806608
1400 -5650438444 10689755671
1401 14481909994 11016247222
1402 670266868 11851346744
1403 2770331538 11521641101
1404 9673722025 2698194260
1405 8897316645 2046325312
1406 -4870226071 6336359173
1407 14481909994 -2489769146
1408 2891584218 10722164447
1409 6472690693 9003266949
1410 2618083271 13001170734
1411 14481909994 -2151347511
1412 3541663460 -1651435602
1413 14481909994 18186961624
1414 -7498819259 7466693143
1415 5815592386 8481474809
1416 1101366284 12251298459
1417 7004521044 8910671920
1418 1072277787 13118112198
1419 122451589 3810220103
1420 6258069944 8648025154
1421 14481909994 11113632801
1422 10422090146 4562577177
1423 -5406196348 7609680440
1424 686460469 13965486802
1425 13976803409 5384296401
1426 2496795934 9784199132
1427 4524355668 11050448680
1428 21682844940 6906119842
1429 11522412098 893022773
1430 14481909994 4310889848
1431 14481909994 523079942
1432 -5549419609 -22031315501
1433 -7455437441 8447375051
1434 652249828 -5531151023
1435 3730308052 -22031315501
1436 501632497 -22031315501
1437 2209165414 13573931941
1438 6110893131 -22031315501
1439 5717158805 7267221654
1440 3926807716 -22031315501
1441 8076338947 10781882462
1442 2533678139 12928715285
1443 7294414616 9935161988
1444 -261312049 997105027
1445 11430852000 -3615323156
1446 1528458290 10984908186
1447 14481909994 13735574565
1448 2172631025 1428095468
1449 10402439754 1175234461
1450 -2212211475 6822346687
1451 9455347394 13544760723
1452 -3505159391 -22031315501
1453 14481909994 10862845178
1454 14481909994 -22031315501
1455 6641250625 5143704850
1456 -1583640489 5408585093
1457 7174137701 9723090436
1458 5717158805 8683850335
1459 14481909994 11706419213
1460 564213468 2301724051
1461 9036857016 -22031315501
1462 5028123734 6457719550
1463 5967023147 6190697788
1464 -3247764015 7391523241
1465 1377684383 13024308373
1466 2348433581 -7276965923
1467 14481909994 1510467933
1468 -2687146165 4011563687
1469 10014128661 1683890585
1470 -33107208 13509256574
1471 14481909994 5267344300
1472 848665744 2962314521
1473 6254974228 8644392130
1474 6524329010 -9434185810
1475 3661305712 -2683971294
1476 -12526924931 8880154109
1477 -1069947242 -22031315501
1478 9791869397 720534056
1479 14436883462 777056728
1480 517014402 14269811411
1481 10786015707 4559514534
1482 -2679733558 2301106828
1483 -297488862 954649177
1484 -3995937407 1761596216
1485 -9758869991 5667556912
1486 1655605056 -2222520414
1487 4892459250 6906170490
1488 10595415172 -19302126739
1489 6505836779 8966208153
1490 4929690153 8683850335
1491 10850776373 18254585063
1492 -8543606459 105146251
1493 1523365426 10842123437
1494 6327198609 5357550008
1495 -2067284899 4960639811
1496 14481909994 206477211
1497 -5855222581 -5225970960
1498 14481909994 11601324095
1499 11107841887 997576844
1500 6327198609 4736388696
1501 7141164679 -10573727411
1502 9907234475 -17884186583
1503 -4530173950 -3940192316
1504 11404940175 6468287849
1505 1933466473 10371503516
1506 14481909994 7542485491
1507 9650478968 10297828376
1508 9364302732 -16501880265
1509 -3434783590 17129609226
1510 -2682670469 7392921164
1511 11970758430 10844875133
1512 -7624693841 13420770943
1513 -927148540 215702462
1514 9407400107 2715034980
1515 4471271144 -4202655283
1516 -1486184294 4618540282
1517 4536164473 -3865382828
1518 14481909994 2483249406
1519 -1434340588 -22031315501
1520 10902843253 10650592707
1521 -12160990945 -14047062909
1522 5717158805 6255344024
1523 6187808915 7263564318
1524 14481909994 2904883223
1525 8025167336 -22031315501
1526 5662657388 -6646090326
1527 594631019 3653754991
1528 2715812422 11618203141
1529 -16083312992 4634984158
1530 13630778637 -2362724197
1531 10458464756 13577462521
1532 -2883014937 -17825707288
1533 7762792861 10326326664
1534 -1667145581 5794154110
1535 1922812065 -22031315501
1536 7380168822 9964881399
1537 1899438845 10379533831
1538 -4404220168 9302580049
1539 5182158399 12336393654
1540 -8674536376 7296971616
1541 -11630835383 1697773342
1542 -9189629194 9831262420
1543 10626294041 -22031315501
1544 1309761902 -1382840227
1545 7063724566 9593513418
1546 -3308973667 5212286781
1547 5522762548 5903216200
1548 -14035968455 9898891538
1549 6012459549 8279099283
1550 1194195217 12822945348
1551 7184192784 -11115627691
1552 15228491725 -534037765
1553 -2461696620 -22031315501
1554 -4242058281 8967693985
1555 1993805964 11601617940
1556 -9582289616 6357836881
1557 11895767025 15264230510
1558 369652809 12668233498
1559 6624198287 4943442466
1560 3401536089 -22031315501
1561 9813956362 6926445127
1562 5815592386 6862470602
1563 -7622285066 -1235255676
1564 8189196306 8370775751
1565 -14017637795 10009906366
1566 6012393446 8673043257
1567 9709535025 1940677555
1568 11041159050 -1865656445
1569 14481909994 -1094411178
1570 8483082816 5788304328
1571 1826719334 -472578391
1572 6133744556 6192727388
1573 1968037614 13227560270
1574 684170283 2269495277
1575 4604781412 -8095052562
1576 -4316858478 2530088618
1577 9078683801 5231290839
1578 14481909994 6646966279
1579 9415579740 6334705868
1580 4361529697 -1505303190
1581 -1676116495 4525441993
1582 4358630475 -1618345975
1583 -20736675060 -6676025197
1584 4938352772 -2934147759
1585 64859290 13502797149
1586 9033584815 7145759332
1587 10971817331 3773305769
1588 -7530085121 -18027454561
1589 5126848934 -2838179243
1590 -1868996288 6226581481
1591 -4669368927 19063398607
1592 14481909994 10355565878
1593 8065243062 10431402649
1594 5650798452 -4012874012
1595 14481909994 7463777284
1596 -2544450614 -1064725711
1597 12352008011 9268278743
1598 14481909994 5977895581
1599 -2777245009 6024766064
1600 12282209525 -22031315501
1601 4078941585 12465638757
1602 7618160805 -22031315501
1603 -8322172632 -22031315501
1604 -7437624604 455033736
1605 -1442253878 1510729444
1606 -2322045731 6012904412
1607 6938155809 -22031315501
1608 7182767411 5588699684
1609 20119628981 6350435326
1610 9933100518 1570370546
1611 11150166826 9018708558
1612 6516112620 8950855071
1613 8423610697 6014460380
1614 9662873330 5124994662
1615 9271687059 1472258418
1616 2556324193 11187883099
1617 3051714183 13394527932
1618 -2443245865 3304359469
1619 8833340540 10014928573
1620 8681567267 2296921257
1621 -8939961941 -821919303
1622 10814141621 5349999997
1623 -2256553457 5650307022
1624 -3088949430 4661606378
1625 7329476600 9173089438
1626 6256933080 8785427521
1627 -8336698981 6470434502
1628 14194791099 -4567217581
1629 3835631493 14559789571
1630 11071314577 -19305721157
1631 -5849667689 867921463
1632 1799899968 -17797616414
1633 5815592386 8076723757
1634 2913563719 12262446439
1635 -1629698599 2545243054
1636 4340304692 3235709582
1637 14481909994 8355472824
1638 10498524206 -73861447
1639 -3001941676 6961581551
1640 4453389420 13617180548
1641 18107299 -22031315501
1642 1043324160 -1498646525
1643 -1531750290 5915915714
1644 5361137578 -7310359133
1645 -2195396849 16947712058
1646 4226973621 -1671168115
1647 -6417707832 7634680250
1648 2153486315 -22031315501
1649 3322799804 13951217312
1650 2162455762 12956831791
1651 -2495254181 4920056310
1652 -5953868399 -4431967261
1653 10204562001 1717591181
1654 -2653907170 5483986027
1655 8686270031 8720151333
1656 14481909994 -15509050296
1657 6110893131 8683850335
1658 9219130221 -22031315501
1659 682638988 12132326772
1660 13196570864 4628005301
1661 14481909994 9398246761
1662 909199878 2776160974
1663 10922924879 7631299100
1664 6327198609 5150496237
1665 7835881117 4878751981
1666 10697955941 8426017303
1667 -3693886891 3369925320
1668 14481909994 1678172623
1669 2608077568 9769389885
1670 14481909994 -4657389548
1671 -2667832612 5107030477
1672 5323424479 6660095076
1673 8925370485 -15215707533
1674 3454946057 -1770797362
1675 14481909994 4469723017
1676 1426740997 10948266287
1677 -4123191770 8561403932
1678 7891219449 9966004302
1679 -5969714341 11044039071
1680 9722570152 6172217894
1681 -4559390179 7589094000
1682 14481909994 6081173794
1683 1239890339 1745345528
1684 9071472107 -22031315501
1685 9151351630 5979923910
1686 2493603622 10186371483
1687 6272422812 8664869181
1688 6110893131 8481474809
1689 5421858060 8279099283
1690 -10578678728 -22031315501
1691 -1319653145 5528017565
1692 -888908428 271137196
1693 50505982 1124146869
1694 5720148852 -6941041575
1695 6885937371 8150502687
1696 15642815840 9812201328
1697 9843887170 14151277526
1698 8956666357 6379627701
1699 -899183390 14033890826
1700 -3387424229 -2671591579
1701 -4764357917 2397265200
1702 -4529563461 -20606485926
1703 -1816165470 1161028451
1704 6533502677 -22031315501
1705 599532702 -2264645091
1706 9063982462 4390701944
1707 11039135868 3604408096
1708 6740438010 6670865918
1709 -2364244336 -1174495586
1710 2577591771 -1058424246
1711 9238176544 6386137336
1712 5577472004 5898880927
1713 415404171 2472421938
1714 7843219271 8868544652
1715 -2805540964 7271728562
1716 17297874008 -32999843621
1717 8673566067 5734870265
1718 -4606785671 6995062127
1719 5126557316 8076723757
1720 -6951143967 11646506367
1721 12260276614 11181712099
1722 9409017977 16558200067
1723 1645857937 -1679078859
1724 6021364146 6000834391
1725 14481909994 2168704114
1726 -3116348207 6249559382
1727 6030198930 4736388696
1728 4433297970 -1430913015
1729 13024103363 5303253231
1730 14481909994 6518966199
1731 8338325507 -12632093444
1732 14481909994 -22031315501
1733 -8538173213 428938386
1734 3007317688 10171071567
1735 3828529817 -1859008445
1736 7745037675 10393078804
1737 -2931989044 3385936618
1738 12840936306 5359465632
1739 14481909994 5884504189
1740 9248805100 7425857563
1741 3128159923 -22031315501
1742 5051799877 -2451174778
1743 6236039124 8719890065
1744 14481909994 -22031315501
1745 3092330725 -3776715399
1746 1886334365 11076348147
1747 13019679089 5240444774
1748 14481909994 -1939002766
1749 1245561664 12483208942
1750 9958636014 3744473067
1751 9743246991 5191528440
1752 8153228734 10130615541
1753 2070494104 11267996497
1754 858742667 2311562315
1755 17317649338 -2434650360
1756 3831921406 9100738536
1757 1429303098 12201419970
1758 4723793899 15839441811
1759 -5541977336 -22031315501
1760 6012459549 8076723757
1761 8980007747 10005960245
1762 6012459549 6457719550
1763 -4928984865 -4480713564
1764 16610546508 -2726163926
1765 2100174735 10235825127
1766 14481909994 -1412261216
1767 14481909994 -1342800688
1768 10406878210 7995173101
1769 6417280669 8834869328
1770 923305446 12554631022
1771 14481909994 5154684590
1772 14481909994 17940438
1773 591356718 -22031315501
1774 -13405959184 6971707326
1775 9292466840 2163450329
1776 14481909994 -7311149892
1777 19140284878 217008800
1778 -5049948447 5594751881
1779 -1835693781 -3989026853
1780 8715913326 -15018704616
1781 10707288199 -4589676564
1782 1513264402 18905358661
1783 7167431985 9715220840
1784 460941787 13226964278
1785 5751818412 5909835194
1786 2603751378 -10790255025
1787 5421858060 7671972705
1788 -2440813832 -22031315501
1789 -6858054868 640304199
1790 8915378540 3930252081
1791 -8896098698 -1635538882
1792 1989598631 10935058497
1793 7705390437 10035146668
1794 615107707 12503185739
1795 14481909994 -22031315501
1796 5421858060 7064846128
1797 -1710463903 5237420222
1798 6532877828 8970530135
1799 11854839094 -22031315501
1800 -3450746264 7350973766
1801 9209851472 10579543828
1802 11516214139 9477962699
1803 -1497718625 -22031315501
1804 3024856604 -3404458271
1805 6188883643 -22031315501
1806 6218591569 -22031315501
1807 13709589534 -6101223397
1808 2441717978 9681060572
1809 11742962989 5076226757
1810 13016728 -3578003140
1811 1635713729 -911923962
1812 8505482678 -12961229261
1813 1943017945 10631314272
1814 -311780996 13438235264
1815 778210998 -22031315501
1816 5028123734 7671972705
1817 9987255315 8142477555
1818 1854539169 13273546915
1819 -3673767549 4265238028
1820 -2765594039 4277078712
1821 14481909994 -263359616
1822 -5703115569 8552360708
1823 2506451597 12514466333
1824 -1993819962 -173301016
1825 14708124083 1935557813
1826 -6097731763 -5038598179
1827 7549671746 10005477405
1828 2324094080 10700350273
1829 14481909994 -4845141475
1830 3901683234 -1367428523
1831 14481909994 -426631960
1832 -7028255296 8356639500
1833 1256952046 14078647613
1834 1204423381 -2241468946
1835 2824513645 12674597583
1836 2145553985 11412065506
1837 -2064439278 5615057625
1838 12627563118 18173264537
1839 8532020610 3104263979
1840 -1933431919 -22031315501
1841 -2034219691 -163905260
1842 5224990897 6457719550
1843 -1181629304 5574962045
1844 10255269563 -22031315501
1845 11154182627 9872754585
1846 7847944728 8895990015
1847 -11147488957 -14918195902
1848 5028123734 -22031315501
1849 6878184151 5483594260
1850 -3527549295 -3624732585
1851 8913914332 -22031315501
1852 5421858060 7469597180
1853 -9459257454 -1769749397
1854 -5342406208 -2857103747
1855 2403843728 11201426795
1856 14481909994 7129400398
1857 665845695 59720599
1858 -8896637629 -22031315501
1859 8001574481 10469422581
1860 10388427749 6033134398
1861 -4235771169 8179113066
1862 7530933512 10016415561
1863 -5453486666 8179464674
1864 -3283696252 4962284904
1865 3173992309 12976141466
1866 3261473296 10306897093
1867 11957983187 5340846329
1868 -4267987812 8548279542
1869 -2064040408 -14900467105
1870 -7482130159 2808345377
1871 2731031936 9546800437
1872 8874532320 6759589901
1873 14481909994 190687227
1874 2931035704 11730965728
1875 -18917368818 -2540206885
1876 5854311061 -3137899220
1877 -13543037914 -12859155309
1878 8583709393 5859465429
1879 6557961729 8999967731
1880 10469663411 9387140380
1881 3624492084 -2044922381
1882 3619811170 -420811063
1883 14474843803 10116029766
1884 5914025968 8076723757
1885 -2591579323 2847744187
1886 -6337822966 12481290966
1887 3664170312 -2491149193
1888 12644699214 1505274234
1889 3851052619 14020668490
1890 4113747398 174331622
1891 856529851 2308965432
1892 4791338254 -4151811881
1893 10185749184 -22031315501
1894 15182098683 8014822482
1895 7835881117 4326886761
1896 19651585864 811871547
1897 14481909994 -16955978207
1898 8980071139 4062979894
1899 18334338766 -720652834
1900 7835881117 -22031315501
1901 5421858060 8683850335
1902 -2007754337 6198143214
1903 -717767485 -9123591500
1904 4328787302 -3400118153
1905 2109180366 11359873965
1906 14481909994 8969482694
1907 7189776088 8626916390
1908 -1939442737 -972290824
1909 5421858060 7874348231
1910 9359043046 1251363053
1911 -1519893767 6003043846
1912 5285834517 6213917999
1913 2386595666 -888524457
1914 7194785838 3995857176
1915 10577089598 5586869979
1916 5815592386 6660095076
1917 -1466670055 2448933630
1918 3385566451 -1179932915
1919 5914025968 -22031315501
1920 11188564922 4440647849
1921 9678497336 6528583339
1922 6322653995 9563546256
1923 2442271122 -22031315501
1924 7278437945 9845493576
1925 14481909994 5816702676
1926 11317212429 4564485090
1927 -7525462443 12195549800
1928 10872276270 2162579448
1929 3314323758 13078576537
1930 -2158872508 -1042110365
1931 646607760 -2349804781
1932 9973966314 -22031315501
1933 3104924045 14243248361
1934 8161845887 -12128880726
1935 7149992737 9826093754
1936 3441934419 14760254304
1937 8481371722 8998848334
1938 14233806106 10139423260
1939 14481909994 6452442639
1940 14481909994 -22031315501
1941 4929690153 7267221654
1942 1367131383 1782207598
1943 -2403462464 4078579097
1944 -746763141 16062735043
1945 14481909994 -22031315501
1946 12757656827 2685275098
1947 1430672047 12290130716
1948 9032108248 9784315844
1949 6886503441 9187433710
1950 2215836056 -3345232542
1951 14481909994 3367246067
1952 4918895660 -2740111897
1953 -2210467428 -22031315501
1954 15428794902 1204146093
1955 -4685329447 -22031315501
1956 7598040971 10220568581
1957 1651696615 11044100488
1958 10710837126 13873637963
1959 11658557843 9388553456
1960 -2608055910 6237383218
1961 -741251876 3648210976
1962 5076144755 -22031315501
1963 3394003718 -1165393422
1964 -6822762997 672715226
1965 698803957 -10563357268
1966 -9837944394 2901556378
1967 -1655378706 5834710803
1968 -2793310382 6439712438
1969 4929923279 9757837551
1970 9306573444 2616503140
1971 -1987566966 5878045734
1972 -13657474259 17747075326
1973 -576800407 -22031315501
1974 15258323952 5590429589
1975 14481909994 11897559488
1976 10609275819 11211264083
1977 5914025968 6255344024
1978 8640822602 5644246801
1979 174382621 1984854322
1980 12642701824 -22031315501
1981 -2523520952 3034765133
1982 7555123322 10170201919
1983 8799666411 7248616846
1984 9774357795 7992996715
1985 15056797337 11091981119
1986 8563146903 2781777004
1987 14481909994 11544571197
1988 -4013704272 5220247611
1989 14481909994 6408782591
1990 -2581617477 -1036774553
1991 6578431953 7105274354
1992 8610673280 3027871504
1993 7437678691 -22031315501
1994 3009723192 -3163852705
1995 2658528014 11492232439
1996 -1221312867 997303733
1997 6344399721 -5041989604
1998 14481909994 9575143746
1999 -2205323790 52909309
2000 8261477982 4180524602
2001 11115001559 5525414955
2002 -2805920582 5874531455
2003 8274297990 3239874324
2004 -3870087608 -3238028545
2005 10232500407 3287870863
2006 14481909994 -22031315501
2007 6220769969 -22031315501
2008 4576840892 -22031315501
2009 22295353 -4756635797
2010 14481909994 5682169220
2011 2415813673 -22031315501
2012 -7057656823 6153075059
2013 -2612480298 4716791548
2014 -613007074 -14603206145
2015 -2745279770 -22031315501
2016 1890485806 10824397574
2017 3317031338 11068050820
2018 8214776719 6282298422
2019 -8281756449 4744466941
2020 14481909994 2930661692
2021 239160314 1584442000
2022 -3023413472 -22031315501
2023 10237194677 -22031315501
2024 3649691231 12450361487
2025 -9275327521 -9581430248
2026 7904712065 9096127914
2027 902934908 2287447057
2028 -5321347986 9702556963
2029 1625163862 -22031315501
2030 8924881449 1716246680
2031 15452201222 11709234774
2032 6755276345 9231529306
2033 5472594252 -22031315501
2034 12603545144 5100069311
2035 10116727573 6632898773
2036 10600804816 13744507867
2037 5792175535 7694794334
2038 2034024536 10295444844
2039 11314324309 3367294139
2040 -11299835269 -22031315501
2041 7835881117 4602819371
2042 9117278839 6869558272
2043 8627713252 6034532494
2044 10450726191 910430911
2045 12098487772 6215058272
2046 5141391943 -2917177325
2047 9471589978 -15704781637
2048 1411248861 -425079317
2049 3432022658 -1554478495
2050 8570195971 -13122815305
2051 10337528003 6494644858
2052 6487829150 8767605505
2053 1419465611 11171880755
2054 -3791443056 -2611790272
2055 2683736857 11288855898
2056 -4605594398 -22031315501
2057 3396834941 -2220476949
2058 5520291642 6660095076
2059 8055952196 2774148271
2060 -7380530610 4836276343
2061 10735623461 -273328311
2062 14481909994 5767311162
2063 2689970672 336392524
2064 10237582573 1191763252
2065 7813006560 -11806238325
2066 14481909994 9282491530
2067 17433515978 9187527872
2068 5914025968 7064846128
2069 9656105712 7386753235
2070 -2926086317 -22031315501
2071 -12168697328 5310324451
2072 15414794791 4899484010
2073 14481909994 34555488721
2074 -3192590871 -22031315501
2075 -1944370664 3285242651
2076 9626245960 5829280433
2077 9792365238 1083742161
2078 2367703032 -122064875
2079 3529017403 10850865015
2080 14481909994 9613595514
2081 -1736636671 -22031315501
2082 14481909994 8963303240
2083 11678942470 228561565
2084 6666883861 -22031315501
2085 -3044700953 4327697983
2086 1731797219 -22031315501
2087 14481909994 -22031315501
2088 4183947801 -2658157926
2089 1381614562 -8663573874
2090 14481909994 6231977324
2091 11646837100 12293272512
2092 -6947982737 7432051489
2093 4173358623 -1596833668
2094 -3042460545 -22031315501
2095 -7896221278 2588199956
2096 5421858060 6862470602
2097 11945891227 10236777804
2098 7670548965 10501553851
2099 531095505 -10111113412
2100 -6700741006 7626083634
2101 -1273928297 4733888027
2102 4137312940 11177727524
2103 2216836444 11741659674
2104 -1253249058 5187882198
2105 9110524122 -16024238099
2106 14481909994 1796724728
2107 -6176001715 2251222574
2108 5557487483 -6491766701
2109 -6481331451 6961070000
2110 6327437413 8729432404
2111 3166645511 12139665554
2112 -12668864647 13187221223
2113 9796384162 3152129265
2114 5435084821 -3090139593
2115 -1804518844 15975853875
2116 9901688168 1802157338
2117 1948075027 -22031315501
2118 357563650 -22031315501
2119 5126557316 6660095076
2120 7548611380 8682303283
2121 6800687615 8667084443
2122 -2197769195 4238710607
2123 8966954755 1736497473
2124 6459466655 8283957880
2125 2520597837 10762804912
2126 -460612902 763212473
2127 14481909994 3596412363
2128 10874984956 -18913818797
2129 -868454037 284584291
2130 8268713486 8834640397
2131 7599159945 -12173032556
2132 3615433799 11420081308
2133 13867611250 5442031153
2134 13920285710 3093406391
2135 -1404315090 5124134759
2136 6921197966 5357550008
2137 6012459549 8683850335
2138 -3948189119 3784446909
2139 -1739940283 5886377356
2140 -685838545 1418877944
2141 -6434971385 1525462071
2142 -6764200527 12064114982
2143 6469779059 8896479614
2144 -1235059906 910905088
2145 1915659163 10961424805
2146 -1683000439 1555821517
2147 6907978123 9410734805
2148 1842752132 12504398102
2149 9607598649 5295793670
2150 -1744114539 1241810539
2151 5346308564 -6121731408
2152 10376424412 6602670054
2153 -17854671946 -9153186593
2154 3588903482 -22031315501
2155 10199115821 3954312813
2156 10000000000 4397164298
2157 9927205182 2019616963
2158 -5177359224 -22031315501
2159 9766492217 7586461554
2160 8497431443 5848918121
2161 8290837944 10199625812
2162 -4382591518 8867939009
2163 -7599614058 6296583832
2164 9004666415 5583048609
2165 -1178674396 1734825163
2166 2380078734 10004505206
2167 10658759957 10646670683
2168 8886822365 7426253023
2169 5224990897 8076723757
2170 7494906429 10099533467
2171 6470885209 4736563898
2172 8356609565 11951893871
2173 6166146053 -8295750761
2174 1942560901 10519482280
2175 12312276117 32217563237
2176 -2620868464 -22031315501
2177 11574931491 10006608459
2178 6943418335 9452326206
2179 2105807322 13020087839
2180 -1210309314 -23459476680
2181 5421858060 8076723757
2182 -1679355634 4572256113
2183 -13661863756 1337196766
2184 3868823088 -22031315501
2185 14481909994 1330066334
2186 10265562018 4851722829
2187 14481909994 8480595113
2188 437145203 -22031315501
2189 -3365092543 7493678299
2190 14481909994 1888201111
2191 -1210309314 -23459476680
2192 -5831317308 -5401752721
2193 -5604652410 -5273653511
2194 6043524384 8396241942
2195 -6148833052 9511291102
2196 5224990897 7469597180
2197 -8500725666 3934717626
2198 -409929675 2969047479
2199 -9005639483 13132603634
2200 12252636672 2319320747
2201 1867421099 11178063537
2202 1952172946 -8154672555
2203 6775186685 -22031315501
2204 11353360331 10197370337
2205 -8053965853 562066372
2206 1059017828 11727764768
2207 11447635000 5893723083
2208 2199162044 -9329620625
2209 -11915092953 2367615208
2210 1513248898 -97629613
2211 3922946533 11459420704
2212 7051504187 9579447320
2213 -3015135697 -1858983532
2214 5061938642 -5167832796
2215 6812659805 -9054303981
2216 -1644529788 17284056369
2217 1690872287 -2339651148
2218 1047201904 12067690206
2219 6611837817 5758840570
2220 285911929 2688940938
2221 5717158805 6457719550
2222 -1845690995 3758436810
2223 14481909994 13349685574
2224 2842836116 554795135
2225 9936982127 5610603711
2226 8775952341 6043958367
2227 2990821130 -2191738337
2228 -2020325731 -22031315501
2229 -5511961076 2662612829
2230 4266756922 -2851398950
2231 1058045981 2705372174
2232 5628794991 6007792435
2233 13831436056 8903558277
2234 -8066222002 11393747022
2235 10773943030 2082507413
2236 5520291642 7874348231
2237 14481909994 -1219937656
2238 8705324167 6017221154
2239 -1594239948 5386060459
2240 -532919177 -22031315501
2241 9663307241 -22031315501
2242 11945836 1317790985
2243 14481909994 7883298229
2244 6244105664 6483840772
2245 16808714598 -31879159592
2246 7013996362 -22031315501
2247 2253026829 11748025264
2248 14481909994 13568145029
2249 -925939176 2411756353
2250 9332628214 3605213560
2251 -2258215360 4153164624
2252 -616679562 3971666393
2253 6775387929 6563650515
2254 14481909994 -22031315501
2255 11491752178 -823231605
2256 16689870650 7586724694
2257 2547044121 10433369973
2258 5618725223 6660095076
2259 -5876496245 -3218152309
2260 -6476661600 11374325728
2261 10843739461 7833132443
2262 -852183708 5159968173
2263 -4113609625 -3224842431
2264 1891583394 1488311802
2265 9914942565 7811663389
2266 -1265978723 4941445604
2267 -7203816333 -267519330
2268 1831922899 11558814807
2269 -8027636046 -2583858742
2270 2494850165 10617984881
2271 7977418826 3414628776
2272 508442151 1900461804
2273 -2025011420 6452123733
2274 15713657773 6993741604
2275 2421567809 11101498756
2276 1450897700 10905810156
2277 10058483607 4154351156
2278 -2063644014 5603401754
2279 1828932152 -4025349869
2280 486733129 1874984851
2281 -2290942403 4811121305
2282 7376097508 9960103446
2283 13289240445 5282587404
2284 14481909994 10068495073
2285 11369831781 -2996832297
2286 -18176143616 -8876872801
2287 -16255002760 1530570870
2288 5028123734 7874348231
2289 4968800049 -2003269101
2290 -8758455612 10123276338
2291 4859200373 -22031315501
2292 2368566617 10706077834
2293 4315270351 10788146072
2294 896118470 -2158246066
2295 5520291642 6255344024
2296 -2624160947 -22031315501
2297 -12380974976 7594977864
2298 6180133145 -8402124719
2299 3973211774 9249744837
2300 8170831243 9920448422
2301 -3285201811 6463236677
2302 -14570341710 8268120366
2303 5815592386 7064846128
2304 782575800 12067319600
2305 2594789072 11161379815
2306 -1952548520 5833204202
2307 5815592386 6457719550
2308 -4057485325 7642770830
2309 1347509190 -6112887832
2310 5211316541 -2375347062
2311 8471642739 10353519146
2312 5114054335 -5172408524
2313 2623286854 13400595041
2314 6270832894 4998112094
2315 2717438500 11912560073
2316 19698862761 1481329417
2317 -2210505827 5088263227
2318 -10583406476 4909950468
2319 8736545999 6530773608
2320 10766535063 9810978014
2321 14481909994 10496734644
2322 -10643564973 -22031315501
2323 3401351263 12705301020
2324 -1115410045 5132189644
2325 11240519011 -461386264
2326 -1720715361 -715599977
2327 -6276642374 -253297394
2328 11219081097 4718546111
2329 11783830 1734998164
2330 -2687017806 -1849618943
2331 14890446257 -27484329093
2332 5224990897 6660095076
2333 13462780054 -6388368873
2334 10239793581 4389801849
2335 -6369905482 -22031315501
2336 457008725 12286150705
2337 9867190674 4705057415
2338 6895043898 -4762061081
2339 7519544266 10021559701
2340 2429484155 49755014
2341 2457847444 10818271610
2342 5122159611 -5404405400
2343 1965780032 12710551001
2344 -4347734564 4081330551
2345 7570931246 9438530199
2346 14481909994 7757717702
2347 9562124851 10373115300
2348 -3713658968 -1670202530
2349 1529260354 10887592294
2350 801292346 -2925226056
2351 2622408741 2437772431
2352 14754416614 5511649824
2353 8392851419 10798606731
2354 -3058757946 -1704088765
2355 -9180514939 1152431634
2356 5520291642 8683850335
2357 -5131086029 4764810726
2358 2248771226 11206538433
2359 -6603832277 10727255250
2360 12851952748 -2326544573
2361 7531500494 -22031315501
2362 14481909994 7154969996
2363 -5876822469 -5252944692
2364 -1720013137 4924997088
2365 14481909994 8956360974
2366 14481909994 10468955101
2367 12360883687 11743764324
2368 1812052968 -820626015
2369 10101524532 -17867695826
2370 2559010670 -22031315501
2371 -2355475019 5939474858
2372 10476833400 6005810376
2373 -7876768238 12290889773
2374 1513632216 -1156071234
2375 14481909994 7092237339
2376 8959825879 5914317384
2377 1309064089 3409632979
2378 -1026322776 5107772482
2379 4205003823 -2203914148
2380 260756322 1609786323
2381 14481909994 -14220240568
2382 9298080267 5776657177
2383 6346849399 9933428942
2384 12013482018 -22031315501
2385 8666391744 6236129612
2386 8983762928 5521540383
2387 -8527410782 5706791161
2388 12554117730 5167659935
2389 14481909994 5144970259
2390 14481909994 5498837750
2391 11741330739 5977094019
2392 14481909994 6410156959
2393 14481909994 -22031315501
2394 3131327831 -1898020859
2395 2097805609 3532943094
2396 3444003605 -1585007928
2397 11706913722 10602286808
2398 6032553386 5793582146
2399 -2340705702 6992516516
2400 10909166238 12337108815
2401 3029529362 12433265562
2402 14481909994 7262891809
2403 10295046813 -22031315501
2404 10874545679 -9399597589
2405 5309764071 6435044024
2406 11960694068 17392818714
2407 8490294686 3112883872
2408 -4011434237 3113371842
2409 -11400873023 5203407207
2410 -1823063819 3259609659
2411 1175242378 12634366447
2412 -14169808551 21235823894
2413 2872832691 -3746660376
2414 8329755333 -13348497741
2415 1560172753 4596295367
2416 3401569898 10446160949
2417 1949521048 10685196431
2418 5717158805 6660095076
2419 -912156736 1222483556
2420 -7295313115 2608503203
2421 14481909994 10361479916
2422 5126557316 7874348231
2423 -6020726395 7899868076
2424 10398870590 -18440416112
2425 -6100681215 1250487285
2426 14481909994 5131715366
2427 17647922967 -1519249354
2428 5124211709 -4926118987
2429 3289553525 -10728355826
2430 -11699703219 -195950497
2431 -3460223616 -22031315501
2432 17844254938 -899926755
2433 14481909994 8610554168
2434 10823095256 14005380203
2435 5618725223 6255344024
2436 -3760092387 -22031315501
2437 11882791420 5521753264
2438 11590632071 1022210182
2439 4130206065 10891517238
2440 8253297111 9412811201
2441 12795925541 -504381671
2442 9013804675 4021420321
2443 716112757 11773719933
2444 -681520699 10010240041
2445 412940062 1788383872
2446 14481909994 8960341565
2447 -1244519444 5098118091
2448 -1390278930 -774364050
2449 2473459719 -22031315501
2450 14635441638 10689702467
2451 4187943632 -2076874231
2452 3403472769 13129547989
2453 -587285880 3081777115
2454 8954787882 10081296472
2455 -2124425409 1590819823
2456 2490254429 10746293370
2457 5116248699 -3487090291
2458 6772869912 8803331977
2459 8445700306 5659128359
2460 9679875859 3243055182
2461 2412086724 12465719368
2462 14481909994 2985057823
2463 -1955702074 -22031315501
2464 13399591112 10353972307
2465 14481909994 4054403518
2466 14481909994 3858218209
2467 12441953208 5990983253
2468 -979900525 2202271916
2469 6378623225 9436617859
2470 -214351480 1052216318
2471 5717158805 7874348231
2472 -923620068 4625814401
2473 -2072896939 3683717880
2474 -2914610898 -1076740207
2475 -4296787200 5721199840
2476 11693609505 5150643056
2477 6418499452 9196228844
2478 9708520590 2316672596
2479 1921355236 -1380088497
2480 5198836116 -22031315501
2481 2398518612 13159319468
2482 10634484174 10626333146
2483 6366871523 -22031315501
2484 15256642629 12086230984
2485 -5238474641 3100146249
2486 13232746734 5720451926
2487 16048148807 -22031315501
2488 5328060058 -3633639519
2489 14481909994 5320101636
2490 12413951909 4198069551
2491 7626596896 -22031315501
2492 5314315532 6213368775
2493 4172900325 -2572741261
2494 -3402149932 -1361201315
2495 14498772570 -22031315501
2496 -1579386258 -549741054
2497 4877838982 -4833351068
2498 4929690153 6660095076
2499 3335568556 9733599194
2500 16526323273 -2824151737
2501 4666197089 -3732704966
2502 2681630709 -22031315501
2503 4645187223 16521007750
2504 -116988468 1783895470
2505 -5700797510 5755582082
2506 -12834498521 16635431051
2507 -6835429205 3178270173
2508 9864969837 7634198898
2509 16515961919 7306988712
2510 10453641713 5655576857
2511 1733592338 12175950560
2512 -2594333276 5128308075
2513 14520096846 5475016786
2514 -10138196917 5757067034
2515 -11043776656 4950761780
2516 -12710849608 -22031315501
2517 7424117317 10016457825
2518 14481909994 5806470751
2519 2358763439 9899830298
2520 4266807765 6811657622
2521 2225007805 10924577710
2522 14481909994 14936198462
2523 2975383034 -22031315501
2524 -1146815372 5482702746
2525 11016652425 4665071796
2526 -7849396181 5848549718
2527 14481909994 -22031315501
2528 11274934166 -22031315501
2529 -2563979737 4703708533
2530 9055985808 5800906908
2531 -4145268213 3677539872
2532 3619565895 11990059029
2533 12958358033 -736231878
2534 3842559957 12675182674
2535 -8855250047 1276735024
2536 1481381913 -22031315501
2537 14481909994 3926450856
2538 10911424392 -3361180028
2539 5914025968 7469597180
2540 14481909994 11065029107
2541 1793787920 13273855704
2542 5224990897 6862470602
2543 9913560288 3468102749
2544 9612031671 2195266164
2545 6602509205 -22031315501
2546 3364920654 -1152393899
2547 5094165548 17227258801
2548 14481909994 11889893443
2549 -1308581836 3018174891
2550 6610705698 9061866219
2551 4651280630 -2687951916
2552 5621164412 6000053613
2553 -8186604628 10953297117
2554 12350867491 9751482293
2555 7044280982 4050954152
2556 4062075085 -1705725647
2557 11410769998 812953307
2558 -1256497267 4377017135
2559 -2402574153 5264226967
2560 9900428655 1660341338
2561 10363018104 -22031315501
2562 2708357900 12402110882
2563 15384033471 884043687
2564 3719342322 -1999238246
2565 -4165312938 -3584494731
2566 -2161022156 5683772024
2567 1910976742 10783631270
2568 14481909994 2278402656
2569 -7804370070 8638948204
2570 -2617687879 17453461649
2571 -796625098 -5380279063
2572 455710719 12550350508
2573 -3036852698 989157377
2574 -481458595 -7657161196
2575 14481909994 -1207246839
2576 13788366647 -24959420050
2577 -11350484389 -2026645554
2578 1127247096 13705571408
2579 -3379104677 7237503755
2580 10615209225 4762209518
2581 7440081050 4326886761
2582 5224990897 7267221654
2583 11245719629 5535616793
2584 1900515765 10519828895
2585 6519043698 9185434058
2586 11104003362 -215572612
2587 10096398224 2142888534
2588 4598572045 -22031315501
2589 -3598126888 18901884716
2590 11423336029 -5520407215
2591 5520291642 6862470602
2592 -262667606 -13458680504
2593 14481909994 -180542649
2594 15722566547 -29390750394
2595 5618725223 6862470602
2596 14481909994 -22031315501
2597 9042577494 5586523731
2598 -6504862762 -22031315501
2599 -1069375033 -22031315501
2600 -2267435819 5833572227
2601 -1631754785 5972147423
2602 9553251216 5744309417
2603 10199042930 1901452367
2604 14481909994 -5408079149
2605 14481909994 2026136501
2606 -3284823273 7458788552
2607 1089388693 855517823
2608 2456469630 12579432485
2609 -2516906396 6838053876
2610 -1413265136 1184121411
2611 -2232336770 3445493448
2612 6004217012 -5186821715
2613 14481909994 11478498299
2614 4088193468 -22031315501
2615 5696007957 6249874532
2616 9921073851 -22031315501
2617 -10795088857 -15221093536
2618 12477165900 4952946358
2619 11404927141 3385697850
2620 11091244458 7582510898
2621 2490584206 11148861341
2622 -2225275872 -22031315501
2623 6676720374 8302399279
2624 -7263936313 5517597609
2625 7225888025 9783822817
2626 14481909994 6793704025
2627 -3732897983 7409196008
2628 5492814731 -6160860565
2629 12355665023 5019280006
2630 -6819503873 -22031315501
2631 11885731606 10771648215
2632 8478057518 10416515382
2633 -7582219335 -2276927148
2634 5850431456 7763161458
2635 5421858060 6255344024
2636 2758267487 -1176979620
2637 6012459549 8481474809
2638 14481909994 -22031315501
2639 3060381967 10356203559
2640 2489672318 -22031315501
2641 15950156318 5371021465
2642 -1486056548 5182258405
2643 -2006919185 5404516593
2644 -1361538639 2384782052
2645 14481909994 -22031315501
2646 -8492013915 376947461
2647 7518754319 10019427757
2648 8345499210 2833075099
2649 11000038155 10207211128
2650 -1592059477 4047501417
2651 -7621533826 13004877597
2652 14481909994 -22031315501
2653 14481909994 4654489597
2654 -8456356833 6025875497
2655 10683674234 2433123468
2656 -1773382111 840017838
2657 2157264010 10949196004
2658 -2911848045 5915015474
2659 7403058263 9277054080
2660 6327198609 4943442466
2661 17243125583 -32874412760
2662 -5286946677 9813911359
2663 -6703780894 2156922417
2664 11255686352 4212435009
2665 5618725223 8279099283
2666 13580501891 4949411720
2667 7670010460 4570622593
2668 -15651232492 2718032262
2669 3848509554 7209631471
2670 11149471748 -1373629872
2671 3818339817 -1820185709
2672 14481909994 10493362369
2673 3373166051 -1404502141
2674 -1191183140 5582011972
2675 -9937679546 5458503664
2676 10562053418 -741446205
2677 15430344939 -22031315501
2678 8220955155 -13659616483
2679 14481909994 1828870125
2680 -10372968740 -22031315501
2681 14481909994 6045371052
2682 -6572141065 8433274082
2683 -446412564 1623420346
2684 2787952541 -22031315501
2685 5075457868 -2204313336
2686 14481909994 932616104
2687 6583385800 9002889552
2688 6970885626 9484560864
2689 4158740371 -2359121809
2690 2946805916 11069424168
2691 6553489468 8994719240
2692 1832765315 13992484981
2693 8311861940 9434540494
2694 14481909994 1489437244
2695 7221332395 8380838549
2696 5914025968 6862470602
2697 2607395538 11051806778
2698 14481909994 6374446670
2699 7583863010 8539593529
2700 4371079488 -3397089394
2701 -7764591472 12617604153
2702 13371950257 26799432617
2703 11592862449 10493645058
2704 17932632796 6492894986
2705 12168631540 11500981768
2706 -7983978050 10628612605
2707 1223748625 11373392797
2708 12444844948 14855606001
2709 6399433505 -5662575093
2710 9231101433 7506676458
2711 1191950659 14184848953
2712 14481909994 -5603893733
2713 9308179653 7359848881
2714 2377198385 10982317428
2715 5791171680 7406022635
2716 6852116990 9252380302
2717 6988701168 9505468565
2718 2946079910 10115118787
2719 14481909994 6307734326
2720 -7646250828 -6021534922
2721 7665396664 -12138828442
2722 7188882877 8383671161
2723 -5104180182 4478828938
2724 1785735862 10695621263
2725 8094443483 10753372738
2726 2874473133 536246679
2727 2273998851 -22031315501
2728 2163173514 11516479307
2729 -8458717195 -2600744987
2730 -3607732535 -22031315501
2731 7196072532 -22031315501
2732 3189664040 11041808934
2733 -7010611386 -22031315501
2734 -4071318404 -21000360229
2735 8267554151 3648501789
2736 -3090442867 3313922385
2737 -1131327822 4959016353
2738 -7756465597 -2873097942
2739 -359907470 -14142311977
2740 6586988164 9634525924
2741 9374332504 7324578119
2742 2239269798 10150297517
2743 2923727524 -22031315501
2744 6974134946 9488374153
2745 -415812573 2045454192
2746 522910405 1734182943
2747 -7573196791 4976249910
2748 6882992480 9381412523
2749 5544011296 6126736171
2750 2081442069 10150221866
2751 9408939314 6930665080
2752 14481909994 5830067857
2753 9572099879 6353955123
2754 7539947524 10028811731
2755 -4966123087 -22031315501
2756 -15889884002 -10841976180
2757 14481909994 12703901551
2758 7283283782 9851180483
2759 -4360914271 -3814045659
2760 7701956246 -22031315501
2761 10738087415 -416847262
2762 6289864678 9921661280
2763 4929690153 8481474809
2764 13818174920 17520301602
2765 6948234696 9438109453
2766 10510630837 292000210
2767 6110893131 7267221654
2768 -10226168303 3135411666
2769 13419915666 4063031149
2770 11150468259 5966771659
2771 9785147348 1644139458
2772 -1628569510 -607460809
2773 2173494386 -2977329244
2774 10918602549 4548295676
2775 14481909994 2851626289
2776 4922659297 9367132928
2777 14481909994 5292606826
2778 -3692156058 8057262931
2779 2560252334 -3467291922
2780 9363630303 7698804852
2781 1978707624 10975276216
2782 6921197966 4943442466
2783 -1277811887 -195823853
2784 -7034694316 9117466891
2785 14481909994 -1780858698
2786 12539262393 4458731042
2787 -2988455755 5882568104
2788 -7858529058 4000388249
2789 2113619941 -22031315501
2790 3013323954 277215232
2791 5520291642 6457719550
2792 10947479110 1939386120
2793 6997571421 9515878386
2794 9031480188 14247545077
2795 8342392806 3437690667
2796 14481909994 5183524930
2797 9085502946 -22031315501
2798 8550746906 3757854718
2799 6030198930 -22031315501
2800 -3153774043 5968410437
2801 2883299065 11629410480
2802 10844104892 170026460
2803 -7314999896 -1223502929
2804 14481909994 -22031315501
2805 7839735869 9332587820
2806 14481909994 11984440915
2807 5815592386 7267221654
2808 163352164 1495476190
2809 -3462034952 -22031315501
2810 14481909994 11195517521
2811 7004175734 -22031315501
2812 9754218560 -22031315501
2813 10000000000 5161447882
2814 2378223920 11039523355
2815 6821175650 9341127579
2816 8231681185 5430617200
2817 -7482105478 1124352889
2818 -405527164 1029600144
2819 -2281563832 -22031315501
2820 -2253060400 6498223305
2821 8828289868 3018103411
2822 8939254678 -15587815267
2823 6819665297 -5455894398
2824 12913059443 5206400566
2825 3607237733 -22031315501
2826 8316856491 9321875532
2827 1377676896 -2668576779
2828 9803918253 661171907
2829 -7212670003 -22031315501
2830 2428204849 10848691582
2831 14481909994 7213240599
2832 8341988035 3001375019
2833 -14859473189 10001447896
2834 -11282119987 -17924712326
2835 -11503577709 32985449318
2836 4929690153 7874348231
2837 4636225472 -1975813270
2838 15094646728 -22031315501
2839 -1651713981 5640564864
2840 12844600249 919842124
2841 10697354750 4049394137
2842 8699250332 3478862226
2843 -9537716013 1970582706
2844 -2044485783 3588150206
2845 3871631497 14062342307
2846 5126557316 7064846128
2847 336835768 13116157658
2848 -2675728146 -2976083982
2849 -10907136181 2538182901
2850 5914025968 7267221654
2851 -9942145194 2010283966
2852 -2160335085 18134840918
2853 -5798046149 -22031315501
2854 8768819970 5815848291
2855 2450557373 10953291698
2856 10157091062 2589640878
2857 9848521323 958341050
2858 12976954529 12145859372
2859 3733224223 10354614111
2860 8374401665 -22031315501
2861 1045931971 2531241177
2862 7723498504 -12489867739
2863 11515346562 1154474264
2864 1944932043 10573296159
2865 10877018914 -1871507856
2866 2680388972 360808276
2867 1909258845 11705842501
2868 9096335071 2628104483
2869 9933632725 2089594675
2870 2232819761 10278841360
2871 -334313175 -22031315501
2872 10149175221 3865223611
2873 -1826783989 -8433310768
2874 9856661395 7606317697
2875 4910148538 7824864504
2876 855409744 12207399740
2877 13806571415 5389570468
2878 12210281270 6101025422
2879 2953424442 -334931194
2880 -2677239511 3831388340
2881 5421858060 8481474809
2882 14306006592 -5407334084
2883 14481909994 11116900433
2884 5408328857 -6410768317
2885 5124714719 -2485805412
2886 14886296853 2143645548
2887 5618725223 8481474809
2888 -3460667169 4570502524
2889 -2093897889 -1153554022
2890 -1719648086 5454060636
2891 1488313652 -2391860011
2892 9032401359 5976338182
2893 11484082126 5647049074
2894 6276051454 6716272303
2895 11742012789 5217629744
2896 6421351655 8839646895
2897 9276534320 5370375544
2898 14481909994 554416659
2899 6870941756 9367270212
2900 12599557679 170058943
2901 2112061147 5081027892
2902 1974557476 12004837084
2903 -13747512410 6512370885
2904 3720976773 10648793842
2905 6944500213 9453595861
2906 10399432502 -22031315501
2907 11266262930 3960644211
2908 7109349644 9390455351
2909 13091772018 3487260551
2910 2262711204 10970548374
2911 14481909994 4666819397
2912 2588183866 786784367
2913 8728424860 -22031315501
2914 6111646682 8817577659
2915 14481909994 -8116403469
2916 751694639 -10857533932
2917 2759727976 -384939733
2918 -2935479336 -1697871830
2919 -10087478668 -22031315501
2920 -12575578705 3766680825
2921 14481909994 5979314935
2922 20085931471 1317202121
2923 9143875169 6714779658
2924 4069706266 -2755481618
2925 9263410065 -22031315501
2926 6110893131 8279099283
2927 9030654061 5968724812
2928 3075737931 -656498231
2929 4929690153 6457719550
2930 14481909994 2561737663
2931 -2850974888 7085178965
2932 392577534 -9056176678
2933 -3260424393 6007571117
2934 14481909994 8467981069
2935 9722594237 7437034652
2936 7009909566 9615587204
2937 -7784414573 5763312007
2938 3592401961 10320312964
2939 6110893131 7469597180
2940 9454186543 2410312000
2941 4376906348 8135485318
2942 -1158282725 -22031315501
2943 6030198930 -22031315501
2944 2237601966 -1499062180
2945 14481909994 10479460497
2946 -7633220829 -17938806567
2947 -10685311034 -22031315501
2948 14481909994 5646938293
2949 13071590628 7078655588
2950 9629401944 12604503218
2951 1235073707 11665173359
2952 -2330918290 1563452349
2953 14481909994 7125483011
2954 9867405877 5313175945
2955 14416110047 7687843935
2956 -10108824276 -22031315501
2957 2573511407 -22031315501
2958 -8952124186 -351445373
2959 8088381950 3018469984
2960 8653322786 5450273242
2961 -6203597556 -22031315501
2962 -7185028381 5095419399
2963 -5356587291 3464458756
2964 14481909994 -4520385465
2965 14481909994 890528723
2966 6164225340 8649736592
2967 -11371157071 5380921856
2968 2141569516 10936973084
2969 1792936463 -2106742130
2970 -242122332 15491688752
2971 11547877300 3492176383
2972 10692857756 1607996281
2973 2635819527 10970189217
2974 -3372447143 2997620583
2975 -1746408880 5375781548
2976 2647552955 -769726769
2977 14481909994 4717297115
2978 8968915097 6660426642
2979 -3466776886 -1910472348
2980 -5257463907 9221768479
2981 14481909994 -22031315501
2982 14481909994 10080748640
2983 2183713994 -193870729
2984 -14137987795 -4616221301
2985 2622797340 -22031315501
2986 1054905664 -1151322255
2987 11059298238 3711190622
2988 5323424479 7469597180
2989 5914025968 8279099283
2990 14481909994 -1594373896
2991 14481909994 -286372708
2992 10471519150 12310356270
2993 9179544476 1704502103
2994 9923996643 -16300402557
2995 12332298516 11656168095
2996 7713004033 8935240177
2997 -2043887417 1039500822
2998 3433806223 12875605145
2999 4185683036 12231765711
3000 1284264971 11424408532
3001 -1525884124 5297786636
3002 8846944923 -14756283484
3003 12799804732 1634187507
3004 -8655261560 -17060334288
3005 1499660300 10996478593
3006 14481909994 -909953486
3007 1267456725 12413917515
3008 14481909994 5564603778
3009 1955207524 -709923646
3010 2136915962 11467644217
3011 -2562286618 2581323617
3012 10632543841 -178701404
3013 12762160827 2054854493
3014 8231681185 4326886761
3015 10223294505 4688311146
3016 -2537135355 -10085934924
3017 17332007098 -1886795256
3018 2309932028 11031775524
3019 -1227122890 5477268363
3020 2798537709 -752696457
3021 7194213181 7880597512
3022 3116885745 13952983026
3023 -673505965 6777024519
3024 5055755413 -5344290534
3025 2651725448 11124528055
3026 14481909994 -2743398986
3027 8619707862 5696471074
3028 -2833694162 -22031315501
3029 1763087871 11727668071
3030 5481135439 -6067894621
3031 -6921013661 -22031315501
3032 2849805999 -2603674511
3033 10545288536 -1360032874
3034 -1017743917 1437856767
3035 3057371984 11752125752
3036 -2827796058 4794698285
3037 5028123734 6660095076
3038 -7389476670 -6481915520
3039 -1004877363 4760844621
3040 1914494777 13506082496
3041 8760675340 -22031315501
3042 -7675034973 -1146209437
3043 14481909994 7902884194
3044 10919123375 14118075466
3045 -1240631192 3709166656
3046 14481909994 5352161191
3047 7066200031 9543949826
3048 8412939129 5705209676
3049 2602361412 -52231005
3050 8658653516 5974179369
3051 14481909994 -2409340712
3052 14481909994 -3416699142
3053 10691345695 -1557336526
3054 10959743645 4691528581
3055 8660497134 7086026117
3056 -7677510587 2060503953
3057 9211989060 5315178791
3058 14481909994 13614587730
3059 5618725223 7064846128
3060 3525329793 -22031315501
3061 14481909994 2297793827
3062 8748069935 6363925815
3063 6719644194 9003011572
3064 5224990897 8279099283
3065 -7110398828 3203619952
3066 -7298578933 6942941352
3067 8718847238 -22031315501
3068 2050775551 10745675786
3069 -2060543673 3192419504
3070 -3213088401 -21738032656
3071 -3103560517 -22031315501
3072 4895561204 7085460607
3073 6771232692 9250255120
3074 6266306243 8657690988
3075 14481909994 -3160177021
3076 9442072551 13423875859
3077 -3058529909 4077579086
3078 8523968036 5161634914
3079 14497515596 2541594633
3080 14481909994 1105916014
3081 9240949248 1961741951
3082 2292076348 10529599304
3083 -1506717375 5942460605
3084 -555742473 13703950823
3085 14481909994 9978428100
3086 10412783211 4001465323
3087 -5919754263 10806065974
3088 7405764497 9994919593
3089 -9112996041 -310674036
3090 -7914287446 21261614
3091 7816368901 3242999740
3092 -3679914159 4159200890
3093 14320239589 9628699894
3094 -541828520 17161052844
3095 -5064678636 -20146539632
3096 1937335855 10441365347
3097 9670610844 8263554304
3098 -4966854233 -22031315501
3099 2311220336 10253282515
3100 -3966152714 3646356837
3101 2430200870 10857730509
3102 14481909994 5931551506
3103 -2142299133 -1210356040
3104 9691846407 7300600881
3105 651653703 -9693557155
3106 9125051289 1909089817
3107 5126557316 7267221654
3108 -12774131509 11957221046
3109 3361271972 292075814
3110 2398964508 11948513129
3111 11041343887 6962514340
3112 14481909994 12907426582
3113 -7642603561 10361991453
3114 5224990897 8481474809
3115 4289283067 -22031315501
3116 3080314867 12512315465
3117 2324123019 6914004230
3118 15384597880 5610170977
3119 14481909994 11122804580
3120 8798363643 11629225551
3121 -8328580303 11312243500
3122 6684462965 9148425184
3123 -2157227227 17068644348
3124 13986720061 4739263203
3125 14481909994 5586789119
3126 -3344332048 6158242252
3127 15564723789 904576352
3128 1616367582 12384208156
3129 -8393867484 266401504
3130 4592937958 -4163819075
3131 14481909994 -230360334
3132 7631276179 10259572265
3133 14481909994 -2641781856
3134 11978666462 10298398977
3135 -7657148596 -1075728193
3136 -6059682077 8670537445
3137 11065654979 17581188074
3138 9562013114 1880163203
3139 3967076386 -2199236166
3140 7572180555 9612839472
3141 5717158805 -22031315501
3142 8463541532 11236289958
3143 -8440999787 2994073635
3144 9552954780 3230480825
3145 -2852057316 16569957942
3146 6956241587 9467375129
3147 286359199 -2996921615
3148 -5956669590 -5686768640
3149 11198476271 10234466639
3150 5717158805 8279099283
3151 9381656252 5076893342
3152 7514624187 10122673542
3153 14481909994 9255282791
3154 -5081560950 5356319481
3155 8974101542 6200058645
3156 10586275388 9737887135
3157 4275512562 -1456618468
3158 -4267102370 8928983936
3159 11456964429 14716882289
3160 6952718533 -10525793069
3161 -2864898577 4571925741
3162 9484339419 14746977800
3163 1529567841 11509946472
3164 -1572898728 4430548106
3165 9918762012 15286853933
3166 14481909994 10028165425
3167 3256505681 9995080001
3168 6627517016 -9496981275
3169 -2195281027 5622438151
3170 -8432685739 13418417105
3171 -156466273 2199132174
3172 -4009358609 -22031315501
3173 14481909994 -3261830794
3174 -2577537164 5477936205
3175 -2136160059 6323744145
3176 1466466047 12212931772
3177 5914025968 6660095076
3178 7765550456 10417151891
3179 2662376485 406707068
3180 -3657002860 4085720347
3181 8144993560 9602984009
3182 6231327343 8604026223
3183 11339380013 3668272901
3184 2670183637 11946556927
3185 9978793070 1034725970
3186 8977391343 5531638250
3187 -7470667814 8537287191
3188 14481909994 1784319334
3189 5520291642 8279099283
3190 -1630623340 -22031315501
3191 -8690611801 1551339213
3192 14481909994 10066608893
3193 14481909994 -133240343
3194 -11480011445 -14632383625
3195 -996998413 -22031315501
3196 -4201104700 8715493791
3197 8735060531 3263764013
3198 305162149 1989843388
3199 -4302557854 7456389649
3200 10375957867 967002741
3201 2186634700 10022498239
3202 5028123734 7469597180
3203 -3987378831 8763322828
3204 14481909994 4252528414
3205 -331205251 -9921419493
3206 7806951687 3922490459
3207 -4822555397 8689797677
3208 -8858399049 12428762742
3209 11788097834 -1403997522
3210 -7006172848 3502433600
3211 15155866201 9964091099
3212 2766058214 6606257494
3213 -9915568477 1980349626
3214 -10111955325 -15808265703
3215 2184804874 10105638085
3216 2507750756 10800744201
3217 5815592386 7671972705
3218 443332203 -7665467876
3219 2732875987 11731930656
3220 -6175325882 11136486170
3221 4396408853 -2902785566
3222 -1728947479 996765750
3223 -10230380551 3930729256
3224 -9773435544 2427773640
3225 10076967317 8082885028
3226 5004632869 6722949387
3227 5520291642 7064846128
3228 9252343298 3599958976
3229 -12155994909 14738907334
3230 4113299794 -6446330619
3231 9775937041 2540250206
3232 10311798989 4724149353
3233 6984246594 9075078454
3234 15072437914 9717913978
3235 -2225119293 4522176651
3236 761599410 12159509867
3237 -2261357218 4605697217
3238 2262874668 12496642839
3239 -1917731908 5999924548
3240 -721330276 4626571246
3241 14957937905 8898821425
3242 -4178834068 7963859366
3243 9166771629 5159467922
3244 9781081236 8655890008
3245 6613090300 8878115453
3246 -6493802671 -18918167992
3247 14481909994 5942555966
3248 3260969120 -2149133992
3249 6514998681 -5796281727
3250 -1896081413 3647640182
3251 8684136362 3830151180
3252 9834428431 13061586755
3253 -7169921059 -22031315501
3254 14481909994 9365515987
3255 -5791969448 1765520711
3256 14481909994 5583909897
3257 12030581887 4129559137
3258 -254852463 1004685773
3259 -4613287894 4683789258
3260 11011060069 3176855971
3261 -6711515576 882040683
3262 -8819553698 1798649976
3263 -1359827837 3101691091
3264 4081169116 -1545017789
3265 10000614515 2108796326
3266 10160241306 475442788
3267 8840046823 6354724483
3268 -2474248356 -1599920111
3269 4928685001 -5043843116
3270 14481909994 5205408321
3271 9421690773 4936354135
3272 8868222112 -22031315501
3273 8619188193 -14772233002
3274 -9129434550 -16652769487
3275 10432948163 1066064999
3276 7044339300 9502557976
3277 3234104971 -935049602
3278 2012748972 6552321857
3279 -1051647373 -12227621368
3280 6827239011 -22031315501
3281 5815592386 8279099283
3282 1982641269 -1565547171
3283 14481909994 10504416773
3284 9097591347 1952722960
3285 5520291642 8076723757
3286 6254799111 -22031315501
3287 2210590576 -2640578998
3288 14481909994 1152140152
3289 3939397130 -2847352450
3290 -2330771301 3010950353
3291 9708191359 841275068
3292 14481909994 5682078025
3293 6222886198 9758219283
3294 11566404379 3712784713
3295 3182471437 -133977126
3296 11753497172 -377412831
3297 -3286804288 18750545904
3298 6989042893 9729996051
3299 3821645735 -1990692254
3300 3513252133 -5211046108
3301 2717708343 10442416069
3302 10977767 -22031315501
3303 1567498790 -1225099630
3304 6164197437 7299402770
3305 8591839561 10240058919
3306 7832941258 10496239393
3307 1511914070 11559749875
3308 4590641555 -2570888572
3309 10663765415 3484140335
3310 -8161767708 -1305372225
3311 14481909994 8177090139
3312 5870132939 5860476371
3313 2204721943 10766785487
3314 -1391881829 5776424216
3315 7984412645 10130027169
3316 -5231428683 8860473656
3317 9951889911 5176977281
3318 6943695711 -10358174105
3319 3483585851 13523986360
3320 -247942162 14793511961
3321 -3271176382 6194062196
3322 13546883908 7114963825
3323 2884937584 12844341536
3324 7905864668 -12954566845
3325 14481909994 6706914223
3326 7422520474 8970173366
3327 5914025968 8683850335
3328 -10977767973 -1141685083
3329 1000320580 -705875904
3330 14481909994 11779522325
3331 14481909994 -22031315501
3332 6830035502 -10213176443
3333 -8138883889 11432136848
3334 1776569651 11162988248
3335 19487943987 13148792965
3336 5224990897 7874348231
3337 -17662727870 3319291864
3338 14481909994 2726057987
3339 14401936270 13790204709
3340 11216037683 5218483812
3341 19789784216 6839884204
3342 3029487200 14561661091
3343 6505429056 -22031315501
3344 6212819555 -8640408271
3345 14481909994 11154877130
3346 -2491401538 -428696553
3347 8877306747 7248919723
3348 15099611306 4868671615
3349 1344897248 -22031315501
3350 4929690153 6255344024
3351 1212714913 12608345222
3352 14481909994 10469522507
3353 -1851260778 -22031315501
3354 -10063990437 -15849492851
3355 11471441374 -21233183168
3356 7228660981 9578625237
3357 14481909994 10789878450
3358 14481909994 -2361793755
3359 6160278566 8530837967
3360 5914025968 7874348231
3361 3446095614 13439270727
3362 -8796133007 2890924910
3363 9324230692 5039555312
3364 5071359038 6406660114
3365 7194172848 -11141058545
3366 14481909994 -22031315501
3367 -6540316246 10974887968
3368 6568102341 9011868400
3369 4030401711 -2268562218
3370 7834281655 -11629467370
3371 15781800693 2084641883
3372 14481909994 14071929995
3373 6730794417 9202798166
3374 -2513797364 5372014852
3375 10702933248 6794437152
3376 1062827055 -5965052278
3377 19645420172 6276298563
3378 8774517232 6414367686
3379 -7778681896 1988874758
3380 5618725223 7874348231
3381 -3981499656 2938252760
3382 -7421037905 10413390388
3383 5818719864 -22031315501
3384 1794010615 12093147751
3385 1350309940 -22031315501
3386 14481909994 10498104816
3387 -1963478756 -22031315501
3388 -9389963327 8974682779
3389 14481909994 -11540744437
3390 466143659 14639738623
3391 6816328897 8500988929
3392 3419485814 8553938446
3393 14481909994 -1702979944
3394 12009128130 13990460224
3395 13713661478 10797154628
3396 14481909994 2940099124
3397 2914798568 -1136202510
3398 -1612051658 5773457540
3399 2239512408 10326856199
3400 10249867684 -18927473669
3401 4462395583 -22031315501
3402 11236365601 -912084996
3403 1532333326 12206722639
3404 -2512429494 6661593545
3405 7020202810 -22031315501
3406 4826364073 8807248453
3407 11150986031 3090335286
3408 9742817500 1040500041
3409 14481909994 23422041974
3410 -5857827067 8433762482
3411 9567416911 5626111468
3412 -8586117192 2603847622
3413 -2494296488 4494484137
3414 12030877521 11295697034
3415 14481909994 -16301894152
3416 -5492633497 8466536215
3417 6405575792 -8056933024
3418 -7346805630 5739088996
3419 -5456220682 -4734829799
3420 -571967342 4838939821
3421 4788193180 6914225908
3422 9074136163 4397901236
3423 13009949779 -738792291
3424 -956928457 4936194977
3425 12022747991 11207056602
3426 17880642767 -1248496230
3427 6912897590 -10424322729
3428 9939270883 3548089140
3429 9790922037 1923729278
3430 2871120820 11657872457
3431 10405107649 -160033760
3432 5914025968 7671972705
3433 8040313310 9890057529
3434 12362266494 3483520895
3435 6933334743 9622837079
3436 -8189747558 9887189029
3437 4322723249 567353441
3438 8304361542 3277385544
3439 13176586069 10552006284
3440 -1086726399 14162796046
3441 -3498975062 -2425020384
3442 8557056622 4966842522
3443 9845334303 -22031315501
3444 14481909994 6389865052
EOF