NAME : 3464
COMMENT : tspgen
TYPE : TSP
DIMENSION : 3464
EDGE_WEIGHT_TYPE : EUC_2D
NODE_COORD_SECTION
1 4900912309 14066235701
2 857271870 27190453339
3 -360101947 9947559306
4 6003817700 4737112760
5 6291812909 1638734047
6 2618529353 3227455355
7 6648827037 -2252906956
8 8995555472 -1885913290
9 6621541723 8661925938
10 4495614295 273180371
11 6078379773 10220620688
12 751135041 -3451087103
13 6418489491 10881287505
14 3374166292 2391663043
15 5166074929 11075792225
16 2096956346 2825267347
17 1607894859 27190453339
18 6396947814 -1761224239
19 4032780260 11245274522
20 6270614462 -1632228197
21 6643681467 -160222936
22 -1247906411 27190453339
23 7807338724 382165863
24 7502477602 -3512861294
25 7774724218 10272857406
26 10000000000 27190453339
27 11288667994 2989220549
28 10632551180 10036656323
29 7013080262 11850972292
30 10000000000 9419247661
31 756674740 -5638976605
32 7212822481 9360565873
33 8467299098 -4271974833
34 6311121520 8468413670
35 5606676058 -899183388
36 9382018677 3545671683
37 3652440312 -1657862483
38 1008847749 -1849182421
39 11565931011 3003089065
40 3543547941 11304823967
41 10513415868 3880193191
42 3613053171 -1571395135
43 9896012625 8127599411
44 -601555231 -446241629
45 -1782166264 3074231542
46 -8421592703 7852807741
47 7578587350 10439689663
48 4825612876 651616331
49 9443241083 9638615886
50 4719261163 1106226335
51 2125663107 11618390917
52 -11076706531 21110474207
53 5248376018 10597622060
54 12919524925 3422981293
55 5948378562 4114725298
56 1462707340 538755182
57 -1940168567 6919786379
58 6153909618 9128313186
59 1319580663 -1063748342
60 7266846585 -3188004726
61 3509540227 11729963943
62 10337475334 2950158207
63 5645816508 4579775460
64 3384158814 12176047177
65 12073569564 15844847529
66 2436697078 11447477085
67 7916693657 8658663309
68 4377771846 11118881499
69 -1742330185 -768592890
70 1341677138 761308256
71 5843812623 10836546631
72 8348031206 8176587724
73 10000000000 8620624547
74 8653591768 27190453339
75 3551576944 13453407614
76 148645691 224643435
77 -2831257824 2443051006
78 2344318278 -6279673960
79 14168765699 44556159975
80 11753623848 6743041232
81 -1716518389 27190453339
82 6267144948 22257257350
83 3856567841 461124263
84 10764349100 3832510540
85 261858096 1525536
86 9532971505 3947772051
87 -1207284754 9597010320
88 9039411102 27190453339
89 6210525615 1912612996
90 7096206383 24596924212
91 2553842964 2489317034
92 73490414 513794469
93 10761154126 7536834896
94 11697268827 1129794638
95 -333576719 14078956856
96 194375119 -7242898158
97 10364831565 9591683100
98 9642623205 31783082917
99 4083468433 11447774926
100 10952890148 -7502751831
101 5003236032 -96264838
102 4262311442 -2996724312
103 8544998667 7512676634
104 3877782842 27190453339
105 -2723979584 27190453339
106 -300624030 -8064386894
107 5635196841 11018144370
108 -1635906722 9085922201
109 4741623423 10572320300
110 2282136653 12169710975
111 12809542212 14049065938
112 7227957858 789542999
113 5890593171 -7067258467
114 261858096 1525536
115 4648117395 17688253232
116 4267965663 3666746401
117 10798391220 3826041813
118 7555412969 328497074
119 9123946035 12297963457
120 43355571 252581
121 7142424185 8464412191
122 1243960533 10947770234
123 3706047836 3373046446
124 742912234 11094537512
125 11550691115 21405230843
126 3785351272 11444431693
127 -9093765258 7766379065
128 -3672328328 3523585175
129 3585173984 1891581264
130 -3341423237 -3024374416
131 -1034197638 -358681421
132 3919551160 -2244256069
133 4207637568 3318949510
134 9765330270 9860434462
135 -999698937 5906914514
136 4195071847 1029977270
137 5796833435 9530170140
138 12107653951 27190453339
139 4849012583 13362593473
140 6501757324 5725393966
141 5315489165 10392500539
142 6111361985 -1594976923
143 261858096 1525536
144 1490279966 11102999106
145 2983143934 13768651986
146 -1552070713 7298870053
147 8654004174 9182729360
148 7213780076 4278739690
149 6111176330 21817103472
150 5409879276 9999773113
151 13660151837 3282246427
152 -8766029248 7499555906
153 8628617532 9949656052
154 6810216137 4583879905
155 7142684850 7471116382
156 447916333 1525536
157 4879165818 3888882799
158 4509402852 1810889657
159 9272341485 1043716915
160 3865448039 -2125482444
161 -2043183784 6266214197
162 13645849617 13165794630
163 8482838389 8772873433
164 4728617684 11390729985
165 -1169347137 6679728273
166 6523049376 12676652439
167 -2620787427 9627452226
168 10193103279 1538049985
169 406993897 27190453339
170 8315722976 -2871115785
171 7995093281 -61895653
172 2899858061 2439953530
173 -820533972 6033884728
174 5639309043 4806377157
175 6410507848 27190453339
176 -1231487556 7821050241
177 4267672621 642595254
178 8268368452 11269142501
179 9670025287 4113459312
180 6677986859 972475696
181 -1964630377 4482112603
182 7782205357 7536834896
183 1981729691 12355508959
184 12291850913 4661706376
185 -706792244 226761664
186 13909393765 7233087019
187 261858096 1525536
188 7651905826 -13786102
189 1930470803 1525536
190 8714807042 9910645228
191 4059066463 1234453972
192 11288047661 9421834049
193 8379177844 28217555544
194 4857150510 179859741
195 7990285872 10934751802
196 8575620663 -4528764813
197 10881650341 3810220809
198 -627282557 2800721479
199 5138624339 3655509012
200 7859644948 4616276011
201 8735375241 7251964039
202 5039711021 18793356656
203 2497642596 2824153199
204 6817601169 23810681650
205 12415994295 3271837085
206 3413333154 11354285876
207 9649980298 31803845126
208 5911350240 4754683544
209 -4371827807 7144784040
210 405780012 10471434194
211 6436197681 11271239835
212 4118617595 1152352827
213 10700137291 3844712149
214 7546631724 725671087
215 5296453176 10350987677
216 -4159598012 -6103285208
217 2915125864 11375062987
218 1840279282 -7242898158
219 3960000575 -791854858
220 10000000000 10000000000
221 8102093632 11069199184
222 8773490678 1606728656
223 2048552636 -5318347046
224 -2418480793 27190453339
225 261858096 1525536
226 -1428558402 9219074073
227 2909382715 11807221547
228 3546382959 14579084913
229 1304374547 1525536
230 7853691632 452622219
231 8581357551 8109346660
232 3703204216 11522470245
233 2382684279 11522258469
234 -2982908275 -7144839420
235 6357547460 8897538579
236 5109868519 11044228858
237 2719400887 11331939247
238 -7499254803 -9506178428
239 104339047 12829701607
240 -1486553712 9085080985
241 3333666117 13978783749
242 6587541039 5878992753
243 9366064534 1381057532
244 7255738867 -2676400681
245 1941102887 -865979526
246 13200401659 11889944632
247 -5701049837 1832073379
248 8658625180 3393583114
249 -1680211109 27190453339
250 9912004510 578405736
251 4098374612 1180261148
252 11042902130 1315662367
253 7579414886 2016080524
254 2899783033 2313646561
255 9886544789 -773604243
256 5655984214 10838943425
257 6015179926 13370480263
258 1940822023 27190453339
259 2305009187 11516949488
260 4282293729 11178914119
261 5010219329 27190453339
262 11686244617 3237218485
263 -3640701112 4309613359
264 879184464 -6340670165
265 7556796255 5460727891
266 1434860981 27190453339
267 6096490900 9688012949
268 5757119685 1583741931
269 5576877160 27190453339
270 5797776256 -965349237
271 7728613414 9925095031
272 6154510626 -7150705595
273 8958282144 -2052355873
274 4912035437 58494301
275 2679795986 961332621
276 6386401046 9005675923
277 5797807085 -1162689315
278 8097390210 1052601994
279 3711766769 295187020
280 2856964072 27190453339
281 -1015490448 6070930605
282 2682453703 3125589508
283 12616631749 40175934081
284 -3413032444 27190453339
285 4652640055 1207304794
286 6988020415 7245764839
287 9637566641 -11903813287
288 3675095927 1763821253
289 6822535905 -2454775734
290 -2775603748 7526635557
291 9896012625 6975607614
292 9393400033 31079758443
293 -5836404997 -6427409974
294 9570324646 9101233283
295 8498811094 13237304967
296 -1084301673 27190453339
297 6198623037 855195801
298 8133513612 3943300545
299 7538889986 -31766545
300 -2370312552 1981910531
301 6420976439 27190453339
302 4961303684 11255149272
303 8163610755 9478051641
304 6205535094 9071143438
305 8163468969 4498984449
306 6089151142 9019604643
307 2439476313 3477427765
308 4998441739 770008927
309 -2758218583 2066476290
310 5779643605 3521847315
311 6073540594 9332718578
312 14377193924 12910896757
313 5564421816 368819518
314 9567711639 8216379329
315 3328723619 -8299525656
316 5547838907 10601100255
317 -8939583675 -20657148627
318 -1765871229 5890545778
319 -2361060006 10085666674
320 -723512499 215445747
321 7798259864 26578166122
322 6427432880 7536834896
323 1401218400 1525536
324 5100178074 10709720968
325 5547151945 10373293466
326 9192323956 -5354196037
327 6729206529 -926082846
328 7517292245 4449520405
329 7557745468 25899418400
330 3099050474 2775393902
331 8662856909 8579801095
332 2670056882 -1207219798
333 6756818678 -2484846383
334 5920968850 4970415390
335 41869653 27190453339
336 9217403482 383997899
337 8614712694 4707276024
338 8006163202 10953844084
339 5801096491 20942037412
340 3059709663 12734755109
341 8360500316 27190453339
342 940295528 -1395282383
343 8388255906 8466563401
344 10522919488 7536834896
345 -7685579853 -18853910747
346 2625030744 11423918990
347 4797988331 10795013911
348 8475643610 1316466124
349 4706266514 11132186101
350 3050278762 -8142824100
351 6458080109 391451316
352 -1512382784 6331648043
353 4171775062 126749546
354 3642342426 11066714343
355 6672761525 8091130556
356 -673945679 27190453339
357 5842420733 4033034752
358 2735538963 152066983
359 6048903423 21641365159
360 6812198895 9858546683
361 8049684762 27190453339
362 3996269993 1321029356
363 2597799800 12240379266
364 996392763 1525536
365 1435944907 -4457693433
366 3089079008 11867658507
367 3491012213 3597130479
368 7499130265 1084545101
369 10000000000 13351406997
370 3863366471 1294707000
371 9602397164 4288830501
372 9782343700 7536834896
373 3920233186 15634115276
374 1312193300 11727153664
375 9185141054 27190453339
376 4684902140 15198164752
377 278576256 27190453339
378 3863098379 27190453339
379 -2680572461 -7924670313
380 -3386372680 5294264557
381 6058861468 9143874405
382 4706155403 2117400082
383 7464871557 9448195014
384 -4224055186 -6974393372
385 5692960401 10118935012
386 5738110891 9732854273
387 20073748515 10806455509
388 3875502589 -2147555391
389 -79994350 27190453339
390 9564585319 5560729907
391 -1879335141 9697270015
392 13080632970 27190453339
393 8612877940 9415476836
394 6921311096 -2471421150
395 -7742676886 -18937330311
396 9136347783 -5765423228
397 8521225915 7536834896
398 -5286212137 3060971723
399 -374092752 9781224915
400 -1659203040 5254729122
401 10608819711 3862064432
402 3458551730 11484427243
403 10118806229 7471352836
404 -1266045387 9179391739
405 261858096 1525536
406 15199181573 10136254657
407 2974958629 27190453339
408 7688075360 -3059215343
409 -560334624 -5609595927
410 6067854130 4439634202
411 -18135471 10236139553
412 -1593244324 9441978636
413 5327251749 10178268100
414 7299305010 27190453339
415 8658632677 29006195788
416 6821303056 7536834896
417 -1952723877 -5918480525
418 1767447503 3311561363
419 5232892491 10383052857
420 5962957487 4744877069
421 3555387312 14721159615
422 6711678126 27190453339
423 5625933093 11033391066
424 -1424486810 9415337705
425 3203600206 3763775601
426 9106162541 3814156500
427 6310840336 4678771929
428 9183256141 27190453339
429 11003462228 1160836721
430 3814901929 321246195
431 4016873984 11849068916
432 3730241740 11062761305
433 4769616122 3576052345
434 9576193148 8127599411
435 5283399548 4645878996
436 3432724138 16909906087
437 15824608211 7536834896
438 14159882962 3207693229
439 1627307771 92208048
440 -1066577263 4319168499
441 -11917290926 -8684046550
442 9933849690 10000000000
443 1291951196 399582
444 10332352759 27190453339
445 -1565815653 9052479795
446 6611802152 5281746543
447 5348553300 2006870910
448 6094203635 9187156280
449 9256373670 7839601461
450 4834068259 165985029
451 359354519 -7242898158
452 -8770170653 -20438513091
453 9503708616 5159552823
454 13295759128 17314514642
455 11592096186 37284626150
456 -863490361 11746415807
457 1357789489 -4443320062
458 -2021332685 85375791
459 7322432937 498367774
460 261858096 268749593
461 6390236973 9689510498
462 -1869070735 2103531928
463 6714808105 27190453339
464 8390837327 9772678318
465 10665298306 2424193081
466 -4967866318 27190453339
467 6439543608 -1847934449
468 5424923394 10621470676
469 8697806051 4238994700
470 13725636507 12284653259
471 -4442364418 6869879651
472 -1032459220 6074155033
473 3847828877 -2204831861
474 5560396084 4462477560
475 6166762723 9643133901
476 -172179209 436624907
477 5518315872 -198901318
478 -4386090325 -14033310350
479 3903015142 1449596686
480 -17263979091 27190453339
481 12455654073 -8882000745
482 -7831247783 1247520955
483 5508304100 4831270883
484 -2945773103 779354374
485 -6871918366 -14822058735
486 176594045 10354902941
487 8300756596 8352743931
488 6998477310 8338641489
489 7784162061 10686890590
490 7511509337 8892666965
491 6766077086 11896052382
492 6399755297 -707214758
493 8916135251 29732885284
494 -938996495 6366052159
495 130177345 758389
496 -1126444016 7712148383
497 10429231283 7536834896
498 10599245730 3208007965
499 -631670710 5427702783
500 446403696 13251181968
501 5381785078 9987431198
502 7336702759 8567765198
503 -1556567973 9082599505
504 6715385795 8081912398
505 532789305 1868736834
506 -129477880 328178383
507 4731858179 10709481286
508 5091406618 10835752794
509 -10909972639 7668687052
510 6094451733 4884051383
511 4603580156 10991602480
512 8998432778 9861471571
513 -5155417761 3779221536
514 5914013534 10369465263
515 3101462314 11284967471
516 1974830931 3180620987
517 3651498999 -8904592184
518 4991724977 -7029012351
519 9696340092 16190236617
520 7912719410 10457830471
521 2401792762 27190453339
522 6553061157 8107393658
523 7051304915 -2890844666
524 7977060871 -3585514566
525 1282063082 596316341
526 -311845387 10478211951
527 9940982903 1321968149
528 9206681308 -2411531068
529 5685363457 10382973303
530 5489871193 11004585592
531 10394840338 1113485351
532 1059515351 825444558
533 129027425 855076565
534 10727036682 3635624530
535 6509354234 4641050066
536 9899676056 275509575
537 4645582216 11329336786
538 -2046560591 9652076896
539 6551250241 1121135620
540 2064084745 2949813188
541 9185789962 4132470351
542 -165102575 445134467
543 -308032246 3738408128
544 5650323461 10628796710
545 -1001227050 9568650531
546 4166224887 1086718254
547 163690856 -241929651
548 5339414112 -530718321
549 5321546423 448420671
550 -608669793 207741434
551 5477143541 10096094782
552 4453295245 690943994
553 2713102671 3090089039
554 7055570574 7817178002
555 11894978261 3298093369
556 7716009386 9395633765
557 -1168912570 7655155214
558 7638351302 131888881
559 7977820328 27190453339
560 961720300 577327756
561 3759999411 -1893989042
562 781858239 -3839649965
563 -1812902861 9594787105
564 4777846188 243496511
565 3218077146 1351528801
566 10373680967 27190453339
567 3484930739 3752777877
568 6570486325 4629433668
569 -88241475 13001058030
570 6217799309 8984025217
571 -2834822235 -4440823772
572 6847800106 8362707894
573 6349160944 27190453339
574 12906012355 7274686872
575 -21805819921 -39483779181
576 -6127078394 7042241036
577 -7382627824 7631583636
578 4133490538 11309261862
579 3488224710 -1297356812
580 15877567430 27190453339
581 6463414275 7212048904
582 -1718445147 9663107617
583 8360200466 28164000114
584 -1612918990 9382892867
585 4420577101 3341010164
586 9438166059 9877803309
587 7062687615 24502332005
588 3166633781 27190453339
589 5265889901 27190453339
590 5611387217 -905678505
591 11415964361 13667847904
592 8135802529 6896775783
593 -2965734469 12092990991
594 11125090817 27190453339
595 9027090354 30046008012
596 -1375908779 2161059710
597 9988237955 9586435809
598 9830019074 4256046524
599 -1763215527 10093703400
600 2721465473 434979025
601 3492340256 12161240352
602 6901077446 27190453339
603 -2688182632 2503816880
604 14725996351 3848913973
605 6780437767 9533287853
606 2825448126 2254330614
607 -10188983391 -7094388096
608 7982913404 8461033147
609 -3936284841 8333220036
610 1020353850 27190453339
611 7093473132 9465124760
612 4845679305 149977271
613 6519535067 27190453339
614 -3038692446 2591591043
615 813596048 -8266197876
616 -1625567298 9489801487
617 6687547007 27190453339
618 3679615295 13408125947
619 15257853851 11463266253
620 6699865442 4604848884
621 4552608226 554024523
622 5621135193 4939455330
623 3987901505 -2394306897
624 4062823252 3926742334
625 -1270367071 13936589668
626 433188298 2882159487
627 9898762054 -6816538173
628 5882824302 10803221810
629 6187878893 9109425700
630 5222626286 27190453339
631 3501873983 1705344960
632 37342016 11279377032
633 -5693864191 13109332507
634 8060747692 -4282529514
635 3969416076 -2522312902
636 224853543 1825049684
637 -5039922495 -4733904911
638 7744415686 9530818990
639 7774103224 9462538876
640 5878474509 12388796296
641 9452900787 27190453339
642 -3800546999 -3243571937
643 -4180785907 27190453339
644 9608842600 9597297646
645 9515905888 10000000000
646 -1336976168 8673796687
647 -2773632927 103630915
648 13533282613 10938227094
649 4831775831 10894235712
650 7178256439 9970644965
651 1136523050 -5125257467
652 3704682052 1438900980
653 4576261447 10922492691
654 771222422 970123231
655 760213901 15855532727
656 6589510310 8444246542
657 5385902527 12036860258
658 3721756114 11053801758
659 1275195046 11010194642
660 7244904723 10145354944
661 8861380352 9872764495
662 8433097556 9331967957
663 5878542101 4774522999
664 -2217998009 3464065472
665 -2078858738 10102451845
666 5372045784 10209740106
667 -1125380131 6298592235
668 5115695507 11004307251
669 7538914829 6749390535
670 5179835749 3045535509
671 6670198400 -2067341470
672 8508066613 9571076155
673 7786677758 3990974074
674 7822998655 11274617773
675 -1019589243 6071709463
676 7118875735 9714156108
677 4397072755 10834890318
678 -1005206732 -248858446
679 11098896626 35892783981
680 5006149457 43321494
681 1769971601 -201829740
682 4795359679 10590144796
683 7591553209 7170728014
684 4796720008 11552747110
685 672001690 1525536
686 5523235661 10739809401
687 14332617837 10345857533
688 4101203560 1176360973
689 5661768976 5273238544
690 -553132161 27190453339
691 -2067600596 -7865166627
692 8532921153 4256529311
693 5256669831 10995838615
694 10000000000 32791624150
695 9592675344 10121430314
696 6422694302 9595846368
697 4835009902 11382552077
698 -1612099362 9539628067
699 4258453828 11757317079
700 8391183256 27190453339
701 12449349441 27190453339
702 5028315704 4399931117
703 7478846902 9502093531
704 -2400805600 10448914760
705 3342398486 -1630938
706 261858096 1525536
707 3611391565 11404343883
708 7038871829 -374941249
709 5717323339 9934599148
710 2863186378 2883173675
711 1915379842 11242466540
712 8357871757 11869986086
713 8795560336 1317881440
714 3660526690 1424215035
715 7469316914 10308293380
716 6243981532 -888558712
717 -755270134 27190453339
718 7628243203 4214857376
719 -1442399520 6903771784
720 -4783865684 5676218980
721 -3747403596 27190453339
722 2804605490 27190453339
723 9690023536 3790523974
724 1740381395 12380942492
725 -6443814497 27190453339
726 9911483198 7965014426
727 -1740875902 9230639683
728 261858096 1570855038
729 8157471242 11331018663
730 -1073996454 2119271814
731 425369425 1525536
732 3123328349 1166892703
733 799195287 10854975680
734 6842624422 8714600993
735 7677859484 4689640344
736 10886996881 7536834896
737 5488849027 4834967761
738 6628322183 23276523683
739 6917322060 7536834896
740 8455478736 13130453698
741 7123290020 11118483042
742 12145490508 3448031962
743 6371055757 4667329718
744 8938252654 3348217913
745 -3943801575 2780898360
746 6083268965 -1556246020
747 6995354568 7646706766
748 261858096 893011504
749 12458598494 13371226264
750 12284267958 3543693629
751 2750022267 459226590
752 9244906642 9891033975
753 3929880300 1412558596
754 5224611581 10152793305
755 8446062161 10381967781
756 -3337898227 7280802188
757 690329443 27190453339
758 -418092989 5241640784
759 1269745222 1525536
760 8253436627 10000000000
761 -11062125742 4308400960
762 2122011856 11664773897
763 1563268545 12398474565
764 28073741 -99677907
765 596868551 106725055
766 3572527800 14652867406
767 4871318403 11166717354
768 199970476 1486792705
769 -179749046 4919286394
770 8576080649 1754254596
771 5083975758 -7131983384
772 12323033629 2583442950
773 8090554006 12639258243
774 -1404109976 6144776581
775 -1100697648 7373613104
776 2584453524 11533059119
777 8068152756 9718632209
778 6856480921 5172776717
779 6033629692 -275647563
780 5628124244 10003208877
781 7426303125 27190453339
782 5427239713 -5554113763
783 3682276875 14962586640
784 9426072310 -5252491742
785 8535593977 2927485488
786 -1153931378 9738809343
787 -9127363230 843375808
788 -2009825395 9754742322
789 3022577411 -2275477824
790 -1616445174 1231477776
791 9818266092 850685382
792 -1105841554 6086788642
793 4304007287 896762287
794 8963507045 -463836665
795 6577568524 3633254352
796 -2068318370 9764470168
797 -1734288508 3517599604
798 7356394072 1172928905
799 5481634434 10471982103
800 -58356282 10276952669
801 9884427671 7824829849
802 7361021938 8580930519
803 -2622245134 11371275443
804 5843320398 9833640674
805 15331295854 10238283875
806 -2567080246 6365765668
807 559658856 13374626003
808 -3213874665 3758632324
809 7140287798 10687937922
810 -1306606100 8834830877
811 4957642660 15207548112
812 261858096 1574032550
813 9130002337 9038050221
814 822187391 1472727508
815 0 3455010769
816 4586277781 1891995296
817 8499816292 9896362328
818 558495815 27190453339
819 7852947834 7536834896
820 7355004472 828292138
821 -13408944970 -5943316410
822 7206240838 -2483543469
823 11148066708 3115845173
824 -5101080813 7423218256
825 -60623313 145300181
826 9211230308 163457002
827 4727272566 308780578
828 -1815630464 -2545174518
829 9835789997 9710156838
830 6699603758 13292114860
831 -4368456511 -5875078360
832 8214536989 4199960202
833 -10773662113 5217129923
834 10000000000 9193289545
835 2348740731 812399534
836 1086304049 10890036978
837 6787752555 27190453339
838 4386397853 1623373777
839 394772948 11979027417
840 8702657136 29130435758
841 -2742967621 10612863081
842 0 3261070993
843 8092246016 1007781489
844 3451672094 -1825838846
845 -3145856468 -5861976700
846 6620839324 10512587244
847 7505026054 10000000000
848 4594612973 10956588211
849 -1400782982 4550151117
850 3140944729 13200098618
851 6190576829 27190453339
852 -5590363389 -15792770158
853 23603971 27190453339
854 -1887101469 -754571813
855 4572831803 12358794242
856 9487493749 5636905458
857 4946124755 11647882023
858 2056861776 1525536
859 17143796 3028688660
860 8849021504 15531359952
861 7597049537 1942620933
862 -907968486 27190453339
863 5070117985 13592697454
864 5591048503 10824637273
865 3648351860 3718588425
866 4742945350 1129080261
867 -1036638684 1249667028
868 7721267254 9888132100
869 4456396877 11390518100
870 -253343705 -1333027435
871 7333084594 -729836987
872 7531624802 -3284930118
873 7595303311 -2977461111
874 7743634688 4678786401
875 8777858968 7536834896
876 4243819377 12012569924
877 5811697725 10707102797
878 -710657305 14165029811
879 4940316349 18512858240
880 9132687177 12866434719
881 3347222664 12715102016
882 9127268847 8013028376
883 3010917081 2344359033
884 956553240 -854180169
885 7311421116 25204274590
886 9532715119 9549595718
887 8900773619 -4860002432
888 6534334723 10535127765
889 4476944668 10862856068
890 -372416293 -8224496275
891 -754339525 10140164740
892 2161878786 11285193584
893 7267004202 9312368358
894 8959474852 -5005661735
895 -330751451 11840296429
896 -1128773894 7377897190
897 -1733846596 6207433552
898 -7089582888 871040054
899 8439945090 27190453339
900 -1445510826 3319171680
901 6505137670 8770137440
902 -2721666531 27190453339
903 7478526446 10319367723
904 5128442770 19043763590
905 -2216043454 2389177012
906 5793340426 10774329882
907 2984364734 235670664
908 -1737512534 9226002721
909 9440454419 31212549071
910 6147810290 9289005693
911 4742194198 4168589175
912 -1211917692 5283677212
913 2886853864 439373891
914 8105028998 7536834896
915 6024083166 27190453339
916 1484329168 404332161
917 7309382240 4489027728
918 9222314378 12416250115
919 11506373180 -1011911644
920 1552804231 27190453339
921 -374724524 4832319221
922 8041974095 -4256646987
923 8763198912 27190453339
924 -4698484497 2770530656
925 633614889 3091724852
926 11678930911 11063042611
927 3080825866 13265251639
928 5970896766 4247184415
929 6112424428 913068895
930 6888963673 8401867095
931 3717924053 1031124594
932 4125377542 16213046381
933 9299817748 -5897392907
934 8870537051 29604204115
935 8936554192 7263605563
936 10778378221 3709448199
937 9821149467 9087412185
938 4133940055 1200106018
939 9595451526 -2543818542
940 6836597904 9138529946
941 6015988329 10026635976
942 5441532018 4229690693
943 2497343172 -4364780203
944 1310402130 11645562609
945 7523149675 -7285931616
946 318999760 4463917857
947 430772130 77023413
948 12182639468 3563005203
949 -4595331823 -5876752532
950 8548305877 10000000000
951 3282722276 1443828456
952 9930936833 27190453339
953 8190543482 11811496615
954 -3006507683 -5589609065
955 992935988 -4448784130
956 -1468870714 181872056
957 1652621015 27190453339
958 11691011002 10615082355
959 6731450972 9421019146
960 -10254770640 27190453339
961 7040580724 11698709653
962 9669839084 1335763136
963 16302533 94975
964 -384003752 1476554145
965 4653355820 515983580
966 9446488005 8628315447
967 6443359146 7099375766
968 3978410018 2139282414
969 7765006690 10663856504
970 12155827486 2231739628
971 1738036356 12706605015
972 5525470009 12014770627
973 8819923056 29461368032
974 5488379047 10401252589
975 2111764023 12206708276
976 7538451084 25844968357
977 -570533418 4518667963
978 -2963669971 3533797655
979 8224924487 7697160096
980 8616734715 27190453339
981 4696215809 10769939791
982 12865805224 2657367792
983 10039584187 1535577487
984 -1160728716 11400847205
985 -1835204857 9566852271
986 8844750695 1097518092
987 2732786469 12242769916
988 -2135002525 6283661711
989 7483851582 10910959964
990 2393464911 14621158871
991 8867769980 -5395144032
992 4992792163 13524168325
993 -521200283 10407144500
994 9865640108 1725398036
995 9993112897 9334075099
996 -2590291177 5048750696
997 5398202135 -611767394
998 -4635317309 -7097743300
999 8199706466 -4109257345
1000 8734383180 -5070891363
1001 5854347612 -1160539050
1002 9277812086 9766541193
1003 4203028146 -3894573978
1004 2007727518 27190453339
1005 6159536086 9566499991
1006 6437796876 9526315099
1007 6505392379 12912377018
1008 1701863793 1114284889
1009 8158702438 9557092827
1010 4175258686 12061394594
1011 -606448995 848798779
1012 -2194699196 27190453339
1013 3763944077 1558982874
1014 -335190210 2928078416
1015 4074729023 27190453339
1016 10105643428 1550934726
1017 2237295525 -591604592
1018 2568863214 11820458767
1019 5905705108 9788006343
1020 7222215825 -3045162115
1021 129070831 27190453339
1022 1455625454 11335214276
1023 437705172 -386481146
1024 4694865047 17820178235
1025 823545386 -2082143
1026 2024934823 -493292784
1027 7048071660 825337855
1028 4819587943 185948556
1029 -49441196 1723575604
1030 8580565839 1745337068
1031 6731875357 -1883828312
1032 -4688767932 -6078496470
1033 4347120905 837322990
1034 3776535869 11996135244
1035 3324237389 2265917391
1036 2237228003 11350879187
1037 4333879103 27190453339
1038 6361514588 27190453339
1039 2094844441 -1051714281
1040 7845414876 8525702100
1041 8085412299 9783980869
1042 6209353572 -7271103369
1043 8817869883 14024057353
1044 11927187136 3149818800
1045 6488723839 5165774991
1046 -3304960584 -8427961874
1047 5380180111 10485786017
1048 2234118942 -233977794
1049 6084906584 -1558503749
1050 12924048217 14322150859
1051 931320576 -1718710336
1052 5273619737 27190453339
1053 -1548563599 4904987222
1054 5817911822 12757836188
1055 7176664836 9064574780
1056 7877760671 27190453339
1057 -268257665 3594194810
1058 4980765538 3180758079
1059 -7975883731 7393553373
1060 -551670502 1003387352
1061 248607481 11180210380
1062 -3246082408 11305817330
1063 -10815456300 2240608113
1064 261858096 1525536
1065 -1520757907 9319274117
1066 8273643247 27919729849
1067 3297862355 11159209368
1068 14358242248 10438019735
1069 -1708868707 6202687222
1070 7869289669 4362426477
1071 9180709097 10000000000
1072 -3029508123 27190453339
1073 7562750319 7692978283
1074 672936396 1892823271
1075 6758812204 12739373228
1076 6607239564 3859771644
1077 4227752296 27190453339
1078 6928179205 -2583300494
1079 434539001 12238265767
1080 6077091236 21720913056
1081 11138678208 -8525968924
1082 5235905842 647703284
1083 6410183601 27190453339
1084 2575309766 27190453339
1085 3159237461 3761366451
1086 -2502954017 -1683233191
1087 -1879782176 -733916278
1088 7204863645 1619273643
1089 6443351918 9103744737
1090 2742021720 11706143162
1091 3001547656 -3013133583
1092 3436954546 -1985235645
1093 -2200133858 3065167693
1094 1157768158 12145687876
1095 6649305559 7536834896
1096 10011077851 567471718
1097 3396968470 11580102924
1098 17064302271 9555374429
1099 6980100866 -7617559091
1100 2649362939 12047634380
1101 -5656567270 2953373388
1102 6190892401 3201950900
1103 -1700843853 6786229173
1104 -2272296848 2757860434
1105 3721901472 11986561685
1106 8456124432 4271122321
1107 3538787215 11592202502
1108 2794482953 3221423796
1109 524293515 -1688540400
1110 5882353699 9800676751
1111 1415474431 989129729
1112 4728799353 11114879257
1113 3180864607 11467083240
1114 5721627592 5120859657
1115 -264846687 10968937678
1116 9461061299 -5955235107
1117 4867250344 132080751
1118 10656654979 34644748454
1119 4910032434 2473084496
1120 -2007365736 11758428782
1121 261858096 288440678
1122 10688544427 3354761608
1123 1390139215 27190453339
1124 -852213271 5688437909
1125 1857373450 788630460
1126 1332057961 -4324161134
1127 2563863096 3088150110
1128 6025868029 4354806372
1129 3802114270 3489571980
1130 3849409408 11159992615
1131 8201058232 -11643530938
1132 10814096658 1415571661
1133 -965552920 -326748761
1134 3823919975 -2836654472
1135 9632926591 960543422
1136 3360815764 12014997998
1137 -1611808751 -683834905
1138 1993631932 27190453339
1139 -6745935641 -4839578854
1140 -2266299625 -6306760695
1141 -507256162 27190453339
1142 921869650 695370827
1143 6938959154 4559415994
1144 9139540502 1894875738
1145 330044187 -7242898158
1146 9695817310 27190453339
1147 4338599266 27190453339
1148 7827875098 254388341
1149 4786927786 18079985448
1150 4902620000 10464508926
1151 8602280313 28847165645
1152 -2189986711 -703946333
1153 2033144018 -410877273
1154 6688604667 8643549557
1155 -2238170454 27190453339
1156 261858096 1631065372
1157 10512303037 1550367702
1158 5464133831 19991106232
1159 -338994862 1637280192
1160 11069348358 -1256884004
1161 1394019837 -4433443997
1162 227034956 27190453339
1163 9207104300 30554019418
1164 8866166376 6933623617
1165 52476061 36778227
1166 9395190796 1471011594
1167 4171155297 277483345
1168 6701399636 -2408442012
1169 -1503406256 8903248260
1170 6513287187 8616390663
1171 9821785804 9788268276
1172 11220176403 3555774940
1173 14133433778 11275168698
1174 4454645700 3978669644
1175 9346295055 12565335272
1176 15270690357 10985043855
1177 1989357638 27190453339
1178 7434330775 11461292672
1179 -1693978757 9552157890
1180 793595109 -3530924050
1181 -1177679241 27190453339
1182 3996817253 -2413879809
1183 5200481595 4494144404
1184 6239980798 8558339207
1185 6086328487 27190453339
1186 2130592652 11955171487
1187 10574333478 3868617549
1188 4641993154 27190453339
1189 -340709140 10283001557
1190 -2758971046 27190453339
1191 5837727895 -1217726795
1192 5205724895 10866772769
1193 -615729815 328605751
1194 5356143143 3488616608
1195 0 27190453339
1196 265472636 749903092
1197 309190742 -1287192216
1198 -2947932969 -3277716071
1199 4674455078 1139948525
1200 3405712445 -1292616540
1201 8128004097 5731516057
1202 8375236382 7803821989
1203 7451716782 -7704466523
1204 5735531624 -1076832229
1205 7480603065 1304015505
1206 2408991974 11340253744
1207 8771585678 29324956716
1208 6256455033 11235576014
1209 8276101509 1750301416
1210 7643429511 48932458
1211 261858096 1525536
1212 3273732308 27190453339
1213 9502992743 1771906445
1214 9751604571 8840798493
1215 1817275795 135213041
1216 -2464573448 10228377179
1217 4186163737 1237985871
1218 6358892435 9400934439
1219 -2036453787 -1464659409
1220 -404309869 651646425
1221 -1673858791 10335210334
1222 9909737191 13242867140
1223 340158722 -9159636391
1224 5560273877 13773105930
1225 2230422520 27190453339
1226 1376231887 641337545
1227 3053987811 2620122148
1228 7548114318 25872238651
1229 3372948197 27190453339
1230 4708601044 168848322
1231 9887760829 -596504456
1232 2491061257 27190453339
1233 8445448111 619160055
1234 261858096 441098654
1235 -1171700455 5163919275
1236 781113252 644971680
1237 8506927646 28578074034
1238 9756184706 16337804698
1239 5054804064 4613965625
1240 4496337203 10767161352
1241 -809581154 3255545112
1242 1002490891 1525536
1243 8042302548 27190453339
1244 5899522096 9694968817
1245 -5284910464 5654892879
1246 -6449341941 6488711164
1247 4471366405 1281217140
1248 4505161548 11094111892
1249 8716055989 1052563857
1250 2103328302 2796191275
1251 6817100784 8884032475
1252 4761930650 10940962510
1253 1134246943 1112842976
1254 4680340812 10692318121
1255 8881331422 29634666550
1256 8726984659 9242406351
1257 2769264255 11325342736
1258 9238111125 8544001835
1259 1425129378 13858088350
1260 10748181100 3835582803
1261 -2384217426 1575847015
1262 -7007351877 -15204261166
1263 10449146088 32278564663
1264 -489275454 27190453339
1265 3874460038 1488964649
1266 -206439856 4126259315
1267 7766385759 10000000000
1268 1702211891 27190453339
1269 5460908365 4945571040
1270 15580814529 11122169308
1271 5374800582 10860054790
1272 8616658560 7536834896
1273 -463817197 -1428921655
1274 8753855025 7036517267
1275 -1226910280 27190453339
1276 6472535217 5155289918
1277 5854695087 9870827428
1278 7313281633 12015798930
1279 9945308412 8602409851
1280 11446318335 -98419892
1281 597756674 10595515607
1282 4258066004 2998683190
1283 12972043911 -668512922
1284 13658290689 11641692630
1285 5163738216 72249210
1286 4084155572 12046403615
1287 7585736032 -3627646895
1288 3974885934 15788348989
1289 -3766779675 6829635032
1290 -2709669954 10566283500
1291 12008964331 3484963207
1292 1109330825 1158319565
1293 564071916 1308475330
1294 261858096 333406489
1295 7369619037 10188407975
1296 7406141151 4862846286
1297 7301804756 1346810057
1298 4599244503 491406446
1299 16090231341 9161223152
1300 5879190029 10195073553
1301 10188201363 13577716698
1302 -7203093623 -5263906985
1303 3942172052 15696028225
1304 6553688418 8823856301
1305 3110624289 13349344783
1306 2254997889 982077837
1307 12248699182 3744984226
1308 1046913958 489723163
1309 3447673247 3271228332
1310 6704439622 23491332191
1311 2438540221 3660053664
1312 7725152236 6968747733
1313 3359695698 14407806184
1314 1019424807 11081883389
1315 9635173456 9278847353
1316 -1060085902 5763742338
1317 4926470928 11440379862
1318 4327466760 27190453339
1319 8323652147 -4133451832
1320 7615296638 27190453339
1321 10600950310 8160572069
1322 52111807 303593
1323 456958192 4056018331
1324 11686444797 3657292745
1325 6417501671 8764526525
1326 6807363868 9756699330
1327 5334298250 10790660743
1328 7673861037 6759336963
1329 3136448151 11357685397
1330 261858096 1525536
1331 404219269 21150029555
1332 -137724117 -52605371
1333 5397928043 10115412317
1334 10469741595 34117266372
1335 1862178953 3780149271
1336 691782765 1748539325
1337 6189473177 12100719524
1338 8349388583 -4338981289
1339 -190276134 4978715211
1340 -1157647628 27190453339
1341 7305490002 -3241281106
1342 4171475265 1163572094
1343 -268712457 320544927
1344 3234388448 11361902654
1345 3354093366 -8703874502
1346 9307907516 4109265418
1347 9682636825 9887607110
1348 6470490844 3868985996
1349 3245129970 -8140503403
1350 3961492052 27190453339
1351 6818418870 9525596917
1352 6328375212 11106243475
1353 -1730487721 9216317847
1354 9419691450 4653240640
1355 4779791385 240814733
1356 4917009618 10756744167
1357 6814394410 8885065784
1358 -1924529620 -6548316533
1359 5797309443 9886534372
1360 5899410536 4259251481
1361 -17538961 10136416214
1362 6347536844 9527081279
1363 1063123647 58924245
1364 3995697870 19951411
1365 -374246672 12774021637
1366 4235860882 4019101731
1367 8429153932 4276247290
1368 14146998507 -5944103298
1369 12592376875 7102877484
1370 2896857596 27190453339
1371 6185186783 -1471605997
1372 -1671609885 9503046074
1373 9261223487 9532170554
1374 9012171553 9533737249
1375 4015956952 3475226177
1376 9970212532 7339849756
1377 -888052030 15401399652
1378 4412437280 11260739341
1379 -10108367544 1219360434
1380 -1498982543 6162804387
1381 -584401369 9634318055
1382 -2054317838 2622440701
1383 5001471342 583599174
1384 10379892729 2264203532
1385 9160417444 7748935571
1386 5117498835 -978259600
1387 3033560650 13131866034
1388 -1758798054 9671689858
1389 7056925163 7536834896
1390 -92227602 10358688728
1391 6933904634 973411459
1392 6581487578 11488600809
1393 6157873568 27190453339
1394 4787989510 10672328949
1395 6376797169 9189765488
1396 5415091307 10249058246
1397 6589363391 8967751987
1398 -2091787911 27190453339
1399 5289706332 10436019238
1400 3017177149 2281807493
1401 2157143135 12726698505
1402 301071313 966978447
1403 9949627935 16018163065
1404 4216964299 1016765530
1405 -4510127527 6461566040
1406 8442652677 6828450867
1407 10270393193 2041433560
1408 8229172949 -4514731758
1409 -1211457070 2027308683
1410 3612024401 12027522632
1411 6551640040 8817711637
1412 8023978417 1287557515
1413 -3619469647 6147996764
1414 6508869440 7536834896
1415 17756142549 10657056854
1416 6818918892 -7504639854
1417 6176792922 9847308743
1418 6287525822 9405061560
1419 5187423164 10601373666
1420 3712269368 11865921147
1421 7888917739 26834008713
1422 13425262009 42457942797
1423 658267284 1634589367
1424 11537067883 27190453339
1425 -5681441697 27190453339
1426 -11016732823 27190453339
1427 7948483854 10000000000
1428 3267598178 2393453929
1429 5497579798 4833308728
1430 1247315461 1007417802
1431 2108880731 1091248228
1432 6281699771 4777050904
1433 5608829479 -902152238
1434 3126379023 12972410972
1435 5734571266 11064274630
1436 2010369361 -3890133391
1437 2624099393 -6639703692
1438 8706684891 10000000000
1439 4330145790 16790916080
1440 4188972343 -8929141499
1441 8578877607 10000000000
1442 1153631469 -7242898158
1443 10004777875 16163329796
1444 6741378543 -2463559588
1445 4019766438 -2464260596
1446 -3142184960 5893460333
1447 91086777 3611375476
1448 10836135293 10083080598
1449 1821578588 27190453339
1450 -3309442834 3541187017
1451 7323178285 2018203828
1452 -6427539381 642601547
1453 15886010276 8505523526
1454 261858096 415499798
1455 6095466224 27190453339
1456 6554344042 7599012935
1457 9730609626 4151773971
1458 6735308623 1353170452
1459 2579999048 3659386387
1460 3608049676 14753112519
1461 6097032106 9138185246
1462 4780744318 -3348325575
1463 -461292818 1258439226
1464 6390907778 2124390795
1465 14890713549 11245658648
1466 4293073754 16686296314
1467 6873441771 8545552079
1468 2296126271 27190453339
1469 -5277063206 7523462920
1470 7984290506 -2529266896
1471 1705910385 2105
1472 7181546297 4893426460
1473 9170382198 4208828299
1474 8440318066 9091031324
1475 -2764711640 27190453339
1476 6617154302 11103943273
1477 8880103640 29631201667
1478 0 27190453339
1479 10850343905 7536834896
1480 3278677845 3210651217
1481 12328192080 3990402350
1482 4348799431 835008862
1483 10406021318 7536834896
1484 4303411916 27190453339
1485 -381067314 475432590
1486 -1672884861 2466322144
1487 -9261218080 -21564822444
1488 -898876078 6048771394
1489 7577506444 10342823374
1490 6994959719 1501515184
1491 10000000000 8650972931
1492 9139821575 941575379
1493 8269475873 7536834896
1494 8115861176 8994214104
1495 4473546784 -7091407427
1496 -990163106 128629204
1497 2467326950 1209386566
1498 3908873118 15602056404
1499 -2287078386 27190453339
1500 12731494171 3664019301
1501 6464141165 9172881827
1502 3675593047 14943724430
1503 1359683449 11108311262
1504 9962837900 8415105093
1505 -951584867 10261747152
1506 52951431 1228962827
1507 3073762462 2592859501
1508 -395634156 729138156
1509 -4043269626 -3123183574
1510 -2507360513 27190453339
1511 1072970784 27190453339
1512 1645601950 -5123572968
1513 6814654158 -2093560257
1514 6704493063 4246731242
1515 -5443219643 5390131302
1516 -4679489915 13362123627
1517 5026561005 11047044479
1518 6218706170 10274899915
1519 -1352912388 27190453339
1520 6695589030 9909909380
1521 -1633714497 9082899853
1522 8730299586 29208444602
1523 7824896144 26653335489
1524 5737214883 4787772965
1525 9960104427 559907276
1526 -4435266678 3106431275
1527 5858017717 27190453339
1528 2276250254 11469596591
1529 7230751596 -7917308130
1530 -3474881013 3657478673
1531 7644811592 5462895091
1532 1828447366 -1627667030
1533 1295068662 3721278531
1534 3028010318 12773087078
1535 6298875194 10656790712
1536 6332670904 10146393488
1537 4136499569 2733619512
1538 5237827249 10716130885
1539 3854618164 1516319974
1540 -10435606571 -4601046161
1541 4593681231 3143937170
1542 -6003017222 1541688192
1543 -1058379861 9145324243
1544 -2521155496 6357038989
1545 9255112099 1751611384
1546 164625601 -1040713505
1547 261858096 1525536
1548 489948713 547547353
1549 6977434298 8958324056
1550 5822636587 10661843765
1551 5247302896 3251012245
1552 9518396848 -126962230
1553 -6219736546 27190453339
1554 669297854 27190453339
1555 1409316438 -1833783151
1556 7548733570 5988503749
1557 557832158 -1353993721
1558 -1357572031 14158872619
1559 300046617 758535054
1560 7490024816 9424271534
1561 12603903481 27190453339
1562 12028451502 3592304196
1563 6265750752 22253322836
1564 6406419444 4597869719
1565 1333577746 3565582467
1566 6386132630 27190453339
1567 6594194607 23180213380
1568 8800184733 1153239440
1569 8119834012 7536834896
1570 -71261380 -5582927784
1571 -9233750991 1467856743
1572 2975888329 12095187703
1573 8378108044 -11267371865
1574 5171646260 12594589796
1575 13809010883 10726358842
1576 7722105831 7526029835
1577 6379408367 9927161409
1578 8781128337 9967252912
1579 337067467 10678335562
1580 6289765723 2203653948
1581 -931553456 -476512784
1582 -1987367966 2255820320
1583 14119437765 27190453339
1584 737671284 1525536
1585 8147745835 27564438923
1586 -7892513596 -5782137600
1587 6414419107 10463743164
1588 -185891421 -496608729
1589 -1038657388 3598165474
1590 9792687264 3582561112
1591 9683284284 27190453339
1592 3519398168 11379873015
1593 7960730758 7536834896
1594 13770310387 2895269984
1595 7198849737 4505355841
1596 2292862772 11675360090
1597 738056349 1613391737
1598 7546168428 8280873429
1599 10339012903 -586190777
1600 6634734306 8204189360
1601 8740784728 114551484
1602 2312622806 -389223705
1603 5035733641 12092367456
1604 4196838458 1245728659
1605 584028295 1525536
1606 4726154455 4303526654
1607 -1364722436 9205514595
1608 6743174499 8747262843
1609 12531081460 2822704461
1610 144736485 -762272339
1611 3657668242 2885790846
1612 9913366199 12799424656
1613 8266853353 11887364293
1614 196874229 -474920535
1615 -155857002 560895810
1616 9221563317 -2129265173
1617 -12441831521 7997476443
1618 7598139354 7652156152
1619 -1541941089 1427268123
1620 6545060555 7536834896
1621 11136394383 6812429159
1622 -702581932 577505196
1623 -2190689350 9850782374
1624 6149284860 9887871268
1625 3124951091 -7242898158
1626 3935869651 13008994916
1627 4473683744 662835054
1628 5295722904 -470482721
1629 -145855132 81096546
1630 7791720742 8262721267
1631 5832314310 12646706749
1632 6359628448 5016865861
1633 8700132089 751292882
1634 -1174727279 6289365380
1635 3381142580 12128623349
1636 4028815520 -2566051401
1637 1405237036 11819803626
1638 6607641504 3906393530
1639 14467331449 27190453339
1640 7425687599 7536834896
1641 3399520997 11344939530
1642 6159954121 9777381945
1643 -1013876655 6524263673
1644 0 2721066984
1645 -2565366499 27190453339
1646 -1270548081 8977429815
1647 -1612391308 27190453339
1648 -1057696390 6802738775
1649 8777503401 -5270696532
1650 -6856934488 1054977014
1651 4587107240 -2979073952
1652 8248872543 7536834896
1653 7706731492 11284152322
1654 -3113791557 2886294471
1655 9978610530 32731261637
1656 -1187068879 6103534156
1657 7380880931 -2834709926
1658 7184394124 -12918525684
1659 7490781451 442759655
1660 3910714888 1438981306
1661 7328946630 -2874106038
1662 2221950757 -551958706
1663 -2628058657 11080482312
1664 7551150113 25880805866
1665 -316632860 11085596317
1666 261858096 1359692264
1667 119817291 10973028056
1668 8210426513 875516459
1669 -1470411350 7367375658
1670 2466998912 11433240608
1671 2950379700 27190453339
1672 4862514325 11667646910
1673 -571745904 27190453339
1674 4070040534 1955157636
1675 -2335012904 10049756409
1676 2545960596 3124714
1677 7492265537 791344636
1678 6746006571 4596081088
1679 10103173521 3224846721
1680 171623662 409983187
1681 163861224 -829924942
1682 2069724178 3571863208
1683 6077718023 9902227962
1684 -669509013 670839187
1685 -2267821633 -1400489546
1686 4431773824 27190453339
1687 -1816979660 -3348689976
1688 10802413201 16218033948
1689 8970041940 9373041903
1690 8722708042 11707090727
1691 -8561702146 7539682127
1692 5965182747 10419955633
1693 5423702113 343971922
1694 -1957565144 2489815221
1695 3659221304 1630281637
1696 -2970323671 11312073402
1697 9256373670 27190453339
1698 11986588355 3600259085
1699 6232341644 22159040097
1700 13122574002 27190453339
1701 -2528307860 2377059488
1702 1646600510 27190453339
1703 6436609921 7536834896
1704 4374813889 12982758031
1705 -2504458214 -2496793865
1706 8618755469 -414628006
1707 8476582210 1339834418
1708 4814324244 11685709856
1709 9772282669 9534968411
1710 4195807747 1244981044
1711 3344271972 2219917126
1712 -438886837 368100065
1713 6515064732 6853557020
1714 509890961 -1935686342
1715 -781908848 10282205340
1716 1271707210 3342533706
1717 3475923417 14380243372
1718 90818714 632706991
1719 1907591526 27190453339
1720 11653729590 7536834896
1721 10208983638 1121080611
1722 9627515908 8376280544
1723 -6783418729 -7589693245
1724 6302895175 8867738668
1725 5311815736 -492669367
1726 -826235818 6034968200
1727 4333638190 1405335928
1728 8753652018 1477532167
1729 2238596329 11432289762
1730 13109982832 41568203857
1731 5861412951 10141179555
1732 -4140152356 6664682828
1733 7494852086 9526818793
1734 11714020848 -1826451374
1735 -1535806886 8947917920
1736 5462887889 4916228908
1737 6148049023 -7222563015
1738 5787666873 3437478938
1739 13123209644 41605530807
1740 146020965 13177410059
1741 195826597 -4259171292
1742 8710401086 27190453339
1743 6984068248 8939639821
1744 9197869275 -5850240843
1745 -3484746527 6854649486
1746 9290907706 8353844035
1747 5408810202 -626392379
1748 39721417 -428676674
1749 5058632226 27190453339
1750 6344981849 10090747826
1751 7133944445 9905012332
1752 614351791 1099020
1753 6593963144 8638298739
1754 -1266149105 27190453339
1755 5988235210 9979475226
1756 -2677713716 1873887141
1757 17216728833 9126480486
1758 7549047618 10408052689
1759 -572890272 5522950620
1760 7798005389 10930586863
1761 3530374606 -1389889290
1762 8521917628 4258620215
1763 -61264011 10583506709
1764 437712616 3607731330
1765 -1446287126 9000556965
1766 5974166674 12825839121
1767 1239293813 27190453339
1768 2821361407 11607767752
1769 17997757916 55361832290
1770 6064497187 21685371806
1771 -448153895 11338389294
1772 11424880006 7536834896
1773 6865034645 7435162900
1774 -734303039 -6397177205
1775 -826757241 -162987875
1776 7169711228 7813626709
1777 3303965854 11360088357
1778 6383411254 4237032411
1779 9485631149 4409077670
1780 3014851030 11239828151
1781 -5217690877 1514622834
1782 19897415370 10795088635
1783 11419058689 27190453339
1784 6935603373 684598519
1785 3421190690 1939059618
1786 5837747686 10526819317
1787 4368096481 11209480733
1788 -5194459545 7331198107
1789 6820827650 23819786996
1790 2579978450 -390864345
1791 8518733317 12301203298
1792 983592338 11402837290
1793 10302502134 -6323614354
1794 5334063114 12216578622
1795 5574036128 4818780400
1796 890159426 11532607856
1797 1490522649 -4174171072
1798 7484291663 9534669821
1799 9267789981 -4853255623
1800 -1340365931 7984696301
1801 10745998867 829814320
1802 -2308375740 1689043668
1803 803101281 23141980127
1804 9784128414 868485178
1805 6673892028 8353238483
1806 3688001909 11752179541
1807 8591739813 9683607561
1808 6036021890 9171897088
1809 512803666 10757600732
1810 -12252600875 7861676632
1811 -3680551499 27190453339
1812 6327294966 9444031704
1813 3962421773 11327963011
1814 10022429599 2815831044
1815 7129180439 2533033489
1816 8544100120 1040676720
1817 2082140862 27190453339
1818 8776733184 11880444502
1819 -1350438426 -5978332676
1820 16759442781 10592807104
1821 3359361871 2382219761
1822 9503734316 9463384614
1823 9484187789 31335967569
1824 -355242008 12074397615
1825 4052761086 13378644117
1826 8919786928 6844086383
1827 5344148203 1008302951
1828 -1411057999 6305663410
1829 6030869472 13733627165
1830 5657764900 9776490888
1831 11273020474 -1244071098
1832 370201382 82826556
1833 2138068576 1338352110
1834 6289017830 27190453339
1835 -119771070 4500370722
1836 -869249644 107157760
1837 10749545200 27190453339
1838 4635347845 1489053007
1839 3543941299 3393248905
1840 7847170038 7536834896
1841 7180264919 3096302931
1842 261858096 14787033
1843 5016921976 -86109246
1844 -2813871109 10546065241
1845 3507169876 -1338947499
1846 9078141231 4152925900
1847 2684943811 313650239
1848 6894519231 27190453339
1849 6445782991 -496289603
1850 2554939930 1103352640
1851 -9246594247 8306616569
1852 4378001870 -3250701733
1853 9694243152 4822052481
1854 4559664429 566285795
1855 5839296537 9421768577
1856 3641409709 27190453339
1857 8821111556 8297523166
1858 4412410570 11421820972
1859 -2929928155 -11905837032
1860 5597671961 4796679508
1861 6243464023 10288087265
1862 3818877697 -2023245677
1863 4179862764 1115568528
1864 6244137357 10887020425
1865 7070028751 9468681649
1866 -3155865547 27190453339
1867 7653760323 12911401699
1868 13738715419 7029365690
1869 12076996797 2869184357
1870 8650321761 9904904849
1871 8569769149 1155731889
1872 4241375969 11236954882
1873 4139169246 16251967493
1874 7066755550 7536834896
1875 -12312904019 -13479570949
1876 4692320642 328441421
1877 9390942432 4093487018
1878 597457051 635528790
1879 19234606657 10752362334
1880 1113199614 -4131870970
1881 4968711058 -19642473
1882 9977467893 -6862596276
1883 780900435 10962606895
1884 -2460152817 3013431972
1885 11603009387 1054312798
1886 6747994726 -2050224043
1887 3526525744 3634644501
1888 16997170744 52538108318
1889 2306110203 3180942338
1890 6316619603 4681070234
1891 12521262723 8181398172
1892 6373909477 7536834896
1893 7580164079 25962685221
1894 -2938084001 -5210924874
1895 4735668026 11004304259
1896 5468888508 4720414861
1897 7429828269 -3412702099
1898 5873007389 459401968
1899 287595504 1065919849
1900 5720517449 -1056132689
1901 -1908305457 9988544030
1902 -210269683 4921256675
1903 6638997381 1716834234
1904 5992007651 9205615519
1905 7629149002 4428265242
1906 6138561652 9614918795
1907 7239169674 9294422037
1908 2269123675 632000171
1909 12017776549 27190453339
1910 4727895066 2414784118
1911 -259784786 11034316219
1912 -7166302668 -6033433395
1913 5300294147 10516310307
1914 7433147197 9906553053
1915 -2082864328 4025818261
1916 8169433113 -4368151941
1917 2300017372 11920129238
1918 7637249901 -7171632098
1919 4357766315 2267085213
1920 -1118504653 12390498343
1921 1338709941 27190453339
1922 6371355594 -700824387
1923 10228120226 1022887210
1924 -408812156 152076854
1925 -1518326621 7605545590
1926 1880913363 622260583
1927 2435256558 12488850376
1928 12447727263 -2359607004
1929 7261544999 7771487240
1930 14628869376 7536834896
1931 1092777429 559139046
1932 603789393 -6946802320
1933 8640129776 4236157392
1934 8078213609 7536834896
1935 10000000000 10000000000
1936 4273529002 12174522766
1937 3898642168 11814875007
1938 5037186631 -114047445
1939 -863278440 10408387969
1940 3543021583 1945907713
1941 17437627753 7536834896
1942 9867708242 1462404183
1943 3161407116 2472026761
1944 261858096 1323321640
1945 8355206455 11373564073
1946 625415954 11728333934
1947 7240575233 27190453339
1948 7936526018 10870106273
1949 6469766417 10999584127
1950 22967844 -1218144332
1951 6760221256 4593379996
1952 -9473766638 -10065545038
1953 -604473217 854374557
1954 -1842172797 8584448094
1955 3495134161 14434457376
1956 -2678292517 6386898365
1957 7639107036 -34699611
1958 -1483450960 2918285608
1959 5803432408 11624620472
1960 -665343129 682595591
1961 -1691781551 7081590954
1962 243587713 12396407616
1963 9174384051 9427083034
1964 4613682534 12519175276
1965 608485910 27190453339
1966 9955111125 8264134195
1967 1005415523 12186563340
1968 5192700449 3673915550
1969 232732103 1355853
1970 5551725572 4908024516
1971 9301066950 30819188304
1972 5217878698 11152485489
1973 -425531234 10793034202
1974 6139731528 -6537638819
1975 -2659089847 10496550405
1976 -3254644562 11317621684
1977 5386662981 27190453339
1978 2706825750 12209798279
1979 -2294053321 6005731512
1980 10330439926 1295786423
1981 7184667929 264834948
1982 4941479652 11067168167
1983 6608223346 7429035955
1984 972170078 27190453339
1985 9616352957 27190453339
1986 7260907522 1775079483
1987 3703986477 1076721624
1988 261858096 1525536
1989 9719067448 10000000000
1990 4857077126 560196740
1991 -11366182516 -3556757754
1992 5213107783 27190453339
1993 4226994138 11133602161
1994 815358088 -7708066285
1995 1863799610 1601590613
1996 0 2923271784
1997 13218553042 7536834896
1998 6099913893 11458725207
1999 9299084777 -5912988639
2000 6342820499 8865378739
2001 7689189764 9203626855
2002 9739966382 27190453339
2003 -664131674 686014398
2004 4264241561 11139556951
2005 2899915650 27190453339
2006 5089286759 839809877
2007 822673207 12112409329
2008 7698704022 7324936222
2009 7782437531 8480161894
2010 4826780371 11465354976
2011 -1256841104 3512156350
2012 742318938 27190453339
2013 2285192940 -462919192
2014 9530089355 27190453339
2015 5876890307 11750709652
2016 3932822782 27190453339
2017 5103347104 3495843779
2018 15686212240 10301511173
2019 -938328173 10088846796
2020 847167665 11494966032
2021 1041195958 132366194
2022 5098807096 10315195904
2023 9896012625 7839601461
2024 11277211221 3412408709
2025 7118393005 957707347
2026 2562124659 11547871474
2027 -834003628 -359210379
2028 4777911578 4272681766
2029 8099727849 8807913963
2030 7210148763 24918477232
2031 4421132164 11755257682
2032 3459745093 11818990193
2033 -4339369999 4635205808
2034 392765966 -600230837
2035 6755151946 8719312568
2036 8000958500 -4030578633
2037 4520893655 449883429
2038 -589851575 3138725140
2039 13543480301 27190453339
2040 1431386645 701086090
2041 6252537915 9098008232
2042 6516249021 5280135975
2043 -3347739045 11410937398
2044 9158160623 1855829253
2045 -7942795404 27190453339
2046 7799114887 10704871169
2047 12153412200 7536834896
2048 1115446121 -4981582992
2049 -6086577187 -16517745464
2050 3310663999 3151564679
2051 -81061244 11076917129
2052 4473909435 632282376
2053 10746665441 -192190909
2054 6311332641 27190453339
2055 -1823601517 9348016140
2056 -6889421549 3033010632
2057 4246152655 27190453339
2058 -2158863072 -1521501244
2059 5115540313 4264855204
2060 4272455015 27190453339
2061 -2320935985 -1978881854
2062 12563762376 6519084124
2063 7412527645 8810136436
2064 8737637375 998906772
2065 6120113339 27190453339
2066 -8251111104 27190453339
2067 10000000000 9900261986
2068 5789206743 27190453339
2069 -2765761570 6403519346
2070 6952799066 -2755037962
2071 6428582345 9186630678
2072 -1333159808 6416474289
2073 1839144852 -1423920619
2074 6538527198 8996923430
2075 2931528771 3351366412
2076 -3463255065 -5625241410
2077 7674846707 6894923245
2078 8493044633 9688340842
2079 -102964642 357551471
2080 3891657293 594708283
2081 2058963402 -1336113183
2082 6690991041 -2425333660
2083 -538958825 346604995
2084 3289827316 1955465132
2085 7436892776 9709894396
2086 -209049662 340394372
2087 -8208681781 11482848951
2088 8446554795 4991896216
2089 4003138195 11554544948
2090 3216768792 3237134510
2091 -1394752806 8753451397
2092 10295856927 16163153075
2093 -783159871 2360825263
2094 3935055284 3701099887
2095 6377677348 8319771572
2096 7556854633 7536834896
2097 6301174484 8379591250
2098 -313029367 27190453339
2099 11216922463 27190453339
2100 -1818873641 9521224080
2101 6155658448 4937184959
2102 7952715916 27014051440
2103 311310929 -1509927851
2104 10996799984 3788339928
2105 4908179090 12047439050
2106 -6077535796 3486983830
2107 6061751995 3749322623
2108 8782672013 27190453339
2109 244585678 459345620
2110 8860927035 -1740953351
2111 8646294393 4852393708
2112 8592530976 329124941
2113 7116984915 8950502811
2114 9501305594 3435212217
2115 8711035742 7529211251
2116 6081089527 10000000000
2117 12441116650 7536834896
2118 7747967905 -3851310529
2119 6982326880 9131714106
2120 7044439611 8421274370
2121 -1711741339 9228392468
2122 6970337779 10960415258
2123 6961928661 27190453339
2124 5976166058 11140053055
2125 5375405367 -580338256
2126 54503744 12704629
2127 -860149056 13954205344
2128 5861472501 9629228388
2129 2740453164 3052381833
2130 6453865896 9575046428
2131 15253093990 12690034211
2132 -3273892276 -2610276458
2133 6238118259 11097151917
2134 1793561350 1672481347
2135 7612231288 85368456
2136 11861632054 -9522681105
2137 8979956714 4807357660
2138 7281548652 8840485330
2139 7377314902 8357703844
2140 11020061651 16330781564
2141 6214881541 4688509850
2142 -446035531 9728237619
2143 729417218 1080721691
2144 2037814687 11289513057
2145 5177661010 10856339702
2146 6013997455 12075047131
2147 -5508083156 2139871415
2148 10325247054 -905593596
2149 -7475717721 16110313128
2150 11817339038 136456757
2151 7541925290 9118371224
2152 9220403977 8122967258
2153 2442623131 -702234967
2154 -2097294396 7354478439
2155 3826469066 27190453339
2156 -652532539 2729464338
2157 6023556850 10506803049
2158 -8839800611 -3562240694
2159 9725687686 2140597125
2160 1596219366 11168939641
2161 5285631892 10455542174
2162 6229816303 8666004083
2163 2029220674 -387405854
2164 12121392089 27190453339
2165 6066862876 -33199463
2166 4023136880 27190453339
2167 6481508367 9065763397
2168 7525826809 9024532309
2169 6724857122 9557300921
2170 6335403868 -834337717
2171 16005772736 10544223655
2172 -6965912981 -17802467370
2173 9363979998 -5295312948
2174 3208737693 -8072075622
2175 2409025405 3660740810
2176 7977778946 -3443949819
2177 7046567663 8362542624
2178 3986381453 1334662354
2179 1036640603 27190453339
2180 3167097915 2464181047
2181 -257680431 11280142393
2182 510860845 -1009208211
2183 12573292441 3488772830
2184 5385825778 10792067873
2185 2091399191 11280076921
2186 -1393874484 7236117679
2187 7430017100 3630613720
2188 8430960872 27190453339
2189 1878378790 1538471039
2190 5067048398 11893122162
2191 4226263303 11150095769
2192 2482019023 12019685815
2193 6904427025 9956044160
2194 368830707 1957421383
2195 8537344941 8820448354
2196 -210898020 15589753089
2197 5263212691 10151925491
2198 7533994992 8068621319
2199 434577420 27190453339
2200 5556536880 11411943419
2201 5809736498 10443129810
2202 4453508234 -3275716442
2203 -3840144969 2968527515
2204 4634058573 4238445938
2205 2903817324 -2282744000
2206 -2446262241 6342807678
2207 7387880233 10000000000
2208 -593248198 1440778555
2209 4688064681 11053638580
2210 -385883963 179647709
2211 -2319949300 -1976097361
2212 4105607957 10896109180
2213 11251119031 3698264781
2214 -2485455878 11278737215
2215 4362163143 256704247
2216 6470667884 3567995624
2217 370266107 1718055567
2218 5873905562 4761798829
2219 -1544147277 -6845985764
2220 6364944319 8913068061
2221 1045578067 2921658743
2222 7770416673 -181185810
2223 14257529683 2938649654
2224 -1254823079 6158085644
2225 2023026694 27190453339
2226 8879445269 7059144754
2227 6362445663 9022037309
2228 -9151224520 -3707921792
2229 19932480146 7536834896
2230 9973610693 7448469744
2231 5832090146 4769744648
2232 879917390 12484653377
2233 6007686823 9853077291
2234 1450660602 -4281267946
2235 10262293330 8202882363
2236 2887849851 27190453339
2237 100552329 -1262506383
2238 5857662331 292982019
2239 9194886125 7536834896
2240 2279066153 12073285120
2241 4472787360 664070869
2242 -1295483499 9119797387
2243 5975673978 10160813284
2244 -7641836148 10521666780
2245 4499617155 3792511513
2246 1101821649 -4110477176
2247 -502341359 10554723833
2248 7320378759 -2679668916
2249 -1896956846 9904039738
2250 -124805541 4898770245
2251 8400422515 7536834896
2252 8476332021 4267282450
2253 12259234127 -8689623767
2254 -1250523917 6280864625
2255 9137448573 30357446292
2256 -8624821471 2339739795
2257 4918716599 -4437743184
2258 9223656631 1679191442
2259 -418534646 27190453339
2260 3911768099 11421043712
2261 191706002 10554241469
2262 508122799 1276061617
2263 1374998395 -4175204561
2264 3126881613 11387284693
2265 3962844229 -2339298176
2266 14784452171 46293668407
2267 632209136 11501140874
2268 -987958713 241296457
2269 1434392965 13583865342
2270 -1849192569 9750349718
2271 8633663898 8615578687
2272 7700430443 7536834896
2273 -1170443009 7229558934
2274 8502884798 28566664847
2275 11617444374 7401073258
2276 -2583253112 10567130181
2277 6950176652 -261175147
2278 216279991 3084569608
2279 2772666235 3675026207
2280 -501096689 239863127
2281 7702095143 -3788067292
2282 6213576184 8798281424
2283 2484597360 2481965267
2284 -1939950310 10526350128
2285 5349983726 19668966996
2286 7042755867 8356040026
2287 -861891272 -410369419
2288 7305968912 4684807288
2289 5730688349 10339423056
2290 6970173153 -2778991031
2291 3116163053 11184618106
2292 8614597842 6851854815
2293 3746391972 11280941397
2294 11176661193 16922846517
2295 9800842946 13111923221
2296 8800378277 4205706769
2297 14513078155 2687710706
2298 778963648 12251135735
2299 8162443023 9414024204
2300 -1441504029 7170559726
2301 10605532046 3311988021
2302 6685528722 4607573166
2303 6035914242 11363424776
2304 5774581301 -455522991
2305 -547362824 11121142827
2306 -827545792 -918489172
2307 8493455939 -427483285
2308 -3378782917 2876971174
2309 -2509802871 7765383976
2310 -262337720 1287133507
2311 7144873579 4520287873
2312 6930216802 8189447210
2313 5763140240 20834922332
2314 5764864405 10599683291
2315 3689303779 -1942680625
2316 6294875154 10000000000
2317 -2239204900 27190453339
2318 5186166576 4487497880
2319 -1350342973 2425874578
2320 8082974654 4342028716
2321 11370479873 3786606787
2322 7371281767 -3012342182
2323 12199287221 7536834896
2324 5740495360 4787149605
2325 7326953096 9400145742
2326 7652196072 -1881981264
2327 5169270651 11845427801
2328 9134397972 5145562617
2329 3693647561 1631439522
2330 -806951789 5437403690
2331 4144161332 13220873159
2332 7080987445 10000000000
2333 9059245778 -242951030
2334 5852421834 -6487524256
2335 534606903 27190453339
2336 9680531010 31890061281
2337 79252421 10640192052
2338 -11609097439 4992560805
2339 9421588710 10000000000
2340 3506638192 1996068273
2341 6800503290 9284014335
2342 806017417 120010411
2343 -846037358 6038730914
2344 7848829465 8071324433
2345 -3134596124 -5940157640
2346 -1662992500 -6658211105
2347 4165385691 11126627227
2348 2413838693 1510973186
2349 7293519274 -3224777466
2350 -3833899156 7016001936
2351 8133034724 -957201954
2352 8735006336 29221727366
2353 5546950199 3734207553
2354 7403525360 10229179889
2355 6313186634 8918061700
2356 8401822167 27190453339
2357 9734114 10919770020
2358 4820558925 12015027933
2359 -2618941803 6855719958
2360 10533677713 7536834896
2361 9270423699 1311037035
2362 3807878689 2820042514
2363 10000000000 27190453339
2364 -6110881341 2021013470
2365 7997379268 9650206200
2366 3124263280 -940125763
2367 -3063536210 3112761689
2368 4559078176 10728580238
2369 2565947744 11812231117
2370 9123357054 9585505200
2371 13681883944 11701092068
2372 9027090354 857549614
2373 8936554192 6975607614
2374 5572325680 4819105421
2375 9620981138 27190453339
2376 5671651370 11581680155
2377 9413067509 8913058727
2378 304327444 10470860214
2379 6024209230 27190453339
2380 -1827220086 9610651388
2381 4100297548 1177610061
2382 7951729870 288568553
2383 9934224589 -5782752563
2384 11798441048 70150234
2385 2100231573 15367422328
2386 7974871434 10916216139
2387 -1150599893 27190453339
2388 6633411999 10110268104
2389 3219632586 11337607448
2390 9233785541 8135924907
2391 12068080270 7536834896
2392 -1209282898 27190453339
2393 777666671 204535754
2394 -1376285740 6139489384
2395 7713746952 4412189832
2396 5569222037 4093937715
2397 9256373670 7551603512
2398 3803225633 15303912132
2399 -1568102368 6175938624
2400 -3540570735 27190453339
2401 7610130589 9360385531
2402 10306250966 17694187777
2403 6496255347 10211560703
2404 -3167430934 3971193439
2405 1018296437 2224359601
2406 2272826523 -7242898158
2407 -4363852163 -2872868528
2408 1729356323 27190453339
2409 903882176 27190453339
2410 10482649363 27190453339
2411 -10018002780 -23700519522
2412 8728724376 11563085198
2413 10104814267 27190453339
2414 2509748233 13162885402
2415 6371344754 8458199221
2416 9052337950 3699673532
2417 -870361122 104021093
2418 7183909106 1795753871
2419 4532002509 10777858794
2420 -870616981 13614954387
2421 225743018 11292931675
2422 2422221697 11474506893
2423 8125423340 -949006467
2424 10786329825 -420772256
2425 6329535622 9692015308
2426 6491740926 9566242967
2427 3070975698 11316574247
2428 3351393622 2838378277
2429 10811366708 2880289777
2430 10540433064 -363792168
2431 261858096 1525536
2432 3373870362 3285542663
2433 4770843954 1714856645
2434 6154616141 -1654609975
2435 3901634372 11665296916
2436 8360793171 1315109566
2437 5726793190 1202075356
2438 11381023066 8080408466
2439 4156086579 27190453339
2440 -1155566051 9163324284
2441 6773551115 23686369448
2442 8056394809 8817406236
2443 10614070234 3861066720
2444 6758574896 7536834896
2445 -522454898 11044500541
2446 -1440343449 9135579731
2447 5867409496 4763033220
2448 6086558878 9066730810
2449 -64725441 10388117890
2450 416956797 27190453339
2451 4758966010 1656709987
2452 -465501129 10584895483
2453 6941381406 7536834896
2454 8731164373 -4502212460
2455 6700423911 8014981211
2456 8682177555 6872492469
2457 -1442547956 8819344966
2458 13472602961 27190453339
2459 9243778176 27190453339
2460 7246943611 729139627
2461 -1506829608 27190453339
2462 -1453995443 9280686526
2463 -4513503961 -14219463457
2464 9802254485 0
2465 6964610713 7924536094
2466 -3270349057 9514562579
2467 -1900637164 9547949252
2468 9676041284 9241469494
2469 4140311480 3982477435
2470 2268492767 27190453339
2471 7303575349 7536834896
2472 3460182377 27190453339
2473 14353725257 7536834896
2474 9129492200 2911597637
2475 10000000000 27190453339
2476 4730762391 308409360
2477 -195646071 -2565278212
2478 -12024351103 8050380010
2479 -1273706471 6296913006
2480 6114618098 4035939900
2481 12520453677 3498813319
2482 -2657046886 10694967627
2483 4889703606 18370025689
2484 17170798262 53028096796
2485 4027963485 1320174311
2486 3566719335 11086880959
2487 -11390012910 8042310534
2488 4411983313 764179046
2489 6476106379 4605218154
2490 8381322892 8336348752
2491 4951420 41816386
2492 8121715564 -945014153
2493 3464308069 12564108404
2494 -2510857832 2675990483
2495 12001923446 3267975428
2496 4074482535 10904490484
2497 4730251696 10862191555
2498 8172533411 502689551
2499 8936425315 12072472221
2500 7408122674 27190453339
2501 8023677425 4353296451
2502 -2349457626 27190453339
2503 3455708206 12112162078
2504 10307766123 10739486922
2505 6231222660 2218808010
2506 8691081447 27190453339
2507 4794027742 3736507456
2508 3827955200 1553079307
2509 912834395 11751314932
2510 6980356362 10000000000
2511 6261346936 4450290697
2512 7352081714 8164798256
2513 6533642024 10379527410
2514 8935270411 1682965003
2515 4137958120 1125688696
2516 -521212016 3250552964
2517 -544789417 27190453339
2518 6571870035 7536834896
2519 -1689402784 9212205838
2520 4655475244 11639594553
2521 2211786238 11191505930
2522 -1472046884 3219854022
2523 8667109282 8936856454
2524 6046026619 3860129353
2525 3286110666 27190453339
2526 2752301481 2726875518
2527 7279796305 10000000000
2528 7060640277 8637009988
2529 5053347855 10609832817
2530 -873076257 10444468641
2531 11103391539 3768085265
2532 -280551465 -5825460100
2533 6072089214 9391806271
2534 1154698353 3406646418
2535 4410973271 749291878
2536 5252936490 -5086218282
2537 -1478965981 10291051781
2538 -2231092290 -1725336931
2539 3796879365 1595922518
2540 10368506847 3449571330
2541 3468260481 2042605750
2542 1225253530 28202181
2543 9256373670 7263605563
2544 2605205082 916636139
2545 12774705292 6578998918
2546 459483594 -767876227
2547 7299090513 10000000000
2548 6377520313 10952325370
2549 2134247444 11634605432
2550 4781282873 12399682689
2551 261858096 1092204865
2552 9146521149 27190453339
2553 12947177538 11208099218
2554 -1194539580 6517820970
2555 1386913493 -5139317480
2556 -5783069322 1760290009
2557 589487956 287512646
2558 1660199187 1480993620
2559 6355636958 7061889746
2560 6364223601 -9176288562
2561 -2038792359 2498327815
2562 4440831655 1692597543
2563 1383423433 1000175026
2564 -3145664397 11167374392
2565 3677131463 13004141650
2566 -1610659214 4334317728
2567 4361242088 817452947
2568 9138046917 4151051997
2569 9027090354 857549614
2570 6129163390 -579129766
2571 9581501579 384098929
2572 9568354068 9033988182
2573 1637071465 -449350050
2574 9488740494 -6916718746
2575 6330172411 9398072123
2576 5906546496 4359718841
2577 4972320208 -194789113
2578 4996439192 10980763128
2579 -1067555515 6012066417
2580 7197971745 -3093049298
2581 3461348603 -1965934237
2582 5172642738 10755202410
2583 10530026395 -6577045490
2584 8464504775 -4839175841
2585 8175393117 -1002810967
2586 9475299051 1314291422
2587 6547534897 8251296525
2588 7520007611 -3469398261
2589 96451040 -589746776
2590 3044326960 -2343545052
2591 -2192438814 9853194302
2592 -2540962633 5290589512
2593 5673282375 20581337422
2594 5682718399 10282576812
2595 8812640379 6731602768
2596 2963368316 -9467009601
2597 14387986467 10392820280
2598 7365123277 5435695026
2599 2641648721 3301234032
2600 10040052478 3970142303
2601 6524163603 11634924903
2602 7065836591 24511218625
2603 -4734054891 1963419411
2604 4757836347 10732880277
2605 7069425343 2203506610
2606 3698185209 677316356
2607 4311551035 886361975
2608 1697721446 -1339566882
2609 9616929476 6383545892
2610 261858096 1525536
2611 4023378760 12608909262
2612 -2515388822 -3290178243
2613 4361076595 3915693448
2614 8875728323 -4639789228
2615 1204424123 2938207432
2616 11138936012 12235087053
2617 -2496714287 6352394639
2618 5074720884 -2340508164
2619 439372225 -7242898158
2620 261858096 1525536
2621 9088382832 8469721456
2622 2707349875 -7895033525
2623 7349561045 -9774222777
2624 -865900704 672446816
2625 2147479431 21944607634
2626 7060761900 11761302017
2627 10128002147 -5757472493
2628 15709507985 10525125691
2629 7233380519 10316194102
2630 11896914336 2960834719
2631 3918644018 1521978955
2632 261858096 1525536
2633 3180723006 3317552165
2634 5383924197 10629234602
2635 -1173377115 9030000452
2636 3884392750 15532971169
2637 7480095269 648726805
2638 8412927481 28312799279
2639 9263165045 3269567696
2640 9601517040 6636985084
2641 3339341296 12972940772
2642 8318614741 5609547301
2643 17569414542 8084908044
2644 6678094910 11134948912
2645 6929999355 9019119459
2646 6667223223 27190453339
2647 99188878 -31192721
2648 8913170189 12370762871
2649 6317316259 -1878919162
2650 7674109691 8171613658
2651 -569613784 27190453339
2652 8658142109 5166961884
2653 578567041 675615442
2654 8272297155 27190453339
2655 -161551712 255891187
2656 -1391880357 3021170658
2657 -1287733441 6857160296
2658 794824459 27190453339
2659 6587645987 10013199544
2660 15356284312 2896681627
2661 7835886578 2125009812
2662 113866303 663363
2663 -3751780649 4359306488
2664 8746716039 4215903735
2665 5829955639 10228506154
2666 8310993435 27190453339
2667 261858096 1525536
2668 7316479522 27190453339
2669 5238434037 10930121548
2670 1276798549 10952343617
2671 6290360659 5290361240
2672 -1082654028 310233573
2673 -1571230736 9313784053
2674 9545289377 1532632286
2675 7856872675 9634416806
2676 -128950041 10143391870
2677 -2252865934 27190453339
2678 5741211652 -1084663093
2679 4215583973 10900605423
2680 6319635319 9534399903
2681 6890128027 10894479364
2682 8616734715 6975607614
2683 2035741353 1525536
2684 1084787835 359100421
2685 768611153 139614105
2686 5859014203 1233095799
2687 -5839969282 6987684198
2688 14126664444 12657979036
2689 -2727473148 -6549508889
2690 8674656023 27190453339
2691 6246236637 9270527549
2692 7616248514 1975190627
2693 -8824195432 -1990534872
2694 3691310247 14218260147
2695 261858096 1525536
2696 6322525212 9115371264
2697 -2829765425 3282019213
2698 10750163374 11157723612
2699 5413542923 10097508186
2700 6899056235 10905368245
2701 6112755317 9776970728
2702 -60076649 -245843672
2703 4390359829 13367656425
2704 3504186775 12852177083
2705 4978009295 11171416967
2706 10815212139 3701851198
2707 -1485690950 5864203538
2708 8970661000 12113640188
2709 -5171138182 -5436806684
2710 11123542263 7145754892
2711 -1999084120 10185888409
2712 6848168328 8304661966
2713 -1344624965 27190453339
2714 1962608040 3194616071
2715 261858096 1525536
2716 5827151180 10386290019
2717 8494446808 27190453339
2718 5384731830 4135719431
2719 3977668643 15796201982
2720 -2115261207 3461887012
2721 5666412975 20561951516
2722 6810052210 8892412764
2723 8755972019 27190453339
2724 9023036533 -5224635373
2725 3498160659 -1319169392
2726 9355785280 -89281288
2727 8150980401 -4098550955
2728 6446046061 4653079965
2729 3919783388 2211184016
2730 7769828748 3818989729
2731 805872307 -3752596652
2732 5991789011 9614960938
2733 -2023708208 9620571083
2734 -6176388218 6695672951
2735 7970139126 10603150571
2736 -5110944853 13050322537
2737 8372633985 8530862626
2738 -7422320700 27190453339
2739 2055371837 3218406891
2740 660532075 23966246
2741 7369270202 7536834896
2742 -459731815 3951686203
2743 -2259104510 6307243728
2744 7221536351 9492551107
2745 5620616826 -319901506
2746 8642041686 -36414792
2747 9991015304 10818624073
2748 5807914634 10284825128
2749 4956471149 12768767859
2750 1606455430 149756201
2751 3338297504 1447863507
2752 1098997541 27190453339
2753 9276100777 9912650905
2754 671014696 1535930078
2755 -6416516199 -5258518683
2756 6602384175 23203324889
2757 11107178791 27190453339
2758 -2998600624 2949035319
2759 4229159795 999952010
2760 4010086118 10935418774
2761 7128765108 1106975821
2762 4597067462 2492470155
2763 10984130254 1996727941
2764 7046452030 7750127374
2765 -6235787207 -13026854027
2766 3807224258 2080036929
2767 8616734715 7551603512
2768 8203023112 9255074289
2769 9474621332 1736597287
2770 3269089507 -1525335248
2771 -9543446526 -3401353904
2772 2596422512 3518666812
2773 411962082 -578127991
2774 4747483304 11882824761
2775 3264369106 2330076523
2776 6072629546 731929268
2777 -412068784 182396585
2778 6491016643 8784699558
2779 3318178224 27190453339
2780 971652613 1454807891
2781 -389040352 12473437941
2782 8855485673 27190453339
2783 7913744340 7536834896
2784 5004793360 -69387931
2785 -2584234644 -1780972092
2786 6902203020 7523052469
2787 9162567902 497418739
2788 5239383922 -392810058
2789 2761655101 2996250978
2790 7226787730 10073158862
2791 7345652873 6040410095
2792 8971722671 10000000000
2793 5452193340 13890318588
2794 2069017193 991248670
2795 -7076306536 7335263207
2796 3537242720 27190453339
2797 4879356803 21244542
2798 -1819419258 9698570724
2799 6083844615 3994098523
2800 5368182526 11408581660
2801 7034215223 8027228829
2802 -10850808882 7939850300
2803 -1475664776 9022786068
2804 -951492397 8604352589
2805 7506286171 10486282393
2806 7013667854 7536834896
2807 12345861192 -97190076
2808 -1385827294 209393095
2809 9576193148 7551603512
2810 2229376845 1092491
2811 -813928066 11135512855
2812 8782400040 4213394663
2813 261858096 1525536
2814 -537692981 27190453339
2815 1774121437 1791004328
2816 7577390916 -3237519793
2817 8071880082 -3907705107
2818 3731643817 11214764013
2819 5807086788 10290791183
2820 5196511201 10534617005
2821 3528310264 3675708166
2822 7297729269 7536834896
2823 5527266847 10572625363
2824 6152204452 1023530530
2825 2762305331 11955929012
2826 -1456851006 9479419992
2827 8046547600 11002405800
2828 6808897448 5428194345
2829 -1752875658 2634809076
2830 9368940957 1132967261
2831 3330935212 11376138947
2832 1915417963 27190453339
2833 1504376567 -2933238663
2834 -40273513 369879260
2835 9501014946 4072570899
2836 -8889028976 7189769400
2837 5866159494 -1256924485
2838 261858096 1525536
2839 10490253117 -6522461134
2840 4654693585 27190453339
2841 6143251425 12381014111
2842 4023306095 11815902742
2843 4377382241 10954368137
2844 -83158852 11914475099
2845 0 27190453339
2846 3626942846 -1601887406
2847 -1716856870 27190453339
2848 3452952543 -2027188397
2849 3701702081 11071488080
2850 3964604468 11382435390
2851 9770281774 16372566009
2852 8125896285 10000000000
2853 6317160030 11610559689
2854 261858096 1020273465
2855 7916675643 10161304170
2856 -1035983622 27190453339
2857 6255458825 5018766943
2858 -1411338226 6146150102
2859 789804005 -178809788
2860 7629134262 11092808883
2861 3233362901 27190453339
2862 6427782121 8890572032
2863 7365887819 9950119962
2864 6558636454 6876658608
2865 -2198202692 5611614347
2866 9117215645 8821054962
2867 8638903675 6787176493
2868 6786817690 2279059189
2869 4178960938 3635270276
2870 8936554192 8127599411
2871 -8296801897 7486612942
2872 5967673813 9982079300
2873 6379005116 62086774
2874 -7032892994 929602059
2875 10709242807 3842981907
2876 1219459622 11606671972
2877 7070659836 2241758052
2878 5428758958 797637940
2879 7961469332 2058345200
2880 9640606265 1499405912
2881 -2044574142 12738638132
2882 5276904328 27190453339
2883 6951973793 9686194981
2884 3638248447 1814621636
2885 -2095523681 6458865068
2886 903275579 12177843790
2887 -768681000 -58811641
2888 5162581635 -286925325
2889 -7855425634 -5784329721
2890 9156154384 294092074
2891 4587432019 1147194919
2892 12144010401 1130311103
2893 6424649840 -1637126029
2894 7983901096 9904006529
2895 140254319 817095
2896 5892607042 5300800642
2897 8936554192 7551603512
2898 9096676988 8620054474
2899 2164463221 706159773
2900 8873895972 11997281496
2901 2351281917 -6459816094
2902 453727524 -567442972
2903 448386413 11161508686
2904 17230610791 2603783284
2905 7180722525 7396798525
2906 -2350301247 3244449713
2907 6870166895 4706543014
2908 -1886422219 3067764603
2909 12466420768 7536834896
2910 8755871916 10063496328
2911 7760120395 2126900586
2912 -5558977724 -9954751239
2913 7717677708 7092589186
2914 -1491587082 8886953561
2915 3611205357 3175094692
2916 1162624876 11136080524
2917 2430270758 -806675457
2918 -2287617676 7351413575
2919 3031522747 2651093976
2920 6360617714 4215733840
2921 5142709436 1403878494
2922 -1392681922 9177884126
2923 2455069101 -4239449954
2924 8122180432 2004722582
2925 -1643770757 9096764082
2926 4373110403 402763568
2927 2388395320 3062946841
2928 8369154196 9011815167
2929 14165766572 27190453339
2930 3655852828 867522037
2931 12764207283 40592402115
2932 8362347621 10000000000
2933 -1360224809 9270727370
2934 2161412916 11642296154
2935 3021808379 2890234354
2936 6739064243 9917210312
2937 7595758082 -81211811
2938 13319748423 3139180827
2939 -1471332108 3851558220
2940 7085595079 7986753046
2941 11145167057 27190453339
2942 6866267374 23948020936
2943 5536258132 20194645837
2944 -1785622148 9967692211
2945 2876503618 11307450466
2946 7259445860 10055926157
2947 -1675796689 2765541539
2948 7658216147 4422741867
2949 11968039995 2764161559
2950 7432024028 -2939325428
2951 6314879448 9331003028
2952 11285905043 2334657052
2953 6349414358 4671442044
2954 7708409894 1821306713
2955 275258534 815197721
2956 10151063477 2354446033
2957 3773293499 27190453339
2958 14731396782 27190453339
2959 1755038574 -1194192114
2960 -93678559 519719086
2961 2482403071 11356131213
2962 6905475976 4510886476
2963 14356224107 10675130825
2964 7274489831 10410459397
2965 9849474739 27190453339
2966 4537188295 -3498661015
2967 9234186995 12430526783
2968 -6295780552 7377404056
2969 4316651443 16752834131
2970 5372280613 19731890304
2971 6582955733 885167458
2972 2258088017 998945276
2973 8548652051 11606179896
2974 -3538790898 -6997157600
2975 -7251466302 7255898653
2976 3745290553 3668134913
2977 6975787691 1407751133
2978 5461118385 19982596443
2979 3132147579 -7997599378
2980 7109469028 27190453339
2981 -1440216319 2761192645
2982 3347218609 12966349901
2983 7938833964 8916622253
2984 -8346365265 7917119263
2985 -1032951927 2685683436
2986 6638639369 5213362270
2987 11217646453 2842051976
2988 -1995929381 11888809298
2989 8624142180 1356261101
2990 4340905114 27190453339
2991 9635749325 -6453931358
2992 4783298753 10534534241
2993 7375419997 5068375155
2994 -2578945336 -1774611768
2995 7206876246 -2701062500
2996 3129980433 1070300702
2997 5583755207 10207430383
2998 8421644549 1583061188
2999 3148101429 27190453339
3000 7158857205 27190453339
3001 10462353807 7536834896
3002 -173921602 488744999
3003 4318180208 16757148409
3004 6078682361 10213647857
3005 12641992930 3263767995
3006 -216139235 10128880475
3007 -1874360239 9414670055
3008 6738321438 9204284733
3009 9896012625 7263605563
3010 3473731873 12239685966
3011 4263101221 13997246554
3012 4575631420 522283219
3013 7335219864 7536834896
3014 -1306146185 8631292426
3015 5107211682 18983848039
3016 1356560256 27190453339
3017 261858096 1525536
3018 3732003485 -2307208471
3019 781489023 -107990319
3020 9161154194 1040023206
3021 10817916618 1475316354
3022 -1573001379 7499137921
3023 -195139746 499440488
3024 -377887497 11446740584
3025 838590268 1318947124
3026 -877419340 11247529099
3027 8385218873 8760641245
3028 3918959107 -2242956324
3029 4495922603 11047749661
3030 7966583790 11264876510
3031 5408597454 10166551243
3032 0 27190453339
3033 -551857962 5511253225
3034 5623505170 11060188794
3035 7481945713 4449043785
3036 8602466080 27190453339
3037 8950829254 3186953569
3038 14692921984 27190453339
3039 7099637284 10000000000
3040 53760700 14648673849
3041 7718350379 8937561977
3042 -5228956148 3290347877
3043 -2190583862 6294223347
3044 5850506958 10000000000
3045 4858534309 258699026
3046 1955731149 1626003697
3047 7702713684 7536834896
3048 9502274466 8823869221
3049 7171107185 8940319918
3050 6602925191 10736472445
3051 2819941192 -8335240911
3052 6060550012 3278532485
3053 7961504164 192686921
3054 7678507655 8092743436
3055 4254140436 1427134908
3056 -4399703105 7023915598
3057 -1549388830 9202233391
3058 6832218419 7787019389
3059 6338477663 9795198232
3060 3889718653 11325025428
3061 6033404421 5323513041
3062 1203030934 12469131609
3063 9574630495 8589681191
3064 7602587845 526593413
3065 6016642288 10776272788
3066 5057659657 18844008906
3067 3047870766 2628555512
3068 10653431653 -389976610
3069 6117524414 4387535293
3070 9977575195 8752678383
3071 5188161974 11767650984
3072 9658647721 3380934412
3073 9838213574 -6733062017
3074 6867856864 8010618411
3075 1705740451 1525536
3076 9707407332 4033351956
3077 7596524119 11029089474
3078 5762611133 5272625533
3079 7783161667 6871995335
3080 6659543325 2027182977
3081 10196935808 3940331134
3082 -6277502761 7070824865
3083 1038392489 -7242898158
3084 7161336503 27190453339
3085 -11293029838 -24124445682
3086 7750343278 7524451779
3087 -3558674923 -1652182303
3088 261858096 1525536
3089 -1382262033 27190453339
3090 6237097694 11555799871
3091 8030543581 27190453339
3092 1701431620 1497683
3093 7830570902 6163623516
3094 2105649698 3030337011
3095 -8049880751 -19386159459
3096 5601569142 804587289
3097 -1044592547 6477706843
3098 -12152764769 -29724960736
3099 -8342455786 -18972013759
3100 4248636447 1142470106
3101 -1210090908 6107908832
3102 5422842592 4673849380
3103 -2635937633 6378850036
3104 7400448135 790892575
3105 1418237469 3045187311
3106 -42200682 -620581785
3107 7309690924 4328857993
3108 -1821304401 9782883990
3109 3565345128 -1787560215
3110 261858096 1644729867
3111 118247987 27190453339
3112 8435389964 1291587234
3113 261858096 131141774
3114 11681968485 3678596300
3115 7858443885 9850186668
3116 261858096 1719876271
3117 261858096 1525536
3118 5988388941 10524942043
3119 -8371309821 -1436731295
3120 -329437881 13529116753
3121 5362692272 12714076234
3122 2675689931 12121930912
3123 5214242235 10521773966
3124 6672332461 7536834896
3125 1118908876 -3891704857
3126 -1688359662 7564825457
3127 9459407200 27190453339
3128 4758176505 27190453339
3129 4691155753 10948490339
3130 9608673920 -13284018311
3131 -11109141731 27190453339
3132 2401154848 1220940723
3133 7558079294 9363060942
3134 7558963776 456434534
3135 6375780024 27190453339
3136 9354402477 7848544036
3137 6760603488 921520549
3138 9851700267 9202394564
3139 14031005562 7536834896
3140 -2053543060 6268182680
3141 10443550903 34043354487
3142 8770456487 4558069453
3143 -3835115017 12117896802
3144 11811626660 -9211625775
3145 3549595948 2583720903
3146 8794314532 14263773808
3147 13694681542 3275685049
3148 15225585909 9702630539
3149 5517224353 -4811143411
3150 3334505677 11286681344
3151 1002792915 -4443083094
3152 1687401566 268834897
3153 -3056115589 -5748930763
3154 8247245007 7536834896
3155 -13642817139 -4232991046
3156 8020748442 7536834896
3157 4506973126 616940102
3158 5485448378 27190453339
3159 10506411329 34220750816
3160 -3938621215 -5666084874
3161 403864237 -1022691017
3162 6348990952 9257572260
3163 -1917383927 122353277
3164 6928902394 9366139341
3165 7771490649 1175343065
3166 8176681921 -11373022244
3167 9012097768 1003581293
3168 5286939974 10751426898
3169 2199215522 2961654001
3170 3304864268 2880397051
3171 6976467900 7536834896
3172 -978808159 2502817731
3173 7611721337 -3808823137
3174 9462568910 1364557635
3175 6454425367 9523992641
3176 12457873453 3510704892
3177 8571228615 27190453339
3178 1087243268 27190453339
3179 9256373670 8127599411
3180 3518211970 11326891484
3181 6644779481 -2005057884
3182 -1709343277 -3352331468
3183 3310229120 11766703024
3184 7747818671 4237668298
3185 3594666641 1874706408
3186 3981718680 11253591203
3187 5565975035 27190453339
3188 7782671496 9201092537
3189 -3696918887 6276406293
3190 -9412392644 -2174838908
3191 13063938485 3354793066
3192 6797566518 -571917200
3193 -738028609 159584543
3194 4954016265 4181816739
3195 3234421028 2751752413
3196 6646737053 15024725143
3197 15234765606 11366538044
3198 15892932399 7536834896
3199 483889421 -1359929323
3200 5033817232 27190453339
3201 9027090354 30046008012
3202 6747981514 4639835076
3203 9860553969 1617433533
3204 6296160360 4747875135
3205 6744583500 10023362546
3206 3563257731 12071171327
3207 4526920321 17346226977
3208 5418561204 10400941308
3209 261858096 1525536
3210 5112914228 -59569437
3211 9337459364 27190453339
3212 2755752676 3673325839
3213 1625496974 357366
3214 261858096 112826114
3215 -11555144166 -12568374545
3216 7510577475 4450796355
3217 4979273220 18622797137
3218 5790584878 -497166074
3219 -1998942274 1719836556
3220 8936554192 7839601461
3221 -1997492302 10145759692
3222 10394420684 3358967962
3223 -3563896039 5586752491
3224 -1312875026 10072716201
3225 8362773920 -4698922928
3226 -2471280201 6299492136
3227 6146143690 4710067794
3228 6279034390 9107538744
3229 -6467956101 27190453339
3230 7507205179 1263850880
3231 6160515268 4821693492
3232 14068670831 12719229354
3233 710852026 243397385
3234 -1298436575 27190453339
3235 1710340751 -1197362676
3236 8468727450 4268727480
3237 -354908221 554514107
3238 -1547993584 7356731540
3239 3071158343 -3138165637
3240 490319290 721055146
3241 6373721992 9302613402
3242 6325320689 11250065837
3243 9882127555 1689369555
3244 3141757004 12418843734
3245 6080488438 5907886017
3246 -456609607 12331055175
3247 4767544649 -6915113338
3248 2660320518 11539146245
3249 8778021638 9983003214
3250 -9666508473 7590779407
3251 -856136774 -8875998791
3252 2614490688 11949222554
3253 6836958488 23865309299
3254 6611572046 23229253676
3255 8770758740 9372281928
3256 -10419694724 7648780054
3257 -6590657023 7675569898
3258 9346172074 4687318485
3259 5540337127 11498461697
3260 15873676054 10992875424
3261 1675681799 27190453339
3262 -12788365998 -11853185191
3263 8627429922 8766899056
3264 3072495909 27190453339
3265 15178495951 47405686328
3266 7137891797 9909758972
3267 -2558831260 -7201898083
3268 1360673367 -4488875189
3269 5240343724 27190453339
3270 8525268975 9323671017
3271 11361488515 3562982945
3272 5512389972 4830494480
3273 9853656729 27190453339
3274 5688737422 11174145095
3275 4317044117 878788847
3276 3693352732 27190453339
3277 4139699902 16253465038
3278 7524896947 1104775978
3279 11158942266 -387063483
3280 6815139915 3986959067
3281 9384522956 4094706855
3282 -7787422688 -5067285500
3283 1961618115 -355305007
3284 5131096429 283181277
3285 6254241348 9112793239
3286 9789218403 1747248301
3287 2487853309 -758286989
3288 10589501952 1430108343
3289 8414133449 7536834896
3290 8068826610 14414825250
3291 1969823892 -1303415000
3292 6385452831 4664593968
3293 3452528221 1795869887
3294 4235923261 13059715561
3295 261858096 378779739
3296 2662726362 2150852204
3297 4420752197 17046613425
3298 10609066843 3233867524
3299 -11560109577 7983941272
3300 4101480920 3765395036
3301 4188395060 1056152981
3302 6269529869 9275315358
3303 4905317427 4213696332
3304 1431115818 11213746984
3305 4065125750 27190453339
3306 3857653375 -2108370669
3307 261858096 1525536
3308 -1875199670 6234293643
3309 0 3044177353
3310 3948530099 11999754465
3311 9804684429 1568311224
3312 8576330447 28773933384
3313 3901270180 27190453339
3314 3572217721 -1943122212
3315 8769810703 4211515258
3316 6594749181 7832787439
3317 3699975965 1604939655
3318 9048780217 27190453339
3319 5677296111 10145492546
3320 6599707114 8445782748
3321 7945751561 9050242435
3322 259040861 -5892748370
3323 3769418672 11487640729
3324 3889874914 15548442202
3325 4462007272 2246697753
3326 2888282846 391202081
3327 8943121351 9541898127
3328 826619306 -3526416574
3329 4377029343 796089231
3330 6167414218 9356474821
3331 4599591803 10890708859
3332 3351481411 2856121557
3333 9079736502 3796154426
3334 8954635737 4176394570
3335 420053642 -1192545869
3336 9987734187 27190453339
3337 1126010917 -4708468247
3338 -1361100712 8819027479
3339 6470793251 16909132692
3340 8616734715 7263605563
3341 224660401 1308829
3342 7825885310 9601794050
3343 -338578376 27190453339
3344 5424710463 42299658
3345 -1640217375 11761093875
3346 -1784896938 -4138724797
3347 1478086746 880204054
3348 -8413799626 -4884481255
3349 2825021295 -7897362525
3350 881698429 11442378391
3351 -2270093357 -867090029
3352 3673406181 -2651107393
3353 3425809225 -1806320367
3354 1354225332 710841331
3355 6988450446 -2804189321
3356 -1318410508 8648200836
3357 5296986134 10191837913
3358 3192073356 2429748245
3359 7886503923 565295349
3360 -217359671 4966182857
3361 -2632622066 2611138617
3362 6272660235 22272821860
3363 -65323677 556203851
3364 3207218425 2741143900
3365 4440100242 1311721788
3366 5138684694 19072666986
3367 7080730736 7536834896
3368 10866696285 7335568936
3369 6685804943 4607520678
3370 6076265986 9610643878
3371 15987000211 10543013531
3372 3322385145 13946948091
3373 1685952764 -3649111368
3374 6593903272 27190453339
3375 -1439729016 5630538615
3376 4047364510 739053897
3377 -489369274 10830338659
3378 261858096 1813520528
3379 -1910072748 10023571846
3380 6382353648 10000000000
3381 5972736311 4942608594
3382 4432081153 82189749
3383 -1873486688 -6750508360
3384 3065218562 2060717220
3385 -7266124002 -6630887014
3386 8700669902 4077786024
3387 5432471620 -659013581
3388 17010848644 52576708268
3389 2754399958 2764113640
3390 1481647661 27190453339
3391 -3010098822 7321884482
3392 2733044949 3062595291
3393 4595614128 10666040833
3394 5440518489 10116126622
3395 -2808053940 27190453339
3396 22297791015 5175640306
3397 6535004447 199721344
3398 8338094671 8347360891
3399 6941477705 7717544818
3400 17025980178 8007754954
3401 7397075468 10360235637
3402 8743625857 5643116932
3403 5129308188 1967119818
3404 6401078772 8974898775
3405 7044946728 1199779470
3406 7206861248 -18417930
3407 23618293270 -3394241352
3408 12117723788 3691776039
3409 5987664911 254809983
3410 11877267661 -475367549
3411 8861931150 1075216049
3412 567831613 -521143097
3413 7751230537 4101879676
3414 -1899556516 2932514879
3415 -9627446516 6295238042
3416 5335646846 14084246922
3417 4301125507 11586825506
3418 3218409292 27190453339
3419 1952596706 12010576058
3420 -1186573304 3024956223
3421 9396622176 -6975437783
3422 8790536007 4537984684
3423 4400811886 763301038
3424 -602218428 860737724
3425 5347868238 4861757109
3426 9576193148 7839601461
3427 1768494764 1637248573
3428 -489968110 2539747472
3429 2600979676 11703854578
3430 5817133862 11525634605
3431 10101892784 2361956656
3432 -19127559358 -35570803001
3433 -607654112 -87028020
3434 -1488362737 27190453339
3435 7623375728 4429362287
3436 6169945015 10000000000
3437 13674062441 3269651826
3438 5217326277 10483659341
3439 -7532021013 3824022418
3440 8980179954 27190453339
3441 9253454520 4119612646
3442 7374452582 7008332645
3443 8298077693 10000000000
3444 9576193148 6975607614
3445 5396275430 2681305543
3446 5140373908 11379051036
3447 8145210284 9228003926
3448 5566117012 -1349629002
3449 3371063418 27190453339
3450 6493639888 8999308485
3451 6566121714 11183811238
3452 4871358744 10470211042
3453 6756632975 7985559779
3454 5593493055 -881008426
3455 9978263111 10000000000
3456 5125666656 4495531369
3457 -7680851249 -4666144646
3458 898643121 66387823
3459 4490445155 1998178589
3460 12382328550 7536834896
3461 2788998201 12235439361
3462 -2316183470 -1458644029
3463 -5147991801 6856193758
3464 9896012625 7551603512
EOF