NAME : 3545
COMMENT : tspgen
TYPE : TSP
DIMENSION : 3545
EDGE_WEIGHT_TYPE : EUC_2D
NODE_COORD_SECTION
1 1004559821 2073952035
2 998193187 -3143908905
3 -5084051691 7524131378
4 2850901781 6136371252
5 5326006254 6629689105
6 7440916501 9120587986
7 10588422556 5092612215
8 1774396841 835284458
9 -2195278399 1819717871
10 12260511127 10973104388
11 -3302319061 5896563474
12 4780376841 9333121243
13 4734576033 -4736905330
14 10441498300 13532098021
15 -3082631208 2194034949
16 9059014388 7530294853
17 10958271531 365247011
18 10000000000 10000000000
19 -12495680485 6092808658
20 3013177537 -1233422347
21 5975193526 4147636576
22 -12495680485 -10562685782
23 -4876827349 6633647500
24 -3982460455 1879057764
25 515840065 1139413520
26 -10951781208 979537866
27 10958271531 7028954145
28 10833302064 3765842812
29 6347090677 6798165780
30 11314223523 3511587152
31 3828028604 7503318027
32 4987992800 -4112878145
33 9546074491 8843978026
34 -12495680485 4147636576
35 12325586417 12880826409
36 -7035723735 1613128276
37 6387898014 -14165368311
38 -8083218212 2729071500
39 -7878186048 3178482568
40 4351899234 -2936592936
41 10000000000 10000000000
42 -11106961907 9639798437
43 6593964874 -8200838554
44 10000000000 9534178093
45 -4476640719 6285613519
46 -3212247280 6173229141
47 11266446701 4243479573
48 -7878186048 7629349627
49 8898780391 10000000000
50 7266256852 7458536653
51 3725074881 -1869926191
52 5051724968 9969797086
53 4133972161 6983074701
54 12974144405 10501510808
55 -2971758355 2673682696
56 -12495680485 10096776363
57 -412898505 3796050390
58 -3201106927 6838629635
59 -1974728034 1318177816
60 -12495680485 -1984655653
61 10588422556 5108981546
62 -2185034680 3939016853
63 -5418791751 3323906802
64 8639620596 7858472820
65 10958271531 -2345945578
66 10000000000 7633524554
67 1510507464 1592823363
68 -3719720544 6504265950
69 -3903555817 2036207492
70 12494676973 -4253007399
71 10000000000 7240964282
72 -2903514908 3089512625
73 -1865825191 4754847838
74 -9418061561 20963035556
75 -5653381789 1497552479
76 4089304619 -602667816
77 3864337727 7573080900
78 642714724 2572277128
79 3080553704 -533107154
80 8035840050 10000000000
81 10301102709 3167998386
82 1136492535 2331909963
83 13650061097 4057627876
84 2913346764 12051638512
85 8927421196 10000000000
86 -11619034370 247939841
87 -2257605371 165950078
88 10958271531 810811326
89 7672984661 -10514505661
90 12884719612 4780665572
91 14418878027 9957287173
92 4020320472 6846014397
93 -12495680485 2841778008
94 -1522794313 11438325156
95 7327309220 -10164484258
96 -4394409498 3178482568
97 -12495680485 4147636576
98 -6075887122 9733469935
99 9104839409 3782980931
100 -12495680485 2776918740
101 5336897801 5864141098
102 -12495680485 6274535849
103 11239816781 9641742995
104 8202516750 -11149175296
105 2457724417 -2526337252
106 8378490893 10000000000
107 -1727288514 3663490372
108 2022475808 11668759518
109 -10915448032 1129846042
110 4318618233 -2845836982
111 4459461047 8688139891
112 2808586280 -13689536658
113 6755807274 4780153888
114 8434355817 1076945502
115 -3722200057 6021692079
116 10958271531 10185456458
117 10107435377 -1273512121
118 -4673247754 6987609231
119 -4534671561 5333726962
120 -12495680485 7282788829
121 6430097988 3287130718
122 -2133755998 5588967073
123 -7878186048 1233310572
124 7561085264 14675861444
125 9062343895 10000000000
126 13764331034 17022629140
127 5688099701 9306116454
128 -6301771422 4006232017
129 12291324394 15475282064
130 -8513855349 6596492353
131 -1184582936 -3451698855
132 -8015158638 18699477632
133 4198649212 6283076225
134 -7878186048 1233310572
135 9908340148 5184239584
136 7999251605 4652484733
137 3964478363 7765487051
138 18169083220 -1576471648
139 -10813858278 995783070
140 2093007489 14174588056
141 -9670772935 2200505744
142 14599187945 5463444099
143 -3327703884 3395956070
144 -686131529 3183144202
145 -2508804066 2518934347
146 10000000000 10000000000
147 6438770804 12519492033
148 1411556264 814394962
149 7744163633 10698632918
150 9367640389 64435722
151 -12495680485 3178482568
152 4408652569 7764399266
153 -5789236460 4147636576
154 8759869309 3511587152
155 -3649787374 5262291180
156 -9764850223 4315691073
157 -3323740864 5276441182
158 11559191577 7584315519
159 5256844228 7350801098
160 -12495680485 3262511046
161 2693436381 -1337823905
162 -4386628534 4147636576
163 5591212487 6520850303
164 4679750721 -3748106170
165 -4430872798 -2252201794
166 -4014685734 6131292930
167 -664352250 -690924606
168 10958271531 7548396113
169 10803533871 3701914587
170 10000000000 10000000000
171 10000000000 9386123361
172 10958271531 645837561
173 10319462461 3511587152
174 -5796060126 3253393923
175 -3749604712 7218610671
176 4711926939 7943763267
177 6279914359 5753853626
178 5537425413 -12331251986
179 -10023297147 6705433818
180 2596227187 -431148900
181 5400179613 10523985110
182 6455430017 12551500369
183 10958271531 10796804122
184 9580957719 7986927681
185 9616314708 8933635957
186 -12495680485 6262896014
187 -3175491947 4147636576
188 -3171857850 6243563665
189 -12495680485 5825323962
190 839310211 1760915918
191 -2281577588 4528832831
192 9409808087 9175808055
193 -3875132767 22529803021
194 -617000422 4108192320
195 -9174899270 6756282895
196 9618307819 8336861140
197 -7878186048 7573648779
198 -12495680485 -10770567371
199 4623287549 7926486867
200 17474672013 -8518264039
201 3148349799 -3211121197
202 15406702923 4839818547
203 -3253719556 4221890598
204 7468871925 1740066278
205 10958271531 8684143199
206 5550093868 10812024269
207 879068713 976029296
208 11325583770 3511587152
209 -7878186048 -3761892702
210 -12495680485 -961182933
211 9896220408 8440252502
212 10958271531 10185456458
213 3728705392 7312482442
214 5075297094 9899769035
215 10588422556 3744849894
216 -12495680485 5871238469
217 5352634110 6144174550
218 -1272765419 3033279447
219 506225555 1988606889
220 6409871112 10195034060
221 5343926437 9008485586
222 2175799191 4614385545
223 10588422556 3123619922
224 -12495680485 3178482568
225 4032091779 7869120064
226 15738073888 -3743345223
227 11843339806 -4540463494
228 -1114187703 3779103484
229 10989793713 7374269141
230 8151486401 5589260303
231 -3054640142 3601316280
232 4296438866 8755155204
233 10958271531 9442450452
234 4601626483 -3788895239
235 710443499 1513316653
236 10129131416 11138690983
237 7468081074 19493657025
238 6181445986 9429086696
239 13928957258 9258165187
240 9384733020 3511587152
241 13142547518 -3602732590
242 2473259502 134651483
243 10958271531 -2446338917
244 542341022 1190331383
245 -2298061515 -4267102668
246 7739293140 15018262818
247 7679643995 -8677992833
248 9422604208 10000000000
249 -4566151268 8438230391
250 -2293855310 205783162
251 139617458 416554686
252 6140270417 5710035813
253 17012081599 3178482568
254 -13734121626 28701881355
255 16051965534 -5474773664
256 -8871378638 7631219
257 -4546849094 2185113060
258 -9454136073 13516185624
259 3220016056 -1349361539
260 14714832155 -2955580757
261 10000000000 10000000000
262 -7878186048 -5712153325
263 3713062997 6791046015
264 -5535436028 697486212
265 10958271531 7292290555
266 9908340148 5832453575
267 3612652099 7038553813
268 4603262998 -4036354483
269 -2194713823 -3514637075
270 165559544 10174658658
271 -845602247 -2095186726
272 8155724738 7757988733
273 10000000000 8732482477
274 10000000000 9799675917
275 -12495680485 4147636576
276 -2056313496 -1980851812
277 1873104810 4132003106
278 4633033289 8230766432
279 8032092331 11001092946
280 -768291856 -2580630485
281 17411597283 -8973394717
282 -2969672023 -883572595
283 1283110626 1195323976
284 10958271531 14944183612
285 1006984806 8699396044
286 6610488269 4147636576
287 -7878186048 6324591044
288 -12495680485 7623230555
289 9908340148 4861348415
290 12561919604 1366426664
291 6936328159 4112157787
292 -9803989890 -4883462870
293 6000273363 4048031221
294 10619332672 5876668876
295 10518808426 2474622363
296 11235004067 11005499861
297 9640443867 7784474576
298 4630299711 7609271820
299 1185221596 2425536002
300 5817005753 5939565623
301 5856455811 4642047386
302 831469902 1745851866
303 10958271531 7640266466
304 10958271531 12983683994
305 981554615 1696178149
306 10000000000 8820541368
307 -12495680485 8333266238
308 6344661317 3693446366
309 -1223475871 3327159611
310 -12495680485 1095575183
311 3968865898 7640232597
312 4172411475 8165001286
313 -2599658872 4175185644
314 6411055327 4379157792
315 3492113803 6857904973
316 10000000000 13068317964
317 10958271531 14074952023
318 11943052728 15109433650
319 5413057493 10548728145
320 2450675202 189310519
321 -7878186048 -5712153325
322 3114437581 -789313273
323 -3890354994 891715217
324 5094063274 9347068603
325 -7540283009 1633286942
326 6593522151 9610917628
327 -1400362143 4591401323
328 459584323 1031326022
329 12507695973 6676806908
330 -636962078 13965510755
331 2746541013 -25289292
332 -3035676379 5979080629
333 9768784517 3398127511
334 8549751126 8523199708
335 -12495680485 4490760773
336 6825592936 12937486726
337 8576319842 -10384217421
338 -7878186048 7188992631
339 -9529500809 2784940084
340 10292691738 -1145443933
341 4533318356 8858433105
342 -3229881718 6258877327
343 8730194896 9245542874
344 8300780378 11283341276
345 -869115730 2878866202
346 1699756209 3893843303
347 6032423307 9629740245
348 10958271531 10185456458
349 680192385 2183592300
350 6260015850 4774051400
351 -4562828926 7388658011
352 1230804624 2513117379
353 10588422556 4723026814
354 5162998837 8214967233
355 -1586615712 1436396250
356 10989913762 3778229806
357 10958271531 14074952023
358 952913252 1979188185
359 -6524756430 117439375
360 -2139147892 4896909905
361 -7878186048 -3029191493
362 10958271531 -628363326
363 12979113567 5000370428
364 -5995949613 -505498263
365 12190716514 6356108120
366 3306538786 -5070287022
367 5255416988 -4530444363
368 -8946919734 725388112
369 -11979371477 16610865171
370 8663273270 -10329996407
371 -1974992024 655600188
372 10963854814 3511587152
373 489466872 1088741137
374 6215079591 3656525464
375 -7878186048 6424213916
376 13424643166 -4522956376
377 624554657 1348293321
378 7702708429 8379563876
379 -12495680485 -961182933
380 12546001578 -10994506774
381 -4233629071 2763142368
382 -12495680485 7851483246
383 2733231206 3428548448
384 7188985208 -16927429440
385 11906929608 5122615371
386 11156280183 4645144985
387 6311206197 7378355586
388 -6315750234 6569597515
389 9026463676 -315995901
390 -10088017740 12941813511
391 10000000000 7898652561
392 11863829339 3345476512
393 6390017966 7250448224
394 -1677820366 1253037397
395 -1969640960 4041384084
396 5575700956 10103467404
397 -1349204334 4761573235
398 -12495680485 -961182933
399 -12495680485 -994681558
400 5617469725 6354097064
401 -12495680485 3178482568
402 1896382539 3791931747
403 10106551244 -15774884012
404 9404872269 -14142790419
405 -9203635331 1264921304
406 6914882930 7526062732
407 10679310893 4813252648
408 -7479246450 -2682321429
409 10958271531 14074952023
410 10588422556 4633900854
411 4947385281 6647584997
412 -2167947565 1680376546
413 -3318392402 4147636576
414 11452752015 3511587152
415 -12495680485 5605875060
416 3888149780 7618832412
417 -12495680485 4200815076
418 7435281613 1529801518
419 7171824042 4150047212
420 -4381091743 3178482568
421 12714351614 -10908276234
422 475860007 3006332359
423 6003478987 6221258075
424 4041509968 7386406635
425 10958271531 10185456458
426 2574754176 -1569963280
427 -4788677956 6843871042
428 6530400845 4683546023
429 9908340148 3511587152
430 6654193078 5255147514
431 6396829288 9388740849
432 6507289196 4648719750
433 10000000000 7294552266
434 11445515384 11073526742
435 11578512631 -2604598727
436 10958271531 7751244255
437 2040758650 -1043813324
438 -1843705984 4455571291
439 927395450 1449271309
440 15084034770 8545743620
441 6998308939 2459886933
442 12440291874 -2070908476
443 13296957657 5426093984
444 1224394482 2016544690
445 7906212849 8734946219
446 -12016337592 -3424468251
447 6438957297 8749336860
448 -5139414574 3178482568
449 4653533893 8156686502
450 12821611323 5137561713
451 10958271531 10185456458
452 -1657459532 13367314862
453 -6370964449 -4128864512
454 10588422556 6120344073
455 7526741783 9495390715
456 540467542 2472395669
457 -8578671528 22080739719
458 -12495680485 3178482568
459 -12495680485 11120478431
460 10588422556 3947294206
461 6245401158 12493118492
462 9512195644 6092304177
463 8524229308 3409931739
464 -9305274012 1382742976
465 597284283 1295897131
466 1509743821 -2239247996
467 -4855978139 2265182245
468 6818766096 4344386208
469 8929761832 861540821
470 10000000000 8279655702
471 -1328021981 1956275966
472 5806817960 6933066776
473 -7878186048 6138827096
474 457597731 1153810694
475 -726833257 -167338387
476 -5159315422 6478807841
477 -5571568416 -3289124159
478 7703514558 -2014216198
479 6980264413 3806988184
480 -5611295205 5795021591
481 6743087372 4094842295
482 -9366294147 20417522560
483 1463560071 -1385166732
484 4962853972 9964950101
485 12213310081 5858996630
486 -12495680485 4180483169
487 5926207043 6986568766
488 -4615726893 -8720170773
489 33882484 7323337778
490 5900706357 6971445337
491 -3981407354 74293105
492 -12495680485 -2336645059
493 10588422556 5322852718
494 -2588215516 3178482568
495 7830809917 8863353007
496 5883290633 9701147563
497 -7878186048 -2554698900
498 4027124984 7471087373
499 -250600490 -333194228
500 8587384463 7310093678
501 -12495680485 3178482568
502 613032128 147110024
503 9377865448 12414785215
504 8861625410 3511587152
505 4212723996 -2965478909
506 -5534408652 3279398940
507 7385479403 3996397002
508 -12495680485 -10562685782
509 14859166357 3508828797
510 10000000000 8293890205
511 739236818 1568638965
512 -5119280879 4147636576
513 -12495680485 3753854907
514 9393397164 9441739994
515 -5672461345 8218519230
516 10804930261 2645460289
517 -1683526538 4766337787
518 4952908964 9131140809
519 12157788038 2353134627
520 1811077322 10636254010
521 4477636184 -3599494629
522 -7760521778 -9588280799
523 -1185720692 2242360061
524 -2770493026 3660774062
525 14513464226 -26025290096
526 -4141377640 4144500759
527 -12061837518 3178482568
528 -5999404128 4309578197
529 -12495680485 8173589484
530 10588422556 3511587152
531 -12495680485 6771920230
532 -12495680485 6617359118
533 -2140313154 5343283642
534 10958271531 10185456458
535 9864467764 949792045
536 -12495680485 4147636576
537 6130693799 5870734604
538 17431398183 -8682422670
539 -9756258490 4351234559
540 7606535661 9866203905
541 6075049721 -5806699416
542 1057701846 1875952590
543 4605679104 8352121698
544 6999826275 -9260081120
545 10108718702 -982110239
546 930385436 1935904156
547 220980470 572882272
548 -7878186048 1233310572
549 10000000000 8433465299
550 9128489866 12152824021
551 -12495680485 6234421376
552 -7878186048 3178482568
553 -721862542 -1238657990
554 -2441477142 3438008788
555 10958271531 11367130321
556 -1713111625 1182087457
557 10039527872 3511587152
558 4842842248 9125661945
559 10908742130 3223091237
560 -4713519401 2947817994
561 8018543983 3511587152
562 -5162501323 8835230873
563 9194592916 10000000000
564 -1835980553 935070396
565 7133243333 9008047338
566 7060354697 -768412638
567 1630682196 3590790171
568 4078443407 7984454857
569 -12495680485 6519877254
570 6874536783 8244635628
571 7932629480 3420029178
572 955047388 949532262
573 -6689359135 3996381884
574 4882288517 -6151729946
575 7030428804 4756479081
576 11118676 -5586831200
577 -14294361960 28379719435
578 7574482797 -2548012879
579 10588422556 6087238190
580 -1196965413 -976470394
581 9173955362 2119583519
582 11444053018 5695075755
583 10456033185 2988296832
584 3175398873 6148715983
585 8318049512 3511587152
586 -1561358435 13686922388
587 7669538834 4288276506
588 -12495680485 3178482568
589 -770412572 -267310552
590 1995856724 5358432089
591 3830879435 7508795499
592 -2795604673 4560234391
593 13341243992 1656276573
594 10000000000 8708075516
595 -5519365730 7656091203
596 10958271531 7019858369
597 -5555201576 4877295566
598 -550339251 3519737984
599 10958271531 14074952023
600 -7878186048 7850419096
601 163271835 1662072946
602 12918833259 8658835097
603 5955465223 8762296176
604 -2623586157 2613558343
605 -216731432 294948183
606 6208792638 6776615943
607 7823367407 7475333348
608 1456114271 1890091226
609 -3360903683 2769666322
610 -12495680485 -10562685782
611 6988268996 8341273055
612 -5627377652 798084643
613 10958271531 10185456458
614 10941689485 4397914653
615 -12495680485 4147636576
616 4175072304 7779301532
617 4435342238 7136854395
618 -1776353465 1197650284
619 -1757487144 1092874420
620 10000000000 10000000000
621 6558677569 8019922275
622 -439006634 9876394408
623 5586249479 9731725525
624 10588422556 5983311309
625 -9174899270 6756282895
626 -2595904733 -12779607045
627 10000000000 10000000000
628 -12495680485 -10562685782
629 -3642794241 3178482568
630 11987216786 10545947516
631 -7878186048 -2691393610
632 4782334016 -4566666898
633 -7878186048 2736062682
634 4027389334 -2074674032
635 -10062621757 20622236543
636 1310468155 -2742008634
637 -9381569561 20984013424
638 1003469709 2172961512
639 -7231176846 4543119459
640 983857009 2116748347
641 10762185788 3355087248
642 -4921972976 5025366387
643 -1044994693 22956814217
644 -702285141 -11250410949
645 403728226 924006387
646 4734954132 4656452218
647 -5581198017 3178482568
648 6159127464 3938727262
649 6583076299 -10909732611
650 -9380722804 130752206
651 10588422556 4513916786
652 10000000000 9319189813
653 4696289305 8981141598
654 10040954549 -1219836804
655 12827591923 -4618488633
656 -4349143739 5618444354
657 12498364740 3178482568
658 3881667792 6894568836
659 8457488593 7298399927
660 -9363459556 2676829615
661 4026905195 7407180209
662 10000000000 13068317964
663 -9596314832 21282308623
664 -11970015464 -1456816439
665 4426052608 7830756490
666 10146694393 5893868782
667 859266142 1343833111
668 2627398667 -3689242454
669 -827450469 -3989335131
670 -12495680485 -500038788
671 4477789778 7819681634
672 -99017577 -447226610
673 3420135882 -3908502667
674 8795963252 9099660730
675 -2660777919 783453261
676 -10360504434 3425614529
677 -7878186048 6184497049
678 -1263113617 2086768463
679 -4805648431 4401223183
680 968038501 2009656093
681 4411182463 -6696069086
682 -1105729136 3437137585
683 7896214713 5322191587
684 -9343931030 6057008611
685 871733691 1264889023
686 -2181589508 5704136121
687 14170189609 -5713506949
688 9917991969 10000000000
689 -9063153024 7218570436
690 -4174229755 7979927249
691 5960123143 6522173613
692 -12394340593 -10456231418
693 6016218986 10304510424
694 -2686595814 -3243448886
695 10588422556 4659429521
696 7695692885 10647715924
697 6450930101 3792878859
698 13425407884 5683193198
699 10958271531 7086923705
700 -3189320387 1496178180
701 10000000000 10000000000
702 -7878186048 3178482568
703 -10411184696 5809885555
704 -5749649259 2988834427
705 -12495680485 3178482568
706 929704056 1934594980
707 5908675322 4192497381
708 -2512368835 4446372627
709 2838948368 -3080256833
710 706544331 1505824950
711 7431330548 -8777110261
712 9303324881 3597162367
713 5982609075 6753911346
714 10588422556 4199392821
715 10000000000 9126524397
716 -6201505172 7430504513
717 8564835168 1387133609
718 -1643493686 4480405296
719 -12495680485 8042953847
720 -3180445246 4705993855
721 9908340148 6147505855
722 -12495680485 -961182933
723 10000000000 9195573612
724 4964632162 9687141931
725 5335598278 10603926534
726 10000000000 7314097712
727 -1818846136 4563843855
728 -5954189657 9385088254
729 4409011286 7145040735
730 2639188053 13060156390
731 5800434738 6538764628
732 -3757172556 7425446110
733 -12495680485 7724858714
734 -716553183 3185579644
735 -12495680485 5497219344
736 6213648995 4945103678
737 8187715015 1710379635
738 10958271531 -591918092
739 12831123452 -4166383318
740 3485212388 -2535324209
741 10067647420 -13161782023
742 1406731582 2851136290
743 -2780438059 3178482568
744 12045983854 -1664768912
745 -7878186048 4147636576
746 3056030302 6177994053
747 -7878186048 3178482568
748 10588422556 3511587152
749 1333514679 2710460306
750 -3684044998 -3434534031
751 2063615584 4113246526
752 3117578454 11998214250
753 -13005654252 -42512495
754 -4148192181 701015720
755 9446890781 -6864790478
756 8158444441 1525960467
757 10588422556 5858883838
758 -12463810335 -10529207193
759 -12495680485 3178482568
760 13619132957 -3459427937
761 -3234412344 2337325719
762 1035098824 2137096206
763 10958271531 10185456458
764 -7878186048 4755925252
765 -6798428217 4753247815
766 8510409374 773892809
767 -873279422 3137137256
768 -7878186048 6485726889
769 6700883415 6045141671
770 -7878186048 4147636576
771 -7437094354 1442942196
772 11878712461 3303885737
773 1781301443 10140035658
774 10588422556 5339367643
775 7967924663 5366646535
776 10958271531 10185456458
777 7152386438 -8663237564
778 4487265405 8145722728
779 -7626331002 3775994795
780 4416144289 8633299613
781 4880150627 -4650706000
782 532905969 1172203255
783 -3515700104 7140706941
784 -4277362376 4202702310
785 11045012249 8000226153
786 3611032820 -4025499698
787 908352635 1960903577
788 9550940186 7693609848
789 6553245990 3388427746
790 14314117637 17600162649
791 10588422556 5445442456
792 -3890075979 5663907057
793 6812031951 5505409720
794 3900694886 7642936068
795 6795041839 4149174468
796 3873270824 -2854120396
797 -6484535296 9649730759
798 4572420686 -3672489680
799 -7878186048 -5712153325
800 4413707845 10856022120
801 10958271531 7972274098
802 -2055517738 504669025
803 -3491655027 6833508495
804 -1492161770 1844898371
805 10958271531 1036674091
806 996358708 2062662521
807 -1549552391 4932062090
808 8853013467 2741192064
809 6681787094 10262084877
810 4138110747 7750530832
811 -3446715228 6053195726
812 -3719196653 723829508
813 -4108144827 1278513808
814 -2814440759 2147396576
815 2060586642 -5260040150
816 -1551392315 3741799896
817 12371391567 10857050713
818 -11102470981 356143282
819 764663131 12363760457
820 4516864804 8826819919
821 3756545251 7365972817
822 7474488847 3022213918
823 12413100882 -3624364066
824 -3581441616 1707588908
825 4687485355 6555128713
826 5057192116 9864982866
827 5827904402 6458267535
828 -7878186048 2072686424
829 6678787111 3627990897
830 2475674654 4904960085
831 10727404222 4179943885
832 -10279905368 2641250998
833 -12495680485 4147636576
834 -7216566244 19722958669
835 -275836792 -476852908
836 4236329998 7461540779
837 13923255362 -5025831183
838 1612553040 4974475981
839 -4191278617 6868706709
840 -12495680485 -10562685782
841 1017096884 829077157
842 -268606067 2034775426
843 -702285141 -14506707995
844 10588422556 3511587152
845 -4972850802 -2660190165
846 -3071499878 3815050030
847 5034677789 -4284443758
848 9314822664 6051596813
849 -4343381944 2818318781
850 1705954056 3348614209
851 -7878186048 8763927497
852 -12495680485 -6419673213
853 6467997064 5330624709
854 13481981432 -4954515306
855 10000000000 7582024552
856 4678669031 -3945062296
857 -1304505806 -2358125088
858 8853013467 2741192064
859 10000000000 9871788829
860 4065696600 -2231703927
861 2952170040 5715418521
862 -7878186048 6727510374
863 -908969694 12138509378
864 -9806898861 9815887744
865 -12495680485 4147636576
866 9296641100 -13004307010
867 10000000000 7838174806
868 10000000000 13068317964
869 1048352064 1901609975
870 10000000000 13068317964
871 10000000000 8499004405
872 750405633 2215159767
873 -1536941980 1536260873
874 1816363573 11195944975
875 2880600755 -4433383306
876 -2918293975 5655789077
877 -1917221165 2044284316
878 -12495680485 4147636576
879 -13383859097 -22877259699
880 6786594447 4907458041
881 11954857371 15121834056
882 10000000000 13068317964
883 559700566 1047698963
884 7346507708 1903273470
885 6468591587 3698537081
886 1684356344 8739256923
887 10958271531 10185456458
888 -9660082774 20824275382
889 7969974411 1710337813
890 -12495680485 7786100398
891 -7878186048 5614697722
892 4193865115 3901210730
893 12593311494 4147636576
894 -4076328990 45625983
895 5006745362 7765835161
896 -12049240226 24768235305
897 -5071362012 3405267654
898 10588422556 5581846467
899 -712706267 3190696467
900 -5207549920 4967816404
901 -14521772074 28250033316
902 -12495680485 -2664062034
903 -9288318860 21037664033
904 7086252736 3168261501
905 10588422556 4199392821
906 2805567359 -2529747273
907 -12495680485 2421933875
908 -9615192641 4934815540
909 -3636158510 6021394885
910 240434699 -4202312204
911 8016901424 3334547510
912 10588422556 4199392821
913 10000000000 10000000000
914 8730923818 7641177465
915 10135808875 13210980910
916 2012959326 4015917650
917 429314799 1727869269
918 5957987560 7269935155
919 -12495680485 8230074467
920 -1040809781 2792010896
921 9908340148 3511587152
922 -7878186048 6002765333
923 -4132078296 134418080
924 2910353870 -2506737971
925 -2283136503 3178482568
926 8947905071 4871305952
927 8854363896 8439303892
928 10000000000 13068317964
929 1562049517 5967815744
930 -203128393 -877771120
931 -5273329714 4843836205
932 -691094671 696417025
933 2170177788 -680993395
934 9990815962 18498739464
935 9908340148 3738938193
936 6887792729 6384966735
937 12491495859 -1859080652
938 6679421316 8207788448
939 7431330548 -8777110261
940 -10127451263 311254805
941 4624462265 7128489277
942 10958271531 -2148917759
943 1386991919 -3298773492
944 9590673610 10511415700
945 10588422556 3530107390
946 10958271531 -2378189243
947 9304825771 969039468
948 4284539760 8380440017
949 11027910253 4718107885
950 4525684372 7432421175
951 6627959936 10761579628
952 615858905 1177052326
953 10053889706 2388092018
954 5723765279 8818070402
955 1932770473 -3269556387
956 6645807604 3676505057
957 10958271531 10185456458
958 9416124177 12454974804
959 4926542585 7891624180
960 -1400360867 -2542297110
961 -7878186048 10101631765
962 -7878186048 1233310572
963 4553063394 7439688034
964 511479223 9318169711
965 9908340148 3511587152
966 15863930207 3178482568
967 -9981906600 20639671914
968 3881302052 7605675465
969 -8630779410 -6396807829
970 -12495680485 -3688321084
971 -14058506028 15541545471
972 -12495680485 1138197340
973 -2344721812 4170665485
974 -4137765181 4147636576
975 -7878186048 1233310572
976 1918880667 -15949232663
977 17740944087 -8667723202
978 -1064750616 2750649018
979 -3223706906 1860215639
980 3683407901 -1664919736
981 -2633725732 13319106284
982 1204319599 -8965824626
983 -6358507840 7590060348
984 -12495680485 3178482568
985 5629067762 4987303612
986 -12495680485 3178482568
987 -6648746695 7657326855
988 6553684768 3437005208
989 9546907704 7464657698
990 -6716273382 6168307948
991 9708821677 -230014513
992 11940283706 -2738171895
993 9581904394 7339747426
994 9310046444 4631910169
995 -9516435548 5343367732
996 -2132501431 -1835169889
997 9977567516 11328626180
998 -3308624871 6789664649
999 4430950682 8121706573
1000 7338607718 8831374818
1001 -6313838951 253474919
1002 10574712271 13672035102
1003 5637539297 6002180894
1004 -12495680485 8278483346
1005 11722051826 -3067131421
1006 641442764 8014043744
1007 7030110294 7396843542
1008 9132709411 3511587152
1009 -12495680485 -10562685782
1010 15550599276 4653989212
1011 675260157 1445716808
1012 -3091646852 5297280627
1013 11837560779 -2070623323
1014 -12495680485 1008581352
1015 10724452190 3389072024
1016 9621445524 9923009586
1017 -7878186048 2397833245
1018 7881935906 3511587152
1019 225031864 7583568347
1020 2271465451 -2513545805
1021 11943900518 -4124449838
1022 16569836167 15012769384
1023 10958271531 7120625850
1024 -12495680485 8366499058
1025 9908340148 3511587152
1026 728178491 1547391945
1027 6163419466 10017470397
1028 -12495680485 5287660565
1029 -7878186048 1233310572
1030 9131785603 3511587152
1031 -12495680485 8827132481
1032 -12495680485 -2234629006
1033 -4270120233 636440685
1034 8896891555 9467912543
1035 -3651898512 4293842184
1036 2638921616 7679477555
1037 295883354 935521436
1038 -12495680485 6260695627
1039 -8831595899 6679114820
1040 5336669037 8886542234
1041 -1848874477 -6138337763
1042 -12495680485 10107829589
1043 7329976899 3928976824
1044 -1718313032 1400585084
1045 1581134751 7659156823
1046 -7878186048 1233310572
1047 1169471293 969229910
1048 9522565433 8100327735
1049 715624403 1610166612
1050 10000000000 13068317964
1051 7903449325 8049795735
1052 -4307347461 6871555597
1053 -12495680485 7845503471
1054 -5445380609 813604895
1055 5837281423 9894449296
1056 -2601050367 4147636576
1057 7121340150 4808631801
1058 10588422556 5459915862
1059 467019709 1790151387
1060 -12495680485 3183907130
1061 -4592041392 5737173593
1062 -2952952562 13220052975
1063 4569025989 8927040301
1064 -12495680485 3178482568
1065 -1867489774 -3620098553
1066 -929324664 -1642030133
1067 11592212581 10486740961
1068 -3195714762 2555400669
1069 11398626952 -6380213985
1070 -9420563055 -7332371786
1071 10700772545 3617916640
1072 -12387317967 2785004438
1073 10588422556 6130405227
1074 4646906389 9076676538
1075 7895570351 2439116011
1076 6379758373 4743534754
1077 10958271531 7830674553
1078 -4110395357 1054211012
1079 -8107148849 -177101880
1080 -12495680485 11483283282
1081 9908340148 3511587152
1082 5882067410 6381047160
1083 10588422556 5390381208
1084 4234008577 8283351454
1085 1498893877 972036120
1086 -7878186048 5209580754
1087 -790611860 3036691255
1088 -12495680485 6657186798
1089 1717782668 2536749589
1090 11786432750 10579045327
1091 11560382058 10471613303
1092 5460914887 10037013853
1093 8020523647 4031191339
1094 6118862565 7295241668
1095 -12495680485 3178482568
1096 -3848782470 6808592508
1097 3689733834 3695846336
1098 -3859262692 1896299743
1099 10588422556 3794484860
1100 7126950192 -7524790492
1101 -3150345181 6733320870
1102 10958271531 10185456458
1103 1242756230 -2174744225
1104 13103671238 4683412329
1105 -7878186048 5608699610
1106 -12870354478 6835450861
1107 6883981176 3024671062
1108 10000000000 13068317964
1109 10841977052 -22774822503
1110 7935836051 3511587152
1111 10958271531 -2020035434
1112 9525483478 7988887457
1113 1428497820 -5318847710
1114 3567382775 4640209537
1115 -6378639414 105867403
1116 6615728091 3178482568
1117 12239953228 10572888546
1118 -9692889340 4613388945
1119 -5668797419 3145732441
1120 1011479327 1984205446
1121 -12495680485 4147636576
1122 13559053023 7001753633
1123 -3402959592 6147165269
1124 1110821642 61141387
1125 5134917533 10010302412
1126 -890534974 3161104610
1127 -7113222526 4413646870
1128 -14584248393 28213410005
1129 10658423238 13759970836
1130 10958271531 10707943925
1131 -1758493007 1346843079
1132 1488912789 -59100043
1133 5015608790 9985362938
1134 10958271531 -2388165426
1135 1431312155 -4094131107
1136 2704382735 -8907890592
1137 7071596114 7949300522
1138 15858229004 -5279980882
1139 -12495680485 2482356454
1140 6529224433 9928936534
1141 3992799635 7687336739
1142 11052853066 3690015702
1143 -5996052795 7254185078
1144 944140541 1224290154
1145 -9391371574 6788699826
1146 4584644005 7411007597
1147 -7878186048 10598177907
1148 508516694 1125342693
1149 -6982138424 1659162886
1150 -2491289264 -4084388428
1151 -3332118204 6329389093
1152 1055142592 2365256004
1153 9550825260 969933700
1154 7062288743 3690632915
1155 8280715590 9084736111
1156 -7878186048 3178482568
1157 9212765670 8604806712
1158 -3129415661 3178482568
1159 12685272 12674126952
1160 4084420770 7496393595
1161 13544840615 5599932514
1162 2836582422 10019223870
1163 -7878186048 1780051784
1164 -3762636225 6024044607
1165 -3348806559 1726466757
1166 2041641305 4071026039
1167 10397099780 12027952964
1168 -9524248131 20902119964
1169 7891571833 3966694552
1170 4943038137 7333338441
1171 -12495680485 6770132742
1172 2948079872 5991398758
1173 6700293209 3343652166
1174 10588422556 4199392821
1175 -992028215 4090016105
1176 7494548985 10000000000
1177 3953003293 -5495912464
1178 -9013161794 4530891441
1179 -7878186048 9162628016
1180 -793390908 -1926176286
1181 889601897 1800876910
1182 9945427398 6471695876
1183 16219672942 -8309887676
1184 8249708632 10000000000
1185 10588422556 4199392821
1186 -2565824908 3178482568
1187 -12495680485 4460601595
1188 11268869572 -1361768663
1189 -4104483804 14284173601
1190 5359441683 10020540119
1191 5143747724 8582582988
1192 11311628492 8058186579
1193 -3538007017 4443646119
1194 6418790678 4601697139
1195 -2907181645 13135830565
1196 8378132476 11364597219
1197 2698900650 -131584000
1198 12680015744 7200687915
1199 10000000000 13068317964
1200 10958271531 -78069734
1201 -605843728 -560518193
1202 4377108019 7172580596
1203 10588422556 4199392821
1204 8157353172 5666440518
1205 -3748656518 6419984233
1206 10000000000 8140877783
1207 -12495680485 3178482568
1208 -3589358561 5358438506
1209 9124716658 5627200507
1210 10397456808 104879122
1211 6573276450 5179194078
1212 -7996325206 6668634804
1213 640588174 2520966526
1214 -12495680485 7035501706
1215 7304532178 3790609951
1216 -5670412745 668465815
1217 -1115955443 10225055364
1218 6959119983 3942511516
1219 10927662968 4653160306
1220 -5581006142 8344329903
1221 894420293 1866802190
1222 10958271531 7213937414
1223 -3169995967 2324702205
1224 9908340148 3511587152
1225 12981061095 3178482568
1226 -12495680485 3178482568
1227 8765438388 7792800331
1228 7344609030 7198888101
1229 -12495680485 6220658651
1230 2834493435 -2596211462
1231 -2083623945 435211666
1232 -7878186048 5349282899
1233 10844827560 4721088027
1234 4183819245 8186919711
1235 247748408 8716679917
1236 14313889935 5680054690
1237 -6596103889 6454829790
1238 12989319454 4147636576
1239 9908340148 4932686890
1240 -1644002096 16650155879
1241 -1174088758 4577243281
1242 5470569130 5736060841
1243 7892713436 10854679807
1244 -3407875362 3072712420
1245 4534529988 8860761085
1246 -12495680485 3775000798
1247 -1074136195 -1915502277
1248 -12495680485 -6248463717
1249 -12495680485 3681392433
1250 4224033511 161025841
1251 7390039156 10776939137
1252 194954901 3251307984
1253 5786493604 11972920034
1254 -7868950924 -234680166
1255 13189140501 4441592321
1256 8036378485 1025833180
1257 850119078 -3089501621
1258 4559623490 8908974721
1259 -7888466882 3178482568
1260 -7878186048 6335886195
1261 -4936818909 -2622339797
1262 -2931187006 3474241198
1263 -2591360829 1199786109
1264 -12495680485 -961182933
1265 -5672563665 7596058008
1266 9889549252 9677539419
1267 10958271531 8458459222
1268 1633000087 3285879404
1269 -12495680485 5909043140
1270 -6135994986 6605513988
1271 10000000000 8337986753
1272 -2442130910 5264084103
1273 7897424739 7919490706
1274 5137556121 7813504097
1275 -2791305703 -5193219981
1276 1965068356 3923901887
1277 5194980543 8318502768
1278 10000000000 9079178392
1279 8184038763 4877109327
1280 -12495680485 4147636576
1281 -4090633391 24894672076
1282 -12495680485 -961182933
1283 -1816987335 -5294172941
1284 -717478943 -2231831065
1285 4200553610 6911156365
1286 10597234066 3503651064
1287 11241523945 -2663142737
1288 11142442560 3250928788
1289 9908340148 4591072577
1290 2182938107 -2762849846
1291 9148795356 2469649258
1292 -16044844847 27694312497
1293 -647503141 -586386245
1294 10588422556 4321720511
1295 10932841055 8133659685
1296 1021075190 1628514536
1297 4248363514 8310932448
1298 10958271531 14074952023
1299 8001253556 3511587152
1300 -1737330180 5048726668
1301 -3491484948 3963770632
1302 9582162778 9621356171
1303 6775637245 3178482568
1304 8958258564 4799826952
1305 933657160 1976200681
1306 -2558141283 5818707426
1307 -2664912777 2862775643
1308 9989857602 13057663694
1309 -7878186048 2291206359
1310 6285819033 7751919270
1311 10000000000 9646755526
1312 12786042329 11054116117
1313 847421666 1776500938
1314 8929761832 1285939317
1315 1871428000 1145515644
1316 -9449055715 20945402374
1317 10725337143 3388274991
1318 3355421975 6595270849
1319 3761604705 7375693847
1320 -4124557013 7887005803
1321 5997065729 5914349952
1322 3763037333 7378446438
1323 6149075251 11089190290
1324 100514654 1237562310
1325 6464956481 7969312292
1326 3347944216 -3728203805
1327 3655271769 7171390063
1328 10000000000 8468057320
1329 9908340148 5566244310
1330 -3613711797 6372774969
1331 -11300120324 6737744850
1332 9981661901 11397108853
1333 10000000000 9595515828
1334 7974072747 9100845579
1335 -2254852129 -4184081908
1336 6413758018 6154189211
1337 9113582263 7780392805
1338 4146443150 8115106800
1339 12114958142 6938823949
1340 903590870 1498362966
1341 3921751077 8188342835
1342 -1706045495 12742318792
1343 14105944520 -5640847184
1344 -4967435694 1790174001
1345 -12495680485 7004012932
1346 6695536604 4327277654
1347 -4874325690 8568869446
1348 12836039911 -3632704364
1349 10000000000 10000000000
1350 -3868992207 2899330053
1351 10000000000 8419764799
1352 -7878186048 8829871560
1353 5839931819 3905032592
1354 -8983635744 9804092670
1355 10958271531 -1907145545
1356 1143303247 2001438236
1357 -9833238891 1414197680
1358 -2660726879 2864875372
1359 5543921467 -5354695937
1360 -4892643444 8875980668
1361 13113533875 714253434
1362 -6214930139 3500777339
1363 4143445101 -2673615252
1364 -1694343757 4172220825
1365 -5533989434 6274117344
1366 4026373005 7073680756
1367 -7878186048 8499304012
1368 -4239037282 -2329971696
1369 3451358816 6779599998
1370 -7020539440 5876293396
1371 8967025315 9239104069
1372 8178396670 11154781046
1373 6942428823 3178482568
1374 4661098760 9103945183
1375 7053025264 10805493323
1376 -5231399169 8735696282
1377 590468731 1927994060
1378 -1423996525 4777100407
1379 6821543631 9849114322
1380 -7480307740 17934216660
1381 -12495680485 -961182933
1382 8502218436 9273538447
1383 5256508552 -4343616206
1384 -10778210137 1108398642
1385 10511572296 13605708547
1386 6689959935 -6803507795
1387 9971451678 9716464066
1388 3898271056 7638279020
1389 9908340148 3511587152
1390 641562307 1023277680
1391 8115718990 7486722880
1392 -4020967076 7746252033
1393 -7878186048 8449000185
1394 1202926981 2459554408
1395 732812601 1556295736
1396 10000000000 10000000000
1397 -5336166330 7808718824
1398 -2298715199 1690779601
1399 11642017482 7743075035
1400 11275246045 4695148335
1401 11156590158 7028624846
1402 -1377169849 439558649
1403 3043611921 -347292494
1404 7199625356 4080481197
1405 -7878186048 -5712153325
1406 6331454693 4449556921
1407 -6742880749 7046533170
1408 -10571473752 -46691484
1409 4247648602 8309558844
1410 -416603219 15141667237
1411 6245882727 7678648435
1412 664744656 1145197638
1413 -7878186048 -5712153325
1414 -9690225319 -7615643501
1415 8695834311 -23400524185
1416 9908340148 5077381158
1417 -12476939396 3178482568
1418 2773913459 -1915203051
1419 -12406616109 10840887876
1420 -7878186048 3763136640
1421 3501152009 -4702012050
1422 168625186 472288956
1423 10958271531 9485544437
1424 7969974411 10935840028
1425 -1093787561 -1953259613
1426 -2974163793 -725985125
1427 -10462529450 12602461400
1428 3007154963 -3203816974
1429 -8892364962 -1409598187
1430 10958271531 10185456458
1431 -3517779235 6851438923
1432 8818699666 -9694656372
1433 10932417933 7337845072
1434 930451729 1255279460
1435 10958271531 14074952023
1436 9998223552 6649582746
1437 10588422556 3511587152
1438 5077192736 9903411244
1439 10000000000 8839014510
1440 6684928442 7648349493
1441 -3502853377 1767503739
1442 -5493482964 6345420673
1443 9575991495 5685711830
1444 4704343548 9179226820
1445 -7895161357 3178482568
1446 -12495680485 7743667978
1447 2630080777 12855492874
1448 -12495680485 5934902939
1449 -1321453258 4297805891
1450 -7878186048 -5712153325
1451 835128598 1738094815
1452 -850201753 10443617909
1453 932821244 -4224835774
1454 -7878186048 6398854318
1455 5931873815 7925287857
1456 10588422556 3862710482
1457 -2884002737 1567870778
1458 11485584318 4478902267
1459 9753252844 4812656494
1460 -139608441 -4898011680
1461 9144631287 -246557310
1462 15144684763 -6361545440
1463 2970475296 1500785945
1464 5844213937 4799004172
1465 10958271531 7990264086
1466 4530395267 7421004930
1467 4624889154 -12013824965
1468 10000000000 8770150025
1469 9698819393 7894744644
1470 -7878186048 5202084446
1471 5108000689 9962604395
1472 -4354671508 3178482568
1473 2186053128 -4346163583
1474 -6589922222 -4358872755
1475 12802794001 4147636576
1476 7414005876 5638169969
1477 10588422556 3917750792
1478 7900691450 -8845720589
1479 5024877482 9802894842
1480 -729094191 3740208930
1481 6159768798 4915409183
1482 -1292983349 3967019388
1483 10588422556 4688776585
1484 6811676276 1339425424
1485 4343038823 7477438589
1486 7886595614 6963778682
1487 -12495680485 -2114437054
1488 -12495680485 115719313
1489 1265270785 2579339261
1490 -1132531338 4336404552
1491 -9002006955 4577038342
1492 7094907640 4085061598
1493 -2599844186 2338280357
1494 8099852806 -10653276275
1495 8044129848 8771965516
1496 10958271531 -2566376767
1497 -9610834972 13374197801
1498 5725862730 5601746882
1499 2992205046 -2862306557
1500 -2963399331 4994085307
1501 10000000000 10000000000
1502 -7878186048 1233310572
1503 -1403842413 2831524184
1504 3959504109 7176429271
1505 -10102767291 1196264797
1506 -5427271085 6750967331
1507 -2747003203 3745706540
1508 -7878186048 -5712153325
1509 -4051144169 3382590110
1510 10713238160 13817552185
1511 4642978071 6692562824
1512 -2397055855 -1525445186
1513 9110018631 5273019795
1514 11515860329 4374722701
1515 5996518271 6761248455
1516 -7878186048 -1834190938
1517 -12511671468 20318597614
1518 334456931 -219158418
1519 5478391045 6317500295
1520 -7878186048 7411906184
1521 3068277994 -2549320983
1522 1296499705 -2038180388
1523 8281555059 3035558479
1524 -5144277920 5438264116
1525 10000000000 10000000000
1526 -7085721416 1609934412
1527 15076752549 8826115030
1528 -12495680485 3061224082
1529 -12495680485 3178482568
1530 8268481808 9991286800
1531 -2138749416 326380504
1532 -12495680485 -961182933
1533 6587135014 4672769141
1534 3173042129 -2122524034
1535 -1575884116 -2970156043
1536 4333743573 -3608408599
1537 11359379388 5325571221
1538 3964105935 7535591615
1539 9694171216 6036512474
1540 8884097812 7669137086
1541 -2127615923 348763402
1542 2535707049 -571644824
1543 10588422556 4199392821
1544 -12495680485 -961182933
1545 8173134633 6950367711
1546 11086853066 10246565647
1547 -5159315422 6478807841
1548 1233981785 2519221847
1549 10958271531 10185456458
1550 -12495680485 7899087441
1551 -3152718114 3479119166
1552 5458151370 6282534347
1553 2326073739 -2375708756
1554 6527733905 3178482568
1555 -5307479321 1632242334
1556 -6626322139 51932493
1557 8477218930 1186552532
1558 8005776526 7948377543
1559 -2692519383 6232411837
1560 3787602906 -1778680248
1561 6650755508 8138282158
1562 803919263 1692917188
1563 -5559086975 4147636576
1564 2833078918 -882887883
1565 8199074943 9509262841
1566 12586730479 4147636576
1567 1363694778 752413245
1568 -5877092351 -715925570
1569 9725014982 8409974534
1570 -12495680485 6088551741
1571 9908340148 6211986643
1572 -7878186048 8770246441
1573 3428276515 -3873466122
1574 7656668364 7712073203
1575 5722526644 -14430959643
1576 10000000000 8899959352
1577 3393577345 -1614544056
1578 -12495680485 3178482568
1579 -3595139202 3178482568
1580 1386718836 12807045264
1581 5612403721 8006306805
1582 -2272216632 3178482568
1583 -941369082 -2867152704
1584 10588422556 3114147387
1585 7212510328 5084404313
1586 -3536194381 13888887433
1587 5298367090 10599250186
1588 2720711667 12807050683
1589 3006591982 -398272084
1590 -1488498341 4220708520
1591 -7878186048 -5712153325
1592 3643636510 7149034548
1593 7957930307 5206219970
1594 -2378868492 1539405902
1595 -3506912752 4053747890
1596 8032612639 3511587152
1597 14427568822 1166128320
1598 5195760148 5562495466
1599 4537920917 8733582876
1600 9983386375 5898113833
1601 -8400138038 922195252
1602 10000000000 7264802762
1603 10000000000 9432487556
1604 -12495680485 2817590290
1605 -9919334240 21175868325
1606 10588422556 5345133277
1607 -4815145538 2689039993
1608 2106598561 -287530253
1609 -923579992 2923163585
1610 -6579141277 7595883299
1611 8083548779 7409222989
1612 -10028598314 20613057966
1613 -7878186048 5873723095
1614 5782637322 5988596221
1615 6584917704 3439240694
1616 6265321283 4409675840
1617 11029404151 -2010742838
1618 1175942363 1839786734
1619 6596501409 3178482568
1620 9198116998 12225965130
1621 -2931319539 3178482568
1622 11501337115 5076966955
1623 10588422556 3511587152
1624 4122447768 8069003048
1625 9980841318 641311032
1626 -10127451263 311254805
1627 5338054664 10148645044
1628 -6116006375 6666284654
1629 -2326530834 5194605724
1630 4454691447 -1422976569
1631 10000000000 7815543052
1632 10588422556 5450692982
1633 -2092310541 538845904
1634 9488413752 5307288946
1635 10000000000 9294348268
1636 825367902 606717770
1637 -7878186048 3178482568
1638 -7878186048 11862111637
1639 5483333597 8200835997
1640 -5383908524 7261086085
1641 5719118390 6235470727
1642 2574134805 4011983185
1643 10588422556 4612219159
1644 8625303350 1799168925
1645 -12495680485 3178482568
1646 -732011270 -1258157344
1647 3322141689 -1148590355
1648 -914183080 3201124882
1649 4092134366 469316123
1650 -12495680485 4679190127
1651 -1379553930 -2502319506
1652 791631433 -5081730406
1653 422171630 554417672
1654 6722697262 3868052553
1655 -2420298349 526293180
1656 1317566759 1551560056
1657 6396018684 5316773470
1658 -2945282028 6364679390
1659 10352289342 10055935571
1660 693868954 1455155189
1661 7303771889 8143236993
1662 6984250311 -11294703481
1663 -2286524728 -5054429997
1664 976962542 3056639149
1665 11467837565 4363476260
1666 -3466349477 3622607823
1667 5143637204 6407813012
1668 -5611226090 7690222259
1669 10000000000 9463871000
1670 -1334423928 11979330337
1671 -7878186048 1233310572
1672 10215346143 5841315415
1673 702055299 1337487893
1674 -10922247334 1101717736
1675 -6239397383 6779793575
1676 11134212757 8453562338
1677 6686124439 5285120296
1678 -10806706028 1579705210
1679 3907626024 7656253277
1680 -7878186048 3178482568
1681 10958271531 14074952023
1682 -51674723 49013659
1683 9097292139 -13427364167
1684 9908340148 3511587152
1685 7783449114 9135108299
1686 6346663861 13232424679
1687 7321825039 6166483841
1688 -6479184475 8546695030
1689 4212685108 7705708826
1690 1671059711 240004185
1691 6593131532 5869957682
1692 4480992848 -3633545095
1693 7431330548 -8777110261
1694 10377678488 13465057319
1695 6551997948 7645686475
1696 12641401415 5161331299
1697 8105280820 8067295950
1698 3229618138 -1027589290
1699 -5696546494 4382362399
1700 11267157142 3511587152
1701 13525933637 -12166143277
1702 -6443595769 6968433328
1703 -2579609782 4957830332
1704 -1250806091 2971085797
1705 2354496584 -208301642
1706 4264346565 7029843100
1707 -1766680487 12449527912
1708 272507495 671884205
1709 -9516816491 2074827415
1710 -7579571267 -5398467904
1711 -2001410735 826537943
1712 1868856066 13410754377
1713 -702285141 -6751473853
1714 -12495680485 -1989186006
1715 10588422556 3673703527
1716 6327827924 -10616721301
1717 359687230 835083727
1718 8681724429 -12460760606
1719 -3650900686 14840254333
1720 10000000000 10000000000
1721 4789532950 8611824146
1722 9491211182 3511587152
1723 6209650282 -14335673408
1724 -6257919411 7170595910
1725 18815651817 14860106294
1726 5220027394 10177847955
1727 10690189731 5308117140
1728 6681504422 6041059474
1729 7858569335 4507181809
1730 4350322426 7569870106
1731 10000000000 9170463936
1732 8600564321 -10370309195
1733 840822160 6707168437
1734 10000000000 9491561354
1735 -4252922786 -2577170837
1736 4339421032 8928880944
1737 4630503367 6385797722
1738 -3394545594 1369066688
1739 4507208391 6681814381
1740 10000000000 10000000000
1741 10908317484 3223473695
1742 -10191741138 12847827788
1743 9792888448 -845442571
1744 -12495680485 3178482568
1745 -1792678399 4441778388
1746 7418201844 4508189595
1747 16077622338 7383646802
1748 8233052056 8890278624
1749 -12495680485 6273216259
1750 4080048548 7987538910
1751 -7357798617 2342488632
1752 103908228 1127667897
1753 -7065669025 -2405702379
1754 4064983752 -4088293266
1755 5030552474 7091142804
1756 15428129967 -4449081649
1757 -12495680485 7168474944
1758 2637812641 -85172749
1759 5289107429 9384381009
1760 -12495680485 5079565268
1761 7858490602 -1373089568
1762 8073668457 7030768898
1763 15289563680 -5771422913
1764 -5545000400 749353072
1765 -5898651991 -3632715153
1766 10958271531 8155210693
1767 -5159318588 2625536729
1768 10000000000 13068317964
1769 -1471216202 3804158943
1770 -11273191167 -1471878528
1771 -15296316069 27805703999
1772 3930118362 -5353252980
1773 -3256410219 6021197149
1774 -1814584417 5448919724
1775 4249212502 -638185447
1776 10958271531 14074952023
1777 3715795587 7287678068
1778 -4513305480 2024556440
1779 13431679628 -1332763681
1780 4372358719 -3692274124
1781 -7599704501 3178482568
1782 965826572 557037642
1783 8892531481 6012885549
1784 7937159514 7334863229
1785 14306249511 -5485430664
1786 -12462123394 3178482568
1787 10000000000 10000000000
1788 -7878186048 5644795151
1789 -2222354540 3921280353
1790 -361657978 -546575575
1791 835617882 1518170235
1792 -3480209899 6208777872
1793 -3110832832 4109697790
1794 5645571399 3516509545
1795 -3260814240 6844088088
1796 -7878186048 7337728563
1797 12580028173 2978657569
1798 867915764 1824675947
1799 -4006054406 2381705093
1800 -9613916642 10217484854
1801 10958271531 8402146267
1802 4610707354 -3393666720
1803 4576340917 7910573645
1804 10000000000 7778390363
1805 7190190099 8162780878
1806 -4775248512 8700798264
1807 -12495680485 8588657657
1808 5727226696 -7067956798
1809 2010594741 11691899395
1810 12746348296 -3891838773
1811 7843769488 10803265732
1812 -3857934079 19814111878
1813 290999398 2835736652
1814 -7878186048 9015946774
1815 9938018320 -12951162516
1816 -3823383518 7630914259
1817 5470145448 -9559941902
1818 10588422556 3511587152
1819 10057204214 6965259272
1820 11061389489 7877180556
1821 -5807069594 3959250706
1822 504183010 1117016128
1823 2855193773 -2352767083
1824 -5407229550 7040650041
1825 -2357426006 4618906284
1826 6355856314 4651768668
1827 -14242744307 -22441480906
1828 -4176696826 2275792311
1829 -4959909686 666952295
1830 11387860472 3832661279
1831 -785078637 -946484537
1832 4308028584 -3646599572
1833 5150981990 10067951603
1834 -10352941462 3456902092
1835 6910479510 8859165849
1836 -1408504956 4663095275
1837 6433270468 4147636576
1838 -3601288554 6017193204
1839 7942953706 8444320589
1840 8880314276 10000000000
1841 2301614438 -556958548
1842 700217341 2210027467
1843 10760086125 3393149872
1844 -7878186048 6063165482
1845 5779883386 4864590101
1846 -5424336293 2031214121
1847 2311674244 -3276269231
1848 -12495680485 4235511124
1849 2946270864 -956303121
1850 6290909828 5867844722
1851 -3901060670 3097626482
1852 11520296973 3597194217
1853 -7878186048 -2178951956
1854 5139625409 6867883742
1855 -12495680485 2329868766
1856 -9414078252 21181310372
1857 235245327 1325952368
1858 8579676734 7697735418
1859 -3626183402 5547099277
1860 27056645 200284914
1861 104739775 6985864928
1862 11153534958 4230170239
1863 10084757951 -1244026932
1864 6225844017 -9651572495
1865 -2547786489 19244641123
1866 5511845979 -5748189532
1867 -12495680485 3178482568
1868 -1767632891 3268304155
1869 6258115494 4334125731
1870 9259564637 -11456590690
1871 7658332623 8982097094
1872 -9407312381 4139688881
1873 659874627 10224917364
1874 9908340148 4638936325
1875 9495902652 -710451303
1876 -12495680485 6418663244
1877 6367860006 4963414845
1878 -12495680485 7435992148
1879 4338898940 8344950415
1880 12113808305 4373027563
1881 -13702515957 28720012444
1882 -2745416286 2469268803
1883 6696359993 6382199331
1884 -9950636730 1042725955
1885 11311895690 3511587152
1886 9180752967 9650816142
1887 -13719764829 28708869913
1888 11043180551 8118356344
1889 -3827856961 7105769819
1890 9908340148 5629257181
1891 10000000000 13068317964
1892 9908340148 3511587152
1893 -2751520655 3371160966
1894 3806220632 6514226959
1895 3973734266 7514727886
1896 4424508878 -3391576962
1897 6315606452 -7800969668
1898 10183857233 19715148960
1899 4267128646 7628751333
1900 -1429133323 4853560845
1901 -12495680485 3178482568
1902 7304888781 8449163144
1903 5816008513 3475310711
1904 10000000000 9717220303
1905 4398053455 8598540619
1906 5692277173 7861998940
1907 -12495680485 -7431162236
1908 -12495680485 5958777522
1909 -11058896574 536408001
1910 10000000000 10000000000
1911 4830895240 8826710994
1912 -9241938578 -1635062843
1913 4272964661 8423006131
1914 -12495680485 4501343231
1915 10588422556 5615172670
1916 -9482516522 2979311273
1917 10000000000 9111665233
1918 8457840863 -23469759518
1919 -7878186048 -4335875833
1920 10000000000 10000000000
1921 -320978549 -365528940
1922 -7878186048 3178482568
1923 -6585932190 1302213118
1924 -4027264032 6606617354
1925 7459220124 7569527609
1926 -3121510436 -1506694206
1927 -3510746872 7136854664
1928 4692180863 9163665072
1929 -7878186048 -5712153325
1930 9448283630 3511587152
1931 8459996474 7764756877
1932 -3063651966 4147636576
1933 171390785 2133654303
1934 -3108716008 14899213637
1935 7995670905 10962833386
1936 -11102470981 356143282
1937 3973147702 6755165477
1938 575123248 1253317820
1939 -1091866627 3416484053
1940 -4803932594 1492086961
1941 11161041241 3526667486
1942 869591443 1898585374
1943 3842529492 7531179443
1944 -2945890657 3577415227
1945 7271992276 7608857019
1946 4680844375 8328853339
1947 -3602237874 -1542013795
1948 -3600940216 5924948632
1949 12803173294 -4101558686
1950 -5775634575 2586266928
1951 -762945860 -256160061
1952 -2660920851 -804347089
1953 3914784599 7266146963
1954 8041282951 6846572093
1955 -8881578985 5075241654
1956 -4024520519 3178482568
1957 -615362929 2018519018
1958 5454122718 -5283769657
1959 1907345595 -1969289335
1960 12667962791 -4437731517
1961 -3712669241 7565770715
1962 8861668311 9049121562
1963 -12495680485 5025147124
1964 11719491484 -3399271123
1965 8296027589 412341468
1966 6179141097 3964358582
1967 -9791357712 1505829099
1968 13878790966 3880076267
1969 1831624268 3667507836
1970 10588422556 3654568152
1971 8315324698 -13396011765
1972 -12495680485 4526577639
1973 1276072425 6383809090
1974 -14358987120 -22383660487
1975 -1882407995 4948969974
1976 -3244512049 -1223871204
1977 -5639003637 1882956047
1978 -2261078343 5839490940
1979 5355013241 8299327274
1980 10000000000 9880024849
1981 5306478442 5926198375
1982 4923093048 8943467810
1983 5423266135 6167400397
1984 10000000000 13068317964
1985 -6482712504 7773297521
1986 7179058814 9262357731
1987 2493279876 -10748195149
1988 -6601901724 3150618102
1989 9264770466 -13816915964
1990 -12495680485 -10562685782
1991 1271349319 1956840312
1992 5954835823 4335542156
1993 7021071328 2670934907
1994 -15761377685 27538914105
1995 11502615108 14646767803
1996 3230411905 556500161
1997 -7878186048 3658261062
1998 -4736016414 2439867159
1999 -5599657487 -343788547
2000 4577892148 7291550804
2001 2899943207 5720132446
2002 -4549167382 8217666007
2003 11035301522 -803847220
2004 -3930923688 7592088018
2005 2728727353 -3185063765
2006 -1689739097 -3098296684
2007 -920917865 2774722613
2008 -6674943794 6063153868
2009 -7878186048 7519511887
2010 -5877146182 -716148265
2011 2949310388 -1210955630
2012 4080291862 7988006403
2013 -7092793460 -4887123150
2014 -12495680485 11911996044
2015 -2651061824 3717534499
2016 10751546511 3364669516
2017 -12495680485 3178482568
2018 -4673010217 8471315028
2019 -1170138427 -2120470618
2020 -1159339726 3691618418
2021 13850736588 3178482568
2022 9259393480 12169187464
2023 485837478 1081767767
2024 1124638013 2357007547
2025 3069174471 -2957521551
2026 3895064995 7710348416
2027 5928537798 8240753674
2028 9908340148 4196134015
2029 12403183326 10410849388
2030 12408454245 7033196071
2031 10958271531 10185456458
2032 12189663079 6314476551
2033 10958271531 9091688251
2034 10958271531 7795119316
2035 -9359640382 6848618987
2036 5865775466 6659601480
2037 203208886 14201932778
2038 10958271531 10185456458
2039 -12495680485 -2327737417
2040 5034936636 7605119616
2041 9574682466 5726693571
2042 -12495680485 -3743801117
2043 8699311299 3511587152
2044 -12495680485 722906632
2045 1104646536 2270722355
2046 4992744235 8489435730
2047 10647193419 5916247030
2048 10000000000 9577177453
2049 -5388348448 2416621676
2050 -702285141 -14535254862
2051 9924353953 -1053148088
2052 5486627198 6128918060
2053 11360845742 3218616402
2054 -13460199545 -22861925582
2055 10000000000 9032623850
2056 -3279200997 3419007374
2057 -12495680485 -10562685782
2058 8536913286 8851469330
2059 2639690065 -1751221781
2060 10042880773 7878658248
2061 -6684100138 3178482568
2062 -5100333299 3783602955
2063 -2004667772 4745499003
2064 12195921952 936062761
2065 533700966 1073500876
2066 7739093324 10693306719
2067 751060026 1373400077
2068 6959061843 7923553541
2069 -265129683 -361110029
2070 10000000000 10000000000
2071 5157773270 10222452988
2072 9854911992 9282749855
2073 -3287828491 4147636576
2074 3381619355 -2406344924
2075 -5890463316 -771240451
2076 1502417751 12392925611
2077 10588422556 5431130213
2078 8912508220 7407282851
2079 -7878186048 1233310572
2080 9908340148 3511587152
2081 10050217535 8117118061
2082 10958271531 13119120667
2083 9709437133 12763090825
2084 1003178118 2304401556
2085 -12495680485 8966971570
2086 2675278233 259443691
2087 11985062566 4172130459
2088 323353848 769578322
2089 -3161237835 3387339793
2090 -9385210373 5886238434
2091 11851062851 591798295
2092 -5487440067 3178482568
2093 -7878186048 -2788434188
2094 -196573088 8425157498
2095 9315011935 2689242313
2096 3822784689 7493242582
2097 5820282711 9833752719
2098 1180534407 -5433269034
2099 -7878186048 3178482568
2100 -4432722964 1275843944
2101 15455074317 -5922066510
2102 10958271531 10185456458
2103 11196933792 8863605547
2104 6230681720 4061556023
2105 4881118130 8819677195
2106 10000000000 9570488067
2107 -7878186048 5943305914
2108 3802948080 -1675753024
2109 10000000000 8581996305
2110 6215452083 -12850087371
2111 9829953586 3511587152
2112 3643290117 -3108739146
2113 -3803783198 3341165527
2114 -12495680485 3516691659
2115 10932997435 3511587152
2116 4070380133 7968962409
2117 -11361502660 15407038836
2118 -815502159 -1065299299
2119 -4956621431 3023872440
2120 12313204512 15498266439
2121 -12495680485 6780689241
2122 -5388539386 6183724977
2123 13704976594 16960279172
2124 -3692141556 6643902866
2125 1061073925 2016179471
2126 10588422556 3511587152
2127 -1364343687 3070408597
2128 10000000000 9793001350
2129 12454083940 6506246880
2130 3771738870 7395165219
2131 6472883223 7590445131
2132 -1255896932 2101276966
2133 7234589262 6632697633
2134 -12495680485 7017134222
2135 10958271531 7683351088
2136 6655157443 6822865977
2137 -2744644047 4309784025
2138 -4518585078 4147636576
2139 -888026218 2840848347
2140 745256858 1580205626
2141 -7878186048 -4028061176
2142 -7878186048 -5712153325
2143 8299207599 8921719466
2144 2393426345 5100229060
2145 9129286681 7338426156
2146 -13763124530 28684271940
2147 12232216958 -1713998293
2148 -12495680485 3763695689
2149 -1297896197 11793107443
2150 -5290714020 1230216369
2151 5286127853 10304850692
2152 -12495680485 -961182933
2153 13752072063 17009751478
2154 14021742059 4471456395
2155 10003031511 13071502471
2156 3818947953 -4284043188
2157 1215009200 1172675423
2158 -18419167204 4147952613
2159 -11905192533 -323122355
2160 10588422556 5904032972
2161 1964017691 3326740430
2162 3806905509 7462732970
2163 -8294637932 5244358994
2164 6695376965 3178482568
2165 10958271531 1453673830
2166 10000000000 9839537768
2167 4015757551 7845916412
2168 10994992932 4199392821
2169 -1948727282 4558416315
2170 7301534214 10719583513
2171 9940524560 -1277530257
2172 -3152562632 3338247614
2173 -720781264 -258636227
2174 7854050780 3511587152
2175 10000000000 8306295730
2176 4001211790 7660804723
2177 8408184596 7738969330
2178 -8776072767 6659876739
2179 328241037 2945709103
2180 -12495680485 4974536840
2181 9908340148 4271463614
2182 14077563836 4702387747
2183 6967095835 8288624905
2184 2115064230 905988540
2185 10000000000 9534672621
2186 -5295199626 -5125834949
2187 -3943539396 2496363350
2188 10958271531 14074952023
2189 3262314308 -3256731143
2190 -2028247419 548534948
2191 5926207043 7232510559
2192 -12495680485 4180483106
2193 10958271531 9149196958
2194 2914036131 -247714292
2195 -948341976 -2075566517
2196 10166855092 7318676865
2197 1128942525 2317403680
2198 5295683899 -14601339281
2199 10588422556 4031539788
2200 12012100810 10686295503
2201 9908340148 3511587152
2202 6135797981 4147636576
2203 11272734633 3784135260
2204 10000000000 9379052513
2205 -12495680485 -1938250732
2206 -4092506817 5262606862
2207 -12495680485 -15082238326
2208 9908340148 5442677113
2209 9853582545 8761423402
2210 -1347548881 4786106426
2211 9042874272 13755500030
2212 3942357664 -5387417100
2213 11572352022 9997055892
2214 -7878186048 11358484591
2215 -3699098602 7262343523
2216 669290707 1880486104
2217 -2180558484 4274627155
2218 7052709781 7818215885
2219 4858722939 7850186280
2220 10958271531 10000000000
2221 -12016337592 -3424468251
2222 5610665125 8318425860
2223 11784953391 10578342252
2224 10000000000 8696751469
2225 -3308874971 4147636576
2226 -6922668029 -1560852125
2227 4833236987 9352598768
2228 3707777246 -15235172146
2229 2983621311 -2711252711
2230 617668698 3023921172
2231 -2985434893 6277577522
2232 279703732 1150177417
2233 9574569003 7613530105
2234 -7878186048 1233310572
2235 6785594998 7399440751
2236 -9803660591 4506540001
2237 -1204260157 832651492
2238 4796752721 7360173278
2239 -7878186048 4147636576
2240 8814296807 8114063865
2241 -7836048912 1167958161
2242 -9974136808 -1152449443
2243 -3476429406 5336903889
2244 10588422556 3462928436
2245 4165919394 8152527665
2246 3789674519 7429626045
2247 1496114682 14808297859
2248 11309794900 9012384597
2249 -10541760614 8487926977
2250 10000000000 10000000000
2251 -5637071428 -10159344044
2252 3120288294 4344596243
2253 10000000000 8660063249
2254 10564371242 -22855814313
2255 -12495680485 4147636576
2256 -669870510 3279431010
2257 10588422556 3511587152
2258 7045117500 4995317965
2259 -9347565854 -1703189316
2260 -10372520394 1396807444
2261 4106699697 8038745344
2262 5893314604 7372600814
2263 -1376652210 -2496744260
2264 9525485140 -542744096
2265 -12495680485 6071539695
2266 13345095757 4345930856
2267 10958271531 10185456458
2268 -357342289 2660794041
2269 3353332864 -1634264374
2270 7144244942 6851943199
2271 10653390487 13754684089
2272 -2042402953 -68188360
2273 857390166 1767912119
2274 190306038 513945665
2275 7410871554 3368573470
2276 -10015436120 20620342266
2277 10000000000 13068317964
2278 11320529291 1295845578
2279 -3316934368 20356418156
2280 -12495680485 8974959669
2281 -12495680485 -10562685782
2282 5264895520 8726168665
2283 -12495680485 -2719024065
2284 10695272118 11634669287
2285 -10754755835 4147636576
2286 8926215134 -13029441908
2287 9908340148 6128196981
2288 5999461081 4240770271
2289 12627772317 4885113177
2290 -2098839955 5368144777
2291 -2078655911 -4271815529
2292 -2935171962 2781010435
2293 65128269 2380974
2294 -2616523025 3107351826
2295 891448687 1380413197
2296 1331058418 -3323649407
2297 -5708168705 8579151216
2298 4420990716 7571596712
2299 7992713237 3675233200
2300 1506187865 8294584670
2301 11444576401 3365349988
2302 -4547284156 3178482568
2303 -6393853819 -3526097351
2304 2860600056 -887409409
2305 -8513855349 6596492353
2306 9326241690 3511587152
2307 8741775990 10000000000
2308 10588422556 3511587152
2309 -2771738112 4197678887
2310 5350568776 5820932609
2311 11684616252 -5197093346
2312 10000000000 8333282712
2313 -569312401 3481594153
2314 8492843509 9624951785
2315 7002292590 2345138629
2316 -769534444 3079065527
2317 -5523605062 3641436430
2318 10476167355 -1634758550
2319 8188264761 -8833590
2320 11266777922 5455822907
2321 -7878186048 8436330200
2322 -1391111529 5051835776
2323 -12495680485 6629477544
2324 8626578590 8499692973
2325 6393231051 3389356679
2326 9027582612 -8236492533
2327 -4344333428 -5425501376
2328 5866189032 6172344200
2329 1889869275 3779417427
2330 1092907054 504218008
2331 -7878186048 12177613872
2332 10958271531 10555970275
2333 533374773 1173103997
2334 4868284030 -5821782833
2335 -4186419820 808041020
2336 -9811601233 13192279712
2337 -4966660905 -2653687874
2338 9028371260 7715473422
2339 -7878186048 -5712153325
2340 2564097378 -857418828
2341 9606389063 9846762202
2342 3680502708 -2727295072
2343 8696589036 11699125804
2344 -12495680485 8882844159
2345 383954845 886014617
2346 -5800052028 7885629296
2347 5693575294 9665272098
2348 10943391486 4868049233
2349 3894641861 7631306034
2350 700923109 1495024563
2351 9984802748 -606325924
2352 10758448936 4849009676
2353 -3035023231 4542776176
2354 4542241423 7280253697
2355 6706258449 3987204523
2356 -7085229322 914319927
2357 4474009926 3280752760
2358 10383107804 112737165
2359 -4561572800 7947433843
2360 5490595119 5000588426
2361 4076606648 7980925782
2362 10000000000 8916935575
2363 8034141404 9830217963
2364 13988192790 4147636576
2365 -87238438 8786828006
2366 937369240 1949322553
2367 7040685655 7406113018
2368 -2699078377 2538764233
2369 7173080756 2333373414
2370 -12495680485 -2425448978
2371 5672459326 4631816844
2372 6483278579 3178482568
2373 7365492184 9655392871
2374 -2281054543 444147247
2375 5902543356 11257880475
2376 -5050167171 1623906570
2377 -7716707232 7419423466
2378 6212650883 7438142118
2379 4268375133 7591466946
2380 585962372 1274143671
2381 -7878186048 9560916420
2382 -9982972688 6243999163
2383 -12495680485 3178482568
2384 10958271531 7899989544
2385 10588422556 4986280977
2386 7477530007 1502032111
2387 -2017239916 14340078889
2388 4657847822 9097698963
2389 -7133930525 8018568409
2390 4014838621 7862247205
2391 14313889935 5680054690
2392 130569791 -16663059389
2393 -2955378081 3658114250
2394 -1016853014 2512981004
2395 -7729035641 6406782164
2396 663215415 1735361200
2397 -12495680485 8327303050
2398 8388071852 -10813350430
2399 10588422556 3511587152
2400 7896706846 8528987904
2401 -5454740526 4406849571
2402 -12495680485 -3872553695
2403 -14046279309 13852540352
2404 -1954335386 909154809
2405 -1837632269 -3382452619
2406 -8030802073 12366820679
2407 6657427538 5093513637
2408 -5303598487 3178482568
2409 -1750602828 1106714726
2410 -2600919164 6011509794
2411 -3647269896 1229471599
2412 -4779881250 8237370932
2413 -3504090287 3312127313
2414 10958271531 7399772162
2415 -272454559 -370687853
2416 158509080 1771688701
2417 2619644546 -1194819844
2418 7010186990 3178482568
2419 -3647003509 -15257067024
2420 3570445449 7008408217
2421 7610889372 8914105879
2422 10624639450 11058774869
2423 13552972 3603752286
2424 55925863 1590081649
2425 8706192308 3511587152
2426 -7878186048 6091967962
2427 8853013467 2741192064
2428 -1569936690 1469927940
2429 -2743771170 4234657635
2430 -12495680485 1007942522
2431 174793765 484141014
2432 8946213275 9271175815
2433 5115090044 -4303194651
2434 4181384393 -2332834592
2435 4989593119 8169289658
2436 -5391428386 4405027703
2437 10958271531 13105595997
2438 8605070033 11602987974
2439 206040058 575303609
2440 -7878186048 6104590833
2441 3633565105 -3278915705
2442 -7878186048 7484666757
2443 -7878186048 3178482568
2444 4044913607 -2549594212
2445 10958271531 8771564432
2446 4387238999 1171655641
2447 -1572936341 -724514019
2448 3998020831 -6429606692
2449 -2365341810 4365400488
2450 10000000000 13068317964
2451 13305857075 6788671204
2452 8876331864 9351577211
2453 10000000000 8995957520
2454 -1460549121 5000490774
2455 995373712 2060769989
2456 -3418047517 5827298368
2457 -4297452245 4155572358
2458 10588422556 5707303412
2459 -7878186048 -5712153325
2460 -2039803701 3225728283
2461 -7878186048 8061048549
2462 -2115513550 373094147
2463 -3854314768 7478208212
2464 -12495680485 -4367368131
2465 -4226032678 -77833706
2466 -1510470325 1589479783
2467 11755033877 -2325587976
2468 8946651844 3511587152
2469 -1568088416 -3792294684
2470 8467637125 3511587152
2471 -9127900013 4056226290
2472 -12495680485 5968754949
2473 12090981756 7340498548
2474 -4181649032 2564914507
2475 10588422556 3511587152
2476 -640016731 1043760556
2477 -6547070388 5600402954
2478 -1271094032 2070724548
2479 4566810131 7912173088
2480 -726444692 -2589372669
2481 4663399079 9108364922
2482 5840097983 6857483344
2483 5097416501 7465482667
2484 7303967931 7636884199
2485 -5117914785 2545146989
2486 11922272736 4176701240
2487 9554674203 9189048933
2488 -7531979934 3178482568
2489 1815660436 -1600869804
2490 6178545193 5457552539
2491 -3616419534 4025241279
2492 -932452663 2707197631
2493 5034787101 -4117670140
2494 1333942457 13354771706
2495 522077650 1090953706
2496 -3815435954 7003167623
2497 -3468977601 3178482568
2498 -7878186048 3588244463
2499 -7878186048 4868829166
2500 -7878186048 -533698200
2501 12886466370 16100459964
2502 6594605710 5366999558
2503 -7878186048 2242187083
2504 -11544790406 8847651866
2505 12180143371 -3147127279
2506 -2560557414 6201105852
2507 2906107748 -3102004370
2508 5457574166 10634260672
2509 -12495680485 3455240128
2510 10958271531 10185456458
2511 12481695343 5273937529
2512 644459986 1386538611
2513 -2198902421 5233107494
2514 4943383714 9646316025
2515 4113259327 1702056537
2516 7967705930 10933457060
2517 -7878186048 3178482568
2518 5808199295 6919830476
2519 10920535312 4743147814
2520 5458506020 -9619510966
2521 1391503264 1690389513
2522 7418378154 5068430365
2523 1641994354 -3569228337
2524 -932340609 145585402
2525 -1553130092 1602113119
2526 4062131414 6850001234
2527 13920227710 1390445256
2528 -7878186048 4248960947
2529 12309855871 1280764177
2530 5309777147 5850582629
2531 10958271531 -16852595925
2532 4707716061 8251457485
2533 423122316 961269404
2534 -5932691083 6999764800
2535 -12495680485 4147636576
2536 7468081074 19493657025
2537 -3143958756 4807220181
2538 9511529227 8539203664
2539 -12495680485 -961182933
2540 -3206387628 -1116945285
2541 12755763091 13527410566
2542 -8878162151 5089376893
2543 -5599290227 3147051800
2544 6965045639 10034061092
2545 6621739667 5331071871
2546 4600964459 7648455168
2547 3970970445 7777960673
2548 -7878186048 2082041285
2549 -12495680485 3178482568
2550 5056416789 8054118495
2551 12795061861 4147636576
2552 -4566174934 4013481732
2553 7448774515 7496572411
2554 -7175162455 2252177093
2555 -2970450142 3178482568
2556 -3745488796 3178482568
2557 -2694582099 3178482568
2558 13281491032 4915657080
2559 -12495680485 2063673040
2560 -7878186048 -3596350165
2561 -6619051132 4032198695
2562 9376849203 10000000000
2563 -4312810922 5649418291
2564 -2888017550 2508176658
2565 5357976394 -4953483754
2566 -3502813678 4074626003
2567 4718845517 -3477148820
2568 18385884672 3288677743
2569 8625303350 1799168925
2570 15684133859 4582731706
2571 9818880536 -23072320564
2572 9786002770 10149886
2573 6231456833 -14889782552
2574 5497548195 5717109803
2575 -12495680485 12206015703
2576 10958271531 9592923157
2577 -1964304178 795517149
2578 -12495680485 4235591362
2579 -7878186048 1233310572
2580 1883543033 -652338162
2581 -2127567162 3178482568
2582 11256171849 9729968471
2583 7065349680 11592999959
2584 -4221716108 7581522813
2585 7776012186 -8879190006
2586 -5039180278 4137430126
2587 9993825351 4156413565
2588 4697106934 6327572670
2589 -117605827 -77663686
2590 4065209811 7655326724
2591 4743768803 7709483337
2592 9810343540 10000000000
2593 4866934211 -5685359131
2594 10907931222 10161531906
2595 538566508 1527685948
2596 -7878186048 1233310572
2597 16068638747 3178482568
2598 10000000000 9782407202
2599 -7950345588 2675340026
2600 -1382607524 4129434291
2601 5391356561 -5435564853
2602 -10936110333 1044367338
2603 -3366213596 -4500676784
2604 13736344715 3178482568
2605 10588422556 3627647895
2606 13113533875 714253434
2607 13087997840 -3909496782
2608 10958271531 14074952023
2609 14810623521 7735011838
2610 5281651107 9192249521
2611 7681413896 7116379397
2612 5173463042 -4771368711
2613 875829389 2382497693
2614 13465733384 3178482568
2615 -13789052821 28670369214
2616 -5328829471 2909859775
2617 -7878186048 -3922569191
2618 2745098673 -2045453624
2619 5262718889 10254189625
2620 8104454819 7508984807
2621 581392395 1265363105
2622 -4635391342 3178482568
2623 1662008512 -1010091891
2624 -1098255459 2986714381
2625 7289890997 4172085535
2626 11361614044 14498650627
2627 -4518913330 -2466392032
2628 -702285141 -6577365320
2629 -4707861201 5165007727
2630 7121689306 10707973269
2631 2875760514 13780921665
2632 10588422556 3067697665
2633 -4773055597 7515860933
2634 4352630269 -3687788059
2635 -12495680485 -4600251415
2636 4963994041 8486986497
2637 -7878186048 -5712153325
2638 6210697830 9268333028
2639 -12495680485 8495314570
2640 6157410992 4358826165
2641 -2415418262 4509197227
2642 -5154819048 -2612709275
2643 5766919955 7868678076
2644 5334288260 5781530358
2645 2616511433 -1686522211
2646 6755371041 -7153981724
2647 -44014955 -5746845004
2648 -12495680485 2249076254
2649 10958271531 10185456458
2650 9783351115 5430868109
2651 -11487745986 1263113399
2652 4665077117 9111589035
2653 6420949456 6862904196
2654 -12495680485 8981337606
2655 4301913607 7437037487
2656 14830305999 7816437073
2657 1563259112 752744502
2658 -12495680485 -961182933
2659 10588422556 2707774908
2660 8632117994 9329438169
2661 -858557296 2927434287
2662 11529280174 10267539779
2663 9908340148 5724506882
2664 -4474413031 7040593582
2665 4019754309 7871692008
2666 5602298060 10588381723
2667 -12495680485 3178482568
2668 -12495680485 -961182933
2669 -4420801834 4455921784
2670 7521508242 7396212904
2671 918154864 1056895361
2672 6164044676 4147636576
2673 10958271531 7969953023
2674 3022519489 -2819830964
2675 5024269313 8348496963
2676 17807742578 -8845911737
2677 1577486724 1430793864
2678 8019971486 8888188272
2679 5076836020 10007171380
2680 12672998479 2204032351
2681 8996303253 10000000000
2682 1701247876 -3135652111
2683 -1346996908 -2812278809
2684 10588422556 3573009871
2685 -6021530181 6326756857
2686 7898895004 -1205938974
2687 -7878186048 8264145820
2688 -7878186048 10000000000
2689 10466432314 3511587152
2690 -772227259 3073651863
2691 1869433148 884052390
2692 1995065982 -685126093
2693 4152284301 7856843909
2694 -7878186048 4268394735
2695 -7878186048 8658802848
2696 -7818766421 -246810992
2697 -4856596998 7407442797
2698 3744667016 7284213822
2699 -3255358912 6731038103
2700 7747593552 7135241150
2701 6303531767 7077266987
2702 10889556677 3240370621
2703 -3979013267 3826052593
2704 8297428546 9283128072
2705 -635785973 3347954942
2706 3972776422 -2152031396
2707 9751724063 7664960782
2708 4609431194 9004673219
2709 904143344 -2875340130
2710 -12495680485 -961182933
2711 -5472932649 4009038988
2712 -2418785812 5618998139
2713 -9265753424 4147636576
2714 -395400298 8778380641
2715 2859376710 -1749474497
2716 9151428135 7956141503
2717 10588422556 4622419112
2718 -2270263053 3178482568
2719 -12495680485 10325596650
2720 7430710579 7847516399
2721 7846556552 1037188331
2722 10588422556 2622624020
2723 625101107 1349343248
2724 -12495680485 -10562685782
2725 -11328142592 7619472872
2726 -2553192145 2278133976
2727 8661659669 -12414090310
2728 -10131410744 3178482568
2729 10958271531 10188130542
2730 9908340148 6208165749
2731 6303959694 4733171879
2732 3989577275 -3830241654
2733 -8414477915 10503442951
2734 14569961081 -5456450888
2735 -3308929606 6385329788
2736 10880221563 3511587152
2737 10958271531 7027161920
2738 10000000000 9540769912
2739 1239711284 2123743984
2740 10941936093 11382940085
2741 -2835889074 6207199818
2742 -9403162412 9650349895
2743 8738694588 3511587152
2744 9908340148 6340334184
2745 -7878186048 -5712153325
2746 10626516373 1159651678
2747 -413592215 -3422806012
2748 -5946584278 -2259312760
2749 -955418332 4020599661
2750 7248075509 -11937302649
2751 -7878186048 9324066841
2752 -12495680485 4211158283
2753 3463854012 -3247541728
2754 7505344655 7467843744
2755 246660872 523693371
2756 7203867052 10616637670
2757 -2902406412 3954412127
2758 -4425657920 8104419173
2759 6552703056 -11539988603
2760 9706580244 8905654205
2761 -2830499960 4744130337
2762 10000000000 8878197873
2763 14313889935 5680054690
2764 -124971487 2995678783
2765 -6816294520 -2142380837
2766 -3189129420 6670271986
2767 6356714397 3976319993
2768 9551748622 9311877686
2769 -7878186048 9187794213
2770 8580121436 9433115677
2771 10588422556 3511587152
2772 12954851530 4147636576
2773 11873091548 15035941634
2774 5295613921 6993415189
2775 -7878186048 7840940672
2776 7018386459 3955317830
2777 -12495680485 -10562685782
2778 -5804567677 5862840832
2779 10588422556 5781322104
2780 10218229806 3511587152
2781 15407227163 3178482568
2782 2792586058 -827506508
2783 2608401993 -1663885962
2784 -539154357 3542224220
2785 -8851969488 11305781004
2786 10958271531 10000000000
2787 6563146038 4147636576
2788 -12495680485 9109657467
2789 750544909 1590365873
2790 5107151438 9217350990
2791 -3167941682 6641899638
2792 -243868158 8143004200
2793 12860887401 4073452369
2794 -4888982887 2914358533
2795 9989211376 6960023928
2796 10958271531 9193782608
2797 -12495680485 3178482568
2798 4121491963 8068532205
2799 7874717304 9924522614
2800 10588422556 5367705985
2801 8229800843 10000000000
2802 215229725 -4285741018
2803 4359190908 7068083588
2804 -1281209669 -2313364837
2805 5706907509 8330415430
2806 6915665944 7671592552
2807 8318956143 8417534924
2808 7531741799 2302698522
2809 5860813167 8017564491
2810 -12495680485 5029403902
2811 8983629740 7325796318
2812 -12495680485 -2438222584
2813 29834166 205621528
2814 8292523636 11274667829
2815 6141106806 6262664183
2816 -10504995590 16261901574
2817 10000000000 10000000000
2818 10534315805 9983968811
2819 -5627210340 2303101048
2820 10958271531 14074952023
2821 3520401418 6912255648
2822 7159221377 8379933786
2823 -5548551207 1039516871
2824 11184034504 4193316986
2825 -4374937066 1514900749
2826 5892414346 4308369625
2827 7116485044 4891541726
2828 -12495680485 10735834852
2829 7996138633 10963324719
2830 947376615 1968550318
2831 6552472018 5701137499
2832 3437441180 -1549245667
2833 -7878186048 9655155085
2834 14379210806 -1961750647
2835 4970043053 7418889402
2836 -2204130605 3178482568
2837 4927146839 -3885534138
2838 -12495680485 -961182933
2839 3890403612 7510180409
2840 10588422556 3525438070
2841 -3419895496 6292640561
2842 -6343278780 8527502025
2843 10588422556 4670077611
2844 10958271531 1309077972
2845 -12495680485 10328258756
2846 -2004542091 3555382273
2847 -12495680485 3178482568
2848 -12495680485 13744704730
2849 6036337294 -7047371509
2850 10000000000 7482848862
2851 5305468372 9944150435
2852 11463178525 14605340915
2853 -3353562292 2473381928
2854 1912959681 -2270518759
2855 5403964512 -9467266774
2856 4574880313 8030943739
2857 -10127451263 311254805
2858 9266772780 10000000000
2859 10958271531 -1814174153
2860 10958271531 10185456458
2861 -2125419484 5321493209
2862 -5340520740 3178482568
2863 6478641165 4038821689
2864 10000000000 7809735686
2865 9908340148 5481467338
2866 5058530075 9867553566
2867 -2698071896 2379309291
2868 -2055442436 493861783
2869 -5190043899 5944876802
2870 621408896 2458690854
2871 10928415332 813523810
2872 -4326092146 6992320757
2873 171550946 477910393
2874 10000000000 9753203743
2875 4805252634 7757358286
2876 -2766363285 1929446773
2877 6047680976 6336260547
2878 -9953750165 -2094160290
2879 -9390763920 20978695276
2880 368638951 1366240980
2881 -7536894491 469690031
2882 10000000000 10000000000
2883 5741951032 5895252865
2884 10588422556 3511587152
2885 -7878186048 -2708422603
2886 5795277497 6371601210
2887 -1659312272 -3284456842
2888 10588422556 5321926877
2889 11383600929 3511587152
2890 9146221633 10000000000
2891 9816086103 -270375496
2892 6580740127 3254683388
2893 -7878186048 -293131110
2894 -1858517084 889762704
2895 3355208751 1388320055
2896 -5748661769 6936476750
2897 -7878186048 1233310572
2898 8940711744 3511587152
2899 -7878186048 1587000163
2900 12000031466 6161401535
2901 -715732152 -1226879309
2902 13630850668 -2653614193
2903 -917690915 2781210108
2904 -8181209570 1333809066
2905 16078511198 -283018837
2906 11274743337 -2591717178
2907 11239552250 14370428558
2908 1107721474 2644134675
2909 -4732570126 6649148580
2910 -1402634574 2851445154
2911 -7878186048 1233310572
2912 694398373 1482488200
2913 6084555845 8029142231
2914 -7878186048 3178482568
2915 623964818 1361219148
2916 -7878186048 -1983145485
2917 1116822873 2294117473
2918 4736464257 6162494428
2919 -702285141 -11077964000
2920 10000000000 8210378579
2921 -6442100357 3604659466
2922 2979175492 5577424716
2923 866512810 2149528702
2924 8655127410 11842073847
2925 904488814 1886147438
2926 2844060332 -520807821
2927 5165746788 9225625498
2928 9908340148 5436733283
2929 -1117991609 -256087857
2930 -12495680485 -2429430308
2931 5049176360 6992207334
2932 5440265467 10601004442
2933 2115415859 4212773471
2934 -3853537067 3146050516
2935 -4578778939 5787948684
2936 -809007091 3971877103
2937 10632159396 3472195555
2938 -9560575272 12709721782
2939 -12495680485 3014287634
2940 4920591139 8871427587
2941 -7878186048 -4836785621
2942 6565527461 10936418093
2943 3858913786 7562659560
2944 -7663185920 2637238214
2945 13918229751 -938470058
2946 7211840986 7359117581
2947 -2764274092 5965806380
2948 -7878186048 -5712153325
2949 -12495680485 7080511320
2950 10588422556 6080530366
2951 9233303556 2494153399
2952 6626022665 4292683434
2953 11330330028 4665890736
2954 9533973852 8826147611
2955 6554638464 7816864507
2956 -10579106435 2521271123
2957 12295780503 -1405110346
2958 10958271531 10185456458
2959 4379871848 8271262207
2960 7884267170 -13568073787
2961 2846879766 -1670918337
2962 10578044197 -521067380
2963 -7878186048 -3912096451
2964 10588422556 5696759534
2965 10474483111 6162163263
2966 -104439989 2553397147
2967 4245854528 7987953341
2968 2683086161 154660390
2969 9014158451 8090740897
2970 -8969161915 6706551126
2971 -7878186048 9965520064
2972 4012088467 -3144919742
2973 -3682606172 -1443402181
2974 -12495680485 4147636576
2975 10958271531 14074952023
2976 908366240 2678582780
2977 8447995094 9127647216
2978 -1570573544 4354854376
2979 10958271531 13762985912
2980 9908340148 4932425527
2981 -7878186048 -5712153325
2982 9548161695 10000000000
2983 -4603199044 3178482568
2984 4329828843 6857495276
2985 10000000000 7502213775
2986 1979005434 -3678850988
2987 8234193179 -10579640966
2988 -119616466 -445001439
2989 1935228016 1909931404
2990 6288668805 4178360258
2991 -7753935518 6409251681
2992 9759969617 4717005977
2993 9359119190 8220740505
2994 10588422556 5968491199
2995 10588422556 3511587152
2996 12548621574 5872650998
2997 -10177133061 5002581149
2998 10000000000 8663207792
2999 -4603731497 2334666403
3000 10958271531 14074952023
3001 10000000000 7239847833
3002 6414566326 7277040243
3003 4539090372 8869523222
3004 10831251656 3511587152
3005 11041936834 10533450364
3006 -4039777541 7430013341
3007 3850952250 7308757590
3008 -12495680485 4147636576
3009 9000395994 3511587152
3010 5803738665 6439223482
3011 5926884374 6157609495
3012 -685737669 -3490626269
3013 -7254522277 -353238037
3014 10330396513 -22922893541
3015 -4341006181 5720913249
3016 11360516114 3511587152
3017 -12495680485 -961182933
3018 -9384915441 13494581367
3019 9908340148 3511587152
3020 7288290065 7357104560
3021 10697405997 5678057199
3022 10958271531 -14238765722
3023 1026520755 12761830890
3024 -5573526218 6862643478
3025 12709406085 8658381120
3026 6379969562 3674926150
3027 -12495680485 -961182933
3028 -4228695880 6850276308
3029 -12495680485 14944183612
3030 6441787083 4032848362
3031 -12495680485 8070456999
3032 -3547354187 5410310281
3033 4190311326 8199393332
3034 -9448486706 -1629733205
3035 10588422556 3268740649
3036 -11107902634 3703954158
3037 -3087113792 6691919057
3038 -2477228576 5989741945
3039 -7786909867 10140630101
3040 -9890198056 253904881
3041 -705547797 3207704994
3042 -5239865755 -642770576
3043 4332966636 -14985619956
3044 10833914117 4725893473
3045 10958271531 840613266
3046 4829469270 8203941742
3047 -12918111106 -24175017
3048 5374598241 -5658580406
3049 12048884056 9923716353
3050 8794874017 9886971715
3051 6614679193 -11509543362
3052 7215702360 4272425181
3053 2244030947 -5181474883
3054 -3303056242 5057543535
3055 4460732737 8213324436
3056 5468492223 5219169820
3057 6715549062 4103572190
3058 6858483306 4095690583
3059 -6135438710 5963843804
3060 4505248499 6321730245
3061 13112321828 1606908994
3062 -12495680485 11941389937
3063 4822517120 -4717843507
3064 10588422556 4911233241
3065 -12495680485 3178482568
3066 4467191289 8731379246
3067 10000000000 8753776364
3068 -12495680485 3178482568
3069 4011204833 7800728377
3070 10914347508 5279476758
3071 390371253 -4425168277
3072 5096734406 9940957816
3073 -7878186048 3178482568
3074 10958271531 10185456458
3075 13304204565 5423258600
3076 3218412190 6332025813
3077 15793168988 11835074967
3078 -1346907626 -2439594223
3079 4697035352 7796837875
3080 -15557707943 27655501949
3081 -3868329508 7186232970
3082 16209475179 3178482568
3083 10958271531 8863673275
3084 5547185844 9619482357
3085 -1607778312 1536075117
3086 872793234 1825248839
3087 -4754639023 -4265413218
3088 4419132382 8004886686
3089 -8055817403 12340875662
3090 7131736260 3950200426
3091 10958271531 10185456458
3092 905058109 2108691191
3093 10000000000 10000000000
3094 2349447612 -907507823
3095 9125221131 5686049124
3096 -7076960027 1657059162
3097 1113288696 2287327049
3098 5510964305 6336259830
3099 -12495680485 2753665770
3100 8628331504 6069857557
3101 6178545193 5636520432
3102 -12495680485 3545166247
3103 2147114411 -707579585
3104 5384219353 7546301139
3105 10958271531 10185456458
3106 -906532735 -1951876360
3107 -12495680485 3300294453
3108 11218420183 -9657838729
3109 -8116024924 4106803555
3110 4119940659 7959540648
3111 12521642580 3178482568
3112 10958271531 758467749
3113 5189042521 9725256412
3114 2291127608 4374236261
3115 3997383218 -4058988875
3116 8891987875 3275317295
3117 913685635 137625721
3118 1002920483 2121913087
3119 -3325357966 -1629150517
3120 -5835508016 5499078682
3121 4148341318 6981430705
3122 8590683244 7994136560
3123 9851813499 12912652713
3124 2889041183 -2581097245
3125 -3624490474 6534604256
3126 4422636370 8645773234
3127 -4221913191 5101013181
3128 936978478 925264381
3129 -5771643736 18591450460
3130 7431330548 -8777110261
3131 -7878186048 2660339382
3132 -1118545992 -397186645
3133 -12495680485 3178482568
3134 -5176107523 6761894436
3135 3103859555 -1726018833
3136 1754162165 -5985360093
3137 6454262492 3717545455
3138 10588422556 3511587152
3139 -5320383436 5497563761
3140 -9789544188 13212266016
3141 10588422556 5589926328
3142 -6172881256 9124676148
3143 6921461764 4930104022
3144 -5460027388 3178482568
3145 9908340148 5293436917
3146 -1110759656 3074533970
3147 -10537219871 1603055177
3148 -12495680485 -10562685782
3149 10958271531 7475363649
3150 12592741808 4943572739
3151 6183036108 6783310327
3152 11244043734 3321802097
3153 6621877756 3921148855
3154 9690307273 9887495855
3155 7408882183 3940586208
3156 5646555952 4955346092
3157 10000000000 10000000000
3158 -12465049839 70726768
3159 -7275787319 10312710007
3160 -9215928669 6586546724
3161 -4568494599 3178482568
3162 -12495680485 -961182933
3163 11434125234 -621417194
3164 202931368 1595731641
3165 -2679084186 5790008695
3166 5771008767 -1068997357
3167 -7878186048 -3121774494
3168 -12495680485 1495548542
3169 5404689700 5359964950
3170 -10582806468 1083978720
3171 5117103903 -4895270736
3172 1527861724 -2864927795
3173 -4973146699 2937282319
3174 -3402612285 6944516093
3175 -12495680485 12776518069
3176 -7878186048 4147636576
3177 9770622472 6537285660
3178 3870925236 7281273615
3179 -234834960 7418328328
3180 4444495556 8156482361
3181 -1075584005 3154826931
3182 916272311 2316880527
3183 -11020610681 1362217506
3184 -11228932488 9187252750
3185 -12495680485 -2793389649
3186 -12495680485 8990067858
3187 831298977 1745523458
3188 -7878186048 1640819659
3189 11452700466 14594334044
3190 -12495680485 -961182933
3191 7014586710 5861401449
3192 10000000000 10000000000
3193 4818252954 -5119440920
3194 720053616 2036849107
3195 3942356481 -4244490161
3196 6782334113 4049114886
3197 11490451400 -2722857362
3198 -9336504451 6087731922
3199 -3360693074 7123611810
3200 4386648001 6955022106
3201 10000000000 8892620802
3202 93018034 327020445
3203 8155023251 9034196721
3204 -5119555679 1062330659
3205 -6382535552 5990544177
3206 1300980411 2647950286
3207 6543670795 9896159821
3208 7872652912 9985045745
3209 -12495680485 3420907405
3210 10000000000 13068317964
3211 -3202619132 6894913581
3212 -2859323311 3178482568
3213 1026345265 2144158114
3214 -5504415076 5532253754
3215 -13516767754 13915207171
3216 8330416778 579240807
3217 13136601587 809683178
3218 9908340148 5215120823
3219 6685555115 8066833875
3220 -8609875567 22010577652
3221 6038048733 10448862088
3222 1280926755 580737822
3223 -3316965183 3178482568
3224 5044256652 -6494295391
3225 -1658429208 4668165113
3226 5496168809 9126259898
3227 5248409508 7831222139
3228 3886352291 7837853968
3229 4207215761 -6126727553
3230 9908340148 3511587152
3231 -7878186048 8082885051
3232 4192274201 7085448082
3233 9333047820 -12152109104
3234 687223782 1840487355
3235 1651742012 21644604648
3236 8049663337 10000000000
3237 10695352433 3396834466
3238 -12495680485 3178482568
3239 -4558890547 6705107301
3240 7047158650 2954639131
3241 7218403704 8396408420
3242 8843285939 8173624577
3243 5152545751 10048191467
3244 -3894791790 4215120403
3245 10000000000 8270242925
3246 7226430739 5178474955
3247 -2245835176 5852168833
3248 10000000000 10000000000
3249 -6768509750 4901887942
3250 9846991070 3511587152
3251 4466087661 8724505243
3252 -8521503111 6840377393
3253 -4813404116 6450896194
3254 -4496465110 4812427210
3255 761377588 -4107626975
3256 -3139521722 -1160171546
3257 -1204023589 13607781732
3258 -12495680485 -2504694663
3259 1114043262 -3555641844
3260 -5948539920 336304648
3261 10588422556 4199392821
3262 10958271531 8438399957
3263 10588422556 3467053617
3264 385887937 2912938449
3265 10083791335 4495545121
3266 9752852126 8062618749
3267 11489213972 10437790219
3268 1884781492 -3637061586
3269 -3532258971 6808308925
3270 -1249625642 -2484709718
3271 4282350634 6377106696
3272 18058779192 5747786573
3273 -4261564624 1107958234
3274 -8414663628 6572515279
3275 2476678717 -4661616956
3276 3932934576 7674786108
3277 10000000000 8735630055
3278 9908340148 4878859776
3279 -12495680485 -3330896702
3280 -7322658516 -5128589151
3281 4365784031 8536539459
3282 -12495680485 1498845805
3283 1981762438 -2028352956
3284 2369634703 8774677
3285 -1829211928 5335568134
3286 -2753868002 2430795226
3287 10000000000 9924797246
3288 -11442554047 10831928651
3289 10744031603 7838134844
3290 -7878186048 -2131098997
3291 13027052735 4744817697
3292 5128315397 -4266704934
3293 4304016004 8417860882
3294 -5328380067 6169182993
3295 10564263870 -1896204519
3296 16330817376 -3560832676
3297 -3478090227 4067970760
3298 6473571042 10235777746
3299 -4018975105 1843512380
3300 5295107765 8223387593
3301 8181955748 -34933600
3302 8253393437 10000000000
3303 -1470568106 -2677190447
3304 11523997118 4518654831
3305 9521462176 8986636371
3306 -4048343877 -935276059
3307 7710082659 2505658870
3308 9123915537 501129406
3309 -13922831654 28593508220
3310 -7878186048 1233310572
3311 -12495680485 891967962
3312 15065767516 -13830209789
3313 -1550865916 4053390565
3314 6890562047 9001495479
3315 -8513855349 6596492353
3316 863457724 1515274315
3317 -4576326939 5731216358
3318 -3834272761 7082535358
3319 9582033618 5053778674
3320 -4721799645 3164862950
3321 8023053043 10991597459
3322 10588422556 5627253026
3323 1212046058 1964677346
3324 9613700662 -14628521779
3325 1517023112 5027432666
3326 -12495680485 -961182933
3327 10003088786 -1101116614
3328 -12495680485 -2540476860
3329 4294602019 1983964533
3330 -216268333 8921330519
3331 -1807170080 -42916260
3332 -7878186048 4556601190
3333 4187431836 7369395476
3334 7581831824 8580782080
3335 10000000000 9794394304
3336 10958271531 -2033663960
3337 8692875669 8441191025
3338 9591402240 8848755423
3339 10000000000 10000000000
3340 -511774444 12798139930
3341 5840136452 -11953871960
3342 10251495720 -436114296
3343 13741352093 -11990759580
3344 8031425710 10000000000
3345 8647075386 9412916765
3346 -3161229023 3776782032
3347 -2341127097 5664177942
3348 4930285610 7937233632
3349 6455850864 -11597877333
3350 -2597726832 5419593227
3351 11285592432 7315588266
3352 5551088439 -9527632492
3353 -13735890860 28700866407
3354 -3165254954 1864205821
3355 -12495680485 -1157513177
3356 3884855233 6851095050
3357 900208460 1877923339
3358 -5507184481 3760381803
3359 -1956944228 2565168090
3360 618654449 820392673
3361 10918265383 3809039860
3362 7183051912 8391259399
3363 -8735567993 11925067309
3364 2672893261 6974865428
3365 -5790441240 -357455104
3366 10588422556 4199392821
3367 748261688 2615388789
3368 9174209701 4069961684
3369 10588422556 3511587152
3370 -1834032374 938987037
3371 5321266127 6066194264
3372 4045722634 7921586494
3373 2332267657 -1058235476
3374 -5270715155 2472527645
3375 2224888002 4513612647
3376 -400109969 1461860109
3377 12146755864 -15111334483
3378 4257620621 7795448520
3379 7511085040 3238396359
3380 862284784 2015100004
3381 -7900780166 -15324544449
3382 -3676469101 2838301419
3383 4827435464 8006616038
3384 -4021197561 2019151405
3385 10958271531 10852432835
3386 -6489878309 5183736126
3387 5654633662 6620021293
3388 3910390025 7661563916
3389 -1727633296 5165624971
3390 900763705 1922804233
3391 -10042225703 12653837029
3392 10000000000 8111245859
3393 5975938301 5306028722
3394 -2917374385 2394552423
3395 1002181850 1640774356
3396 1077966754 1964979203
3397 -6030558072 6564762181
3398 13692954666 3111282606
3399 6225366617 -11732710522
3400 -12495680485 -12917611304
3401 1168205844 14381167776
3402 4460871020 -4221071464
3403 3422318652 -2868736751
3404 10588422556 4673430339
3405 8931270542 -13041200702
3406 8712545972 5579054844
3407 72214106 2393583481
3408 4039537931 7678863621
3409 13329802569 5635003140
3410 4473195519 7881633594
3411 10655690822 4189979377
3412 -2458899978 3178482568
3413 7082955360 4751268227
3414 -7878186048 6220092771
3415 -732551630 3153416188
3416 10000000000 9062863371
3417 2396589901 -873034825
3418 11593512850 4912070898
3419 10588422556 5968307541
3420 4160986268 8407806839
3421 6648116495 7607368181
3422 6915556160 7062481111
3423 8400311742 11387895839
3424 5926207043 7109539663
3425 -7878186048 6803103564
3426 3070064907 -3301379004
3427 -1108657352 -1981829826
3428 -7739458192 7466482599
3429 10770517090 3389893277
3430 10588422556 4199392821
3431 9889549252 861540821
3432 8788621837 10000000000
3433 -7878186048 6198108714
3434 5993418358 6772763214
3435 -2798930218 6370123766
3436 9716297355 10000000000
3437 6769173094 5418398317
3438 -2149356243 4413656566
3439 7523935331 7963683351
3440 12628400619 10979195895
3441 -2137628680 328633643
3442 7492439884 11869249958
3443 -5781278055 -3509417530
3444 10588422556 3511587152
3445 -4532923321 3016322229
3446 4712194927 9202119282
3447 4454857392 8178438921
3448 2052741428 4092353364
3449 10000000000 7473945480
3450 10000000000 9847086094
3451 -10906593134 2777785183
3452 10958271531 13405122410
3453 -9034540890 47071540
3454 -3111541388 -1829550767
3455 -2445880240 4209887278
3456 3250573457 -3577731024
3457 -8587141991 7342478748
3458 5180093189 -1178536021
3459 -9793189966 4198451248
3460 -6902246918 2773958672
3461 -1958751736 19257358160
3462 775051934 1594094506
3463 10958271531 1078014748
3464 3196906395 -2816499919
3465 7503972877 4364887485
3466 -12495680485 5659494673
3467 -2909877389 6542551818
3468 10879998263 11410202684
3469 -3643294872 6647779540
3470 -886906642 3153688057
3471 -3775198745 3812884930
3472 10958271531 614836360
3473 13829313166 -4176630430
3474 7890883364 10852757374
3475 16014433937 19386291363
3476 -7878186048 3292889732
3477 -12495680485 -5196657348
3478 -6346108571 3492474822
3479 8030619043 -10946300340
3480 4506452092 8806813356
3481 -7156572425 10228951074
3482 9829953586 2469649258
3483 -4259365271 1993014358
3484 -12495680485 6368290248
3485 5705867675 5828760375
3486 -12495680485 6856784196
3487 -12495680485 2550182655
3488 -3613731219 2277592003
3489 1239344104 2062802517
3490 -6025522270 -11428894339
3491 -7878186048 -5712153325
3492 -12495680485 2226934832
3493 -4313482039 2672268185
3494 -12495680485 2638577501
3495 -5152483255 2528718105
3496 8963947530 10000000000
3497 12717597071 4891875379
3498 -2078758503 446986902
3499 -7878186048 -3620652246
3500 -12495680485 -3217882532
3501 10958271531 1126273273
3502 -3264446271 5804210063
3503 10000000000 7259336404
3504 6719905666 3805282469
3505 12747872413 -798466176
3506 7625362588 8601470352
3507 10000000000 10000000000
3508 -837104237 2957800168
3509 10171702933 4470026283
3510 10588422556 3511587152
3511 1678719967 955914582
3512 454228480 14415556577
3513 10588422556 5319555679
3514 691932377 1665920268
3515 -2160689041 12556938908
3516 3934152633 13829497494
3517 9786161238 9628403610
3518 721559800 -1454235845
3519 -2925525736 3587093784
3520 891420200 1823478958
3521 6440868982 4595000196
3522 6234415507 2377105206
3523 5624927220 5844165737
3524 844527597 1770940391
3525 6178545193 5726004379
3526 6313872079 5726004379
3527 -2730217823 1935424280
3528 1171512591 1255349275
3529 13395074879 4147636576
3530 8191943716 5402189649
3531 9618688285 10000000000
3532 248347858 630777505
3533 3054121880 -2908044156
3534 1044068735 2318852061
3535 1079572146 1342614163
3536 10000000000 8820774975
3537 10000000000 9734060399
3538 10085819001 7841234858
3539 -7878186048 9293723985
3540 -6687018349 5963874675
3541 -12495680485 3335477476
3542 7333627225 7219542250
3543 4635566 8618865145
3544 5614404579 5612173621
3545 5470689988 9948968257
EOF