NAME : 3565
COMMENT : tspgen
TYPE : TSP
DIMENSION : 3565
EDGE_WEIGHT_TYPE : EUC_2D
NODE_COORD_SECTION
1 7034346915 -4363163975
2 -540568534 9136444528
3 -2461438897 9456807590
4 4436104802 539840805
5 9687649302 705826038
6 19071791100 3870211467
7 -1007857186 9872212208
8 -678754854 13584459799
9 -1926383669 7112950970
10 2945070628 541014174
11 -929348412 9947739976
12 3655013563 9017936154
13 9501504044 8010271471
14 7936298900 -9879209926
15 9034202391 -4268834995
16 6634685300 13828605469
17 18900939669 -16456784838
18 6971371867 -4264194170
19 3380575543 -19185610863
20 18900939669 2014007410
21 6787809415 -7352601210
22 2528700580 -4215443965
23 -3282023699 17461853555
24 -1860521617 8030976401
25 18900939669 3071755266
26 18900939669 -4215443965
27 18900939669 -3830845605
28 -4332866572 558955827
29 7851890229 -5858976401
30 3251753240 2407367816
31 7900865805 -3901750777
32 -1293465817 10603171491
33 -644343167 9434714735
34 6757925595 8103854458
35 18900939669 2451356561
36 8095703828 11031206838
37 9457481859 -4215443965
38 8499585090 8525400947
39 18952635329 4339867944
40 18900939669 10391031226
41 3306224445 2323474015
42 7014747882 -4352073767
43 7280443661 -3317827855
44 6085683258 7328112510
45 -122574247 12217935466
46 2619115620 2249322610
47 2323586035 1518282552
48 4433731975 9130694741
49 6645244806 12474843257
50 12068937080 -4215443965
51 3381177191 2311865926
52 3243039178 2521977356
53 18900939669 2544244956
54 650753394 13890163432
55 18900939669 -19185610863
56 197823378 12256290621
57 4948524142 2434584699
58 21712851479 10022487975
59 2778230447 2937935404
60 6087699671 -2683335592
61 3002744907 145036412
62 7560164572 -9038853589
63 7727095157 9172608489
64 18900939669 -4215443965
65 5877199246 7444645247
66 -1827065142 8036031509
67 -1906619664 8535812230
68 19068190232 3424937682
69 5927777439 12920340706
70 3009154118 2858217073
71 -2901862524 7095027430
72 4924976256 3082611504
73 4379978988 390656310
74 7850311410 3170803808
75 6361170096 2910352176
76 3919157164 1220161141
77 18900939669 13868254253
78 2751101159 2271588500
79 -986597056 10872533048
80 18970367999 3832123073
81 -843949212 19951432882
82 -2948601328 2195655316
83 -3560591992 15217581406
84 -2896909912 10838344517
85 10162513767 14550957387
86 11178894883 -2139634268
87 -440228996 9067297910
88 6976745922 -4266269948
89 2958220249 2882033743
90 4794704846 7555074587
91 -654431545 9452874373
92 3089129183 200205629
93 7309866612 7402858712
94 18900939669 13479826395
95 7518900730 10787624488
96 10787719697 -4215443965
97 10362491976 8040802834
98 6544319681 7397578924
99 2447264242 -4215443965
100 3073923485 2741628622
101 8408622691 8317516568
102 6283802118 -4044814273
103 8435646322 17605339451
104 18900939669 2568783554
105 8794356177 1252511150
106 79575542 -4920062208
107 8996471421 -11449733146
108 18758198564 8592279813
109 8076598263 -1630766181
110 3720418172 1577902344
111 9398308661 -12893416094
112 7901730584 2938020737
113 3084597205 812221686
114 6383051212 10352069828
115 4391996428 553706578
116 7770101051 11434420921
117 -3984792858 18586432658
118 3525813498 2080926040
119 10174365843 -14446487702
120 9353470769 2442046678
121 11184332283 593297368
122 11080462167 11101357840
123 6371971893 151901315
124 18900939669 2555716422
125 -1742588560 8520068801
126 18900939669 -4215443965
127 8130848162 -4314125080
128 11484866151 2140909829
129 8332995471 8367483259
130 3574201959 -1465422621
131 -6241997538 19510802929
132 18900939669 510259993
133 3100247135 632196469
134 -2950031735 6826066063
135 -4068223434 6501622960
136 9369288280 -12835339536
137 18900939669 9946657292
138 -1679148033 6851125949
139 7151398946 -1832274726
140 -906925267 7390989588
141 9629076482 13896666176
142 6805807245 9678041200
143 7248131877 2073190166
144 -3884590477 16936702390
145 10275788846 -4215443965
146 18900939669 3294991195
147 -1862717395 6945975039
148 -1155971468 17154847466
149 2037244798 -241564402
150 8617002416 -12839133390
151 7781850380 7416220975
152 7570785463 8646459768
153 18900939669 -4215443965
154 3636832772 7396070910
155 2928276863 2337072325
156 6854758333 11505628653
157 9210316685 7777630236
158 11178894883 11153351576
159 8121349427 2224586842
160 6492473689 -3411951265
161 -1531959152 9766663154
162 9873601323 -19185610863
163 18900939669 -19185610863
164 10757111323 -5431275585
165 9926056844 115394347
166 6674635438 7729272237
167 10044212857 1934001070
168 -1482201103 16534017833
169 11178894883 2512671079
170 10604319703 3170843830
171 -1926454569 7791258365
172 18900939669 4164619689
173 -7651328861 11672434225
174 3517775015 1942671260
175 6062531004 8540506373
176 6754262015 -5620231665
177 5156648223 -532441598
178 7749122800 7757373440
179 -5774735199 1606149838
180 9486244111 -13069395460
181 -360947147 9540316423
182 3454099022 2479810595
183 10011593506 1984695634
184 -1188680309 7754513393
185 15514032774 11590730064
186 6438695059 3181858232
187 4870160930 2946420198
188 18900939669 17947148625
189 7008425455 -3911155443
190 404860779 -19185610863
191 6961530625 7636345796
192 8290509451 -9682432347
193 6451769847 -3338682093
194 18900939669 11860127754
195 8205801404 1412420386
196 10043735276 2829976545
197 7514763132 7496395834
198 7066486473 -4445206098
199 1605665630 2613075955
200 18900939669 3511179224
201 615720249 12694565830
202 -259789288 11212492189
203 11489894394 1239920017
204 7901730584 8397887628
205 -378189612 10081242962
206 5505771969 12342435156
207 2947280409 2969593179
208 21513787545 14935722319
209 7887125088 8261090910
210 7003936095 -19185610863
211 7690943109 9817620291
212 -1894206708 7967260042
213 11203916560 2214920377
214 8804214147 3468214210
215 -11904168004 11554653913
216 3703855179 -4215443965
217 -655529418 9454850605
218 18900939669 -4215443965
219 -3677068844 2384969972
220 6114726466 7681983434
221 -2040525053 8662889733
222 19141521003 2743709425
223 3339399463 -4215443965
224 7161457109 3310246145
225 -1814060211 9878716741
226 1938603081 2798123514
227 19072863607 3778647733
228 -4819553524 7069639874
229 7728138377 -115540519
230 8805145530 146693505
231 11914404920 9569442627
232 3561354824 1864225189
233 3686959286 1918402842
234 9489365096 2123203835
235 11178894883 -19185610863
236 9841419767 3241810553
237 7345729642 -4947859285
238 4006374036 9540756450
239 11178894883 -1474222788
240 18900939669 719881471
241 8962949592 2365779936
242 -2542603545 10731414132
243 11263318512 3391531462
244 5096371280 1079904580
245 6568239268 -3724617423
246 6716645939 -3815473744
247 1820860748 -4215443965
248 11178894883 -4215443965
249 10407130971 13640042926
250 2916631720 1823643301
251 9526624501 -13150206047
252 18900939669 13310635012
253 4731261108 165465485
254 18642650743 9088443030
255 16214486 18516732395
256 8561963355 7741440676
257 -1708222215 6928349840
258 18731631630 8618413202
259 -4359570710 6783973092
260 1146928414 13273207222
261 10995106141 603072860
262 3221292079 3007586111
263 18900939669 -19185610863
264 5660101933 12118914208
265 2889669300 2125106152
266 6533164818 -3485197553
267 4295900988 9263072284
268 -3199437313 6681346113
269 9592471163 -10912689221
270 9693631264 -15223185333
271 10453338763 11908777824
272 3330870562 -4215443965
273 11178894883 -19185610863
274 4611948149 -3735700
275 11042046235 7887518849
276 18900939669 2522593704
277 19195229128 2010029354
278 3437269774 7474258061
279 18900939669 3429701049
280 11106351837 -11717187719
281 -2114528656 6807616172
282 18900939669 11697207819
283 18900939669 2144862565
284 7354736487 -4964072104
285 8406009414 -7823967999
286 -2882534337 14053761630
287 5762117414 -4182711780
288 1634328303 23006620
289 -1133811062 11091587905
290 3462925926 2041402662
291 8962135813 1849621271
292 7625801855 -1816200780
293 -633518906 8864598291
294 18900939669 8554329943
295 9656996598 -15142062720
296 9703232503 2698677715
297 -951632032 9987851726
298 9783164230 2592857882
299 6295470303 7955128993
300 2913495082 7685953849
301 7139217830 3327878485
302 8121004606 1056795101
303 -4570760563 341324528
304 -1969518495 8629825978
305 11027563082 137049416
306 18900939669 -4215443965
307 -1104858645 7952040285
308 6334716504 10771723024
309 -320816787 12074396666
310 19046332814 3718961986
311 6303055800 -7715205178
312 320193307 16225204297
313 6937670660 12633299194
314 7523238918 -5028065010
315 5402241195 -3405283941
316 3980663185 -4215443965
317 7669753425 9131946031
318 6214329401 -3684925669
319 5178062535 -1045938318
320 4316167178 -2266702343
321 5699504163 12419542222
322 6895842345 8203101826
323 9773176314 -4215443965
324 19012940354 4352278641
325 11178894883 2328647368
326 2595128276 2438750349
327 4645453380 -87212313
328 18900939669 -6903784194
329 -733517795 8286007479
330 10150962190 -14399651527
331 8378996585 -12312101010
332 -1918065611 7176345705
333 5829899104 -1707888427
334 -921566062 8884061343
335 2401356317 7513471501
336 8235393017 7750020606
337 4795111261 -2477481044
338 7002085968 -4329281619
339 6645395715 2923719748
340 5140085047 -977576735
341 1016170368 13546432218
342 6422981577 -2423652634
343 3510014441 1956640724
344 2940343170 2982080595
345 4035680395 1010412865
346 19219238586 2166942956
347 9664041247 -9120948697
348 18900939669 4310537115
349 3645860815 1648480922
350 7837544621 8123103203
351 -2250930064 9398861837
352 3982642182 7434985992
353 4953731558 315161089
354 4698054620 7361350482
355 3168961139 -4215443965
356 4225803062 668181524
357 -3398621875 1564421067
358 8336409493 12789480224
359 3356403616 2233148726
360 -675264996 8982470613
361 2141280797 1676734708
362 511769053 -4215443965
363 7914979530 2074597799
364 18900939669 8805568199
365 -2041048612 8413098121
366 3789992529 1452664645
367 -3183502718 7580679067
368 6634855233 -4124579245
369 2672903783 -4215443965
370 9820582145 -9859245753
371 7756175368 2460497687
372 9884746756 -4215443965
373 18900939669 -6725310756
374 -746012593 8934140849
375 -826303669 9762253725
376 18900939669 12910363295
377 6292914601 -7692748835
378 4033071808 2825305500
379 8391112341 -4459309916
380 4880641084 8950827535
381 5323164086 -2800613442
382 8106490583 11496919655
383 6642342894 7429842175
384 3267588631 1898247712
385 -2430853048 16939571489
386 11178894883 -4215443965
387 3834286403 1372933216
388 -1847759608 8395475635
389 2803484802 -4215443965
390 7185558051 9936406088
391 5624500782 -1849551913
392 6536126596 8163672144
393 5551531088 10797836748
394 7692719456 8076877410
395 8401963583 7549039967
396 -1377639639 9320159929
397 -3221052618 2052433486
398 3884902063 1371451694
399 -2975743375 763855676
400 19161544976 1836712875
401 17780403216 13184040378
402 18857014939 8648263218
403 3283212240 2897624005
404 1889909415 -5448729
405 -1728203521 9208416993
406 -4648003718 -989942658
407 7010847091 15045986699
408 14674302628 13241820411
409 -2120777710 6996526437
410 -4207063507 16185302822
411 139653665 12451997794
412 -3159824833 2417001560
413 7423030813 -3030231347
414 8363730803 8026853210
415 11332547501 3672300728
416 -628113937 9673078098
417 18900939669 -12904998567
418 3922611131 1213943810
419 3097767906 7468009127
420 4316886923 1922248028
421 11292913857 3652555599
422 20000075704 9055121554
423 8940274292 -11562603882
424 3273112633 2770154006
425 6969698231 2001890688
426 3635508517 1730744431
427 18900939669 2053199431
428 4897727730 945303107
429 -1809934258 8921013018
430 8954611477 7614501290
431 -2973319745 6590080926
432 11108834596 3581627594
433 5053768679 10550056346
434 176436802 16485322534
435 8222964758 -9719956021
436 11178894883 8136494139
437 6928702476 8034249336
438 7430911858 2406699047
439 4532299684 116470613
440 4017630677 1042903358
441 6949057625 2254925311
442 18750460993 8625716130
443 2724380541 2240903999
444 6959079521 8316526755
445 5728428972 -497529487
446 -4194141628 678809436
447 18900939669 -4215443965
448 7968571076 8271583861
449 11848146997 8822103727
450 3685332251 1641058947
451 8023213437 1174654503
452 1760567537 17668015026
453 708144534 -19185610863
454 7275198816 7372675233
455 8287359751 -4393570083
456 -3536470567 1802405162
457 7326313449 7612293409
458 9578384154 606697127
459 -2341549559 7039993125
460 6290458493 11520041627
461 7733524884 8764162166
462 7232091268 8968639066
463 6574090782 -3558866558
464 2793627798 1857981639
465 3485659447 1550856757
466 2011142339 2627970566
467 8828839578 1810751617
468 19061465825 4251348560
469 11178894883 -940946857
470 5403405474 2882239891
471 7123422632 14898922909
472 -833925210 8952859622
473 5421292896 3149512030
474 8615675582 11950131505
475 6128850783 -2175920803
476 5527460261 10036064048
477 4037626242 1006910233
478 -713411380 9559041346
479 7121786350 -4544748943
480 6724066213 -1415854077
481 4208747693 1032992811
482 3085738308 2662087692
483 -2632881406 8185282434
484 -1392042256 7616365942
485 -316230294 9338004922
486 18900939669 12448472550
487 4618866236 7362904954
488 5995985398 -3892797693
489 7975933032 3207128178
490 18900939669 -19185610863
491 4603024806 278646411
492 11191549904 3596247611
493 3090934938 2711007064
494 -71627173 10228400258
495 -432489360 8997144143
496 3740146664 975052727
497 2103330321 16846627313
498 7807161551 -11045848088
499 11178894883 -808910113
500 4940921729 584111356
501 7866890354 -5885977458
502 -1625959271 9522667685
503 3069950239 -4215443965
504 -954524945 9876073733
505 5264245075 7450854323
506 7767228108 7477294203
507 9091781360 7733621004
508 8036423110 7544488231
509 2834268895 2838874979
510 18445285666 12020521729
511 -4454875566 17249187212
512 528321761 14095833160
513 11353189536 3433706449
514 4556814948 -4215443965
515 5820730437 55248614
516 743440979 12016984666
517 10653558208 -3163978776
518 4789582253 222510840
519 19016699673 4232137339
520 4677898919 622462331
521 18422400335 12598419634
522 18705018983 9662651579
523 12072652196 2820479125
524 11178894883 1969035346
525 5024056491 7978046112
526 3385718134 1532046105
527 4936600270 11320037669
528 18900939669 3235518742
529 6754426805 -4045715888
530 -1821608063 8358460815
531 -2470170412 6884928892
532 8638849556 -19185610863
533 4529799305 9862601740
534 6801149512 7805712022
535 -5792887887 12172723662
536 7059610877 15133580604
537 18900939669 -3811118977
538 8708837111 18096069362
539 9578472138 -8966919558
540 8482144047 12754296562
541 10889445791 -11326744812
542 9662976533 9335876939
543 11178894883 9721659969
544 -553029650 9270345340
545 18900939669 -4215443965
546 7685590464 10244146081
547 6439542777 -19185610863
548 6184697202 8915211704
549 11178894883 -16456784838
550 4096653845 8456426808
551 -932821327 7784663747
552 5638591538 10885635567
553 3002068813 2651508641
554 8391048507 -4291542627
555 -2904010793 6521033551
556 8859561615 11801711834
557 6417603339 8038106062
558 8044954748 -6206503239
559 7923452240 -7598967266
560 14156151206 8130211290
561 4272128271 7135504975
562 7620709630 8696544917
563 10917801167 9289761245
564 4670526011 10011348314
565 7037390250 -4370216439
566 15246433126 8554836203
567 9940630633 7640773182
568 10270752830 12878709579
569 -1273526329 9177298798
570 9691828102 -9955937598
571 4550647960 8721402920
572 2484747063 2139113891
573 758435905 -4215443965
574 18900939669 -9898413955
575 4934809070 8073242848
576 6841277264 7614423052
577 10081785059 2487476550
578 2125768142 19285409395
579 3129033619 2634616296
580 9129845043 -9216149157
581 -3319208412 7308053786
582 -5512143694 18576214843
583 3770175509 9224800418
584 10593791222 2198031829
585 -1602497400 6703245663
586 7928080197 8929146724
587 7289623837 7436994639
588 7901730584 -14185849389
589 11401944452 1913814343
590 18900939669 1227490908
591 7598536286 8069064270
592 11126297887 8053864172
593 5926025674 -2392313435
594 11178894883 2454308925
595 9149998350 11728576297
596 7136872796 8849223233
597 4805954933 -376124005
598 4141086655 820675754
599 7740756603 2345498872
600 -414529064 10747453247
601 6934598943 8106775913
602 2896655485 -4215443965
603 10067976257 1895712074
604 11343118069 3175369973
605 3763622570 2539850698
606 10902408196 9854869646
607 3793450566 7534408186
608 4383173680 384905687
609 -956206253 7691089928
610 -1596255661 6739848814
611 18900939669 3287759176
612 19057961882 3859398837
613 4817838971 -3221415724
614 4209799293 -2324759205
615 11178894883 -16456784838
616 11178894883 3481974024
617 3440997144 2948164155
618 18900939669 -4215443965
619 3218897598 1869523114
620 10819823659 3477008161
621 -2671975399 8048392347
622 6955783776 9395181762
623 -2092533905 8221454517
624 8221493642 8007908623
625 18762055469 8446827524
626 5052551785 7221957119
627 4287410394 760962658
628 8139863111 3205836079
629 11827456677 -19948259007
630 6526798832 -3904619226
631 8862767668 1203704078
632 10114047160 3546535048
633 7101547225 7588056267
634 7901730584 8799866901
635 11178894883 -19185610863
636 6728182129 1021172135
637 18900939669 11716372297
638 -6896163886 12767486280
639 3398408822 2102735755
640 3582483697 1597948508
641 18837956139 9090729200
642 9978067523 -19185610863
643 11178894883 -443347836
644 -3578303464 6863103139
645 7721534275 7531147086
646 225106094 11052728301
647 18900939669 15986144495
648 3431951732 9872766665
649 10065337574 -10567900366
650 14401606068 14945679404
651 19051690758 3531516606
652 7467119079 8204933019
653 1722506226 -615837691
654 6019134528 1841936292
655 -8036345659 11780518886
656 1092093721 -4215443965
657 11178894883 -16456784838
658 2752867121 2661230827
659 3123363042 8095178357
660 6782782631 7830073831
661 4322009335 620877476
662 7140882704 7383163621
663 7622589010 8571693489
664 11178894883 8334373666
665 6573301706 -1445724846
666 19026686381 4331235613
667 5034318264 11337183360
668 38041925 10466362286
669 3084363909 2546054155
670 18900939669 10857391851
671 5184409201 2865603079
672 4756627761 7645327190
673 14316957973 8540022316
674 8107396446 8237383231
675 4019755081 7784556845
676 -2291898516 6832686315
677 4786068031 2848039435
678 4002791994 2447292551
679 7099439208 2128944209
680 7521816659 1982295887
681 -830476657 9769765334
682 11178894883 -4215443965
683 7721464104 -6568258528
684 9041341918 3214466737
685 -1879836494 9622160590
686 -938302608 9963858025
687 -993634522 8454124381
688 4829955774 -419326850
689 5785243787 -521837902
690 8635852895 1955919358
691 84822943 15797388582
692 3022413708 958682685
693 18900939669 802397183
694 5490200789 -3766668858
695 5622613456 -1846154621
696 9621435588 -9044256149
697 -5390346684 11926567333
698 8151520197 8385494789
699 9311427182 433043586
700 18900939669 17558460261
701 11178894883 -1148632924
702 -1923225686 17427370014
703 18973510097 4322056855
704 8017655215 9013002113
705 -1458860560 9681531817
706 3475720963 2018370885
707 8294003305 8093973636
708 9974064205 1942487759
709 6450282847 -1435596962
710 6814614196 3107425225
711 3764775108 2362616644
712 5282379466 -19185610863
713 10996628031 9779689953
714 5515269463 7277186962
715 4034781786 8048457559
716 -1784426136 8398028291
717 7901730584 8026378581
718 11178894883 9178341824
719 -982673732 18324112581
720 7810696764 8433428462
721 10973113303 11823455602
722 3383150496 8236305320
723 4742280267 -1013152774
724 6381365964 -3938041268
725 -2990007630 7285648117
726 7053720527 3190483355
727 -2355037062 9903886218
728 -3341389664 9291858268
729 19058184367 14327555044
730 -62917633 9726254454
731 3681150016 2264448448
732 9693525868 7721364670
733 -1559670695 11082355029
734 5182899769 7594707456
735 260083313 11300983048
736 4025985891 9684310074
737 1581917528 -4215443965
738 -2208767764 6772429218
739 7819596230 10077739118
740 18900939669 11674074780
741 3390671043 243348749
742 18900939669 2783892718
743 10741521256 -4215443965
744 7873704652 9922018618
745 11178894883 9898996136
746 7075555526 10276144605
747 18900939669 -19185610863
748 7803222162 8698594690
749 18961217351 4077965550
750 8815161591 7678002325
751 18900939669 2426414135
752 1289208251 -4215443965
753 7735765118 9299537905
754 8576802672 9880803201
755 18900939669 -9218208772
756 -3335253582 7221688817
757 4207496985 701133478
758 -869486063 9839984428
759 -2325556218 8182324100
760 6436627264 -4637021475
761 -801514791 10098568568
762 6596577118 12934108
763 5659468963 -1796776171
764 8962165872 -7945300744
765 9865639991 11771240544
766 -3991284913 7142009214
767 10993454067 7986460032
768 18931294282 4186189769
769 -457551602 9039539342
770 5479857656 8503794272
771 10923990011 13391828360
772 19023111645 4266659598
773 8202701541 8544031800
774 8983691140 -8196740153
775 7753446945 -4287363401
776 5811658422 -2186446041
777 3116098203 2665711791
778 18900939669 2106545460
779 7941331440 7732962300
780 5298775439 8775000762
781 8901532118 8803224899
782 -818035955 8236385235
783 -1642018208 8582688947
784 9116429039 7857108979
785 -7940539257 7123953864
786 6277245770 -3026178460
787 15445243527 11415422815
788 -2216304222 9387493392
789 8510298146 7492838075
790 6418714332 -19185610863
791 6941201371 265374369
792 13168526270 -20438501764
793 7190622282 8216618278
794 7530181943 -1854342254
795 2942722771 2744501630
796 18900939669 1593253235
797 8100086795 7939231585
798 9419018528 2153890593
799 8295171327 1115773385
800 -1892529447 2492881444
801 11054684073 13340544992
802 11178894883 703351532
803 18822453638 9273234332
804 2920452121 2919180807
805 -1630880515 10332292890
806 1376536107 -5041259528
807 11178894883 -16456784838
808 9513564196 -3103871555
809 2864027044 2231969956
810 11178894883 1304218923
811 13180332752 3236845045
812 19037916371 4127186431
813 8752219658 1866347461
814 6721682981 7524020876
815 3460193669 7520439788
816 10285460043 -16533711754
817 5590441913 7712337048
818 4474879648 8860709549
819 -1462300274 8201902895
820 9427331632 -4215443965
821 6888967507 -4125662118
822 70238091 14112582450
823 3546369857 1891198960
824 7809796812 7653118425
825 8053743575 1683371767
826 6634428188 7933554794
827 10305836520 10846026066
828 11123549857 7718970853
829 9964983934 -7369473
830 9212603302 3502376355
831 11158586451 -8158278623
832 3318785781 2300862914
833 3348232863 2442477479
834 -3050219937 6675193232
835 8567638217 7620618876
836 18675149012 9046144253
837 7054110800 -4422929201
838 6005379089 -542841371
839 -164985180 18357702978
840 9020477042 -11826285219
841 -294184816 9097159642
842 6814763785 7520902740
843 11140061591 9541872340
844 2997663418 2432378022
845 11178894883 8642222604
846 9315837521 8660428536
847 11557166368 3626993212
848 9296445503 -14343670088
849 11343662427 3543827069
850 3361004750 2258502758
851 4486337802 199204548
852 -243098757 11574481176
853 -238531899 -19185610863
854 3899146533 7218929465
855 11869185226 9105732718
856 11178894883 3477719272
857 9074745102 -9246759293
858 18759416666 9983885664
859 18770918459 8750676366
860 -360963059 9484827088
861 -1619377631 6914953394
862 8009471217 3215765501
863 -1203711907 9714635793
864 -5675689664 6499588901
865 4976354346 -682852396
866 7326349378 -4912973735
867 3128520451 7950288993
868 19043311473 3722988288
869 -2341274037 7298195270
870 -305960789 -4215443965
871 3833538269 1497406842
872 11195995114 -12497681957
873 -1288442279 13280044962
874 1913807137 -4215443965
875 9416065480 7719769698
876 3825041389 1389574753
877 3082311505 2726529721
878 4228519824 7692663012
879 6165239350 -2393760538
880 8034167478 8613393905
881 11178894883 -4215443965
882 6743282261 -8690028350
883 7964892061 9535951751
884 5210666950 8889307002
885 3765746710 2453736639
886 8478095229 -11042618737
887 4348106668 448028254
888 3083495362 2724398713
889 18900939669 2304763795
890 4245393702 533523506
891 8131539281 2582966973
892 6802531534 3071988592
893 7553194875 8612225695
894 3299043446 2336400212
895 18900939669 -4215443965
896 -1554963469 7050993894
897 3773534940 1482289217
898 8252064043 7955835564
899 -3085306693 13828584405
900 9727295513 -4215443965
901 -2583497967 8469671001
902 18743138841 8818473344
903 6499544000 -3424678217
904 10798598554 -11163214748
905 5411413426 -1465982858
906 9697586290 10980277092
907 2314775905 2093758576
908 9449221479 8124692808
909 11178894883 -19185610863
910 -872783863 -19185610863
911 -2659063911 6533690467
912 -1753015909 16869930134
913 6992260897 7705311599
914 -2897754302 6734578834
915 18900939669 1631511311
916 -4334174278 19496730742
917 5935817307 13114921341
918 -5271962778 12430596838
919 11626546662 10844746117
920 3421265074 -4215443965
921 7467519182 2901467299
922 2828042200 2740013979
923 23317444446 10494845002
924 18900939669 -19185610863
925 12744202245 12677590754
926 8643919646 17738505677
927 2919660847 8056237783
928 -6016071346 6526416318
929 8091219581 16058541392
930 18900939669 13936225706
931 25040158645 9978566392
932 7732887174 -791201042
933 2407748367 -19185610863
934 3664942986 -4215443965
935 7504093741 7864393160
936 8637904352 13448812732
937 -1787446780 6932117554
938 -2211536658 9200580677
939 18900939669 3494312383
940 7606882394 7423134390
941 18900939669 9972426448
942 4362153433 1314908751
943 6662376200 -914761019
944 9526170105 7846651643
945 3688470171 -1516206487
946 22252230063 10532135725
947 -238506791 9189664011
948 11178894883 -4215443965
949 5623222029 7781152752
950 6540375420 7369342786
951 7324088805 -7583464592
952 10273113291 3127523071
953 8175978153 1881968555
954 6405012288 -3196274002
955 6528115811 9804518918
956 11178894883 2050172466
957 7901730584 1201075737
958 7901730584 2243651698
959 7800460950 8551740764
960 18900939669 -4215443965
961 3079467370 2803194602
962 18900939669 -11971731105
963 9485110551 8105707735
964 3028258303 2929690575
965 11459421210 1787583137
966 8376559679 -6803410498
967 9322897534 -14402244605
968 8267085292 1411339721
969 3598056223 1798160635
970 11520991297 225004649
971 7558090669 7802396243
972 5054154763 1389552880
973 8239891428 2933200650
974 18900939669 3869373514
975 -1694573508 11325187572
976 19089795737 3626316286
977 -2216689678 12821813809
978 11178894883 9782771628
979 3234443427 2944858140
980 15326922827 11113886207
981 3601250440 1930351279
982 6277275826 2889832085
983 -3509099129 8837493316
984 11067359875 8425399279
985 4118928507 2138495151
986 2389010266 7287121135
987 18900939669 9506978506
988 8225639602 7868970814
989 7199702499 7727747709
990 3073502260 2711771153
991 18900939669 10428768994
992 -6826255808 10102236390
993 9620389775 11249816151
994 6767898623 8178771357
995 -631709078 8887966053
996 4162247890 1302999137
997 11888338039 340991888
998 4095170755 1166436037
999 9672535893 972320768
1000 4553544109 -4215443965
1001 -3046032662 1982494354
1002 18900939669 2700841493
1003 -1797327158 11882054750
1004 6855958657 -2650810576
1005 18900939669 -8090410
1006 10980015244 8308852212
1007 18900939669 -19185610863
1008 9240097373 11920754266
1009 8508122710 12870132246
1010 11178894883 -4215443965
1011 3112678742 2631575377
1012 -997583779 10070567418
1013 8379610039 7494425178
1014 12717893650 3831779854
1015 -931393284 8843239584
1016 12658311272 -1680357776
1017 18900939669 10143938824
1018 3421251901 8598032394
1019 7718036726 8131849513
1020 9242809528 -9153393043
1021 11178894883 8663250742
1022 6675322530 -3484310891
1023 19259856885 9162961575
1024 -4820346269 11578008704
1025 7575557311 -10532991182
1026 9578472138 -8966919558
1027 18900939669 -23851034
1028 6783654419 9356075796
1029 2835422728 2136786830
1030 1362172279 19456662319
1031 -9176078592 8862997393
1032 8514366042 8040748966
1033 18900939669 3051745890
1034 11178894883 7881551682
1035 3390424941 1934591103
1036 -1605469287 6688304842
1037 2489407034 16319240693
1038 -478814411 9136753796
1039 -4408979774 16684132814
1040 11122868923 -5979570872
1041 1036068723 15053289095
1042 11178894883 3470446693
1043 3042506193 1659559293
1044 10307814157 8125878940
1045 -1635814949 6775544188
1046 -673333867 9486899602
1047 12758972936 3092573257
1048 9586000266 7603245081
1049 -2926031904 6990142491
1050 2936988045 2988120006
1051 7304827662 7925753572
1052 18900939669 16125513889
1053 142811421 19730130421
1054 8401898518 8123843583
1055 18900939669 9017550049
1056 -2330225179 7054692051
1057 9932704116 1389610168
1058 3527530071 1925111619
1059 3117567198 1852979902
1060 7968183392 -9918716911
1061 7064846914 7610129423
1062 3519818271 -4215443965
1063 758406928 12836141808
1064 18900939669 10941653328
1065 1860383830 -4215443965
1066 -3524118055 1668499682
1067 6229223352 -2761827917
1068 5845162623 -4057234164
1069 1663511209 19389080532
1070 11177824943 8415719731
1071 4005870360 -4215443965
1072 3135492466 -659165717
1073 8756599515 -9423501398
1074 10038685762 2821895860
1075 9258252577 163687111
1076 9063981923 10949668025
1077 -1561900393 6780472746
1078 7603476384 9481743079
1079 -109958844 18218482487
1080 -279543759 9378832519
1081 19074365875 3633155571
1082 1256570250 19480345863
1083 13933988914 8878590142
1084 7522107546 7707722306
1085 9915924172 2776806857
1086 8605681081 8035772820
1087 7256720307 2485391728
1088 18900939669 3425308834
1089 7017983786 -4233361875
1090 7124236025 2950363929
1091 8272238767 9473393783
1092 237843395 10381234932
1093 7900914056 7636819341
1094 6282944776 -3562246096
1095 2510378539 -4215443965
1096 9446437844 -8729250508
1097 1329722769 20439680925
1098 11246442497 -19185610863
1099 8922964252 -8840060087
1100 5794050538 9769414430
1101 10559295920 11309034548
1102 18900939669 8828634943
1103 11178894883 -16456784838
1104 16090818962 15384152149
1105 3507583408 -4215443965
1106 -2634133388 13016447443
1107 7627130371 -10647192890
1108 18705192398 9001896472
1109 10358032784 -19185610863
1110 18946855225 4219445412
1111 4942088382 -621171761
1112 8582628790 10946714071
1113 5864475026 -2281518856
1114 9634347291 3010208531
1115 14211145785 9721745211
1116 3101984285 2523009653
1117 -2245865281 7216928532
1118 -2496233615 6595453245
1119 7805400324 12167028771
1120 7533690528 7427403836
1121 9167754559 1290188326
1122 5389854630 12134213988
1123 4256880889 612239712
1124 393261112 10926706633
1125 7834021629 8149117974
1126 11178894883 2042059303
1127 3787785979 1443925161
1128 3001597444 1995851381
1129 18687756889 9562962443
1130 14502286678 9012326733
1131 7054035554 7534791637
1132 4473459567 7548850940
1133 4958241721 61798022
1134 4525658747 7714328117
1135 2958963952 2948562154
1136 -378292171 9178233120
1137 11178894883 -1073257214
1138 6976837753 2757728875
1139 9891179727 3026195568
1140 -8087808444 20538523643
1141 8746395612 9917523583
1142 -2048162339 11961667070
1143 6710672589 1557019050
1144 3810795852 1612239710
1145 -1829897387 7250585861
1146 3710825624 -1731287050
1147 7901730584 -19185610863
1148 8303283274 7783872377
1149 4878766478 8057517241
1150 7867183529 -7581659061
1151 3033600919 2939747381
1152 2830501381 -19185610863
1153 6417084082 -1699861160
1154 10775157541 12131859755
1155 3109626917 1343430840
1156 18900939669 -4215443965
1157 8342428258 -9292771155
1158 3382539150 2221011951
1159 1610103266 17033336083
1160 7901730584 8266477636
1161 18599854631 10605389610
1162 7901730584 8875908380
1163 9453087657 7975606532
1164 10396618289 -16779856963
1165 18900939669 9268946152
1166 -181434000 17022913115
1167 18900939669 8621291896
1168 7247839174 8426252522
1169 29559004630 4859517120
1170 -2324918206 7978183441
1171 3616001665 8947859468
1172 2973502519 2922391928
1173 8162787685 1200877831
1174 7778019106 -156700726
1175 6439360197 11805813455
1176 -3778309706 6651289950
1177 6136730626 -825712498
1178 -1652719617 7304703378
1179 -4688883767 11497618605
1180 5098686044 7547336317
1181 3027618776 2119155403
1182 7499974594 11401221611
1183 9522489787 8142606130
1184 1062067891 13900214468
1185 -458645784 9771929778
1186 11178894883 -19185610863
1187 -1563107474 15418516528
1188 7004832549 15035182836
1189 1371048693 13998537291
1190 5471003006 993401584
1191 7278680588 7479163993
1192 11178894883 -4215443965
1193 7961008453 3217269801
1194 7171100077 -19185610863
1195 9826014548 -11643276430
1196 18900939669 -4215443965
1197 3295281282 8371752620
1198 3692092331 -19185610863
1199 9578472138 -8966919558
1200 9473995466 572511006
1201 -2733939855 1808269721
1202 2986362626 2329859668
1203 5746329614 7332443423
1204 7334103895 -4827221854
1205 799714633 -4215443965
1206 18900939669 836173968
1207 3553569567 8780932992
1208 18758956711 8847789436
1209 -1608738471 9816669496
1210 24430558741 15458085651
1211 7234399673 7981055748
1212 9436157362 2502426444
1213 6432647665 7732655729
1214 -2094485242 7103549421
1215 7644330418 -19185610863
1216 1813605542 -4215443965
1217 -3417137370 6925110857
1218 7719378864 7840338475
1219 -4559022565 16481354675
1220 6178998026 12343209430
1221 7931657035 7767232427
1222 1569596282 154444386
1223 9144262296 8604369796
1224 7892648070 7486181147
1225 6385028860 -3218544616
1226 5236867060 10614121742
1227 11178894883 9629810054
1228 2806285502 1671194880
1229 -95641961 18666895919
1230 11178894883 -16456784838
1231 3765920782 1557929403
1232 8927319825 -7841002820
1233 18900939669 -11111688550
1234 7425533906 7660971541
1235 -2004209776 8074961558
1236 3985064265 870899527
1237 -2388256104 7230341744
1238 12017846616 -19185610863
1239 12544829032 12220745201
1240 9644981231 -15115456282
1241 3042018333 2799059664
1242 3285651714 -19185610863
1243 11036489958 8259201371
1244 7066254715 2899462967
1245 5022659007 11413066684
1246 18704886088 8773387423
1247 -2502589431 1857856202
1248 -2123820171 6692166710
1249 11178894883 -17209343671
1250 3663600352 1896991248
1251 6253305005 2848879774
1252 -5658578951 6436992338
1253 5229733344 334871979
1254 -3552486581 262570748
1255 3529761971 -4215443965
1256 -820948838 10059233127
1257 11266887253 3460773089
1258 18900939669 13154724188
1259 -2005008570 8287485562
1260 3731468037 1685261949
1261 11121003646 7748953058
1262 3125426835 2129172632
1263 18900939669 12352443624
1264 6632510964 2448824852
1265 7234133706 15447074234
1266 9500503967 8574757688
1267 7287088576 11471753044
1268 8869133233 1381551146
1269 18700739616 9034481620
1270 3326255331 2355952380
1271 6913886941 -4183959789
1272 6994313831 7532202068
1273 11237720384 3354975429
1274 4030170878 -2105857787
1275 -1128955624 10307044023
1276 3242170033 1921792685
1277 -975115561 9513864693
1278 5327373712 -205877828
1279 2725110446 19150993893
1280 10957117909 9631646577
1281 18900939669 237637604
1282 18900939669 1184109933
1283 1448645348 13978383626
1284 3960931489 1068689095
1285 3150182518 2604358135
1286 11178894883 -977116748
1287 9777930095 2918481481
1288 1875996930 -1680753613
1289 18900939669 8708736679
1290 7919483160 10452869621
1291 3423607014 -19185610863
1292 9528658263 -13154276079
1293 -2395384240 9408720402
1294 8074953054 7691299647
1295 -2873586538 11839092433
1296 3746967298 1746824403
1297 18900939669 2137969844
1298 18900939669 13163861119
1299 11437875112 1963941658
1300 4103690764 329573225
1301 -1609487768 13537749169
1302 3665955545 1675938091
1303 6607326702 2428008499
1304 -2652658759 1254708674
1305 1859158146 -4215443965
1306 11178894883 -16456784838
1307 7588695289 7532819081
1308 11949716556 -13960401341
1309 11178894883 -16456784838
1310 2220424693 -19185610863
1311 10116935136 -4215443965
1312 19140823411 3163285344
1313 -494027698 -19185610863
1314 3018129099 2869666020
1315 18900939669 10172220912
1316 6170288606 12598087258
1317 3781776552 2023845595
1318 6717522721 -1760712893
1319 11028321908 8165773166
1320 18900939669 13054305154
1321 6775752053 -4193612140
1322 18900939669 -19185610863
1323 18788455254 8465722231
1324 11178894883 8765184613
1325 722305823 -4215443965
1326 8417151306 -12396589584
1327 -1728011336 7545905782
1328 3351745359 2630337614
1329 1828923816 -4215443965
1330 5444891710 7663810170
1331 11318438145 3183346624
1332 8937486632 3475036457
1333 -2335949632 6773465684
1334 5676476624 3128021220
1335 4103621709 1906765252
1336 11178894883 -16456784838
1337 11346997549 3363675464
1338 7124609727 8815718056
1339 14400405488 13173985641
1340 18900939669 -4215443965
1341 18834322805 8775912504
1342 2922714139 2857975870
1343 18900939669 13933906973
1344 9855242619 -9745735276
1345 -551032228 11245698690
1346 11612986992 -17325504496
1347 19007721623 4254732653
1348 6283061798 -3034998252
1349 1788957574 -4215443965
1350 4856184795 8227608116
1351 8070745114 8214273701
1352 10576070642 10754865192
1353 3495976003 1423627296
1354 18900939669 565897335
1355 2569801545 -4215443965
1356 3088511521 8000334145
1357 -136969521 9496685546
1358 18900939669 -108134935
1359 4032759151 7170440403
1360 3888635931 1565689692
1361 19170641204 2666362247
1362 -3683732352 1741614890
1363 7655801676 -1151225239
1364 3338764923 2036304387
1365 1648725192 11034271949
1366 5260828384 8517522819
1367 18570962098 10399090903
1368 12952224937 10325676986
1369 1706823859 -348662652
1370 -2366932151 7731278482
1371 3514196045 239444877
1372 11178894883 -4215443965
1373 7289175569 3149788606
1374 8839357002 3333683111
1375 3333492280 1822100601
1376 -186968372 9977218835
1377 6515112642 -3913331175
1378 19118417470 2809852000
1379 9887820332 2312744768
1380 -345268045 16046003367
1381 9917558459 2941801734
1382 8117255282 -4468799025
1383 5323453435 -3324776240
1384 4313790966 2731025557
1385 8701999119 9230768716
1386 6671862174 9210983688
1387 7333962788 8835866655
1388 11143536326 -11784121861
1389 19168792997 2756562341
1390 9808858509 1365638677
1391 7893968758 8374498829
1392 5051316207 2093052827
1393 -2011116530 6575775061
1394 4546526332 1326825226
1395 4548909185 392937177
1396 7287619037 9603027408
1397 7691353558 8097806441
1398 8531277319 7586208545
1399 -910719803 9976039864
1400 9736481306 -10057459425
1401 4438626683 9533275736
1402 3067402081 2830490768
1403 6776576088 9522578578
1404 11178894883 -16456784838
1405 7233184386 -4498407794
1406 2894713950 2600496703
1407 1183827209 13279256270
1408 18900939669 3163421917
1409 5253023443 -288635070
1410 -218180350 -4215443965
1411 9156288717 -14033311453
1412 -487621589 10169852033
1413 2085867508 -4215443965
1414 3526644800 2264562070
1415 5466123012 -9383456
1416 -2411226789 7107432131
1417 9019274066 -7960332026
1418 18900939669 -4215443965
1419 -3108298642 1504499895
1420 5908624058 13066074377
1421 7857293915 9701010179
1422 8241674887 1319053493
1423 7437681557 3294802822
1424 -1665908615 17343583916
1425 3183875059 2470951146
1426 3999372317 1075769419
1427 510633169 -4215443965
1428 3019630677 2839358687
1429 18900939669 2563885385
1430 -5273309134 17767110099
1431 18900939669 3187622453
1432 8365329263 9237699216
1433 1832541010 8825757324
1434 4640865489 9405254790
1435 5794192857 -2155007055
1436 3349476476 -763395059
1437 3786883246 8966107255
1438 -767293657 10139894511
1439 5368743516 12096292303
1440 18649409663 10052311828
1441 3232711607 2300166377
1442 -2717603163 6522304067
1443 5252726693 7486795974
1444 -3912816664 6474433269
1445 5787328937 8755929928
1446 10902279574 -17899576885
1447 7422874530 7501052468
1448 -3127784687 1782058426
1449 4976241677 346606685
1450 6692545005 -3065034758
1451 18900939669 9015183847
1452 -2218336996 7080451137
1453 5238877023 8318126433
1454 5067918439 -896283827
1455 7054778314 -4424130764
1456 1119266181 13442339762
1457 22702003794 4093139878
1458 -6490603321 10554958338
1459 -4041397510 13812032892
1460 3013249253 -112366710
1461 -2873812359 6893178132
1462 4162130019 782796532
1463 -3124684988 7571751525
1464 7984664740 8563506994
1465 18900939669 -1868514611
1466 8921102513 -19185610863
1467 6030760186 -4012270694
1468 5530291955 2673712644
1469 9851380485 7682925355
1470 -2139357061 6720598018
1471 7572179494 16054302537
1472 5349384292 8611697185
1473 9125998019 1366590374
1474 -1446730220 7986525009
1475 7438114434 7570742422
1476 9102002159 8428424407
1477 5656175391 -1630506913
1478 8983414565 17943211283
1479 7901730584 2714971686
1480 -833170069 9774613627
1481 7889214337 7525870499
1482 3342732169 8277421794
1483 2516503928 -912246073
1484 11299082376 3494121652
1485 3510840601 -4215443965
1486 -369220832 9598475097
1487 11178894883 -4215443965
1488 2674140400 2518797086
1489 9040539449 8607857633
1490 7350321302 7592876480
1491 8826674518 7775402746
1492 5486405285 11222593029
1493 -385478478 8808550186
1494 2997154367 7355580768
1495 6888825246 8010697240
1496 18900939669 1387834500
1497 4420349605 317986962
1498 1113399691 -19185610863
1499 9918968004 3477520754
1500 19032595141 3893752980
1501 18900939669 17615353908
1502 5286607220 -347265437
1503 -2355347535 7701888521
1504 18900939669 338141482
1505 8925154229 -4985252884
1506 11178894883 -1600912009
1507 12409624030 -18919761202
1508 1657845702 -383282638
1509 6898979912 7656411404
1510 18900939669 1827265959
1511 3951087101 7605623735
1512 8699308371 3416614685
1513 6680484380 -3750380931
1514 7009074882 -4341862053
1515 7960153906 8754152660
1516 11178894883 3172518012
1517 1816293825 -1825792328
1518 11178894883 1727956632
1519 6652232941 -8488411695
1520 3015176886 7868603865
1521 -3997633087 9245201170
1522 7322000307 2939773373
1523 2979464861 2780803411
1524 7761033727 9007466642
1525 6553436110 7546025691
1526 2636625203 7188615226
1527 7885953053 11063500332
1528 776273752 -4215443965
1529 6391668441 7954195933
1530 -617721998 9386795154
1531 -687317953 10476897428
1532 18900939669 58832264
1533 3059709756 -4215443965
1534 18900939669 16169041091
1535 7130506240 9959080641
1536 3050449061 2026648032
1537 1736690315 -340732583
1538 11123503487 7929306471
1539 4632523560 -63937919
1540 3018858556 2855194941
1541 11068383864 -16235626489
1542 4250178979 9153038232
1543 8436725006 -6911711423
1544 12532215685 11686888886
1545 -3395403195 6537932632
1546 5693406343 -19185610863
1547 1074920861 12750578970
1548 10104894811 -9914509553
1549 18900939669 3058877704
1550 10253343553 -5055870667
1551 -592928960 14029717357
1552 13385153519 -16269968168
1553 9625501721 2830486032
1554 -181506637 9514896449
1555 5300567269 107784595
1556 7861783865 1517920761
1557 770178756 -2482410095
1558 -1010135722 8930105317
1559 -799221850 17719506387
1560 3159261054 2403102321
1561 -3573220395 14706856118
1562 9120795903 17866730687
1563 18900939669 2174083159
1564 11178894883 2181424300
1565 2824519851 2397182546
1566 8769890494 3016626681
1567 -2309769517 8322072101
1568 8027851005 8607681337
1569 9560549316 -13218097523
1570 3269160317 19321627263
1571 -3053994781 7250895383
1572 -540631760 9244287947
1573 -1527565194 11024563347
1574 -3144526627 7280765388
1575 7901730584 7915463006
1576 6930521325 10864337134
1577 18900939669 11158467411
1578 8048236070 2083638853
1579 3112120971 1358876003
1580 -749997408 9506911334
1581 -4004526081 2281867122
1582 -2497717501 8153659780
1583 11178894883 -16456784838
1584 18805734439 8481644372
1585 5400735588 -723765392
1586 13765188928 10075773132
1587 7998145159 2489268858
1588 8736994719 7510592960
1589 -5244685119 6723479655
1590 2946952569 2970183309
1591 -968332293 8043472430
1592 9122361128 -13958183304
1593 2856930022 2810563947
1594 10565045559 12003217000
1595 7901730584 -11041454631
1596 4643004931 772513717
1597 18900939669 566233172
1598 7775571742 8860265513
1599 3678817369 -4215443965
1600 -3501885923 6790899247
1601 11178894883 8855202959
1602 3029908643 2815238737
1603 -725957642 9581625314
1604 -3499290914 14573778954
1605 -2996970353 8289988681
1606 4004411439 1066698720
1607 7002628795 8882180729
1608 -185605594 11702081183
1609 1614162272 -4215443965
1610 18659256415 10103588194
1611 3045853517 2907074621
1612 -2596101925 6545689745
1613 2811725466 2867839080
1614 6462185203 -2437440995
1615 9385359874 -19185610863
1616 8924171110 -4293741140
1617 8544262187 7772739418
1618 -473469590 9412201874
1619 4479194603 212062703
1620 4212448854 7194313618
1621 7027894365 -4270211205
1622 -4315598509 17705062366
1623 2315605160 7630633862
1624 3788722841 -526568090
1625 2963115093 1592695113
1626 3597432590 8914504022
1627 3586741371 1818527998
1628 7675842910 3094272201
1629 7965445567 2387516803
1630 3747457580 -19185610863
1631 7150005334 -4595544679
1632 -3365461807 1849342960
1633 4561680115 63584209
1634 4053570391 1482703659
1635 9711194228 13867720314
1636 7917866396 8106806574
1637 -862512731 10027853347
1638 853637246 -4215443965
1639 4435784073 7607892920
1640 9372545268 152976845
1641 3425197052 1647253343
1642 -1576152111 9310228891
1643 -2034142353 6837354125
1644 4588535199 15243569
1645 6692703417 -3788317572
1646 4168534254 1321644065
1647 6600996123 7465183630
1648 11178894883 7850689773
1649 3154137610 2935610287
1650 8715519794 7535875104
1651 9945743020 -4215443965
1652 8559260754 1874399371
1653 -457011933 18063768396
1654 -3156471017 7509865258
1655 9862447266 3138925738
1656 3985388511 2167516242
1657 6853387744 7653425333
1658 -3804550901 7698136764
1659 3003667401 2868093467
1660 11133055593 8064763987
1661 5213774970 11817923839
1662 6967754778 3238332744
1663 4928185511 8249188040
1664 7487164465 1554412210
1665 -379957418 10442452835
1666 5495077384 -19185610863
1667 945621855 12806105304
1668 3535179378 1911342444
1669 -4262645462 2128613043
1670 3915017062 -19185610863
1671 8657714423 7642376164
1672 10561141165 11402038210
1673 -5347650224 17900928182
1674 5156559311 7631557982
1675 381463435 17532963873
1676 9078259088 3204144026
1677 3437550196 304839091
1678 11178894883 -4215443965
1679 7146441527 10154309082
1680 18996950254 4325822343
1681 13272844392 3603042227
1682 -2672124455 7039770845
1683 11178894883 3700217566
1684 -451667777 11801110830
1685 -1805019381 7986481007
1686 11183910933 1942781679
1687 -1286588452 9243466369
1688 -2667661996 6663540506
1689 18900939669 -5086163287
1690 7901730584 7543018365
1691 7901730584 -19185610863
1692 9734361559 7614377137
1693 8868062501 3377248804
1694 7213596899 8028760214
1695 2876740235 2423603358
1696 2886104439 7636752307
1697 189157016 12426878799
1698 5234118048 1523462821
1699 -871823696 10760651559
1700 3439411481 -4215443965
1701 18900939669 8685400863
1702 -972571652 7885632722
1703 10171316873 2553032608
1704 18900939669 -4215443965
1705 18900939669 -6152155507
1706 3313365042 705853579
1707 18900939669 -4215443965
1708 -1099829279 10254614987
1709 -908869816 9910877367
1710 18900939669 431226727
1711 6525723983 3102815288
1712 506272745 13950479701
1713 7506590655 -1880064223
1714 11178894883 -4215443965
1715 9607090745 2135397158
1716 5670017526 1949274851
1717 7216404996 -380236867
1718 11178894883 1712171176
1719 3120988037 1916926952
1720 3881842868 1405451172
1721 4975547396 11093188279
1722 7879577507 1562989545
1723 -852190396 9808851269
1724 10501086718 -10627676951
1725 10993025167 3225952085
1726 9683066697 -15199791499
1727 6861194581 2846758299
1728 3809178955 1418128014
1729 18900939669 2543316578
1730 -2611661901 7073553085
1731 4994032460 7384508332
1732 18900939669 -12787705709
1733 7901730584 3271130600
1734 4943658081 79719333
1735 18900939669 -4215443965
1736 -754903348 9538352579
1737 5089240847 84139288
1738 6531113191 -3854690444
1739 9628580173 -9352802325
1740 9620631292 1711919561
1741 -4912518561 12544877336
1742 2159034290 -4215443965
1743 -1399175285 9802635235
1744 -578331879 8675841030
1745 19066721004 3989459368
1746 6043608135 -4822271753
1747 296643540 -4215443965
1748 10230930497 2916576717
1749 18900939669 9118001348
1750 6766713821 8197822874
1751 2260774272 16969530591
1752 -650682176 9594933804
1753 7901730584 8275543374
1754 7520718240 -4661130723
1755 3103283168 2688779565
1756 18900939669 15868681270
1757 9596064812 13912896231
1758 -3111750815 13876185291
1759 1099225310 15046744637
1760 393806479 -4215443965
1761 11178894883 -4215443965
1762 3884292157 1767182687
1763 19044704838 4275500827
1764 -4744389356 2168718595
1765 9089702660 -9167065452
1766 10356262826 7848118427
1767 6907177872 10474942793
1768 28654602930 4096079509
1769 -3642486218 2276043784
1770 -2043603015 9008508117
1771 3268901792 2384116132
1772 1718645335 -4215443965
1773 3508238812 2839401430
1774 -950566528 9963772261
1775 -2348610418 8249936398
1776 6648920306 8685705328
1777 11364933423 2711765913
1778 -2753179499 11776168700
1779 3219108274 2480287952
1780 4101027307 892784800
1781 5907504732 -3945770431
1782 -2680324091 6904011639
1783 -155490929 19797031189
1784 -1835847574 7694450316
1785 -2190636054 16577052158
1786 -4186899786 1060317800
1787 7897881206 -4874189588
1788 4818324538 7808091538
1789 18900939669 20012396987
1790 5744934974 8669606213
1791 18714340749 9241492727
1792 11178894883 -4215443965
1793 8479738982 17684542659
1794 7163703028 -19185610863
1795 -2055422863 6595514724
1796 4890812730 7681265317
1797 11178894883 7916832804
1798 18900939669 1915151670
1799 6086574876 -1789274652
1800 6269801509 8086828329
1801 8304777947 8731671887
1802 2921546652 2706089569
1803 18900939669 10119146427
1804 3955235557 1155218033
1805 8179284545 1748707204
1806 7839555219 -840945489
1807 4355128358 8502750929
1808 5986618610 -4143521976
1809 3121085685 2656734047
1810 -5959227255 13171642054
1811 126498466 12660908453
1812 11178894883 1734310069
1813 3959079580 10870247
1814 4648644439 2302101627
1815 18900939669 2472801378
1816 7753071026 7470253080
1817 5120386459 -725904026
1818 18900939669 8813765980
1819 11637047133 9582023649
1820 11178894883 2337835892
1821 2811966031 2741391623
1822 8487464723 12778020803
1823 8417580307 7618047110
1824 9543671988 -474961442
1825 -1457302916 11013616507
1826 4885403016 11228072549
1827 -5689889707 1968144540
1828 6763844752 7388952195
1829 11178894883 -4215443965
1830 -1642114575 6709810048
1831 7874063140 12123348148
1832 9505153666 -8834942243
1833 -2449493744 7034474424
1834 6064677681 -4213747465
1835 3983617489 -4215443965
1836 8144642009 7607072367
1837 7675657316 8061423277
1838 7423313155 -2223667093
1839 2941377925 2505749462
1840 18900939669 9036446449
1841 12247378565 3265763822
1842 3079993814 2730701693
1843 -1619689825 10015952426
1844 18900939669 541587281
1845 11178894883 8519859206
1846 14046639558 8809750742
1847 18900939669 2269056749
1848 18705420687 8980591656
1849 1347045155 2785394998
1850 3032007184 2817080287
1851 7261681016 -4571016107
1852 1774878546 -1006341852
1853 8712962188 7850303005
1854 9903963504 -4215443965
1855 2270084079 -488850743
1856 18900939669 -10017549780
1857 6041119794 -3769762180
1858 20101697280 14585996803
1859 4845716103 11156783339
1860 19270857463 1745383110
1861 6308552232 7291271913
1862 -4753244908 11503650423
1863 2849828051 -4215443965
1864 6763027399 9035055079
1865 4970825822 9040096821
1866 12564841695 9569573751
1867 5709098751 -19185610863
1868 -1611857278 -19185610863
1869 6719354123 2885333942
1870 6546119419 8013722633
1871 6324312608 9964058456
1872 3832277885 1755725534
1873 4195491236 7148832937
1874 9098837511 9377556516
1875 7901730584 7638129961
1876 8896176137 2676829774
1877 -1941887759 368255298
1878 7238205635 -4754310110
1879 3233881576 2140062277
1880 18900939669 1115062187
1881 7396758224 7881795317
1882 -2091146434 9706349605
1883 -1039490297 8399379916
1884 5142418666 7308188761
1885 7445467456 3111979174
1886 18900939669 699341856
1887 3451742007 2820416721
1888 9126608743 7683451700
1889 9861548597 11107019584
1890 7840797756 2615189454
1891 3377672936 2165259330
1892 7175984125 -4642307943
1893 9741852430 136733739
1894 18900939669 1566805545
1895 19015202371 3879897195
1896 3844089195 7461262041
1897 7901730584 10259761373
1898 3198850512 9099255298
1899 15788348123 13517730632
1900 11393376399 1089365968
1901 2961597419 2945332804
1902 3989364561 1465715664
1903 5665847199 10993572475
1904 11319179647 2117814070
1905 6572413018 2771914210
1906 3700881937 -4215443965
1907 1322679600 14005942523
1908 3755826355 9897385754
1909 6240187106 2854604787
1910 11178894883 9835931903
1911 19058291207 3098668812
1912 3944671554 -4215443965
1913 5032993504 9309560996
1914 3220534715 -4215443965
1915 642782715 17050985614
1916 7970795814 3266428112
1917 18900939669 9964352457
1918 -2723695941 7233395082
1919 7509500259 7917186691
1920 1721802596 -4215443965
1921 21516973320 14936511324
1922 8677470720 11076015723
1923 11884475461 -17868816307
1924 8872889679 -8000373155
1925 65920317 11416626764
1926 3296270717 2335697891
1927 1223807461 2708701167
1928 18900939669 8701359138
1929 7185110966 2826568712
1930 -1233197046 20038730145
1931 5553487043 -1642335460
1932 3502999649 2035830410
1933 9500609479 -4030670367
1934 18900939669 12817707743
1935 -4729202037 16787687160
1936 18729388223 8747254181
1937 -1217701673 7073556898
1938 -1215146790 9114015332
1939 4858141381 -47931828
1940 18900939669 1223927894
1941 18900939669 -13360769763
1942 18900939669 -1954088264
1943 7317560685 8329966643
1944 3734231211 7583476079
1945 5921330425 7614204430
1946 -2635781460 17576561259
1947 3738081026 9167149415
1948 3509754025 1999485838
1949 6966576060 -1100607451
1950 -3097542360 1765127109
1951 4102428778 309264645
1952 5869779225 11455487189
1953 7005763147 -4234494508
1954 11016061087 -4215443965
1955 -885673868 9870997611
1956 7980517738 2804414359
1957 7821072533 7614722547
1958 3025706140 2735863680
1959 -2338835171 1315101184
1960 4498651518 -4215443965
1961 5970292417 -885260001
1962 7805646622 -19185610863
1963 3092388535 2856943112
1964 9453532332 7568161980
1965 5026867942 -673006065
1966 9514493981 -4215443965
1967 2678547846 2511306224
1968 19063714540 4250260135
1969 10039809730 1958042966
1970 18943905110 3988862779
1971 3370480852 2207808920
1972 7165929795 -4624209591
1973 7048844516 3341459713
1974 7703597432 1360374209
1975 -2122772014 8209189981
1976 18900939669 3036086605
1977 8153413586 11288527600
1978 -647993596 10018635197
1979 18582969074 10514125713
1980 4977434267 -684796313
1981 968256679 20958739469
1982 13170148294 -22921471702
1983 18900939669 -10111636753
1984 11624976256 -19185610863
1985 8041992812 -9820492894
1986 11178894883 -4215443965
1987 18900939669 -4215443965
1988 14638274677 9358887901
1989 9190849470 1417892319
1990 -171180926 10526582022
1991 5661290080 8730327335
1992 7588832608 1919901872
1993 2333408219 7157298192
1994 3023741645 2849231550
1995 -729595973 10854937831
1996 7364164433 2815491615
1997 2577420388 16668807147
1998 -189586660 11353087080
1999 3865581163 1713645785
2000 7901730584 -24710674643
2001 5473797046 -5878921533
2002 10036012905 -15981344116
2003 7525074356 7763491203
2004 4198893576 7561075963
2005 3810621291 1520322360
2006 2901341264 1578700070
2007 4316046550 505738242
2008 2961513869 1960334855
2009 5310591965 8589905517
2010 3015956463 2837121601
2011 7865988833 1479233825
2012 11178894883 3585305858
2013 4162840182 7357994257
2014 2992819631 2887620056
2015 8151752640 1246252325
2016 3979796420 1111007118
2017 3410948358 2134965166
2018 18900939669 11458861281
2019 10403026128 11130601255
2020 18900939669 12213071412
2021 7342961351 14900383041
2022 5806789698 -1589613048
2023 -5036991778 7704022393
2024 10952461749 9397394483
2025 3772352382 1476453957
2026 8307645060 7758641910
2027 1467782363 2593971772
2028 7231361875 -1528897422
2029 -3040418272 -654974131
2030 9186368795 10276366251
2031 19096607537 2572531239
2032 7997669678 8494963202
2033 3367709363 -4215443965
2034 5491087862 8156763195
2035 7420068192 -5081672795
2036 -3419131509 7485382576
2037 14960491272 10180046832
2038 8621351130 8835343542
2039 13063537749 -4215443965
2040 1817667215 7495055953
2041 -9130659132 7370246528
2042 -1600783523 9622942393
2043 18956020323 4181429914
2044 -2900981960 6577113103
2045 18900939669 2800077419
2046 7895982846 7447635609
2047 19048974564 3530897730
2048 13993743107 13073269550
2049 18900939669 12141948637
2050 -1934065797 9324092803
2051 -1495341162 7599230994
2052 -561211526 11106281033
2053 2073910759 -19185610863
2054 4786953364 1963942870
2055 4989611001 128241358
2056 11178894883 -16456784838
2057 7676167729 -6468518856
2058 5457627898 12255954438
2059 12355898551 -18812243973
2060 8143549191 -6383978702
2061 2915630011 -4215443965
2062 50245467 14111914233
2063 -2964567078 7697066857
2064 18900939669 9178831620
2065 7540311150 11178430921
2066 6425445559 -3291296916
2067 11178894883 -4215443965
2068 8582426391 3380519428
2069 8163203956 -1933060480
2070 -2746780023 2316538120
2071 9076608843 829910356
2072 2978393339 2678310101
2073 18900939669 2699857982
2074 8252010416 9060073190
2075 2824046803 2398341907
2076 3819735262 1399126076
2077 -2231243231 9550935800
2078 5427655456 2759911323
2079 3741190631 -2911822414
2080 -5105958989 2242399652
2081 3255941181 -4215443965
2082 11823336594 2185106100
2083 3017705092 2632512314
2084 7627344087 -4544145536
2085 11178894883 166959757
2086 6936078874 39495446
2087 4460138767 246364265
2088 9520362487 -14839504582
2089 3061611487 1242237682
2090 7702422177 2172148350
2091 3986182789 1562968361
2092 -1930820105 8892944494
2093 27674490631 1598293921
2094 7236564690 -2255116306
2095 4164421764 -812179329
2096 8717531673 7645251580
2097 -2422066369 8329385410
2098 7117484200 2183750953
2099 9526242419 -4283468285
2100 24179657289 14339346730
2101 9062665517 -8038439044
2102 11178894883 -19185610863
2103 10012145632 3335136803
2104 8753021251 7697876002
2105 3107588044 1433206274
2106 3050936476 -4215443965
2107 18900939669 10338887966
2108 18900939669 -16456784838
2109 7827021906 9833186975
2110 9000518298 2433293544
2111 11090214321 8590278674
2112 7901730584 1910980483
2113 7446280268 15777924468
2114 1634249567 -4215443965
2115 8686380092 2242730038
2116 5065680153 2785217269
2117 18900939669 12429317997
2118 10828401684 12393437150
2119 3859172607 2017622321
2120 3336339806 2703284181
2121 1793158224 -19185610863
2122 7491433408 1783553964
2123 8572706531 -7156485707
2124 8211166069 8103505824
2125 9301803271 -3482943869
2126 5300197145 8012664074
2127 -553258846 9270757907
2128 638261399 13894187904
2129 3037454440 8581716803
2130 2864559619 2440520083
2131 3254764783 8298973234
2132 5637455782 -19185610863
2133 4647249173 7237553222
2134 3000456231 2873873752
2135 3185591525 2617313030
2136 15237664604 13381345527
2137 6078288421 -2666394821
2138 4310950049 9031164087
2139 18900939669 2799342975
2140 9724954513 7887009294
2141 -3701798715 1576716819
2142 8910285558 -9338122892
2143 3517693032 2088352731
2144 18900939669 -861127768
2145 4330801896 249415271
2146 -270891812 -4215443965
2147 9413784173 -497457106
2148 7901730584 8929299484
2149 9486041042 -2995536782
2150 -2245321316 6798122605
2151 18900939669 -4215443965
2152 -2527966166 12825340558
2153 7858722986 7470033916
2154 4120309704 858075417
2155 8313078573 1694420690
2156 2492866945 2710891372
2157 2240377330 1917261656
2158 7750722689 -4810177860
2159 19018126050 4118268896
2160 8752546631 729313283
2161 8158608067 8709446159
2162 -1669769677 6606360417
2163 -1388932387 6728801876
2164 8782865847 7628634213
2165 1312458734 13372234666
2166 8147266931 9799367909
2167 3957195425 1151690161
2168 19318104728 912342005
2169 9030647485 -19185610863
2170 8573741290 -7939237368
2171 -2499782942 7152894756
2172 18900939669 3600086495
2173 4940464898 8000330426
2174 3416974233 2124118257
2175 18707707987 8959083337
2176 7041980376 -4272820305
2177 9141131101 3165453376
2178 4820802001 -269773558
2179 9081505089 2521999489
2180 5685410387 -19185610863
2181 18900939669 -8954113251
2182 18900939669 -9898413955
2183 3142400416 1649032448
2184 5336306299 8197145323
2185 10873675026 9779418935
2186 6301204010 -3067655239
2187 2980381990 2338943101
2188 -2001862205 8111539919
2189 2995414048 2303213177
2190 -5100759852 16799874945
2191 7165929795 -4624209591
2192 -5695277155 51001578
2193 -790235920 9637200870
2194 2639989284 7150478640
2195 284856149 10656648354
2196 6957596060 -5069554042
2197 -3049281097 13763736334
2198 11178894883 -19185610863
2199 10893023473 8503408816
2200 6144179997 -2785003311
2201 9096500166 7648813151
2202 -1802587021 6711694932
2203 705332264 11739903714
2204 3997531099 409213547
2205 9757362587 2291709687
2206 7215523809 8545197139
2207 11705303705 3578436630
2208 3064269684 -422730148
2209 9389890191 7781517721
2210 -2478241231 8097083842
2211 9118571805 1024749918
2212 -2092876893 7708877673
2213 -612168304 9376798197
2214 2013776063 2476085964
2215 -1074347714 10208746757
2216 -3494861170 6557953021
2217 18900939669 -706554148
2218 18900939669 11531912904
2219 2895436889 -4215443965
2220 3027873437 888554495
2221 6870015772 7430531204
2222 3159221946 2588086664
2223 -1157297938 7306768587
2224 8449750517 -9391090837
2225 -185494780 9305162161
2226 18725241871 9176566559
2227 3612898953 1771442900
2228 5837809476 8608025627
2229 7874178218 9872005342
2230 21516973320 14936511324
2231 6475930229 9171374182
2232 4357987583 8762076072
2233 7811555705 7504943446
2234 521605990 14270778171
2235 7134045492 8997030867
2236 -359854308 9076542185
2237 -2341322949 7085030248
2238 2309219428 17341461816
2239 9027674446 -9272908852
2240 -447577879 9480640426
2241 11178894883 9561313950
2242 5223934838 7371872369
2243 7756439740 7556415860
2244 3402220337 -4215443965
2245 4026565885 2546126685
2246 -1147323002 6901630783
2247 2857134667 -4215443965
2248 -5203701983 8983381473
2249 6437391173 -3312799683
2250 -299009481 -4562236244
2251 3568522470 1851323029
2252 12192514070 12627167930
2253 3270842058 1943060324
2254 3874652511 1916911288
2255 1607498731 14957635203
2256 8897973059 8691452477
2257 2955765084 -4215443965
2258 -1976158474 6729389554
2259 2864834696 -4215443965
2260 6591624051 -4209753385
2261 6719392177 1172961606
2262 2282183019 -4215443965
2263 -2374400653 20294669790
2264 5426423164 8660120498
2265 7842435335 7708041577
2266 -3039598639 7572274805
2267 10606270866 11138738141
2268 11178894883 8054010070
2269 3448134156 323329938
2270 -1208425367 8969586207
2271 11772095897 -4215443965
2272 8972233424 -19185610863
2273 18900939669 1787818846
2274 3659048300 -4215443965
2275 -2362406339 6882549629
2276 6385431084 -7897614330
2277 -2276252410 6637025557
2278 18643796881 10921127216
2279 1941597114 -19185610863
2280 18900939669 11873611269
2281 1558559243 -4215443965
2282 7473681606 -4754275535
2283 -392747742 10664511173
2284 -2384015247 6999471226
2285 842002069 -19185610863
2286 -2461181441 6534248224
2287 4524935718 2499860409
2288 3324466885 2290636612
2289 8568401994 -10740364336
2290 13117539282 3596907466
2291 4006950612 1062128067
2292 191928102 -4215443965
2293 3583511119 1967051356
2294 2915408276 2876471022
2295 -333815101 8875746999
2296 6549911556 13685666454
2297 5347122332 -5598417162
2298 7670387344 8122337098
2299 3120327137 2658099476
2300 4481498325 8085293290
2301 3855447920 1704970866
2302 11229882630 3350110898
2303 9578472138 -8966919558
2304 304748865 -19185610863
2305 8275162204 -1066525166
2306 6480865811 -3391056441
2307 -2445655112 1076689304
2308 4768545247 7605969160
2309 19061432085 3731920799
2310 7721969999 9364773352
2311 -3865608105 9496254523
2312 14872804195 9956579055
2313 3263382878 2388628656
2314 8059470108 2892960521
2315 3322038060 2977335838
2316 23880340703 13004730640
2317 -458839528 9100797899
2318 -1026114768 9261583729
2319 8298223687 -9678146792
2320 6610650910 3066386105
2321 6809617472 8431236057
2322 -2481059091 1283227510
2323 -459235956 11373409148
2324 18683148255 8925901500
2325 11088289657 8213742468
2326 18900939669 -7985019850
2327 14400405488 13173985641
2328 4197887277 -19185610863
2329 4509808607 9300208818
2330 2843411745 2782694405
2331 2410641228 -4215443965
2332 9485989545 7865204017
2333 11178894883 8024963049
2334 8325863477 -8520891248
2335 -4843329672 10422434762
2336 8062565106 9728808574
2337 6107875544 3143550744
2338 3264420464 2529978686
2339 7200155410 3175163775
2340 6878686244 7522050132
2341 18900939669 2746646506
2342 -418193848 9027633423
2343 19136292395 3482786422
2344 8628577772 -12864765483
2345 10121597104 -14340885134
2346 -3954845419 17416484126
2347 3106832121 2682391253
2348 3202047326 -90357056
2349 -511301745 9969516606
2350 10530323481 1698800416
2351 2852926400 2484433510
2352 4353265353 7627926939
2353 7425551281 7822877420
2354 1142180840 16147429894
2355 -3354633283 15143155276
2356 4050431384 2069091221
2357 -1893415118 7389034572
2358 8099760492 12312967753
2359 2980143475 2838416004
2360 10531734105 -11454398521
2361 7121316781 9506331381
2362 18900939669 1998859602
2363 6819648439 7847677855
2364 18717074026 9257683121
2365 18900939669 -4215443965
2366 840680665 -19185610863
2367 18900939669 -19185610863
2368 10664704308 -10922197682
2369 4575122282 -4215443965
2370 -1433934301 20083749826
2371 6907754738 9627008167
2372 18900939669 12740447057
2373 -232673406 -4215443965
2374 9637311797 -13371717168
2375 6209092211 -944415283
2376 -2355276123 -19185610863
2377 1699868 -4215443965
2378 -2648843197 6737237442
2379 5640907489 11058973149
2380 7940145815 7681570392
2381 5322528415 -1305984912
2382 7992586369 2736530649
2383 7264931441 14392104216
2384 8372894369 7657873426
2385 22456347340 10209024010
2386 -9966077206 6007756400
2387 3298600766 656899331
2388 -931015146 7335138352
2389 13900363954 8034282472
2390 11178894883 3659593197
2391 -2485697959 8556620868
2392 9224966573 7722881470
2393 10944507486 9139947625
2394 5805452811 -19185610863
2395 8152519935 -6455975520
2396 8857192466 7582875389
2397 9491272095 -13079457629
2398 11809523488 10604217182
2399 -2681159746 6671298420
2400 7451841162 529689300
2401 7399411709 3168186189
2402 3434687415 7543421141
2403 9550512400 2278337136
2404 11178894883 -913285936
2405 7702605070 7749943344
2406 10986426784 7963486608
2407 18900939669 15069992091
2408 10969856814 9908454377
2409 6418426407 7835173244
2410 12879754451 12624401087
2411 3746247425 2615118255
2412 9073512742 882780144
2413 9524932017 901491695
2414 2964491251 2938612710
2415 8207501927 815763738
2416 18756994394 9687591224
2417 8548110885 -19185610863
2418 6661892089 10381485888
2419 5658830616 -3680836685
2420 -525672039 11919463137
2421 -2114490648 7039739027
2422 7293822021 -4854422689
2423 9262857447 3340564827
2424 6335016853 2846248529
2425 4307011688 1574430790
2426 4575170705 -717253033
2427 5382568390 7351462697
2428 9100222904 -11942998451
2429 4223786625 2621483130
2430 4508600061 -19185610863
2431 11465389815 -12916188293
2432 -4783900042 9366999310
2433 -4777148294 6528111134
2434 9664948249 1542317133
2435 18624878602 10110619981
2436 2756948344 2537865799
2437 -1476144101 9613470192
2438 11085841753 7957206281
2439 -2140916201 6844238309
2440 11669874172 8881666881
2441 -2586473959 8115520572
2442 4667602212 -1929692130
2443 4618178194 8203565639
2444 1303314335 -4215443965
2445 -2819198179 6947516708
2446 -3736936995 6553471112
2447 -1220674230 9911626933
2448 5298246472 -1262276067
2449 4748419094 7952544053
2450 18900939669 -2360923732
2451 18900939669 -2225004396
2452 18900939669 4075333229
2453 7471983166 8250112607
2454 7945923383 2072083717
2455 18900939669 10182431849
2456 -1203049819 9757421774
2457 -4016528312 6753385460
2458 8797670754 1134435706
2459 8566068435 -7144536765
2460 9470030996 3293326036
2461 5848214455 7365147977
2462 8893028714 1620765097
2463 8601290360 -7207938183
2464 11824050116 -6724438399
2465 5721206993 -1950041203
2466 7923127795 8444751200
2467 -2990591780 13658092311
2468 4790715741 -2553239672
2469 11178894883 8231853106
2470 7878233010 2502318221
2471 -2008010496 7350791245
2472 5367008590 7509973204
2473 8048334438 9607669830
2474 2592871094 7110020152
2475 12548303240 -14312780185
2476 11789594220 10996357047
2477 25993993738 -2684399933
2478 8575789687 8007978095
2479 9770557642 192450180
2480 7434074924 8572480236
2481 7621129066 2948028986
2482 7247814638 -19185610863
2483 6989981745 8544653419
2484 18900939669 13536362343
2485 19037016772 3727352175
2486 2811891947 2626079141
2487 4182596261 7512437708
2488 11178894883 -4215443965
2489 -558757994 9280656677
2490 13405382281 8757336283
2491 4963936291 9874156584
2492 7202116202 3315688497
2493 2967365850 2787140915
2494 231639751 11503248900
2495 6787257037 7473966279
2496 9028222677 7813491824
2497 5196000338 9738335890
2498 6691537969 -2571307706
2499 9279311055 7552546101
2500 4425549584 355814551
2501 282570987 -4919107276
2502 12008020074 9265020822
2503 -3197369366 1760933226
2504 7574811175 8219839226
2505 -1029226559 10251497760
2506 5683365312 9476060371
2507 19087972434 3440189284
2508 7917060609 -4292089618
2509 -6620285550 15812691008
2510 4801599501 11008480798
2511 18900939669 -15968079404
2512 11178894883 -16456784838
2513 18900939669 -777112368
2514 9660763237 -13418648976
2515 9088677843 -10863607394
2516 4984283812 -19185610863
2517 2341671264 8337098980
2518 8480365231 8023638884
2519 7680794135 14081314461
2520 11324094358 -16747362888
2521 18900939669 3725166826
2522 18900939669 -4272930547
2523 5571560346 8161994629
2524 7801129464 -7861315435
2525 7972807224 3250513968
2526 19134877701 3515500956
2527 7741756122 1356499408
2528 3592463773 1808227356
2529 3067008988 7451969981
2530 11496521149 -496622444
2531 4009524628 7386997780
2532 5280472475 8159486441
2533 7837856870 8119494026
2534 11178894883 3018986410
2535 -2156500823 9205955893
2536 11178894883 8319438059
2537 -9560276360 7863157379
2538 4743999663 8155376270
2539 -506932564 10243334886
2540 18900939669 -4215443965
2541 10395558394 -11641862970
2542 7544248448 8572334669
2543 3697317736 2351320991
2544 3166017869 7602757677
2545 -2405902436 12502665940
2546 18900939669 11498649982
2547 1006706312 -4215443965
2548 6621921805 7743595310
2549 5022746827 8045164434
2550 7783608227 3300002194
2551 8068171360 1518760249
2552 -570961616 9768342023
2553 6853057328 2544569479
2554 -1217324943 10073290806
2555 7414773990 -5072142938
2556 6665357025 -8517473239
2557 6198922263 9643918147
2558 -744754470 13882264953
2559 2265931842 16784058981
2560 11101341312 8543062429
2561 18771128846 8589769753
2562 19157569874 1720211888
2563 6184933192 -3771100160
2564 18900939669 -1383767712
2565 -1643904969 20130840299
2566 -3584150796 14726531445
2567 -486214636 10481891099
2568 8554437871 -7254616769
2569 3003306714 -394391557
2570 8061022137 -19185610863
2571 11877236872 3409356674
2572 -5351077542 10089321379
2573 3860754753 9387507017
2574 -2351918046 11618674878
2575 -1778153766 9466681291
2576 11178894883 -16456784838
2577 3123273918 8062777494
2578 7856383786 3012186208
2579 18900939669 -2152963209
2580 18900939669 -2132117664
2581 10659770426 -4215443965
2582 6752997431 7501627909
2583 7789130805 8682702054
2584 7201796394 9223549558
2585 -912896751 16559605935
2586 6134400758 1500066754
2587 6913547336 9971070234
2588 6259269340 -1286715157
2589 3149114252 2606281073
2590 -2163590736 7544243784
2591 4958209474 7299814845
2592 18900939669 -89967405
2593 4997349738 8523753799
2594 1028109303 12753190474
2595 6486307994 12278953343
2596 -612076593 9954099024
2597 4174306534 9181895022
2598 23218581782 10149438436
2599 -2176817313 9209482512
2600 8240360308 7824077836
2601 6955299172 2694773333
2602 6412270129 9292378692
2603 -3609477076 1876406888
2604 1810862650 -208432066
2605 2795700263 10794973566
2606 7464078407 7740621705
2607 7652724462 -4267902855
2608 -2022723123 7706012982
2609 7482037070 9405922093
2610 11178894883 -568142345
2611 3636027944 7343315343
2612 8372203859 -19185610863
2613 8414068056 7760261299
2614 5111744929 7675525420
2615 4619323866 7377958506
2616 9611259525 8966015789
2617 8813767106 7652208300
2618 7901730584 9179927777
2619 6496204586 -1059924713
2620 1419431589 -4215443965
2621 2937023630 2762477415
2622 10757270805 -15613016622
2623 1055826469 20698026152
2624 10972829076 10604188135
2625 -134032330 13749556354
2626 -817578248 9451272533
2627 -1678501806 22117002583
2628 8791211884 10848720885
2629 18900939669 12407922311
2630 4112376556 9425210410
2631 -3125123916 8165659434
2632 7319933165 8012274373
2633 7956926678 8727161374
2634 -1306613287 10485646012
2635 4521312062 -2277271956
2636 9435032822 12383423953
2637 4577657001 -985199484
2638 8008084499 3219762145
2639 764029536 -4215443965
2640 9705102773 1119521608
2641 -257045425 16461236713
2642 19156320894 1655452553
2643 -3205832668 6734327366
2644 3044757411 7921739071
2645 11008255838 8203846892
2646 7803960159 8511294588
2647 2970988883 2926916612
2648 11178894883 -4215443965
2649 -3979427698 15438051783
2650 6455481350 7723135121
2651 18900939669 -4215443965
2652 3412869825 18969837909
2653 7668045637 -8214677776
2654 8303653479 7504615989
2655 4475073751 219480465
2656 2791786866 2593063903
2657 3823793053 1391821827
2658 7869657132 8238933712
2659 9539263913 -4215443965
2660 -2131820484 17845659124
2661 7165929795 -4624209591
2662 4043057257 996332709
2663 4526497730 7832373382
2664 4764029995 8161110114
2665 11178894883 2136366648
2666 8022150571 981819301
2667 -603905857 14368589405
2668 9307388347 2219093796
2669 7901730584 8795027539
2670 18900939669 10512512162
2671 12639080017 -2178959198
2672 11178894883 3037203470
2673 2941350003 2753374052
2674 -1562108811 7873704436
2675 -4855077980 17014270835
2676 -1238303196 10503875714
2677 7448073528 8757513594
2678 6529243483 10036697986
2679 3704085464 2395465444
2680 1791832656 14759061537
2681 2826938786 2532607131
2682 18900939669 77797454
2683 1393062054 6959448120
2684 5218178776 1801078654
2685 18900939669 10804193053
2686 -2798170811 9254625252
2687 -570274165 9301386424
2688 6320021005 2707667755
2689 12991229279 9232704050
2690 5498846914 7599871295
2691 -603000951 8185462614
2692 331000097 11326762467
2693 10604351609 -703197233
2694 19078311203 3067735383
2695 -4210488464 7296476361
2696 -609945785 14924387555
2697 11147436587 -16393829443
2698 -857236955 9817935355
2699 18900939669 8595423406
2700 -1775681836 8273451834
2701 79579233 14593049519
2702 1830968940 -4215443965
2703 4793081558 9756106992
2704 7197541961 8226198821
2705 4088280887 915729064
2706 1815093058 7348461164
2707 7897783940 7426817378
2708 3913879816 2448372947
2709 12031295148 -4215443965
2710 6991210062 15010712897
2711 10265241273 3327855366
2712 -5790626661 6636269691
2713 6371471040 -3194139788
2714 6182874562 -2377101177
2715 2234860253 10026009976
2716 4692241191 7841846545
2717 11151863050 -16402687829
2718 -2108751253 14487479237
2719 4401576765 981877791
2720 3921338182 1163149928
2721 4673210687 1367565405
2722 -1253303415 11037614747
2723 -109740560 12218922793
2724 11178894883 -4215443965
2725 8803180736 11338509643
2726 2394549131 -4215443965
2727 11567370383 -4215443965
2728 8227884783 2492753607
2729 2366199958 -3290858859
2730 -2654206113 7155863076
2731 6505422387 9873727239
2732 10896481205 9238812524
2733 7714667518 -919279653
2734 7479145920 -5188015981
2735 4369639198 526685250
2736 9199175082 -1641799561
2737 9288632387 8708813700
2738 7762349581 9030772943
2739 -1275143388 9074043103
2740 2364499271 15985541107
2741 18900939669 10996218546
2742 7706320251 -7500342752
2743 19075206571 3434027218
2744 7464554666 -5161750915
2745 18994658221 4365058236
2746 4103211845 9823030291
2747 7484299584 13760530825
2748 18900939669 10030930282
2749 6757942637 9243053971
2750 3301033605 2332817815
2751 7795900578 10781169136
2752 18900939669 -177281230
2753 6615746130 -4202368138
2754 8709523498 7688801726
2755 3001046059 1624592472
2756 2985401489 1182545520
2757 -1638607516 11376470445
2758 -1848763475 7855100680
2759 -4532418 9817602763
2760 -3350771592 8054517201
2761 5136685661 10671661430
2762 18892038679 8403005876
2763 4767230518 -306417911
2764 5678098240 -3074042777
2765 2915123710 2252080807
2766 11236630583 3641876258
2767 -1851743588 18399097959
2768 -3333417788 18665982087
2769 -3983007771 2278754598
2770 -2233988085 7144637658
2771 10869461268 10247085242
2772 330862050 10701249902
2773 -1434025715 10207601877
2774 11178894883 -16456784838
2775 8047887454 8139331496
2776 -3228183025 8155596986
2777 -2579046380 7382138390
2778 11178894883 -1798395976
2779 -1520637157 8540891345
2780 2526412673 2628345004
2781 7901730584 1699250407
2782 5384341912 -1417252633
2783 3042093258 2912575608
2784 -3941774785 722124447
2785 5254845443 -297160897
2786 -1637328073 10160277339
2787 3726991367 9147229171
2788 -3171154044 13983114395
2789 11178894883 33500238
2790 9965647956 10787061971
2791 18900939669 -13536687592
2792 10159238983 -10012332076
2793 9617358695 8377887126
2794 6219911107 -2652405388
2795 -1876351596 6851164007
2796 12119340070 -19185610863
2797 3007776848 2902526551
2798 18900939669 -4215443965
2799 3070268174 744861146
2800 -3710997162 7483278416
2801 3519088217 1816757390
2802 3208713971 2438026741
2803 4051472380 9730091203
2804 4061984418 1312045197
2805 8441073219 -9260414130
2806 26700986747 9529147032
2807 3841803524 1359401981
2808 6544014707 -3504727955
2809 5925607787 -3849333814
2810 -1321450794 16068444479
2811 6839865164 8980769631
2812 6056125074 -3859391133
2813 6919420889 2485652855
2814 141020637 10257113084
2815 -21487471 13267827524
2816 -133540306 19792108286
2817 8499390060 15908041222
2818 18900939669 189117174
2819 4364021000 10291519195
2820 18403980203 12246683319
2821 3377121791 7988186179
2822 5456632923 7678156857
2823 3039429398 2550869192
2824 222042688 16178925897
2825 -1853472469 8011633987
2826 -184434379 9490482451
2827 18900939669 9654269756
2828 8871290171 -7890830283
2829 5407382717 847852021
2830 -1443395574 9639921424
2831 7637136906 8986512958
2832 4275653375 578448197
2833 21837902940 3897750186
2834 -3564739576 8064143115
2835 8700929528 -13024978860
2836 4576581993 7435746482
2837 -2712222424 7161758410
2838 9569237745 8122800648
2839 4224086020 481357018
2840 6016659372 -5944710847
2841 3132651340 2216392449
2842 6145749773 -2229188769
2843 7050796505 15117747435
2844 6614189283 -6230077865
2845 12036870102 -20411977291
2846 12205708201 -18511678018
2847 -4882089622 6899328478
2848 6500379240 -3426181695
2849 6886336835 2562917089
2850 18900939669 9253242665
2851 7040761077 -9348755777
2852 3570111279 1927876783
2853 11001331296 8348806226
2854 2442880652 -4215443965
2855 1485318373 -4215443965
2856 8617658033 13358536870
2857 8280464521 -8040165913
2858 5898617563 2728159032
2859 7075291303 9390938780
2860 4774979434 11029719762
2861 19082135447 3307978017
2862 6996713974 2795701751
2863 6441208053 1836443730
2864 9495185633 -19185610863
2865 -1604406299 16579024519
2866 6382480260 8441614126
2867 4597449458 1027718257
2868 8312660546 1490260376
2869 4506264533 -375160700
2870 -5962433379 20084918026
2871 1422280071 2490677249
2872 -2903025208 6792464195
2873 7523132301 9201019580
2874 6252217723 -19185610863
2875 -1388904631 9273692184
2876 3728452201 -4215443965
2877 10555521076 -312366571
2878 8622358566 -10364293674
2879 3330270578 -4215443965
2880 1526217236 1804513646
2881 7323366629 10655250325
2882 3125898112 2936493630
2883 18900939669 1852732239
2884 18900939669 13060207746
2885 7425188324 -5090889317
2886 19211055538 1912727085
2887 8878201826 11156373553
2888 2895442468 19505039974
2889 5303087932 8430941033
2890 3007476625 2863488797
2891 1210252267 -19185610863
2892 3272145362 2384818254
2893 7076191449 -4462675594
2894 -609747432 9372440493
2895 9949044317 1242360736
2896 4166897160 2070465705
2897 7459391923 3167801664
2898 5448608155 7795527931
2899 4282327369 -4215443965
2900 10751759353 17050030411
2901 9215201645 9003304549
2902 6795426817 9521120901
2903 18900939669 13553120683
2904 18900939669 3331294869
2905 -2107719446 7989263830
2906 7174636093 -4639881411
2907 11178894883 -4215443965
2908 -2982000986 1629521127
2909 13454361870 1065741600
2910 4317650056 482518617
2911 7808686345 -4587159598
2912 6307166860 8704668297
2913 6892415558 8724259407
2914 7730285761 -10875616837
2915 5268710470 8360739019
2916 4261879174 1237084674
2917 -4621052057 8067563797
2918 5702021229 -851780476
2919 2761009260 2919124815
2920 3118742012 2343986372
2921 454654299 -4215443965
2922 18718123888 9494304975
2923 2921495408 2739657876
2924 -669652661 9480273226
2925 6383790221 7349424340
2926 11396892631 2041872503
2927 5792766928 -4805550512
2928 -4121790118 9134277592
2929 18900939669 13297321145
2930 3372954939 2203355426
2931 8278182168 12440909990
2932 6585801887 9291654460
2933 6593184024 -3593235451
2934 11178894883 655718606
2935 -1614983622 7956540717
2936 -1955792139 9239074995
2937 -527573970 9097383239
2938 9631278626 -13359643385
2939 2880718465 7452725350
2940 1979377026 2058341290
2941 -2627115512 7171961097
2942 11085858778 7885681910
2943 18900939669 -2762667552
2944 9518296499 7892805851
2945 3355009807 2521404474
2946 7693930957 7978908214
2947 3074495214 2643292152
2948 5182471102 2650991515
2949 6715722847 -8629001680
2950 5232023222 -1143070547
2951 -526930887 9115281418
2952 8020682243 2375720921
2953 5955139576 -2129527731
2954 9513823113 13608509360
2955 11947466933 1680690789
2956 7657161860 -4531074926
2957 -1536763955 7754202492
2958 7775649281 8862778677
2959 -1353165592 11296554720
2960 2992402598 810091691
2961 4352691135 1555896229
2962 8510340025 8064005587
2963 1729557129 17001677944
2964 10932116656 -15962923990
2965 104475887 -4215443965
2966 12955961032 3307785414
2967 -949988929 9984894051
2968 858412187 -2508620118
2969 5917744842 -6861985110
2970 4071796092 621029453
2971 18900939669 13732719797
2972 5463501536 9787147857
2973 18900939669 -4215443965
2974 18900939669 1887817068
2975 -10479709309 7491478956
2976 18900939669 3785421136
2977 2980691213 2560852341
2978 5670162956 -1931746358
2979 4601160861 10199257228
2980 12321476437 14405735532
2981 5591921142 -3787290008
2982 9616825892 92426030
2983 1046179337 12960032812
2984 6286503198 2000106905
2985 5127158441 -19185610863
2986 7428279916 2100809694
2987 -1499317042 7423600597
2988 5550512137 7270475104
2989 9267205658 548519955
2990 6104276723 7334103139
2991 11037476273 7870784096
2992 2681308821 1878053799
2993 8462055290 17739807584
2994 7424137949 235591219
2995 5355086681 7410761103
2996 1419023465 -19185610863
2997 12062064514 11126367306
2998 6250608059 -2976579723
2999 9784533118 1930766066
3000 -741429449 9186138816
3001 -3107935955 13869318331
3002 8040464944 3313031313
3003 3725112362 7679465803
3004 3741203193 8072027007
3005 7374703480 -19185610863
3006 2974884053 -4215443965
3007 18900939669 838727364
3008 18900939669 -19185610863
3009 11178894883 8029584677
3010 9249394633 3128947835
3011 13386994072 8083136576
3012 18900939669 8413279511
3013 2523137580 -19185610863
3014 3146253951 2812222688
3015 6183510784 -1300272618
3016 3112987969 787608096
3017 4330106504 1262451880
3018 4391094695 132330907
3019 -2065470360 6846136799
3020 -941190796 9567431257
3021 1553872847 -4215443965
3022 6661178242 27638310013
3023 1672828396 14211864031
3024 9650061214 8295925593
3025 9906458733 -15694463567
3026 8345400336 7793748922
3027 8147703843 1932433409
3028 9782849364 -13662971819
3029 3205742876 2715111877
3030 -3769971171 9258078725
3031 7348658134 -8455993160
3032 3949774483 1175416300
3033 6622482498 -2935383838
3034 3205811983 2504222013
3035 11168322333 8501935571
3036 11167025853 8183527134
3037 3113011597 2000507633
3038 -1142604987 10331613633
3039 11387024861 1985417582
3040 11178894883 -766769263
3041 5140698607 -3937119098
3042 3993987889 2699665016
3043 -85538431 -19185610863
3044 8086152734 -5053730256
3045 -1095255036 12320986847
3046 -2473071665 9822874631
3047 -554386856 9272788388
3048 19031112277 4280078191
3049 3641936694 2315464253
3050 1047796754 12485605194
3051 357975698 -4215443965
3052 18900939669 -4215443965
3053 4056768514 7712777958
3054 -1766827489 15940417941
3055 9578472138 -8966919558
3056 3020650543 327071894
3057 7341861982 7875637045
3058 -5210824028 6447753636
3059 7988445094 -6693572681
3060 4290844588 878679001
3061 4164980568 -4215443965
3062 9710689704 8152868665
3063 18900939669 -5310611237
3064 9721221528 -4215443965
3065 7672601294 2834377360
3066 -4720127557 7231996374
3067 -2109732571 7074979741
3068 5758171646 7373492828
3069 7674342843 8423579806
3070 5036237131 10091935889
3071 14225690939 13130714940
3072 6545602592 10924899518
3073 266508874 12513103179
3074 3943705130 7962772189
3075 6995368262 -4317189377
3076 -1201051931 11245996280
3077 6158002412 -19185610863
3078 7247466895 8198031590
3079 8357513035 12198582107
3080 18900939669 2741247176
3081 1796203681 -4215443965
3082 10847803083 11699141505
3083 -1448160589 7691918601
3084 11178894883 8970659095
3085 1532126362 408556361
3086 4147936843 164681522
3087 1556825961 14243060638
3088 18900939669 3791946585
3089 -2492523842 6556555063
3090 -3982640598 15131515915
3091 7223464110 -4727774547
3092 7996006625 11687266839
3093 8290032975 -4629545059
3094 7651912860 8518374744
3095 -428089576 9045446281
3096 1641337099 689846701
3097 6348009658 -5014026849
3098 11178894883 3452381854
3099 8191435925 11458064561
3100 9864148255 771472947
3101 3249910351 2958151268
3102 -1762194183 6730905873
3103 18900939669 232441315
3104 8290365268 -734692873
3105 8922588147 7981363767
3106 18900939669 2486204929
3107 7071821013 15155513551
3108 11612305582 -12641070324
3109 18900939669 -13319516521
3110 8328742280 -4301687637
3111 6460036262 7429578229
3112 4734620744 -247718511
3113 11178894883 -16456784838
3114 3354207258 2236544872
3115 10352703653 3323266928
3116 3823368404 -4215443965
3117 11178894883 804204217
3118 18900939669 18223753346
3119 4706238303 337735367
3120 11178894883 7893109330
3121 18900939669 -7290667649
3122 3676919799 -4215443965
3123 6895642406 -6051204242
3124 11211122697 3374683389
3125 -3285263224 6505773235
3126 18900939669 -19185610863
3127 -1174269426 8279089952
3128 6239854624 -4185554488
3129 8721120647 2733232381
3130 18900939669 9130448889
3131 9578472138 -8966919558
3132 12227472279 8353141997
3133 11653306159 -17406192563
3134 9271334865 -8728744829
3135 -2835591911 6729138516
3136 3025610826 2804056314
3137 11178894883 1218854150
3138 3206326254 2503296298
3139 18900939669 -4215443965
3140 10975282003 8123902633
3141 2819232051 1878408794
3142 18900939669 3439893175
3143 7901730584 -19185610863
3144 6613844025 -3630424598
3145 4957159377 11356967789
3146 10286971344 10812670012
3147 11178894883 1361566586
3148 6859329984 8275741976
3149 11186564690 8646356019
3150 10998749430 2787838177
3151 6952415939 -2700971552
3152 7424596296 -5089823634
3153 6852389913 -4059820421
3154 -612640470 8745181935
3155 14749722651 3274758768
3156 -2705405638 12009608684
3157 3928224258 1203839869
3158 9330126778 -11513961081
3159 -1361132566 16167303422
3160 7674301233 8895599453
3161 5460684134 11253193192
3162 7665474610 -5523417952
3163 -2365252876 7074613030
3164 3848963657 1078524115
3165 11338809372 3599921887
3166 -1906917156 7700600509
3167 5389749928 7457224080
3168 9329639891 11983535848
3169 18715387549 9314521266
3170 2004273831 345571372
3171 5603166742 8395301251
3172 1562503492 402743858
3173 18900939669 10284760966
3174 9600027199 3090670971
3175 8645511047 -12902261976
3176 -1563798852 9914478360
3177 8820806448 12664247866
3178 2713902885 2825984389
3179 18900939669 10916349791
3180 6628634618 -1618134726
3181 11178894883 -19185610863
3182 2328683281 2243267034
3183 4084132074 7236382066
3184 7713254878 8251237780
3185 6025050654 -2570563888
3186 6907714895 8519034829
3187 -1276333087 9534280746
3188 7066413365 9110911851
3189 -3234137530 7896007025
3190 8280895485 -12094869120
3191 -4506402908 1145121039
3192 -2007625883 7418324361
3193 6702893062 2764033337
3194 8590029116 -10839378545
3195 -2346047948 1736133823
3196 11178894883 9356892164
3197 11506807408 985819331
3198 7120579336 7651398140
3199 3993337177 1683167373
3200 8066340510 2658156849
3201 -3172776765 1903133093
3202 4378250350 -4215443965
3203 5629018556 2720230986
3204 -1099603230 -19185610863
3205 9445864223 -8820458347
3206 -3634380088 7240139004
3207 8556280138 8138226168
3208 -1629887118 10595502853
3209 -899246682 9893555192
3210 3233136583 2917515167
3211 18900939669 -3179601051
3212 19126100361 2706753070
3213 7190451319 8066263571
3214 7446265376 -4219612890
3215 11697697393 -13151482413
3216 11178894883 8054931536
3217 8221462531 7836878850
3218 18539582809 8923428948
3219 6957592871 9336147794
3220 -202856493 13788681707
3221 -2318466551 7034215120
3222 4180945510 2222445769
3223 -3015448967 1333920847
3224 11041959259 8872288288
3225 18705034222 9173379091
3226 1799499876 16000011853
3227 6744752812 -4177697201
3228 11178894883 -19185610863
3229 18900939669 -9898413955
3230 18900939669 11034508545
3231 5301942815 7520971740
3232 -1789886109 11496755536
3233 -5905306519 12381277457
3234 7874531345 9311876255
3235 4166634326 9936955466
3236 8780147414 -13200396373
3237 -2050522385 6951491499
3238 -910040039 9792297583
3239 -60924753 -4215443965
3240 -306773088 11054695681
3241 11725634881 1936116335
3242 7775294868 8232637780
3243 5431465795 7775533845
3244 664121372 14426035378
3245 7015704074 15054711248
3246 11495540157 153250829
3247 18900939669 -19185610863
3248 2978921189 2912638021
3249 19190950167 1947640659
3250 19362615326 9291543051
3251 9130807786 2187071768
3252 11178894883 -19185610863
3253 3500479222 1771410418
3254 -4962075269 -19185610863
3255 4154987140 1196036143
3256 5039001175 7371872369
3257 7901730584 1725162831
3258 -535365865 10903465645
3259 6364541342 -4859567036
3260 783563542 12381609069
3261 3314595511 809456702
3262 7961213795 -4562341274
3263 11940431746 8639067025
3264 8819366794 2527948028
3265 -1322389344 10655235442
3266 7692997200 9145438166
3267 3925037157 1855405097
3268 3456035169 8387156217
3269 -3926023298 7447443903
3270 9778428033 -4215443965
3271 3057348029 -19185610863
3272 11178894883 9356300779
3273 6514841514 -1292042975
3274 -3044717866 13755522267
3275 7562043061 7628135555
3276 18900939669 2082436515
3277 4493886064 -4215443965
3278 456721130 -19185610863
3279 8120525485 -7334677470
3280 931806197 -4215443965
3281 3958111999 1150040277
3282 7961627221 2366608651
3283 5356852487 7369296176
3284 4926289353 7920244023
3285 10540656970 7785833760
3286 7100312038 15161227606
3287 9715201353 11276908522
3288 1604398566 2523662782
3289 -3909690068 6562237901
3290 2947293771 2763289255
3291 5247734096 8414599787
3292 6712951085 8018625876
3293 3492343689 1691970268
3294 11317298426 599995204
3295 9078051687 8139488476
3296 11178894883 -16456784838
3297 21516973320 14936511324
3298 18900939669 9476929919
3299 18900939669 3458680177
3300 11178894883 2190075036
3301 -2585221537 6778072957
3302 5571560346 8492939421
3303 4210659870 9505983428
3304 3284974958 1967032855
3305 15557454431 9012766884
3306 -1133432653 10315102923
3307 19130684547 3451744433
3308 7887142395 7549819382
3309 8656615966 -9767079213
3310 18656387937 10095497321
3311 7165824356 9642421929
3312 3069993213 2184160882
3313 18900939669 9121279485
3314 2751271882 7394553921
3315 5774145139 7369739467
3316 3365622051 -4215443965
3317 4244364479 9138150496
3318 10333406069 -11520053678
3319 6839994399 -4037507810
3320 3137896846 2514952700
3321 2223354138 -1232916637
3322 10737295289 -15573040951
3323 4279469671 1391281538
3324 312228660 -4215443965
3325 3152601906 2860576720
3326 -2987862820 8924334945
3327 -1073597320 7075680189
3328 2984947695 1933301325
3329 8998338778 7762887978
3330 1363387285 -1785595488
3331 3337610094 -4215443965
3332 -1750425538 15739358598
3333 3527499701 2830372715
3334 9765127622 -15381504546
3335 -2812075206 13336752581
3336 2246811061 -60386779
3337 11370985182 3228012628
3338 11178894883 7974821645
3339 7459422133 -10275825218
3340 5145840929 8594451047
3341 9470850050 -19185610863
3342 9493719586 1066833857
3343 18900939669 -4215443965
3344 3201318410 2450464394
3345 4999587017 -724672492
3346 1657495525 -1225450098
3347 9078844478 -1686318717
3348 18900939669 4225135750
3349 13898177830 8205648058
3350 4624564520 -49611206
3351 3497337855 1979459282
3352 6717207245 8635317474
3353 7558517670 2172932361
3354 6785382836 8539379783
3355 45905163 12538828583
3356 4670519211 8487543488
3357 5594446640 8564368742
3358 19400010200 8859308410
3359 18806656663 8395395353
3360 6015700212 -3403410394
3361 3693468621 1726812050
3362 6849873159 -5500214732
3363 7281982462 -4725858491
3364 -4354935351 16327842629
3365 3171820546 2565408485
3366 -793945218 10005116565
3367 11031699641 7926817554
3368 19072594371 4213356398
3369 13084744197 10926300950
3370 7073503247 3154881947
3371 11178894883 -2365118877
3372 9077368770 7948392211
3373 19177778921 2079524846
3374 7813133094 -5789211410
3375 3456077907 2226835334
3376 6630432981 7697442026
3377 -1726181457 6649484177
3378 4927066709 -93916697
3379 -1703356714 7484504114
3380 -2785126678 1417766095
3381 11484606412 8921737528
3382 -3659107934 6786756820
3383 7629489616 1658384811
3384 7353295620 -2808478347
3385 8348638528 7817065384
3386 7175817062 2322784238
3387 -7391848602 819009939
3388 18900939669 836942633
3389 14744500036 9629599912
3390 14155731189 8129140890
3391 -2011263413 15646899941
3392 18900939669 -17547303577
3393 6390212147 -4077535768
3394 7404434472 15752983815
3395 18900939669 -759348620
3396 9732343574 8053274105
3397 -355917506 9104359671
3398 5004359785 35315457
3399 8956981040 1411385282
3400 -464605797 9111177504
3401 14238434179 13273428261
3402 7642546848 2189082142
3403 18900939669 8950290764
3404 11200945138 3662577140
3405 -8799905943 6759814404
3406 3795661999 9270581547
3407 3605550613 8003380306
3408 7294349516 7739906919
3409 -4860932850 9290272125
3410 -4371271459 8767633546
3411 11178894883 2346031143
3412 9293700954 1387514609
3413 4024627175 2849239142
3414 -3289136969 9189874113
3415 10424958850 -277941794
3416 5274591557 132119631
3417 18900939669 4150442073
3418 8852121344 -9819957664
3419 4385848461 9800506731
3420 10842841120 -161392414
3421 8604805946 8017537401
3422 18900939669 1104920894
3423 24052478361 9026868398
3424 7364616669 -4401175521
3425 18900939669 9170574357
3426 -1748901861 8540488399
3427 7585799837 7599994637
3428 4199667564 715226870
3429 6643673413 -3684119150
3430 -1393240723 16898843922
3431 11002693958 9338850005
3432 10200158574 -19185610863
3433 18685734668 9872739194
3434 -1060403775 9300193347
3435 9578472138 -8966919558
3436 -6379152095 10341803065
3437 5004203355 988691151
3438 -502094509 9658157617
3439 8735314728 -1998071016
3440 118691282 10108056832
3441 6647679026 7810013533
3442 12230791324 -18561875203
3443 11178894883 -16456784838
3444 8034754065 -6188141445
3445 7671332708 -396650093
3446 -8572064283 8633323205
3447 1182634777 -4215443965
3448 7453731490 -5142268597
3449 6252616099 -2980194306
3450 2699745757 7301998051
3451 9854222244 3446444299
3452 -213306553 10159103306
3453 9679933562 8188031964
3454 18900939669 1905182013
3455 18900939669 -11973009075
3456 1085075992 -4215443965
3457 4223264906 10032471392
3458 3148187823 2607948696
3459 12317464742 -240433247
3460 7702944227 7671779698
3461 7901730584 8807495260
3462 19084271655 4073302102
3463 6817415274 7600464467
3464 3687108046 9075587157
3465 7815889762 1752388739
3466 3745849333 8555205499
3467 -2552206623 7982457388
3468 4176125572 7691900639
3469 19049015159 3871192400
3470 16251368099 9813048468
3471 -525530031 9001751696
3472 2815143084 2434215620
3473 5099302723 7195904495
3474 11014749576 8633525557
3475 10884138257 10154412394
3476 8595436604 8026246920
3477 8746854578 -9428915085
3478 7658728274 -2401388021
3479 8064788214 -1801311150
3480 7143275631 7935345857
3481 9650030110 3133541271
3482 9234664413 -8602048803
3483 5201778219 8219638537
3484 3118531707 2720704261
3485 -8317646606 596041537
3486 7865874038 2190668981
3487 15514032774 11590730064
3488 3127253717 2415940134
3489 5878662729 -6775442948
3490 782612985 13841817677
3491 2897779714 1467382749
3492 -1106337848 13422859816
3493 18792685281 8855080695
3494 7901730584 1399216121
3495 9577282720 839078901
3496 9908743904 7782085915
3497 5162267439 7932933291
3498 18900939669 -9898413955
3499 2724834029 2962081154
3500 -2212377003 8702592202
3501 8361687950 1901721179
3502 6264847415 -3002211353
3503 18900939669 8948330431
3504 3053792898 2777864795
3505 8306389565 -9901926439
3506 8309473011 10415212229
3507 11359189487 9808056444
3508 -1165618253 7771456151
3509 4336009028 469804676
3510 6400844510 -19185610863
3511 10370838159 -19185610863
3512 1825376436 -4215443965
3513 11178894883 -1365616154
3514 11178894883 -1397205732
3515 8607931339 9114934136
3516 8046794545 -6424173930
3517 3615261658 1767189900
3518 2914939698 7639580520
3519 737577982 12879414838
3520 10870466275 -11292580631
3521 2854661934 2971129596
3522 4176334515 685229719
3523 10411640083 -11664137354
3524 -1041330358 9640026766
3525 18900939669 8824617366
3526 12538461349 12712847008
3527 1772212078 2095546102
3528 4554659342 697701375
3529 3543518214 3036467113
3530 7019338529 7812081158
3531 3547112276 1891613094
3532 -1422132490 8718412826
3533 6748476272 -2444246680
3534 18900939669 8944367913
3535 6743297118 10754481037
3536 11309413023 3172761521
3537 19045461884 3178477910
3538 1380954089 13366427326
3539 6884672565 3199209618
3540 10904131745 7705881169
3541 1670397025 -61301215
3542 9029412987 -8179630357
3543 18900939669 -16456784838
3544 18900939669 10939363552
3545 2734733071 2642212923
3546 4811050869 8135759
3547 5485171572 -864394043
3548 8001580298 9141844921
3549 9143441723 7687200087
3550 4109053353 9833523335
3551 -1644592213 9450305929
3552 7063681357 -4440156734
3553 12826334107 -19753695354
3554 18900939669 8767397126
3555 5727536413 -2035021761
3556 18900939669 -4215443965
3557 8987444180 7822291560
3558 19173800867 2820242558
3559 3646776467 -1058964721
3560 18564855962 10278690496
3561 -2456152375 14658709955
3562 8618339195 2952966326
3563 -2110681537 10479337920
3564 7256804402 -4787788922
3565 18900939669 2921486492
EOF