NAME : 3575
COMMENT : tspgen
TYPE : TSP
DIMENSION : 3575
EDGE_WEIGHT_TYPE : EUC_2D
NODE_COORD_SECTION
1 5537328256 9620766896
2 5886349100 17718474808
3 9038251377 21872355366
4 -903894353 596676776
5 0 6313419835
6 6210943990 -96624681
7 12647417432 4159084757
8 323092781 -1250963116
9 2958239812 2911263713
10 11726467350 9931217809
11 14755406185 -11591307988
12 11689525292 20721352471
13 13726561889 9670000371
14 7240544914 6483629896
15 18214859051 -18556403925
16 1865359505 -2178960645
17 1164903384 5023797132
18 5464651750 1242322734
19 693319112 3871426772
20 10244415461 13106957222
21 8036453670 10810086264
22 1435016736 4740706908
23 12234511492 33851335866
24 8188918120 12137230087
25 11543625089 20485313495
26 11352779382 13618647098
27 6793117329 -163970440
28 11211660109 11275245269
29 13751297317 8890600765
30 -11311960 26730105
31 21423396464 29903401916
32 13421382864 24595647490
33 11793647160 9662437515
34 6564745126 -10151324086
35 1729855154 5310809579
36 6886527973 12951009782
37 11703248225 9861735819
38 7698511893 5637267445
39 2711380871 1202636784
40 6370476323 923206321
41 18031604254 7993406317
42 4754281274 8315188920
43 6799631799 5727966611
44 13751297317 0
45 -1078370247 7601936314
46 1538865369 4874040004
47 6240212626 11905393598
48 615034428 5019127059
49 12234801557 12317745385
50 7585716694 5544801142
51 1785166721 4861621551
52 11696406753 10144387773
53 6546501466 6469694940
54 -410799717 5995528632
55 8109415331 -2620457540
56 12702331879 10495408679
57 2984948671 9951035548
58 4649582538 9466820767
59 8439686273 -10439903579
60 7523453524 -2015852646
61 7215772226 -53089925
62 23310172841 20977225628
63 9228523217 6291893185
64 15110170738 4496677512
65 13625639809 10779213939
66 20488471018 -23816119619
67 6912153101 11306166451
68 11989353440 11233502541
69 7503343985 5253223741
70 10547854273 11630184134
71 1240448772 4597904163
72 5653224928 194607094
73 7741322882 19096995342
74 7378604931 17353068524
75 136636895 3644197698
76 10181147906 12052757795
77 11689486928 11398173752
78 12109666314 33366072045
79 11429787170 26851437111
80 6408678387 10013348791
81 14347024169 6849798234
82 8428654606 4144906543
83 6184467864 805977821
84 9409213060 11391574299
85 2915732903 -2587700480
86 7280743719 -4186179567
87 8609754547 13878136801
88 1312639589 -406004935
89 13751297317 154692675
90 1587566006 3784917975
91 8723992401 14123393417
92 7987590293 19623994888
93 6235417774 -10680305807
94 2803128968 9954299622
95 15423947123 24008793603
96 4585600419 8336969084
97 13207468348 12055457016
98 1309133858 5332442899
99 2107039266 4365104611
100 9826391153 17707153259
101 17985056764 -2244688919
102 1315545776 4577312916
103 -4638001575 8470618211
104 13751297317 1244924373
105 2043106680 -1924685321
106 10879328281 -7555266708
107 13751297317 14028015134
108 525269546 4050733206
109 3622001157 -626770439
110 12130684453 28494755122
111 5729847835 -1080640448
112 1732047586 -1209716384
113 4674311230 8804753226
114 5126017337 8522812706
115 8752459427 15969734522
116 1111830282 4910223434
117 3523871938 10869156686
118 1026585794 5059553758
119 2958239812 9573343900
120 10458095335 12686037676
121 16111122852 27874662372
122 755410747 4147504028
123 2958239812 24861361550
124 7506770847 5051370115
125 2198845123 9954490584
126 1662083482 10399783013
127 1489913665 4764504617
128 12369611620 11916151792
129 11470804895 10550949122
130 8938262121 16270328195
131 -1411073964 -472943277
132 14466680704 2768036218
133 727465966 -459045068
134 6488104097 10338895491
135 -207092346 -2026904614
136 11317554445 10835798427
137 9180173651 4569725397
138 1737888414 5420234077
139 16978019995 -15695132129
140 5247528505 16133872828
141 4892764245 8291295492
142 13397775256 2091066382
143 632010703 5930897871
144 12228345016 9263248456
145 4167261667 8551750391
146 269568754 6451573621
147 9195301523 21612480427
148 1560359287 3478573852
149 2495854240 10061797067
150 11545565330 11240697149
151 4996700319 2079239737
152 2700638479 10552086762
153 1654913396 5115842660
154 10156226171 11012684742
155 9376722059 29661508795
156 10478215635 29172982335
157 3428492400 9353359875
158 7549662525 6022138050
159 7666793227 18028752435
160 10961091339 10672341214
161 1774884067 4681335199
162 8417732765 6598633590
163 8981253953 21110626252
164 12349187601 10277692810
165 6899064045 6498246393
166 12871177191 12702687719
167 7437026354 17490042913
168 21730542830 36965822756
169 1439766507 4615290628
170 10367417141 3146876417
171 21273775215 32889624492
172 12465106933 4296826215
173 -1679596063 1679322369
174 978074600 4500890032
175 4378573265 -1444161157
176 4388336457 8842952443
177 8072849057 -3623979086
178 2958239812 27176495426
179 5213824344 8612961002
180 4086090444 8836956378
181 -7722603541 9223375348
182 9897507119 11999351419
183 1257487683 -4418442769
184 1375654416 -962330996
185 4484215556 8930774686
186 4053055581 8301476052
187 13751297317 24056910275
188 6741402481 -4474419216
189 9745648725 -2424323615
190 11780293287 11894478203
191 13751297317 31958030363
192 10428677147 15889999292
193 258698293 6423401180
194 7423234500 18416302627
195 8588813825 24754227645
196 13751297317 31958030363
197 13104428876 8766079174
198 9398698275 22089362780
199 -1083114986 2062070490
200 2192868926 -2036955448
201 14159579231 9710601334
202 1940947065 5035237859
203 9519194578 -2895471829
204 12373618319 9595169637
205 6158834440 -12975928962
206 7053769692 138141239
207 13751297317 7213482513
208 553672088 3715793714
209 11121720678 12203304756
210 11398794461 11561643206
211 10853293420 11222950157
212 1141049721 4708019838
213 2958239812 12354067518
214 10656442191 10701350930
215 1094639111 5995449643
216 10764402159 29858163502
217 4518939544 7933800480
218 5602498393 12462833133
219 10358981585 11295850732
220 11307787683 11241473557
221 9587940208 -4033091727
222 13612267462 10588481828
223 7479800963 5234321035
224 4660480889 7958804168
225 4255470452 10281543349
226 11801978880 10805465123
227 2516607043 4672646933
228 2429626770 9870372720
229 7940127204 13741775567
230 -4207551210 10662251793
231 6824598713 10490251023
232 13751297317 9888176273
233 1789228029 4792655486
234 1986834861 16456664267
235 15658774201 27142847674
236 1607615029 4918014558
237 7671842105 -10865228380
238 10817065986 2821562580
239 10920829759 11368697870
240 10765762106 12655322518
241 8310794294 4355405828
242 1151064502 4449376306
243 13751297317 31958030363
244 11542947850 10786300442
245 12209108893 9569341142
246 2106780581 4790808571
247 10349604807 11221833432
248 1187445886 4334022592
249 7114871495 11559331308
250 8408766227 -6782356578
251 6099493495 -171126588
252 13764859959 14924632443
253 1706117115 4574299931
254 11452916119 10637979811
255 7428767252 -1073670096
256 964207461 5157657317
257 4221150264 8117295862
258 19670648843 -17878838404
259 9447123565 4462498833
260 7149117608 279552182
261 6456094236 -9973906910
262 11504661673 10596231879
263 7955467903 23133077989
264 7664416007 18023178824
265 2958239812 12275991064
266 13155098540 2530879357
267 2958239812 9204203435
268 -1445101062 -587271336
269 3034963933 10267836872
270 8306599360 15248417128
271 687037589 -2945396138
272 6370161873 762319549
273 9985052402 -5424233097
274 11350131476 2553996116
275 4183700902 14102800558
276 11825321536 36526973848
277 7221965560 13493684456
278 12594338353 10044566980
279 5212831247 -11803335374
280 1111829456 4151633918
281 5169841854 16284437160
282 10929752345 10851378259
283 1101726970 3592294130
284 -618537114 7115631055
285 9499479681 26829715322
286 8170836280 20016131840
287 20977053545 -20432771587
288 3725772387 10149743230
289 1693281232 4549317220
290 5950126640 18838342878
291 6200485118 6204194279
292 11926013298 703146956
293 5469967772 939327927
294 11255006145 -10305032266
295 2524860604 10010078781
296 13751297317 32294430727
297 9831662810 12416988769
298 991045297 3413232084
299 281642339 3534006387
300 6099294997 6313489029
301 1525931210 4278576487
302 7602241034 -1673736171
303 9769984746 12654817770
304 7726456964 6007049715
305 9347706555 21969808011
306 11161419202 4821864442
307 4478297678 7805516481
308 1375509569 4730629769
309 1258266727 4615414047
310 625399918 3869287566
311 7682129434 -1646332030
312 5475283621 9340977008
313 1120810423 -1994927229
314 11185589041 10501237883
315 8605979352 20947315548
316 9061775373 21922695504
317 4126161687 8397478113
318 6415982282 12189755710
319 6574154785 -994208602
320 11251835073 1801953291
321 11718890954 2931615902
322 8616786603 15750241513
323 -931145967 1590613290
324 7817580858 -9688114027
325 13751297317 10380328337
326 7454684410 11802877419
327 486955480 3040536870
328 10225143603 10920381339
329 7018927742 5396676399
330 14140979677 11803602233
331 15200451106 26401367454
332 13868797710 11062433405
333 20116309236 9030670297
334 11169559756 11122989680
335 11815333954 11035287752
336 2887373577 9699594535
337 11143421271 19837859290
338 9368237001 11634274842
339 12182660207 10788825253
340 4192049846 8007599120
341 1603031798 4915522517
342 7820142125 4905553530
343 6482404484 6164594497
344 9766697131 12387803948
345 8744563090 -9725048513
346 11617788939 10438787288
347 8901220150 -1601062678
348 8937214242 16268632925
349 11481044447 10467836554
350 12485054392 10647656922
351 847990292 -1774004978
352 6328875275 6002663916
353 6959339368 5570371141
354 6694650481 6384041353
355 11533255697 10683623300
356 9007800676 3740724764
357 6518598216 10585723246
358 4489910168 -1921626017
359 10269031099 10834863814
360 16191782741 2091304030
361 2313121179 -2046306096
362 7242919520 18030437878
363 6754348419 12737168225
364 8309198609 20312220081
365 9535220289 11255879530
366 2135274939 10117175019
367 7870767421 14543323351
368 8483546062 -2201699756
369 21062106247 29363765741
370 10063829986 18091284455
371 2349167828 -4907432976
372 3178421929 10241217136
373 1062573972 4393549694
374 8895459569 -1808927707
375 10543163606 11295379288
376 13751297317 29899418416
377 1629208833 4979942590
378 1430616743 4784784143
379 8776016136 20629427352
380 8839876095 21447842504
381 1189215284 4706597603
382 2995419697 9221776363
383 6320603491 -561054284
384 8562370870 20128516419
385 8585844810 14118636435
386 12491733739 10770360579
387 12373799371 12310081570
388 12268222493 12905550386
389 1648221071 4339486906
390 8421922306 19799221870
391 13488859930 -6285427697
392 2756547278 9579830436
393 2124342015 4504286094
394 2958239812 10444311735
395 11107161021 10423852136
396 3913264138 1213993248
397 2958239812 2160732186
398 11210005525 10685283627
399 11391810291 10431349844
400 -1287163191 2314190530
401 9068715393 21315687625
402 532148139 4069184708
403 13751297317 24056910275
404 1642804602 5082639850
405 5112942064 11115405851
406 3921961127 9869560865
407 1571352009 5058173720
408 1868341379 5029902512
409 13645662677 9577701136
410 7449505216 -2662532190
411 7917038610 -1684761262
412 1435450447 11098044048
413 16121923298 -1748117753
414 10432124840 12140647122
415 8638542230 15785438010
416 4346747393 -745869577
417 4962533961 8783934781
418 3818723077 10676834282
419 6864418577 5912125284
420 1552846607 4322120517
421 3051626393 2462659687
422 12021236 81436927
423 7921238781 4884674015
424 1864085765 4830916659
425 10812196552 10844467008
426 6207488994 -304721786
427 2958239812 10391976140
428 700663517 4067451757
429 10865091746 31075924350
430 863428999 4378657512
431 7306078058 -12186989846
432 11044015292 10499330086
433 1966537945 4800983473
434 7985557123 -1463036748
435 11734606 3197612872
436 12258363568 12092780784
437 7598101774 17867699019
438 468409040 3728321656
439 3659605727 10856328290
440 13751297317 1421216315
441 10199685975 8241252083
442 167979094 2890430618
443 146413949 396532977
444 7540133199 14008419615
445 7429779299 5070880527
446 8022774828 23294222674
447 344927778 4834925065
448 7204840855 5391570885
449 2958239812 16824178698
450 10989101620 3233729528
451 11101742271 10631293709
452 3054854302 10574730350
453 11486784113 10302332976
454 11424768095 10976707636
455 12239114980 1030672065
456 1219136314 2730486454
457 12727415737 22400463221
458 11057159136 11395966141
459 -1608117628 8547566878
460 10272177084 10874029653
461 10622734855 10708053167
462 13751297317 13014179635
463 1102634673 -667680958
464 6433820892 -1480224734
465 13751297317 13217090387
466 1677771330 5459487829
467 12156393579 13498153981
468 10328314312 11135365181
469 9349902495 16936284589
470 10866297797 11024220065
471 7450475557 -9809925470
472 7531010215 18646937093
473 12624870693 -7189217695
474 10872256731 25797032141
475 11213873284 26528073929
476 13872305667 11468088351
477 7610737827 6315338206
478 6372686823 14994601195
479 8237652994 6816388275
480 2269097106 10205901307
481 10015959418 16389497919
482 1500299449 4812099757
483 11096840507 11206631052
484 6639348797 12551120552
485 7320739997 13653482844
486 101314335 3553195604
487 22173253363 -22760100377
488 13459265178 9610315935
489 7101855108 5478433233
490 9846185856 12808337858
491 1490507950 4221268342
492 7356491735 13711322404
493 9360082944 22561058304
494 14098953673 21997274192
495 12009677669 9833039763
496 3834097714 10735735198
497 12934855039 13292450006
498 12197311689 11094079724
499 1339437016 4695180908
500 12145862526 10002049946
501 15039671 5776896997
502 7351963478 -1703233363
503 7717524525 25030707086
504 6704246134 21436223392
505 7146589881 6624749828
506 13751297317 383970729
507 9691004756 -3165019386
508 1683626139 -1096578377
509 9323931072 26513835073
510 1394740799 4681329172
511 2024066190 4803374497
512 7802854087 19228668944
513 7721393965 6011791791
514 2488477550 10044135966
515 3070800707 9102319009
516 6959442461 53303778
517 6851696461 387517933
518 10266847418 12053470262
519 12238573146 21609608220
520 9359691264 -1852960153
521 18958039959 32480436655
522 -628520176 1247437313
523 1210068492 4534167796
524 1114352169 4404773133
525 10685462129 3499710048
526 7075788701 13257197901
527 8706588156 15895523468
528 12721917895 11562493756
529 14022451711 -1323856820
530 7912823550 12990733263
531 11387939838 10372330575
532 1480260923 4833569979
533 1889145570 5215573810
534 3238589189 10249082471
535 3710860387 -3270559919
536 5877857113 9279307043
537 12556986368 11829059310
538 15217289273 11281983638
539 4482348719 -430986107
540 4916879687 2190939877
541 7240205728 -1632612586
542 1869771127 5146360624
543 18222085897 11223936877
544 10200370960 3868497215
545 11759026198 9831123463
546 904152391 5757896971
547 -2309385159 -1926241157
548 8979926357 26012837507
549 2958239812 3889407123
550 4385874128 9593561425
551 1766847083 10363400238
552 13751297317 151641114
553 11585169697 10157084777
554 7853471279 23179107314
555 1387743108 -1255918173
556 8877806216 11066633164
557 11210427842 -3851632864
558 11213214945 4374792416
559 4146367889 11403977251
560 10335708766 11833319831
561 4025249767 13723440511
562 1938735090 4017167810
563 12748658366 10743751062
564 19165555511 -20910456811
565 740136411 5015706559
566 13741593419 26693766316
567 4153165440 8065591149
568 1145714520 4699759765
569 13548197996 -6223356147
570 5430637413 -10119253326
571 10815060806 -3279583161
572 5627508548 -3407280938
573 4689275823 8037627082
574 612073406 3893822599
575 11376118827 11582011684
576 11492185289 -5514902861
577 9666589978 13040530170
578 13751297317 0
579 9879527638 12534248622
580 13751297317 11345952268
581 14020846466 9805301408
582 1757774047 4844387477
583 16841844298 23060229400
584 12584935198 12312727006
585 8924909971 4502394983
586 2968066148 -9686546828
587 13751297317 32294430727
588 1226349561 3793909951
589 1802260442 5386550308
590 5573191046 11707797643
591 515708574 3634553754
592 10209352507 14729665572
593 2689214718 9619899765
594 5684788074 9207749537
595 9029432380 21853483168
596 8535758278 3898049540
597 -1183116792 -844828
598 4423649469 11997345518
599 13563976577 669790573
600 4091066419 8463223383
601 358572551 2390010614
602 5777308412 557144709
603 13751297317 9676057528
604 12072930173 11459156295
605 3281850502 -279724350
606 6070843049 6274532255
607 5893585855 2103184
608 602487238 3735214934
609 12189855595 5651697975
610 990615903 4986226768
611 10761532296 10765236152
612 13751297317 359803599
613 10681141563 10704950898
614 4049312811 14776750930
615 7286521008 13598122981
616 7084832827 13271829590
617 12245042318 10061260612
618 3261455823 -3505371230
619 1805442410 2307925635
620 11398794461 20251004887
621 388521183 -1230436922
622 12244437474 10816585063
623 13751297317 24056910275
624 6555379144 11032094356
625 11067223802 11870649175
626 10513671974 -5051844637
627 7166783884 10526805470
628 561544538 -1498686015
629 10374635941 18594109798
630 5228269700 12311410212
631 3808229004 10113961274
632 10948025332 10661624987
633 2766746636 9761789984
634 3490124040 17454163934
635 7108384717 -2665363586
636 10379173773 24741860066
637 -3541429059 -906432934
638 -862805448 414051648
639 4202269013 8261800440
640 7604871264 11191520087
641 11850507906 10071833986
642 3078882115 10105457174
643 655225124 5634183021
644 13195237048 23157309763
645 9113042887 16553090470
646 2956289773 9785704965
647 6695930085 5817603533
648 13751297317 7919123849
649 11408648092 20266946202
650 5258258946 -11783103829
651 20201565008 -18979308870
652 18789941814 6467308325
653 2958239812 24667448377
654 20066801119 -18553093448
655 1311010325 4916338207
656 11481756975 10217269059
657 1065000366 11163518600
658 13751297317 9383165447
659 8869584950 27803140642
660 10695313911 -3538085260
661 8382453631 -2572057903
662 2396727392 9824469856
663 13603279336 -6165737416
664 7412566005 -9733244370
665 2504638592 9785620410
666 6530079655 16504997368
667 627492461 -587538218
668 1926028283 5253225862
669 13494211144 11451921491
670 7566383264 6567400399
671 756901238 4140687670
672 926925615 4689460931
673 4442348668 10413920718
674 9287496510 26322190112
675 7732205736 -280908877
676 8491200110 -1043934928
677 12711056630 14571799890
678 20735515913 35356057099
679 1701124083 5280754974
680 1653637115 -663745072
681 6241544868 -1335886864
682 13893322757 24286680618
683 12036389418 9538947382
684 8479717161 11050342463
685 8442029716 15467517870
686 1298275666 4494340735
687 17272307428 -16375929141
688 11908416222 11387246438
689 -3741893400 -5274979492
690 12852671766 2360529485
691 10675776066 -3425284229
692 1292892460 5513537320
693 0 6458301342
694 1609179645 4892130921
695 6975508561 16407972087
696 11977761484 21187664202
697 10198227770 -7574209758
698 11606466277 35250907396
699 608310528 3832717154
700 13751297317 3029719549
701 783956070 4434870590
702 13751297317 23652213574
703 5866375566 -629857808
704 10253689090 3127150736
705 8220240454 10916847382
706 1505094804 4733443338
707 17335339637 29855213956
708 9822851656 12020028239
709 8079121339 23772052878
710 2811347007 10163102290
711 1528257310 5344776590
712 6760827924 5578694847
713 7108237979 10285634731
714 17948015796 27911553215
715 13280390079 36166483583
716 5065883475 16232614170
717 11372075603 10181268601
718 1300914231 -425199791
719 12715940396 12928157606
720 11305595104 31512243473
721 12205645403 12742525461
722 -363569405 -2328801069
723 6454296685 -242867531
724 12291657343 11960781548
725 13751297317 8614470895
726 7666433938 -467695983
727 6722331011 16916405345
728 7358739062 18278285719
729 8794779735 6809188557
730 7064789086 5244232057
731 1960988023 -1152336906
732 12568677914 10110994492
733 5746750578 588202957
734 3724331307 10052619201
735 12129730056 35032350539
736 11554882298 20503525533
737 2262924051 10865707931
738 10031057253 28102406068
739 9473940682 17136954952
740 4800136530 8856816607
741 11461542492 12388847828
742 1077096591 4547171052
743 9780553752 -8481652246
744 10011172418 -3978093102
745 5106578979 10071388426
746 6024861238 18641437346
747 10283167056 11983051306
748 12400954087 11395253753
749 10177842791 18275735644
750 13161178239 9472908262
751 2958239812 9292139097
752 11052340570 10509240460
753 11547343947 10272142150
754 2931550440 9841757944
755 3104525415 11519063534
756 15069171701 10498369848
757 1214738941 -1237300817
758 960828136 3805584165
759 16858621250 38607543160
760 11688404586 10682183365
761 12420285703 8105427975
762 -1624580100 -597864301
763 1248318584 4641589168
764 11923446625 35118511019
765 7238660464 13296801558
766 -324227727 1837133431
767 2453492612 4441555687
768 -1095957959 5694187317
769 10492608813 3563268145
770 13751297317 8371169203
771 6136656661 -49160485
772 10764439548 10647106772
773 4483870194 8435964103
774 18208068868 8122304046
775 8716419810 21183652428
776 8584787156 -1656397910
777 9734715576 4676283234
778 13751297317 6729400834
779 18416786549 25412620279
780 1251598779 3417590109
781 6473851588 12539007400
782 11574527183 4763279565
783 6797113154 5546181024
784 1395833690 3887903196
785 1568633888 4544438518
786 13751297317 7334502932
787 15236317529 4546537409
788 1499871940 -3230750582
789 71979344 3733986800
790 8559947019 -2159896068
791 12544685031 22104839446
792 13751297317 29772863070
793 2429787645 9903621950
794 2773730651 -2531725366
795 8757660256 15978148481
796 10219269495 11780859464
797 978152239 3392373552
798 7052073394 17622037022
799 5831199525 16526213827
800 13714945649 11346298675
801 2342399711 9807079621
802 9448770759 22750845651
803 11235107237 3500639090
804 -69932923 1696769672
805 1772750941 4677884204
806 4728820197 8875111014
807 8475094905 -1256744069
808 16097037657 -13657090152
809 1745131772 4980035944
810 9628868980 11658626186
811 14041544974 10592210340
812 9215408657 11812002416
813 4103611137 11312480010
814 7778361004 -1119790200
815 7997927640 14749044573
816 14215660076 24808161530
817 11723014042 11686698693
818 7727601529 6658397918
819 927587789 8107264
820 8425911704 24259403671
821 10674368106 10657677302
822 1408541441 4679617580
823 5455813907 8953701234
824 1435458371 4062176992
825 9893346387 12692647994
826 637931070 3896103585
827 13525184132 10362791771
828 11403279661 10513886171
829 7259174109 -3530377762
830 1260830015 4325781863
831 2733623970 9843629717
832 10624525235 11528707363
833 12726049578 12044454387
834 8400247799 15399922618
835 11353895860 10441868660
836 2488440382 3022880342
837 6497052955 -9991194828
838 -761687757 1580458610
839 777759650 2746046799
840 2958239812 4018693653
841 795602864 -829296274
842 2958239812 9800882803
843 12354362307 12984305378
844 11310454583 33006296012
845 11398794461 4557045955
846 11046535792 10502306324
847 7673474311 5264643004
848 3717813417 -20326830436
849 11197032427 11166338217
850 2659854878 10454443606
851 3769842912 9710435131
852 13045690516 30448068235
853 1674237650 5326058760
854 -867023732 -3139739571
855 -1523847234 2337844696
856 48867517 3291195344
857 1863002331 3922522776
858 12409815728 11314126365
859 10109718801 13341059466
860 4845573487 8244019518
861 10166761329 11367938380
862 13062745627 2730427468
863 10917915404 10510176207
864 7151442544 13379591534
865 10835791024 12164595180
866 264502567 5222301566
867 11398794461 1142120972
868 7485163285 5535399844
869 8141713501 19142246607
870 14127118320 38384797303
871 12393865145 10436367372
872 4672441976 553605233
873 2588442553 -3369805395
874 6794357282 5500283497
875 4887526174 9150067460
876 2011734251 -2173871707
877 -4689728934 -778771307
878 2398265947 9828153430
879 14089152498 4429165613
880 9578745442 -8137360353
881 -976435083 2591046654
882 19816648054 33869502418
883 614237751 -2112937066
884 11807360413 10713562778
885 2958239812 4049689959
886 8443170247 15469363034
887 1738406351 5057654691
888 5776921043 -1838446665
889 4651719355 8043013649
890 1251016147 -357634313
891 8342867650 20384270089
892 13751297317 8937363004
893 13751297317 32294430727
894 8999254289 21788903611
895 6701606939 20480469841
896 955525073 5557045322
897 924284135 4021488512
898 3697882436 11632460310
899 10796253052 2937503607
900 10912986473 11267410848
901 12481777353 9852569789
902 12412916010 21891662053
903 2929052134 11457567334
904 1026324719 3470307528
905 1348497462 4089294388
906 9238538806 -3185778945
907 11055754652 2501489212
908 9313186581 16876885173
909 1454902984 11298399557
910 105663474 -2289689764
911 10238674504 11219409022
912 4733582954 8542837812
913 2366824577 9752877227
914 5217419506 7563363004
915 6423556460 16277043230
916 4099681783 8442418901
917 7499738452 13943068541
918 12578392300 11226913336
919 -2224584574 1080882959
920 8708213157 21166090614
921 39552612 2615604576
922 11711347935 20756657388
923 830999755 4309260604
924 4625174758 8000216769
925 8182612479 19238138014
926 7324394725 5365039573
927 8519380101 15592656187
928 12011344941 10070948009
929 20328833653 10155027538
930 7363683553 -476751832
931 13596463353 12877290997
932 8338244739 20374377299
933 1049287941 -2398168254
934 934841262 4187759065
935 8815543132 21395771219
936 10469763379 3605841909
937 11545273097 10751381453
938 8258395949 24182169768
939 1692152540 -494113626
940 7045044598 12778776299
941 7535918257 5058480046
942 2958239812 9559856470
943 1677586623 4523926306
944 13180218558 30735951299
945 2185023601 4986597009
946 8081003257 23739257169
947 10546071611 29720119282
948 1834170626 4971031987
949 531077477 3770140611
950 11104102592 10395204014
951 7656679936 -1592822996
952 12861498013 10248372224
953 13922857690 9256905240
954 1591148356 -1578920791
955 1787554711 5086583798
956 6624600570 5683317534
957 14094917523 -719818837
958 928571875 4291419596
959 8755287792 11033035956
960 3215500192 11556225426
961 4953244266 10433946800
962 11305313023 10507774624
963 -1680102527 -1408339943
964 3946076377 13533885410
965 7954640410 23225263938
966 4147795868 8679399236
967 5584050997 1050762027
968 7916344443 19471532447
969 12584506941 8727657132
970 6757720398 20479115161
971 4568479009 8678342625
972 1202370052 4641582172
973 12249521594 9255088964
974 8408603863 25099515198
975 10368866265 30812777562
976 4906911226 10642500795
977 11431103664 20303275077
978 2867390693 11493931245
979 1716174460 5163116372
980 10849383682 3629404453
981 5838890814 -3093142348
982 4649924281 8548506397
983 7691723376 -249689571
984 9114250964 3795934619
985 1306798627 4572448000
986 11812427104 4300148759
987 10254035218 18399000603
988 9319090438 -2908053173
989 10564331037 25138087052
990 1538531263 4298960993
991 7085555542 -2227438195
992 1698191521 5150137717
993 2442090707 9776186145
994 6643322092 5686292612
995 13751297317 32294430727
996 5795278880 11185574816
997 9174336759 16652252381
998 190894412 6874381739
999 12980775705 8529104252
1000 2854107399 10919518504
1001 13751297317 31958030363
1002 16742000978 11538686288
1003 11317888523 20120114358
1004 13751297317 31958030363
1005 4525065345 8504154347
1006 3321151992 10189531950
1007 1935158174 5264639749
1008 1344900428 5408981513
1009 12433782220 14900062622
1010 1455409291 4164485339
1011 11203995033 12992841832
1012 6805045757 -10317982828
1013 1888793724 4576401779
1014 7286856142 5349146783
1015 12067968163 3866348093
1016 11319901789 11113651827
1017 5961724697 -8776755
1018 6412123356 491728461
1019 12794544358 11308704278
1020 15978749274 21771079364
1021 10843669545 4615212549
1022 3491190446 12444808021
1023 -627889882 7492002418
1024 3828968147 11164124076
1025 6686975327 12628171284
1026 1467910827 5105963699
1027 1019053023 -79168677
1028 -351966274 -1728050125
1029 1465254480 4180412996
1030 6713932906 5726260811
1031 13751297317 5157674625
1032 10195361725 12637341699
1033 10643849548 10660824243
1034 2139522069 -2331358479
1035 6767255026 5718767986
1036 8642475716 11791221410
1037 12523392188 11140205093
1038 9942732692 2866872027
1039 12211488686 9463869259
1040 12170258262 4368780212
1041 5059889238 11059909079
1042 521425487 2233896838
1043 -842909955 727180240
1044 2521003111 11195431706
1045 9297162520 22426411845
1046 8727207875 4425172189
1047 18927849893 26175963029
1048 10054383741 11273490653
1049 8091573457 14900545821
1050 7756564257 -470001845
1051 7068924130 17658096726
1052 16747060 4218200067
1053 4197970832 -10777583988
1054 10810466170 2541514018
1055 4020134922 -777022536
1056 11015367319 -4387529061
1057 11818021445 11670337188
1058 1353708134 -1806450095
1059 8617137170 4827497874
1060 12101085874 10204922449
1061 1711075300 5217379484
1062 6967155323 16388387154
1063 3132724807 9982305804
1064 -299177702 2925744234
1065 10996642325 4471866946
1066 3122608517 10328244751
1067 2738144199 10641882089
1068 3246630319 9478585301
1069 -334192501 7413074364
1070 14180527989 13261141684
1071 1752189489 11758465917
1072 1587963507 4966201608
1073 13751297317 8135553239
1074 1170198993 4528868998
1075 13751297317 3982948119
1076 1965564745 -1552069347
1077 10174553080 14545559728
1078 7536558997 14002637232
1079 15003756134 10747151342
1080 7730144457 -1079537106
1081 1976448481 5007428357
1082 3006594724 10030934363
1083 621442596 3860819103
1084 10743790859 30656179028
1085 17985056764 -2244688919
1086 -1219251037 6163067194
1087 7051470649 21326316830
1088 823594094 4707686856
1089 2205649453 4616437510
1090 5820933100 1512679527
1091 2231442812 9897832131
1092 7261701279 5153564877
1093 14286365956 28562921506
1094 2539380651 10401818427
1095 6902238395 394754208
1096 7190620017 5494846417
1097 11484355108 20389425858
1098 3295285921 3793478186
1099 -121095621 4404545187
1100 932778670 4315400553
1101 16629884155 -2910232982
1102 1322506240 3631549637
1103 460743389 3614744521
1104 2366760236 9752723185
1105 2958239812 14077865398
1106 2717137823 11292088964
1107 13751297317 2888447605
1108 10897964304 15865618761
1109 10268702014 10948384103
1110 10038258506 28155990200
1111 13706878656 8292439271
1112 3449456721 9388119269
1113 8189361052 12035558582
1114 13571198464 23765544339
1115 -26289870 2361834661
1116 6417993733 364793091
1117 18405196143 10499859306
1118 1690945585 4834500230
1119 11049855543 19686487610
1120 5664839145 -30260635
1121 9014548909 7278196011
1122 -1457575073 1946528957
1123 10385747627 4014253704
1124 12493309333 11125750672
1125 985922448 5248069593
1126 11514479060 20438160723
1127 10581321798 10707342845
1128 11480852544 10214621028
1129 10677187800 11280972359
1130 9950901143 3238460842
1131 7098379891 16696055198
1132 990686436 4160564888
1133 13751297317 31958030363
1134 3233466841 9149350216
1135 11726126885 10837815340
1136 4550308698 8320925374
1137 849312192 3183934685
1138 8064482638 14856717992
1139 11234645333 12469312904
1140 3362558807 10383452229
1141 12966641316 651950497
1142 627285514 3995342454
1143 14234938297 28621840119
1144 8870185564 10938234310
1145 1720747825 5063294741
1146 6510759443 16463653113
1147 8177217977 -1265819983
1148 8617024915 15654847255
1149 12576061858 22155601227
1150 13751297317 1424506690
1151 378608086 4592928356
1152 13998412405 9585939527
1153 1680847569 5003089402
1154 0 7044065398
1155 4703928881 8055042933
1156 6359619220 513661522
1157 7067531380 10196507654
1158 1035187599 4264631403
1159 5682023453 9832845998
1160 363202587 3714868731
1161 1122060661 -435755841
1162 864530785 4228485771
1163 1610724442 -738581387
1164 2958239812 -1662368690
1165 1379247997 3251380738
1166 9802147718 -2368734659
1167 22860321997 -24309787597
1168 -3381561300 -3660819690
1169 889631061 4253152065
1170 11623052110 9926215000
1171 3085576777 10584835168
1172 9056861604 3885671609
1173 7214763294 13482032550
1174 7027725323 5605783762
1175 6172243365 -10375168071
1176 11067048131 26213875680
1177 13751297317 166892429
1178 3246940256 9163444301
1179 15492980893 -8290659244
1180 11124164892 12546693675
1181 5525958988 1229972592
1182 10992060130 10434887541
1183 9758686203 11535810374
1184 2958239812 23424795634
1185 7641926741 17970450676
1186 11860012731 3173352170
1187 6320011394 -4015634220
1188 13751297317 24056910275
1189 1918519595 10346318850
1190 11931080966 10972160036
1191 7330213709 -10362815369
1192 11969732491 10947324973
1193 11913757023 9800476334
1194 1326799395 -656873734
1195 12762577288 11217130159
1196 4409809399 8515850384
1197 -123978725 3367947600
1198 7805469925 -4219628012
1199 4374836854 7955679038
1200 19286369205 30177225318
1201 9311287747 -1940745437
1202 10055608602 2702048957
1203 6120665520 1016802313
1204 1035891528 4480202826
1205 9210807849 3423614933
1206 115153361 4294687635
1207 4091217245 8439212061
1208 13751297317 1142120972
1209 2555349474 9717378416
1210 13336216587 5186748909
1211 3035304036 -6528894746
1212 12371875091 21825265595
1213 6960448705 5485034017
1214 8830833665 -2082200769
1215 11242712128 19998493146
1216 13751297317 151641114
1217 21478889506 -26107328384
1218 12275026394 8859578043
1219 1402212779 4968073941
1220 10406238278 11036451501
1221 5306174708 -288428566
1222 11603133113 10529287244
1223 13248872082 11867108543
1224 1845508193 -2309970620
1225 304560939 -2432600480
1226 10572108759 25154730977
1227 6455511698 298971595
1228 7203709034 6547374763
1229 4594404529 8109493963
1230 13211075329 -6576008798
1231 12177020114 10157966382
1232 -63649241 3881584749
1233 4581188073 -3720547699
1234 10234493819 2366943634
1235 1700769836 4973555282
1236 7559211986 18707287427
1237 12919785257 9917432226
1238 9802327391 12340044983
1239 7789205559 -1338531558
1240 4053178891 8572841990
1241 2072110409 4375997526
1242 12300773905 10064812626
1243 907628127 4450705620
1244 21728956824 -22089769785
1245 9624725475 11636705036
1246 347176799 -1717266924
1247 12331206105 10570124065
1248 5402510225 18374172138
1249 -2204335639 5559926148
1250 1480662600 10706040271
1251 5996478494 -831979923
1252 11860395182 10898425077
1253 12578488667 -5517369033
1254 2958239812 2490405670
1255 9451697403 22757108516
1256 9426127749 4385400455
1257 13751297317 32294430727
1258 2958239812 3078432877
1259 4296133645 8044454827
1260 11439872736 20317461779
1261 7951572144 -6120483920
1262 13669615193 5475652241
1263 11055001546 -4014219070
1264 11811065733 10016062995
1265 13751297317 4222335189
1266 8980191322 -2177200472
1267 8846129071 13972334145
1268 11239059361 10673034406
1269 11566928140 10651475894
1270 636565921 4113068335
1271 1474592412 -1153403569
1272 6859590528 16136191619
1273 15574644831 12689271648
1274 7369553933 -1247061533
1275 2156041421 -1556850928
1276 2508302014 10091599240
1277 9047848150 16447617697
1278 9927650636 27854832333
1279 9467802338 -2971941474
1280 21324368 3261597855
1281 7266572261 11218363789
1282 13370882458 31143962203
1283 10150751084 2975720701
1284 6574267716 15467226100
1285 11854113902 9610080180
1286 12658180583 1317401342
1287 6914901015 5800196394
1288 901504082 -1725944141
1289 12936413185 22738581627
1290 10870778955 4685901297
1291 3939356368 -3988315236
1292 2455917684 9966181888
1293 9068715393 21937546787
1294 5934698302 11411129114
1295 13412160922 10877309501
1296 2958239812 4160484080
1297 6842906810 -10433340462
1298 5711668579 9810894225
1299 13852571770 9860715487
1300 13751297317 151641114
1301 10393118583 11469718898
1302 11052994388 10653041168
1303 13751297317 22560036079
1304 8294985897 4601737751
1305 1741146071 5060403498
1306 -1637513602 -1900620620
1307 17887362785 30748283169
1308 13751297317 9556552436
1309 10839555455 2689243280
1310 2546354855 4456801502
1311 4600175153 7969528075
1312 4133591738 8085343542
1313 10357604517 18566556171
1314 12778094428 10697232745
1315 5373701771 8659693512
1316 161236777 2070758595
1317 11109247458 19782572514
1318 7388410736 17376059133
1319 12426559279 12674607737
1320 9210284326 -1691063754
1321 1119769903 4783268456
1322 1178805008 -705486548
1323 3748034081 11660213629
1324 2132514195 10236790906
1325 9295286303 22422396838
1326 11055648662 11263300358
1327 11251845615 10354966125
1328 8111873396 -1905721370
1329 11584285682 10673851002
1330 12043215022 12243808343
1331 3987977860 9636872552
1332 4434900127 10096942705
1333 7489722962 -640377820
1334 9703253689 4590757917
1335 1668891634 5205212437
1336 7143233942 5619900360
1337 1785223060 4936874175
1338 7539772807 10563947834
1339 10773718727 12008569921
1340 -445171493 4417030653
1341 7031309632 10363233399
1342 3007160514 9887010119
1343 9160876101 -1925295078
1344 8410513792 20529029341
1345 8897433688 12376274762
1346 5163326035 9615089029
1347 1522475783 4875054947
1348 964562287 4399105024
1349 -1917758121 4667557851
1350 11398794461 26923795700
1351 1067513195 -2625048258
1352 2124989476 -2563535481
1353 7031181699 13843251517
1354 2958239812 1858039603
1355 9037430683 -9228495261
1356 2438629327 10169220059
1357 10937874461 10775449638
1358 11185215272 10341828611
1359 10572107248 12045475223
1360 -1390090454 -443757779
1361 6656533636 618633330
1362 2958239812 18347759609
1363 1861640602 5272714931
1364 12478370587 11775988943
1365 9622297510 12088914651
1366 12777380055 9284458726
1367 1739258964 4623700509
1368 5745649123 1487948954
1369 1781220992 4691587146
1370 6466677669 -694969031
1371 14463712283 -1306672969
1372 1656303083 -1381677042
1373 11491911688 10303685258
1374 10733807533 10819568420
1375 4196723755 10156980783
1376 11809066762 10827334586
1377 8768887745 -1433812330
1378 2958239812 -3654588898
1379 11363413476 10562546480
1380 11225021734 4619770011
1381 794510113 4231174654
1382 11352773346 10284453800
1383 8044354337 16038343848
1384 8601044294 11793328481
1385 935350097 3747405591
1386 3660602013 9348937869
1387 8096978451 5284688719
1388 5101342617 7294732603
1389 -443172608 7446924561
1390 14104705525 -943077203
1391 12726763064 6468192710
1392 7279837505 21757213313
1393 11857467465 9728896620
1394 7738341450 18196503811
1395 1164530233 5334994341
1396 12147018147 10234383835
1397 11398794461 20251004887
1398 5097071000 9930986818
1399 7706423977 19022313486
1400 6543991415 -2710013950
1401 7149208015 -10477525289
1402 1949953925 5073817611
1403 1835265998 -328222822
1404 7919435216 4606459719
1405 7270138560 5339315273
1406 13387065334 11529838710
1407 1332102635 5209080168
1408 7332114330 13671884366
1409 13751297317 9486339860
1410 20221803473 34524967378
1411 6721641290 221014536
1412 12495277571 10584681198
1413 7606369340 4794411632
1414 2958239812 3693385757
1415 28624599 1856217133
1416 8244028666 15147189560
1417 1575159979 4630204181
1418 11773732830 9986228123
1419 3482041154 10866442929
1420 10762088044 10828176669
1421 8645357742 20323086755
1422 1111147930 4908763235
1423 16997858100 -16329864799
1424 11768767019 11597180471
1425 1680384229 5051633432
1426 1338071088 3974654283
1427 5429130105 9008407816
1428 -208618435 -1516280468
1429 1187221462 3310202545
1430 4642364121 9433344121
1431 1604776575 5179969096
1432 2557323165 9676707237
1433 10342793310 12215900742
1434 2846494198 9978552346
1435 63335305 3070120675
1436 3864323417 8406143978
1437 2480310261 12664807564
1438 6775508153 12771400678
1439 13613451085 -6155097093
1440 11406106054 10896573393
1441 1986834861 27182886657
1442 11954776591 9933887803
1443 10413641048 3134711971
1444 2060809509 4235931413
1445 8479456272 15528066971
1446 6881186865 5433461882
1447 1994101947 5035988333
1448 551567670 3711290367
1449 1476565411 -816743551
1450 3554012795 -2717710343
1451 5838421125 9493235534
1452 11647324947 9853407617
1453 6639180577 459115186
1454 18421445829 28559402386
1455 8008748644 4841072456
1456 4780944909 9952507225
1457 1890549146 11527708270
1458 13292454459 12069192181
1459 1469912107 4730101563
1460 1418094919 4631225715
1461 -508265712 6996759972
1462 1948909077 5241392129
1463 4085326123 10541042393
1464 4819744512 2155665345
1465 10918551154 10506251246
1466 12438232072 -5254858575
1467 1403856942 4758487017
1468 13765050969 8155602602
1469 12934458312 5425140348
1470 2481917377 4591757814
1471 11596166566 20570315683
1472 14177530030 4261157708
1473 6829575716 -186268589
1474 5144172090 8991554422
1475 18709236003 28996306826
1476 6823962485 5626538650
1477 13751297317 0
1478 7852339217 -1551794784
1479 11003681189 11456829941
1480 2958239812 -1926309275
1481 6583047967 7521435746
1482 6534283122 617120864
1483 9717299531 11520227066
1484 -1448596815 1955351982
1485 11843591690 9993925608
1486 9915201504 11352346581
1487 -6924788834 -910685943
1488 1091067827 5557713157
1489 11987323719 11604135178
1490 9205943120 3776219129
1491 10478201988 30330551747
1492 13751297317 1622233109
1493 1314373702 4654139600
1494 9451697403 4639723721
1495 859757961 3200833967
1496 13751297317 6626537687
1497 11562507383 20515861480
1498 887335813 5139768085
1499 12976746309 22803833005
1500 6448282642 12242011593
1501 7239115268 13521429446
1502 1728471451 5046854704
1503 17636268355 8576314496
1504 1152162800 5145913345
1505 3124663987 9446709312
1506 1753938699 11297658696
1507 13028764077 22887987932
1508 19139209515 -20694772616
1509 1628565248 4197477072
1510 6375380115 -11001110013
1511 2958239812 33568004012
1512 7692570035 18089188527
1513 12342461251 21777679556
1514 2094693531 5061172048
1515 12514729930 -5081441778
1516 3956859156 10588977795
1517 12049222915 4425875139
1518 2904762124 -2393651559
1519 11185105500 1839879195
1520 0 6548501186
1521 -697990462 5331566727
1522 3933123731 10947645761
1523 8098643099 4802791883
1524 11008598126 11703152335
1525 11856619757 9921426024
1526 4214536200 8018738652
1527 1893156933 5163691425
1528 12712227020 10735932608
1529 10914048003 13260287229
1530 6436308716 15143768562
1531 7145098359 5376409558
1532 2958239812 19814547731
1533 991635710 4353393061
1534 2667463971 11644400729
1535 2017901479 2610940448
1536 11063348430 10377111954
1537 9700966280 12297540847
1538 16370900459 13061420565
1539 10092442316 11592011264
1540 330186981 2344088122
1541 11101746214 10472936292
1542 1231137115 4526939068
1543 371372777 3655559327
1544 17861709616 -17739437068
1545 9493277172 17168237742
1546 2997410234 9130526243
1547 1384777577 -1575392903
1548 8823056956 27644510145
1549 5881147473 7770669083
1550 2898650061 4238520931
1551 1244083571 5358728705
1552 616816437 -889722632
1553 2014094678 5068332795
1554 921328887 5296133088
1555 11503072923 10518437913
1556 3333348439 9866524584
1557 -55960891 107716800
1558 12248933065 11688265445
1559 13148953456 -6640992394
1560 14104860469 24628908689
1561 13964888481 3659726412
1562 9011017007 26476153978
1563 8275497379 15198099996
1564 -1879182208 -5386597285
1565 383100498 6650925558
1566 12328871422 2587794955
1567 4017444120 712935499
1568 221022429 3596103629
1569 3988534888 8368255223
1570 8676031478 6910356293
1571 3216935753 9056416937
1572 8564378692 20858292283
1573 -284179808 3445988948
1574 4523515965 7864701716
1575 -366138712 3019094461
1576 702448905 -806240431
1577 11398794461 3726219510
1578 11010053128 12290564969
1579 10932188237 11411903433
1580 12134967221 9894226132
1581 739453217 4105570785
1582 9579763803 22513887529
1583 926468812 -1523023232
1584 5749513367 17851632592
1585 13751297317 31958030363
1586 10813017921 11372310033
1587 1739953306 4624823824
1588 9937639144 15613524244
1589 13751297317 424580965
1590 12184739199 21522515060
1591 16961120097 -15656036339
1592 1986834861 27708098230
1593 3768399199 9007155409
1594 5916023404 9374196010
1595 5403088208 8797949942
1596 13751297317 3982948119
1597 7261116783 18069379081
1598 10164635191 18254368241
1599 -1046548606 7594170655
1600 1939971972 5207533435
1601 7720700789 12830555829
1602 17035499224 23349479423
1603 13751297317 24056910275
1604 3497630418 11917727382
1605 26059637955 -36704314528
1606 12357026430 9758485815
1607 2609748373 9954575083
1608 13751297317 32294430727
1609 2958239812 1922310427
1610 3466763472 10473101244
1611 10018793970 2464733548
1612 -1605163297 -786943167
1613 5435542997 -164197171
1614 6818003481 6506550230
1615 11131674464 11245365107
1616 894385919 11302427907
1617 1094817952 4646518581
1618 10971985821 10615442773
1619 4626282489 8045156235
1620 8438728069 11065031200
1621 13751297317 4780852475
1622 15003861660 -1569078177
1623 -9539711547 14905445453
1624 10000000000 17988019590
1625 10570922709 31053936987
1626 8280475977 -10055247648
1627 8852943030 21475805070
1628 19805996187 33852269708
1629 13893000895 14041249449
1630 16857792296 11245149747
1631 11398794461 2775843582
1632 10459192987 4580646197
1633 13751297317 -67950093
1634 10832578852 -4274743836
1635 12749620846 15072724027
1636 9036150202 4174746309
1637 6835286122 6349362588
1638 1229793813 4880265321
1639 -108084334 6637494446
1640 9382798702 -10936311205
1641 4464091902 10997265383
1642 11398794461 4557045955
1643 6924593164 5698073679
1644 19529710987 5927281065
1645 1028487201 4389607392
1646 13623966125 10954755128
1647 6585292418 5844972049
1648 13496051567 10323086771
1649 -332553113 7419929307
1650 11932639009 9970584780
1651 12768732637 -7038728568
1652 8826885961 28129784357
1653 9451697403 17100969527
1654 462001079 -3266938153
1655 8349254316 -897131080
1656 2702928467 4441682618
1657 13751297317 24056910275
1658 9560990377 11299515455
1659 2455670689 9674698415
1660 14713157652 -833100739
1661 10000000000 2567358353
1662 1802364429 -1745702866
1663 1747820331 -13346502315
1664 11417491112 10172068939
1665 7229152260 12342322005
1666 9448473785 22750210140
1667 10988773167 10986792108
1668 10121747536 14266192788
1669 7724396927 -925974770
1670 3253094260 11964338648
1671 7379789275 -240096240
1672 5885266056 13851798470
1673 10994234705 10638619199
1674 3034411437 1440537373
1675 1972170963 4779667941
1676 3601899003 12495284267
1677 10301680840 11122238677
1678 -1518572969 6174133906
1679 1954624918 5212584751
1680 3705419703 12957710759
1681 1510497686 4793336279
1682 6857458481 17205571154
1683 17181102444 -16164937865
1684 2958239812 28675526264
1685 10975517036 10524630095
1686 5617391592 9881295651
1687 4439335147 8476837235
1688 10974901030 11018940613
1689 16375037830 -26956833608
1690 7813800572 6050778781
1691 13751297317 31958030363
1692 11323545410 32047348712
1693 3792084593 9733701404
1694 13751297317 32294430727
1695 5787438679 956620658
1696 12146608413 9534354309
1697 1047992173 11437565651
1698 9918010485 13738488152
1699 1297386411 4868922330
1700 220182740 3595278458
1701 2958239812 1512637899
1702 7307070110 6019282510
1703 1820396131 5143644656
1704 10505186743 18805316345
1705 8561525882 3864549914
1706 4130894652 1574791975
1707 2958239812 -2202748058
1708 22908629333 -24286481977
1709 8790219395 11158176086
1710 7820142125 18388293002
1711 2190927858 -372670629
1712 -992282673 6804192164
1713 11016590057 30461945942
1714 12252041570 10989811980
1715 -89088931 -1544336000
1716 5584244120 597213560
1717 2958239812 26778771861
1718 2954661772 11160263461
1719 12945439839 25128349038
1720 7439074970 -9733423378
1721 445634146 6617989392
1722 12482509774 7714120385
1723 9750034176 4838295374
1724 1020977577 4201212983
1725 -1012531657 6703486653
1726 18081829915 7392319923
1727 6609882399 -2078379337
1728 11879731188 12045869853
1729 7858854968 -984192275
1730 3337786989 9258476004
1731 3769532519 9710110440
1732 1328129993 4463920674
1733 11562246927 31768345015
1734 16815241938 23020495150
1735 460547451 2146210885
1736 10388674496 13587957715
1737 1763297381 4902906840
1738 5588624530 7415597970
1739 -66043763 4238931766
1740 12850578848 1518662677
1741 9282995627 22396095426
1742 -781535323 5275127175
1743 13596771945 10263939243
1744 6261100567 -614515523
1745 10077771618 11974191146
1746 5497780438 11633348489
1747 13515688150 -6257363601
1748 10283424130 18446546313
1749 2662044438 9530516463
1750 5243649954 -2959830695
1751 6889436658 5516997825
1752 10257574553 2680926358
1753 1902559743 5240104089
1754 9055845198 -10344403336
1755 4128695002 -699174747
1756 0 6302825438
1757 11121283104 10335885588
1758 13296697653 5508895842
1759 14243225811 -10509012406
1760 1276402088 -2347489608
1761 11618961805 10683798173
1762 1061177901 -1871011501
1763 11819748556 11400753855
1764 6111976756 11697932176
1765 11606124906 2395911634
1766 5961185439 14029798432
1767 11972691569 10235010200
1768 3199452118 10629531600
1769 12706952687 11795879991
1770 3722386089 10496678087
1771 4960061380 8652088425
1772 820562248 4286924878
1773 9956885350 23398083608
1774 9676991715 -2908299071
1775 1729385779 10648260916
1776 1195823109 -606778888
1777 7331455449 -381809658
1778 2411782517 4653359789
1779 11092192894 -5006970016
1780 500168351 3943534418
1781 13083757701 -6709191475
1782 8113583340 4513580975
1783 12030541664 10442412025
1784 1589171882 4165972286
1785 5996029316 -3059639561
1786 -337588398 6766356888
1787 9770867707 3019953371
1788 -1383368646 -958949426
1789 14346085557 10070048968
1790 2804235429 9997298727
1791 2770006626 9781238643
1792 -546810949 6807217165
1793 12441752056 9735847913
1794 798926058 5616817423
1795 13751297317 2567609738
1796 9218618077 21667148227
1797 11327312259 11414390021
1798 11398794461 20251004887
1799 11398794461 3645059410
1800 1412945526 5554594510
1801 708997739 -2076286393
1802 11580292523 10050384160
1803 2625137267 11173100363
1804 11574421521 1798590362
1805 4340671733 -11342848009
1806 10591725676 18945319995
1807 8184400934 -927276414
1808 10081174229 11208335194
1809 2507593930 10089903960
1810 11393284710 13330397503
1811 14611123814 10584949412
1812 886487856 4659989383
1813 2958239812 10172826479
1814 1486303030 5044161447
1815 13751297317 7697564191
1816 12810202337 10961328930
1817 1464580430 4869448232
1818 3654936356 11431080305
1819 10386328505 15665954434
1820 12759096293 6083875282
1821 6493123942 5867837299
1822 11398794461 26923795700
1823 4076370992 8600636369
1824 2958239812 -2329244522
1825 787246760 4764671872
1826 11239626628 12392967367
1827 13049585106 10774885710
1828 12118481516 726960809
1829 11215995045 10596587367
1830 1085702827 4445833764
1831 2958239812 16758003267
1832 9609257336 11023304917
1833 13751297317 8982647656
1834 8274282271 -2869823803
1835 10978244324 10860415420
1836 12017714261 10994693053
1837 13466046614 11870010043
1838 17095851285 -16536935582
1839 15224908055 6585859592
1840 13751297317 934909419
1841 65484993 3443255425
1842 10762138105 10787860541
1843 342001478 3859022661
1844 8323803479 12349042813
1845 8473421208 -2184813080
1846 11184617080 11165617388
1847 12746668218 11369141118
1848 11582519390 32251029530
1849 -3626914329 -4690937060
1850 10743291911 10631038452
1851 1177192369 4620261248
1852 14745787228 2512821554
1853 987354335 4131951846
1854 1290725031 5821657978
1855 3844343536 8373225145
1856 12960368856 9560620018
1857 2541996841 -6163850443
1858 1893618499 4873425089
1859 13751297317 725066940
1860 9739509327 -2738418446
1861 3935438930 2212921571
1862 3684031086 9300351958
1863 13941885728 1050975181
1864 2958239812 1966668182
1865 4713148237 8061048448
1866 11987751406 10116125029
1867 9502287818 28501344734
1868 7110944244 13314072931
1869 10820960124 2036949022
1870 12226622088 -7605812127
1871 9400056931 -7824810571
1872 5454495606 1333547547
1873 6168979222 11790151401
1874 4297293404 8239849351
1875 1893372637 5165335522
1876 2880728367 9898175222
1877 13751297317 6490715638
1878 8053825167 -10083744526
1879 1745153277 4747475894
1880 10659813222 2581622369
1881 7474709713 18526456925
1882 2157422378 10305349822
1883 -6924788834 -910685943
1884 4506899511 8855304068
1885 13751297317 3982948119
1886 3638655652 10151778795
1887 9840980383 12780798380
1888 13751297317 24056910275
1889 8469008312 15511164144
1890 11336899650 11521633501
1891 7251515313 18048832431
1892 13187786795 -6600370148
1893 -463091893 2074545955
1894 11620499021 11010075790
1895 13751297317 32294430727
1896 11156642465 32067445009
1897 -759189819 -1726738176
1898 11894708237 21053299731
1899 141196059 3386370550
1900 1548371243 4900502676
1901 6207389607 -414271226
1902 -702250371 2642088136
1903 11582614716 20548391348
1904 1890397850 -1100440810
1905 46955536 2692374534
1906 9822761534 23551166600
1907 3682194220 9193137905
1908 20738969716 28881117296
1909 11195114419 10342492001
1910 10525401199 24731021197
1911 4657136932 14230617344
1912 1665271607 3643614458
1913 1597978340 4840708609
1914 112661933 2772054750
1915 5863557285 -3548679014
1916 12776496966 28311104807
1917 3125117390 11568364366
1918 7288506798 5305059290
1919 1837661531 -1845068237
1920 9131913706 14454751249
1921 14030550512 5321326813
1922 11488727430 31799052644
1923 11137423462 19828155968
1924 18279803346 25208017198
1925 11611623055 10684197848
1926 8351007562 24385752046
1927 6681464258 5708249261
1928 1384059483 -1860877062
1929 7301148553 5295797495
1930 13751297317 5745359386
1931 3038649518 9132706330
1932 8952317677 14167152676
1933 2823516397 10846278233
1934 2958239812 14310374604
1935 9013962240 3966275578
1936 876172814 4154832641
1937 7080001198 -10826711044
1938 8484956074 -4281721545
1939 13406623219 5704695818
1940 8788304436 -2535714230
1941 7367718777 -1280173567
1942 7494244794 13934180841
1943 6795544997 5539457226
1944 1699607090 5165630366
1945 2481167984 9648195016
1946 13751297317 523608215
1947 9853275348 23616464588
1948 2958239812 9712484450
1949 3131120713 10769285065
1950 448007990 6416776043
1951 9156369427 8113928283
1952 -266440849 5827555493
1953 2933286015 9916494960
1954 12579633867 12752605448
1955 11562246927 20515440111
1956 11532222299 27209324386
1957 10050012440 2477218258
1958 10029860900 11176178726
1959 7884664327 18539571225
1960 12429240597 10114738124
1961 -97343169 6961822008
1962 9185672273 3490095059
1963 8745569418 4293784618
1964 1409319389 3819608152
1965 2145035221 5064785033
1966 9855676195 17754530928
1967 7861859354 -2267493628
1968 16864674781 11526537663
1969 1776533588 5124720111
1970 10838661555 31458540451
1971 3168346624 11662901790
1972 914742713 4092791888
1973 195286472 -102469118
1974 10409415817 4039403957
1975 8258257422 11316027865
1976 282389041 6316257683
1977 8401306283 19750885711
1978 7499298490 5874502377
1979 -1099955354 5730551505
1980 4507788756 8829618390
1981 96395201 1965857170
1982 13751297317 24056910275
1983 12822743308 22554685231
1984 9034894622 -1709109352
1985 6069578580 11629339933
1986 11598570925 9940141609
1987 5886401570 9515542606
1988 11538493539 12281657612
1989 20750262466 -19182099090
1990 11871842415 -7976935177
1991 2958239812 28512412684
1992 -883718855 13272020898
1993 7301763249 -1468305978
1994 2601278296 10802666242
1995 6186395550 514252193
1996 12844037407 5305918760
1997 2066665733 4361875039
1998 6358809322 12097260657
1999 7933136254 10677036420
2000 11406305653 10442348281
2001 12063099054 12086086144
2002 10535553717 -3571966098
2003 23405774147 38910947446
2004 10394858944 16350583018
2005 6285367254 532743178
2006 6523975742 10811047129
2007 802113791 5171130999
2008 4298966155 8262179585
2009 17151815911 29558307224
2010 1235425513 4642642405
2011 10273714338 15070170874
2012 7730315859 19073440882
2013 11474847508 11079503948
2014 1375764982 -2414349784
2015 1834135073 -6654176720
2016 2958239812 3868060730
2017 11847844746 4447461053
2018 9559227082 15720757519
2019 12350546160 21790759412
2020 8783986114 25394851130
2021 10827433235 -4189359568
2022 542955422 3820873665
2023 2958239812 2729591953
2024 13751297317 2943574639
2025 5496992450 9050255721
2026 13751297317 8302666289
2027 9392308386 17004889312
2028 10471145164 18750243497
2029 11612093675 11239339626
2030 6884307162 16194142037
2031 12278067000 10419270276
2032 2024980982 3574204074
2033 13751297317 3982948119
2034 7666207014 15855933798
2035 16952483746 26329319102
2036 11521873601 10487500629
2037 863467364 4323127411
2038 917625303 4198905217
2039 11398794461 4557045955
2040 5634816183 408588620
2041 11880034968 10147679566
2042 1505348636 4813624331
2043 2958239812 13744296067
2044 6776398525 -276263320
2045 13549207797 4270236030
2046 6598622719 5728465665
2047 12521963299 5778948537
2048 10299938557 2148674168
2049 17640418126 -17687667464
2050 6035304411 1037585594
2051 5163051576 -11295954102
2052 101137105 3780724380
2053 6503979309 20063942211
2054 2958239812 -2304432671
2055 3205997553 9885265691
2056 1906129800 5223042948
2057 4757610293 9458804538
2058 7644043882 4850026842
2059 10746216318 10877661043
2060 13751297317 31958030363
2061 1620426331 4431451748
2062 6487245939 9900998909
2063 6805055120 6570466321
2064 8624537149 10974484110
2065 3339793336 9677949349
2066 7097627233 10595269231
2067 1587195800 4841023101
2068 8864738009 11153709277
2069 4271566613 8167276759
2070 11368143906 -10591778969
2071 9643069761 4612783104
2072 8602258839 11225336788
2073 11987685421 10063816430
2074 9030419841 4559435686
2075 6049449269 11264400567
2076 12336852430 11536204669
2077 4828822969 10187674567
2078 9792346179 27724886610
2079 2958239812 10478339478
2080 11195726709 10474082292
2081 12716039443 22382058528
2082 11398794461 20251004887
2083 7805963178 -355942305
2084 1170694528 4301578918
2085 6825152144 -352454242
2086 -514267921 12800489465
2087 -722178937 5349790560
2088 2958239812 -3577068556
2089 6793311698 5700713174
2090 1674079501 4748977955
2091 1840074435 3493665256
2092 11713296157 10594904845
2093 9900613735 3464273290
2094 8391947956 19728944255
2095 5449772176 1716163881
2096 7752785037 -882827438
2097 14350393145 5531884515
2098 1398972500 4964684395
2099 4640170241 11678751898
2100 13751297317 24056910275
2101 12969978576 30286048593
2102 1029514519 -793474469
2103 11949819517 10943614935
2104 10310718875 2154615044
2105 11087815354 19747899415
2106 10063529406 24066397418
2107 8629691218 -2322781163
2108 1761918009 4925064925
2109 11398794461 2023708033
2110 8701831261 21152433686
2111 10192466202 28488847644
2112 7043612709 -324068532
2113 1016385402 4846506096
2114 772740039 5431952104
2115 7252120312 17056513726
2116 2958239812 10120189405
2117 1670654290 5245154803
2118 9511014866 17196933981
2119 13440024319 10441832620
2120 21763505614 30411401280
2121 17985056764 -2244688919
2122 -747767226 3651904107
2123 8227341689 -878280567
2124 147106475 2047898435
2125 922005508 -680069015
2126 7713870187 -9770297892
2127 1002398030 6006711446
2128 1903374871 5019564992
2129 12394090835 10624017596
2130 11680641117 11107310777
2131 6983693002 -11187110853
2132 6647678613 5716494209
2133 2883343708 9281399803
2134 13751297317 31958030363
2135 1554335373 4819847987
2136 2958239812 2263149829
2137 4930092216 2324052548
2138 3238594521 9461389109
2139 11430013202 10870876219
2140 8866612940 -1513844887
2141 11992697962 10717536331
2142 11887779851 9810908456
2143 4432634589 8296955982
2144 677332264 3980420105
2145 4192249006 8556826372
2146 1986834861 5024231559
2147 4926407564 9115202577
2148 12774827798 2730653901
2149 12807342942 34749325135
2150 5624936100 16833056682
2151 952724597 3735692320
2152 7044596747 5321146084
2153 3454344873 1800304148
2154 8774051254 -12407104612
2155 -138616 3375742361
2156 5269769549 8631677060
2157 10828874529 10608474394
2158 1033833386 11129593455
2159 1635432206 -1587159832
2160 2175214623 3509338610
2161 8873144331 20857153322
2162 0 6389807453
2163 869668659 4004453809
2164 7391061423 13314696687
2165 6949293081 13166204419
2166 5393970246 10091996323
2167 10891068217 10729798203
2168 2958239812 23096444435
2169 1731376528 5065422450
2170 3412751347 9578402968
2171 13850749502 26919699075
2172 9350399175 16937088124
2173 2040135218 4670288580
2174 11347869632 20168618130
2175 19181881342 4087093548
2176 11386268262 10558834937
2177 3259060731 12381580507
2178 13751297317 7377691174
2179 10586602336 10826223091
2180 11419964603 11557771368
2181 11604105718 4090681480
2182 10942691249 12210094370
2183 11970713597 709485999
2184 2958239812 9428498440
2185 982042647 5177361201
2186 24119609555 -26931660046
2187 7745430855 14340552454
2188 6868774278 17229786376
2189 12329640747 10364218420
2190 3351161419 9990453961
2191 12343176962 10230724469
2192 8519652331 -2202046983
2193 13751297317 11369984308
2194 2833360572 9852971742
2195 7849739882 -11502528915
2196 9607637898 11546303466
2197 10879100762 13122608203
2198 17563089018 -17048615824
2199 11462254264 10779873891
2200 5558571433 8937672872
2201 11252904412 10609909569
2202 1779265861 -1333527241
2203 6716535116 -466683967
2204 13751297317 7506379225
2205 1648972605 4126929253
2206 5300106171 9329434669
2207 1895406469 -1440000045
2208 10747724052 10675604564
2209 10439776065 18699494218
2210 2958239812 4151036533
2211 15268105375 110960255
2212 12626164258 11164932897
2213 5909465506 -9953394866
2214 2958239812 -2968744202
2215 9851565589 12017550957
2216 2608229031 10387995344
2217 3705221141 8720997003
2218 12292646282 10071876470
2219 11699014700 5282123775
2220 -1014241951 6214006159
2221 10327829241 18518385397
2222 1610192494 10908420310
2223 3021654719 10374436124
2224 13751297317 704251414
2225 12170494993 10031155179
2226 -3024782095 4645018574
2227 11864771084 1502696109
2228 2214223076 -2489371301
2229 6140639978 118102512
2230 1961990659 3967290908
2231 21730542830 -26330567739
2232 8902206586 16211997148
2233 -139404501 2636514413
2234 641636776 3904033604
2235 4438371761 8678035609
2236 13751297317 3414299319
2237 25099499278 35394162431
2238 3908653842 3368202301
2239 7447611755 18468468693
2240 10156628153 10960123794
2241 2206350389 9945757316
2242 8051708846 19761205281
2243 13401675064 9921288334
2244 12053196039 4136231060
2245 4708875209 8060848109
2246 12059886942 -7985061005
2247 1613791648 -8485182345
2248 -1072178772 1242618324
2249 13751297317 7488796116
2250 13751297317 24056910275
2251 4283218211 8220215698
2252 819062661 -57242184
2253 8211791478 16129584879
2254 9294682357 3557500590
2255 2913848700 9837980856
2256 9433350832 -5710573182
2257 9213649655 4488622241
2258 4594713426 7826210698
2259 11343651830 20161794523
2260 12480673348 10833787336
2261 814980106 4091434805
2262 0 2530964028
2263 8121262222 19094296707
2264 22048678324 -21050458276
2265 3049134191 -3248388423
2266 12417688963 2822192874
2267 3721042546 8697885934
2268 7530260084 5515292774
2269 4569744631 8255997401
2270 10295418279 24562627634
2271 12807342942 34749325135
2272 7717377806 19045754115
2273 9044610417 21259171298
2274 12829571235 11511302211
2275 11620981315 20610461261
2276 3889246488 11129094139
2277 1534950852 3830717362
2278 13866329096 12756320000
2279 11461898008 1059510027
2280 -1658031610 -972174106
2281 4401966527 2597238006
2282 1036746469 3733852271
2283 15358207981 6291610325
2284 3213051410 9907402910
2285 -969043361 -6193973106
2286 4487661115 7867690096
2287 11264052596 10759762350
2288 8872347961 16163691532
2289 7375744906 17346362933
2290 1971051075 4347950544
2291 11243101939 11941804812
2292 9321887654 21909273228
2293 12229551141 12653681911
2294 1786203578 -2806511406
2295 2428348842 9972377807
2296 3381500534 11883955260
2297 4755859389 8492992276
2298 11473244918 20371451668
2299 2884899823 9642971522
2300 10395463318 10946672294
2301 14335444052 33208074217
2302 1100091195 4476662642
2303 13751297317 158791110
2304 11514927474 11136001834
2305 3481865258 12412237511
2306 3309237275 10412424177
2307 7420126542 5574502826
2308 12231995493 10675820788
2309 10364783121 15551968902
2310 695780474 4062653141
2311 10510377943 18813714725
2312 -316351407 1024797691
2313 2958239812 3961673149
2314 2646299802 4480375537
2315 10883331189 10687084399
2316 13751297317 22833919134
2317 599827128 3968358822
2318 6320519196 12035314464
2319 9684776728 4373893911
2320 11462604011 3080361249
2321 13751297317 31958030363
2322 4045678831 9325645099
2323 8617939345 -1606085936
2324 10096369321 24136673140
2325 8238056232 7220709223
2326 1917057206 5244569632
2327 8922953283 -2001308280
2328 1659689082 4720895702
2329 11137968220 10592362849
2330 10333155204 10813537917
2331 4499872624 8708545481
2332 12807342942 34749325135
2333 4774837129 2339577163
2334 -2357701585 2502346720
2335 3396040484 8882654929
2336 1192673623 4764174513
2337 11398794461 2511254807
2338 7459349382 5446735652
2339 6845607050 20475874770
2340 13180071311 4812386252
2341 10075654910 11814791507
2342 7549554462 4819892902
2343 3177072636 9090358140
2344 167966336 5379858828
2345 10151587664 -3438863651
2346 6471193605 -3155473486
2347 8747465218 21250087997
2348 12789912969 6190751144
2349 13751297317 24056910275
2350 576241014 3945180510
2351 3380240675 10027092544
2352 8950908557 10954547502
2353 6327417361 -3339470693
2354 10032431670 3057174714
2355 9680576612 22750252413
2356 10381425484 2494593577
2357 3440176647 -3717152666
2358 11398794461 3029719549
2359 11064728701 19710549571
2360 -1166806249 5773954612
2361 11398794461 26923795700
2362 8843024225 -1505975822
2363 1034436099 4321002691
2364 2579171847 12287303985
2365 -1453000568 1825372342
2366 9973833228 11494784003
2367 12741483741 10555055922
2368 929440578 4328212200
2369 14333175501 10778390890
2370 139969253 3516451857
2371 113216271 3148063765
2372 10504718878 4775233515
2373 11591551319 10173285697
2374 12031765578 9560582204
2375 13161468703 7725854467
2376 12325606903 11423216829
2377 1971232603 4810847225
2378 11706001964 4161275021
2379 834117563 5548747159
2380 7313103268 5220473306
2381 1024713150 5633200297
2382 13770462723 11124937260
2383 1986834861 13063253754
2384 2370867044 4641810674
2385 9821260826 12050913264
2386 8012917009 -1871210442
2387 1981714036 5015947031
2388 12329786982 1266161084
2389 1572592644 -1146207155
2390 7204556325 -10987575708
2391 6836860658 5620525353
2392 5883986392 10100678976
2393 9969766520 23865749683
2394 10308376438 15253550196
2395 13751297317 2582313474
2396 11295917893 10547955431
2397 2015606903 2020673795
2398 8603795208 4148431466
2399 2972617904 9171502678
2400 5406352208 612086503
2401 12132729131 -4486160337
2402 15856707369 27463066164
2403 7145846017 17822705594
2404 2278896899 -2143734221
2405 13751297317 6061651231
2406 13935503579 5926579973
2407 10253183950 2629242274
2408 2531953780 9711404621
2409 11769015793 9814910570
2410 11399368502 16482796411
2411 11985725895 11349717267
2412 -2940928025 9610584692
2413 11478456767 4537605402
2414 11811585065 20918822136
2415 1521009478 4270614054
2416 1606949081 5261459725
2417 9321887654 21909273228
2418 6414025593 16256647667
2419 8004746815 11340090128
2420 12332437617 34947683628
2421 11776824439 10723035295
2422 3596812253 11798327683
2423 11649928284 10494904858
2424 1126923661 4486341894
2425 7865305660 18494183055
2426 14092681224 7691485342
2427 3981216865 9969171946
2428 10187103242 11180222164
2429 -2410693246 -1950574348
2430 7390306644 -500081486
2431 10972115250 11313465140
2432 11447372436 10612212258
2433 11733286287 35185019267
2434 2958239812 32294430727
2435 1227444243 4705857004
2436 3360661475 10522703203
2437 8985538752 21120672357
2438 7919265720 -4212201902
2439 9168499320 3406557876
2440 6840321325 5669482252
2441 16044633328 -14315592072
2442 9508882637 12447345827
2443 14914211909 -10920771359
2444 10000000000 17988019590
2445 13751297317 10653979384
2446 8934435670 6908277952
2447 2671081725 -2173971370
2448 10687255138 2276108548
2449 10688606936 11372787273
2450 11417649549 10430359661
2451 9421239466 -2858951457
2452 1986834861 23193260573
2453 -565009427 7216468150
2454 11084446958 10490672844
2455 13751297317 31958030363
2456 13751297317 3982948119
2457 4314862464 8732232197
2458 11262650270 10706023173
2459 1133390243 11060296262
2460 14162120100 8151962718
2461 2958239812 24226425155
2462 10720401279 10776034429
2463 1866546580 4407890380
2464 19274044487 -21006696386
2465 14090778813 27871072365
2466 3160211856 9218520651
2467 663388641 2706633694
2468 13751297317 24056910275
2469 13312271062 25112217721
2470 11556204748 10371521465
2471 1625352835 -4521852017
2472 4857509220 10724075942
2473 7497738327 5163886329
2474 10124305187 12611905656
2475 7858934316 10748971624
2476 13751297317 8759472331
2477 21730542830 -26330567739
2478 1980568434 5014093664
2479 16462028374 11501742396
2480 10887553652 11213431405
2481 13751297317 1260750303
2482 13751297317 9002368155
2483 12677603008 11498354862
2484 10154259072 -11372022772
2485 -2733268773 2351683330
2486 5001464557 9257929522
2487 7201300306 -10085547143
2488 5004211898 8887025674
2489 6448918381 12243040098
2490 10299888728 24202286509
2491 12566476317 10851111520
2492 -427689723 2851330374
2493 508023787 -587678754
2494 2474074114 -2936031867
2495 1680000594 4938717728
2496 13215349029 9993780967
2497 13751297317 32294430727
2498 -3446972560 5222387581
2499 8513770562 4021244365
2500 4259214563 14331643373
2501 1937952429 5221604450
2502 2239643396 -2184358939
2503 2012611583 10995704724
2504 11629780772 -6532419321
2505 4394604344 8397898076
2506 9144825587 -12573082524
2507 7609672772 -1816289096
2508 2958239812 1513653216
2509 5149939689 10714120894
2510 5080217123 8968484664
2511 2876834379 11650047514
2512 6595676449 12480466939
2513 11054378917 -5055326462
2514 10777298116 11888376786
2515 5792416485 7422924245
2516 1505420947 -1119106849
2517 1264383672 4350005801
2518 9295230165 11518590824
2519 5645347666 -10651741066
2520 -1408431599 5157290502
2521 1523378540 -1790417047
2522 6967778333 -10149396645
2523 11803624836 3541301936
2524 11089929293 8775099629
2525 9946553273 17901552879
2526 7660932104 14203849432
2527 10297572629 10858729148
2528 9692029130 17489780879
2529 994896736 4609587189
2530 6861942284 -578141773
2531 6275249142 -11179014279
2532 8248625865 25124554713
2533 7481477689 18540940043
2534 11940812023 718627403
2535 10579951540 16690314193
2536 12013240436 10632691629
2537 6339203249 12398156314
2538 8419980811 11653302604
2539 8057451916 11702309082
2540 8905558330 11412507120
2541 875525808 5630954602
2542 14437401203 2804551509
2543 7997101223 14747707586
2544 1312793257 4662288404
2545 8268664156 -1272903956
2546 49075820 5861871909
2547 12454650202 9998435676
2548 7430505215 10815401997
2549 6220628229 6564806525
2550 11194582677 11090060221
2551 7889933521 -2372819687
2552 1852204707 4109159971
2553 12669750459 14598249603
2554 12791778716 10979810395
2555 11634540715 10651732812
2556 4067412868 8364533306
2557 13751297317 14040178097
2558 7082794011 5379587530
2559 2398265947 9828153430
2560 8502241728 19987538126
2561 2958239812 4054192384
2562 11476565438 10781536412
2563 15071859325 11441062546
2564 1484808377 3675070992
2565 12985690679 3181729244
2566 8389645058 20484371328
2567 -2697285763 9188566355
2568 6582727738 9771732887
2569 2907388418 2685296190
2570 6186198098 1178477797
2571 6742006593 417246843
2572 13847542001 10873942894
2573 12959042038 1041721285
2574 9270903007 3425584794
2575 1214298564 3921513756
2576 9645827912 11251165379
2577 12425722252 11271854666
2578 7609510860 5009417842
2579 10385910412 4804227182
2580 2694843222 9671015084
2581 12220592421 9966390364
2582 2871512072 9802126207
2583 11141090108 10351495741
2584 9793775040 -2469254559
2585 18608660335 -19733673750
2586 5651315868 731580115
2587 11605734940 11141668746
2588 589646310 -919446247
2589 4281875327 8046004923
2590 14182565372 10144286708
2591 9194597141 -1966682162
2592 10576738653 3165098075
2593 8688957001 21124883434
2594 310054608 3790517888
2595 5218497581 7570666574
2596 5099322033 7972923215
2597 12125051982 9954015135
2598 10882834503 10597046866
2599 11239548618 11201904023
2600 3235906820 10273731159
2601 11706660252 20749073601
2602 8224014470 -9732078430
2603 4171996693 920398567
2604 13751297317 6474155146
2605 12023859419 653859368
2606 7988534294 12199115010
2607 4247921333 8339892625
2608 2522317744 9584884895
2609 8836738342 11478986204
2610 937663270 5750090311
2611 9523884473 7725574685
2612 -650493765 -1444572611
2613 13614085399 9440528579
2614 583497732 3779619052
2615 18181103902 28214288842
2616 8641184296 -1249545806
2617 13751297317 3982948119
2618 13751297317 7776151839
2619 6761060101 12748026459
2620 8546285744 7349645834
2621 11721128519 10984018380
2622 10208294776 4028014478
2623 9142940689 3669029577
2624 10238044909 18373131301
2625 7162366605 5168073123
2626 11893357401 21051114335
2627 12265081354 10232570504
2628 9572941625 28629861110
2629 1148711991 4702895318
2630 9312630764 27926898429
2631 12771028513 5413146818
2632 11723216518 9943692544
2633 5446865216 8849371625
2634 707390787 3811892291
2635 477475992 4190765177
2636 15340863477 -11907776169
2637 5580778069 16846854115
2638 9032174913 3365844612
2639 14746923898 -456703558
2640 922361451 4203900525
2641 6981421494 5987323914
2642 2958239812 3953839785
2643 11068199901 10461160473
2644 0 6046391133
2645 1371823963 4727007886
2646 10505228154 12406134315
2647 1377419592 5406220557
2648 1347051718 4442741417
2649 214547324 2990084226
2650 11061512702 26202030148
2651 12016053228 28225991695
2652 1049859798 4410610459
2653 8441146910 24710542985
2654 8792168269 11259484091
2655 10937241249 10523626057
2656 9089615522 12261005899
2657 11452701835 31814099817
2658 9510645517 -7971345259
2659 2583806268 10272369780
2660 8326663425 11045698524
2661 9277236190 22383770529
2662 -2544984322 -2915171034
2663 9128752099 5029861669
2664 10114728904 15948681680
2665 1986834861 35431500234
2666 13669184575 7732825214
2667 8342374782 24287891270
2668 7734085353 19081507405
2669 10685999797 10648640115
2670 13751297317 6509967642
2671 7099423121 -2459416548
2672 13751297317 32294430727
2673 2240629188 4771570231
2674 3171716667 9084755441
2675 -614001652 6358331774
2676 2973588168 9431351068
2677 11622777401 20613366988
2678 758546514 2990627284
2679 11615817918 20602107859
2680 4502730636 8503033179
2681 9922255160 13210781366
2682 11979512193 759110346
2683 2958239812 26359417061
2684 13751297317 3885800040
2685 8831191946 -2616837085
2686 3260040013 9165493250
2687 7323232504 12458096324
2688 4470562899 2169456318
2689 10989510345 19588860476
2690 11398794461 4557045955
2691 7150105187 13668588763
2692 40539761 3236739660
2693 1442735944 5598997073
2694 7084482278 17691390360
2695 9929243406 12358540115
2696 4330676603 8602761717
2697 3448320654 8866905128
2698 6886255909 5446888930
2699 10945411081 4725087369
2700 1745856958 4634374817
2701 10008505846 2577272080
2702 9685975534 17479987303
2703 3409120911 9395853955
2704 12052840171 2912412048
2705 12910275036 1581108846
2706 71947497 5993419953
2707 14473684916 10588395521
2708 268847489 4782592256
2709 7768492574 5013245450
2710 13220685240 23198480132
2711 5411602385 -10988832809
2712 -1078994716 64298238
2713 2958239812 11462397090
2714 7673495113 22457985248
2715 11500535059 12344651169
2716 1752725268 5066678252
2717 290169116 6307690576
2718 5423194606 17070367752
2719 2587628799 9553476839
2720 7500521311 18581692413
2721 2958239812 22799651633
2722 7988505598 18783036616
2723 7743467726 -10111345345
2724 13528572841 10802258075
2725 1444614810 4798540185
2726 2958239812 16568481822
2727 2510139197 4011184963
2728 6827368558 5543103195
2729 11781521127 10358647947
2730 6010400240 11533600554
2731 9960707683 13414213861
2732 4484001302 7859602296
2733 8373460808 11815440972
2734 13751297317 8337889797
2735 9339207588 14899655454
2736 16171171571 37136436336
2737 2958239812 3315767491
2738 15002584967 -1141500996
2739 10502949115 13621881296
2740 8525578735 11136729412
2741 13751297317 31958030363
2742 1668352125 -1013268372
2743 1776452468 5359553457
2744 15152221079 -12429823145
2745 1826046205 -970614426
2746 1863812554 5178901507
2747 -86188010 6390152595
2748 14846721503 -1855654008
2749 2111138447 4655132421
2750 12038984786 10088973347
2751 7745856825 5870396369
2752 1898278714 4499300502
2753 9815375425 11185410770
2754 11562246927 4517157499
2755 3630203283 10652627350
2756 2905679277 10279290507
2757 11252630022 -10829023101
2758 13751297317 3982948119
2759 9077175450 16495063730
2760 13751297317 11026916706
2761 15840110176 11619296495
2762 4517727527 8943065920
2763 9360384410 5676355638
2764 2979798803 10497202564
2765 15810762736 -12994829081
2766 5442845957 1461807041
2767 19785030017 30909885832
2768 5653387414 12881339951
2769 2958239812 -1800532676
2770 13359686604 6605528400
2771 2369438961 9759136525
2772 7764662682 23067038887
2773 12609387635 10470505422
2774 27366277052 45652561223
2775 8637541878 24946245762
2776 11544010464 10151116261
2777 13751297317 9362206162
2778 2078052584 13633144015
2779 12962532581 11457697438
2780 2107393113 2486635599
2781 2669086624 4260055955
2782 486758923 1194503007
2783 12144158734 11693230177
2784 10770028924 11171649548
2785 9078667184 -1916053918
2786 1658230460 5178916818
2787 13751297317 3982948119
2788 7789713832 4991241900
2789 7680267363 18060343783
2790 9955945673 4320106713
2791 120554638 13086613049
2792 5037733245 1373804468
2793 7503739280 22051559753
2794 2699684937 -6054622031
2795 7137585061 5293813237
2796 12334511637 13257881878
2797 3543386575 10294142662
2798 11505478082 10213388996
2799 11228307107 11828192844
2800 12619506166 4665586890
2801 3314618746 3357931763
2802 13882972758 13137592548
2803 1557202300 5329031288
2804 10596830976 10969707734
2805 2321514878 -1749684027
2806 1185474808 4543880695
2807 3359078446 10578452727
2808 1339667356 5125040454
2809 14002584870 -6388944802
2810 4127121866 10084172594
2811 11216137630 10321457926
2812 11559550654 10332178782
2813 8204597467 5894166189
2814 2958239812 3740966857
2815 3905522175 8809504738
2816 1315406602 3937987425
2817 6055369787 15276425058
2818 5753981182 -1504822073
2819 8688957001 20425309220
2820 2958239812 1767183789
2821 9453971510 11702467341
2822 730374654 2991516208
2823 5391777742 365668772
2824 1703307972 5283039467
2825 6080652069 9510259592
2826 1179901198 4473002729
2827 328667169 3234294803
2828 12411270287 -21132918204
2829 1424151279 4542264250
2830 -340830828 3958754143
2831 13409716567 7047548951
2832 3427455202 9176398922
2833 13921311004 14692716472
2834 2076248863 -3930298966
2835 6071539567 14288533813
2836 8825756622 -2877370602
2837 2962146426 -2511425037
2838 13209326209 9931779684
2839 10363265422 24707817018
2840 13100563813 23004146346
2841 13684403716 15601714378
2842 4492193705 11937777480
2843 12646563873 10150532444
2844 882589683 2997703276
2845 6926068297 -527008848
2846 2937459212 3890862286
2847 5770861144 -3446130443
2848 956379046 5653439637
2849 9421020522 12154597663
2850 5204568605 488356118
2851 64484356 -3323115758
2852 11541451532 3988366960
2853 9762215802 12368425658
2854 12258225255 10343468516
2855 10144229941 28414269854
2856 964253143 3369887439
2857 5487567912 -3286023018
2858 15097921577 11952612659
2859 1141944010 4483932029
2860 7239150696 5624384317
2861 -550704738 6369237345
2862 9523345421 10957942995
2863 19672982459 -17883675470
2864 3750523746 10375248740
2865 8349604056 15317990604
2866 1645831016 -1545812894
2867 3507426787 10044811788
2868 14719521467 4644221470
2869 11448788834 11820473786
2870 1121233576 4506183961
2871 1708830967 4994969767
2872 2958239812 25766956596
2873 11502453453 20418705563
2874 1860775616 4820291505
2875 6308868277 6202302207
2876 8550387529 11358356765
2877 11398794461 26923795700
2878 2313911607 -6235111456
2879 10367342121 -3747926575
2880 16475075691 12832203014
2881 11354066264 20178643111
2882 13507295304 10099365039
2883 7234428177 13513846617
2884 884450978 4319255417
2885 3294619024 8913117408
2886 17633580325 27646277026
2887 6964907549 5410158694
2888 13751297317 31958030363
2889 9672435285 11747750290
2890 6861784091 -9902810554
2891 14664467951 -1240588450
2892 1806488592 -3153949350
2893 3842516672 8951388885
2894 5496151122 8808296752
2895 271231127 3362587335
2896 17034140614 5390766723
2897 12234478890 10797742467
2898 8562370870 20853995650
2899 7557432769 5077108262
2900 6600573561 15528902567
2901 9556029811 17269759662
2902 12453458177 9059860908
2903 15102841851 10352883623
2904 20958758564 13487635828
2905 11344760495 10463188780
2906 377505120 938347437
2907 1442232500 4022140245
2908 7521689621 5139644445
2909 2494337390 10118137240
2910 10946069049 10851993451
2911 8031097626 19717098333
2912 12266268328 11613396338
2913 2466642261 12037094154
2914 8380845344 24397555072
2915 1245281608 3824538428
2916 233126569 5028099165
2917 9488827992 -4658218918
2918 8972617947 13892424142
2919 12230351475 5422795766
2920 8199070602 -3008068895
2921 789636181 5115176155
2922 8970041071 -3426629074
2923 10881067228 10692698526
2924 3294876534 9581829710
2925 1715596399 11458673598
2926 6589045748 16631181762
2927 1264192776 4561526859
2928 6260574761 11938335687
2929 7122515033 5222702738
2930 1669774013 4961903743
2931 10288376352 10823941323
2932 5338965850 -2923819828
2933 3292577984 9576910931
2934 2840997970 9579696660
2935 -598653730 879149321
2936 13751297317 24056910275
2937 7752394866 -428193990
2938 1027732327 5285139270
2939 1713043081 4990177631
2940 8784813019 11254560796
2941 9709549480 -3873106153
2942 3392735630 9801128400
2943 13751297317 9509603031
2944 -528988478 6284681715
2945 989443835 4721779039
2946 15387529820 35459483446
2947 12944020889 10450586601
2948 11949941177 576535988
2949 0 6312388929
2950 17316342763 -16477799357
2951 807716742 -1619283351
2952 5495589106 -3749759630
2953 1842620999 4692247926
2954 8858877310 11166016033
2955 9218618077 21667148227
2956 2389690503 10301875519
2957 733884120 3963861328
2958 6584063956 5723629892
2959 6310607780 12019279665
2960 4663380312 8037380861
2961 10726228856 11663731273
2962 1171760225 4727005298
2963 10566339426 25142384902
2964 14154252270 24708815297
2965 7806174803 -2703531153
2966 -2203985564 -2185451296
2967 10889049394 11721866862
2968 5041442566 8906667924
2969 11978230237 1463467854
2970 6642645412 -265849273
2971 11224938215 19969738311
2972 7565251346 -1052759428
2973 507588769 5335579966
2974 6779621986 7057415622
2975 12678153477 11600732887
2976 7099170097 -9874480983
2977 986856088 3406454735
2978 9276740402 11123152305
2979 13751297317 31958030363
2980 1333872093 11077291380
2981 7474207826 5534125119
2982 5637587699 1215128321
2983 7284419776 5479662470
2984 3130094546 11580280557
2985 13751297317 5319690823
2986 2958239812 26964006115
2987 13751297317 31958030363
2988 9174923040 3855511861
2989 5686787683 11010056547
2990 -4346799502 -10138218359
2991 8815543132 16071792044
2992 11160049339 19864760363
2993 10114323403 24175093949
2994 8369324513 26291675305
2995 1473745964 -1207005665
2996 11153615627 10397428341
2997 13751297317 2550899571
2998 3298092356 10548800277
2999 1405677107 5444525554
3000 -896465966 2497936528
3001 -599057899 2790202430
3002 7525915255 5564381868
3003 -3211132422 10188768827
3004 1773299927 5093480492
3005 8228919961 23787770589
3006 12533632402 3771529081
3007 2135964143 4665968062
3008 7082566508 -3494610206
3009 1986834861 13907036366
3010 11560909378 10865586341
3011 8507582429 12615619083
3012 3279043271 9547947345
3013 13312760619 10028406205
3014 8330614047 -2291175564
3015 9325317863 16584555607
3016 14113827418 11792174997
3017 1349765577 4705330888
3018 13286522013 10252234578
3019 16041482163 5410336124
3020 8692715450 3930471072
3021 7193544372 -10026547853
3022 2756285738 4377720337
3023 6390551225 -744747185
3024 13041366588 8635154155
3025 11010017287 -4474513666
3026 9170932168 -1820763649
3027 11797090675 10245467671
3028 13269186245 30926337556
3029 11562246927 31768345015
3030 1931974528 5214240265
3031 11785281263 20876267550
3032 5545678652 6896242004
3033 15859873928 -9462052344
3034 13751297317 20128728024
3035 1053557315 4742140050
3036 11150490246 11983795259
3037 6804500614 5689174456
3038 1649236202 5063116332
3039 7030699085 128217413
3040 9406485596 -2445491435
3041 13188334338 -6136226031
3042 9540308381 5834192141
3043 31281554 3210350324
3044 10600874919 15443528716
3045 3484692153 -2996715216
3046 13751297317 24056910275
3047 -1005739845 378732682
3048 964303982 3911644714
3049 1751888429 5212927269
3050 6719738975 6001914543
3051 11728383073 -8207204770
3052 8109243057 6823588466
3053 12025057276 28247102510
3054 13751297317 4325094012
3055 7798038092 -10322029109
3056 12531416078 10867861131
3057 10525781161 -5688207233
3058 1204187140 -477211566
3059 10022959644 10973861562
3060 15719916387 -10904942414
3061 11751679389 12184279819
3062 6566154169 12673062802
3063 10871669067 19398215539
3064 11589543125 10697972080
3065 105127254 5053533450
3066 7713552669 -11413610517
3067 9146721990 11644651138
3068 1292253265 3900529699
3069 2958239812 1840724020
3070 2628299613 -2960633977
3071 16501392521 10493323086
3072 11978152711 10471556930
3073 8286133060 15152958303
3074 4777980769 9279800576
3075 849261116 -1856963628
3076 7104786580 -57077213
3077 10824142120 11320300111
3078 9972789355 28393780972
3079 5048740928 8340351218
3080 4993195496 9037357282
3081 1546607584 4598765449
3082 13751297317 3540322777
3083 7307698818 5047158844
3084 3104369183 10253819759
3085 -2379755451 -5526303041
3086 13164238331 23107159692
3087 13504070035 1144100107
3088 12475242255 15891636593
3089 4761644372 16656754999
3090 10845514753 2735227550
3091 11687020145 10094998327
3092 1189869704 2477081974
3093 13662346485 11171983661
3094 1759539896 -1480339060
3095 12489974954 10407676382
3096 7137299751 5343033006
3097 22852203193 -29284317095
3098 9570858947 -2666373361
3099 9069711404 -9354279221
3100 8143707462 10818563251
3101 11531755346 11435074315
3102 1677704091 4524116347
3103 13751297317 323611585
3104 13751297317 -978197096
3105 2000684609 -1933677403
3106 -1861758651 6326361825
3107 6834601241 5591791929
3108 13630508333 6577664929
3109 13013868129 30379969969
3110 1656494060 4971363707
3111 11438503115 11118689652
3112 1321396069 -1102544827
3113 2412900639 10323967297
3114 11483751971 31801130794
3115 551378162 -7542725089
3116 7442733898 5041560724
3117 11251953181 10401909550
3118 11545789106 14993025381
3119 12260310756 523213737
3120 13751297317 32294430727
3121 7322471605 18200675233
3122 2207448211 -2169023041
3123 5139626203 9113464419
3124 1376497535 4036821019
3125 11847573045 10830646581
3126 5289780665 9412232415
3127 2888137620 11209876984
3128 11735356555 9963624549
3129 908406167 -12849389856
3130 544944182 2691524720
3131 9914205241 17849219872
3132 1429132135 4746132921
3133 5360588992 9069152925
3134 6704206584 20148143053
3135 9660861801 14672643664
3136 -35003043 3344504818
3137 374577630 5030389873
3138 12336747713 8836369597
3139 13098921484 11006344155
3140 9942697970 4625041766
3141 7443357138 -177497817
3142 6019579954 -946211982
3143 1356931969 -1676803224
3144 1700565510 4964647666
3145 11398794461 3387877149
3146 6240196564 10179626565
3147 13579315397 2432610514
3148 2407937647 10440784178
3149 10756705599 11311288487
3150 13080925686 10227723502
3151 2897759327 10640713100
3152 10959839234 14326575740
3153 6517716837 -891775675
3154 2131952639 10148175722
3155 2631723804 -1103787810
3156 11398794461 3790254667
3157 4352455896 8304764113
3158 14140287020 10550429937
3159 12056116746 21314428219
3160 2958239812 4171820177
3161 12903526552 -6897725200
3162 11767011426 10268688681
3163 6506123949 6510612719
3164 8751374477 -4753920714
3165 1879619961 5149761591
3166 21023640631 -20683287770
3167 2731354190 11035138063
3168 11263935172 10507171210
3169 13751297317 4701817385
3170 9877983833 2562153485
3171 12609943391 7026044056
3172 6515600009 5936098922
3173 7058795276 198698073
3174 11398794461 26923795700
3175 11962149729 11106887496
3176 14146391974 12126150735
3177 6690671034 5871604014
3178 1986834861 18138600350
3179 9954303913 14614906775
3180 9068269577 16480655709
3181 11388785222 31730230701
3182 9789191699 23479328887
3183 10089340894 -2531455578
3184 13701338282 3184184742
3185 2556854695 10207842948
3186 9264802339 28483409808
3187 9973033033 3127327661
3188 4317746555 8302903826
3189 12020141088 11044800493
3190 1852625685 5228715976
3191 1566777404 5476814641
3192 13751297317 8105822437
3193 14979903667 34587184522
3194 5870470841 -2333435680
3195 6725250370 10803574274
3196 13751297317 3214143288
3197 10393485784 10789924653
3198 539086980 2682048873
3199 11919476762 1401947087
3200 2746262725 -1363404126
3201 1923442389 5215079991
3202 9987121195 -4145662861
3203 7366072660 8049279245
3204 6828358154 5623079650
3205 -2040027692 1374146903
3206 1692593485 4548204575
3207 1700060209 5355906451
3208 18403245716 28531772150
3209 14520249891 8796178322
3210 10957576775 10486129159
3211 941981236 4402295370
3212 12219400363 1048545045
3213 22379858623 31332008492
3214 12089171860 28401167692
3215 9288697260 22408296627
3216 8787437470 11445521972
3217 15304163676 26569154808
3218 2531438524 9833991997
3219 10478037542 10765284428
3220 7153206485 17838456615
3221 9348883208 12213477782
3222 15174282021 16060921622
3223 2200720495 -2034807563
3224 8971128450 11062567395
3225 10334842249 10801136951
3226 22105455554 -27556810233
3227 15482649544 512627261
3228 11567378761 10164313458
3229 1072237879 3544586351
3230 1963118389 5188413010
3231 8049721619 5489554068
3232 16903651006 26340496793
3233 6877151279 12935840062
3234 10457304992 24571363388
3235 13751297317 3982948119
3236 16908989994 13766313850
3237 2308029437 4726349675
3238 11398794461 1102868767
3239 5512252123 1805903238
3240 11483035438 20387290881
3241 13751297317 8605701347
3242 13751297317 157032991
3243 7965680421 6545084708
3244 215268331 6422048493
3245 752365263 6047000225
3246 7104008909 10535085759
3247 11499660453 20414187016
3248 -724579485 2757394875
3249 8338865518 4417118712
3250 1532844231 4289760449
3251 7334763519 5656359786
3252 13751297317 9024721223
3253 4875347354 8689152662
3254 -2726892104 -3505443669
3255 5077690624 9426020602
3256 10420305643 10980338806
3257 6354731989 -14893171
3258 11881593435 11243430968
3259 4868671590 9127201006
3260 499831813 3870092419
3261 4157264963 8019123967
3262 8605593557 6531065942
3263 1905260755 4914474608
3264 1904148793 4890461115
3265 7863240846 14531146774
3266 9143674858 -2033767786
3267 12753292254 12154287571
3268 2958239812 -2317023581
3269 13751297317 33008708876
3270 13751297317 31958030363
3271 10441016393 18701500835
3272 11157204972 30798602923
3273 12016869008 10827497988
3274 7156719838 13388129199
3275 9811002948 -2889310286
3276 7012389434 10065249874
3277 13845164522 10297465821
3278 1435752103 -2058346047
3279 14183861356 9576540420
3280 13751297317 8029889793
3281 12658776212 9482749285
3282 6760146794 -957016408
3283 12443305094 11534624344
3284 1110019414 5684570376
3285 2958239812 -4063770367
3286 6855226295 -637650
3287 3076961086 12007428125
3288 7718537466 14297044031
3289 2415246840 9868808691
3290 11818088516 10713963377
3291 12407311348 29143332267
3292 10670019105 19071983980
3293 7366237048 -414388710
3294 13207098396 9855633583
3295 11410007923 11799113687
3296 12288469369 -4790573098
3297 7609820422 18815586867
3298 9509747476 17194883584
3299 640446180 3889251030
3300 7108185861 -10201422407
3301 3869276099 10863139799
3302 2939210733 9384558988
3303 2377058173 10236931849
3304 8845197307 -1431460002
3305 1748766128 5068036765
3306 3284653036 9202894367
3307 2651313959 9617380097
3308 21478889506 -26107328384
3309 8202990201 20084939571
3310 1449873713 -659111403
3311 938500899 4539307502
3312 4559245701 8263838683
3313 7431302918 5117756908
3314 -1296655793 2104665955
3315 5569015413 120693231
3316 5462132434 749981762
3317 9805981760 11892528779
3318 7310559580 73317279
3319 7842005329 23143830886
3320 12382575571 2091990459
3321 6763142856 10315586153
3322 8980150713 25586349902
3323 6832776413 5624921602
3324 10274384684 -4754224117
3325 3435447452 8975822043
3326 1951441539 10610712207
3327 6629002931 10044286307
3328 6288743106 -272228309
3329 10093636412 10892777684
3330 -1348600569 434588622
3331 2706903755 9599460212
3332 10241714149 24447703568
3333 148960534 4803799867
3334 12672718051 22311972695
3335 12767266727 22464934599
3336 11398794461 3565920281
3337 4659008348 7957357087
3338 7577474328 11065160344
3339 6754259118 12737023752
3340 17866014293 -17749395395
3341 1928010741 4929065242
3342 1502788222 5542042281
3343 -6924788834 -910685943
3344 11287348014 11164945066
3345 9233325943 16747685741
3346 2007005757 5056864261
3347 6094875562 -1279913617
3348 -1511059706 -4423427240
3349 95141157 -3993267216
3350 2958239812 2502780783
3351 364905082 3650266589
3352 6802778989 -657098330
3353 11398794461 1542303507
3354 10198114865 10808000929
3355 14612949859 9778114382
3356 7148278945 21481838204
3357 9701646046 17505339232
3358 6541502595 5849505915
3359 8829127483 -1878315464
3360 5610019242 9507361699
3361 1448482494 4616129822
3362 17085879609 -924068735
3363 9406164568 22106868188
3364 6616478554 -9911640324
3365 9608277010 -6300662049
3366 1078994308 4439241235
3367 798922173 3102413150
3368 6394797814 16215501213
3369 12910981161 10819702910
3370 10098716875 2634515665
3371 1332278159 4890357223
3372 1917534995 5207369789
3373 8462984726 11039142475
3374 2011727591 4669307371
3375 5352351144 16379919074
3376 11398794461 26923795700
3377 7179919502 -589539261
3378 11451533258 10309741741
3379 1856417379 5317300372
3380 5845682326 9937044665
3381 6947106357 -564674728
3382 3223513326 9088633214
3383 13751297317 24056910275
3384 20881807441 -20206871041
3385 841733999 4072665631
3386 11851348344 693010088
3387 3341247958 10012792572
3388 11069104472 3650448876
3389 2958239812 28438005873
3390 12248980928 37708303686
3391 7820514242 -2453286504
3392 3200479106 9379824087
3393 10039034638 18051170264
3394 1886065003 4485872181
3395 5150682803 1976025298
3396 12856416225 15411920637
3397 3562256045 10154008060
3398 9959191458 10974064255
3399 10999158390 10609216449
3400 5777534697 9583730295
3401 5810450640 1374317074
3402 7025477842 5386475017
3403 3756373179 -5429125649
3404 378091311 3340059915
3405 18214088511 -18554621378
3406 3280401984 9722134906
3407 11562246927 31768345015
3408 12763741440 11508343275
3409 4229975 1816751239
3410 8748420511 -2158249017
3411 11578567866 10454228358
3412 4868538469 7491127761
3413 6736248386 5853755620
3414 9488172658 15218658187
3415 11319765923 -3751142086
3416 13751297317 31958030363
3417 2160999310 -1007065956
3418 11665601086 10038697307
3419 526224509 3992025627
3420 11297852666 11830012219
3421 11286435870 32360311184
3422 3232381593 10979983280
3423 1522270746 3851829771
3424 9577249516 11168475605
3425 -115673115 -217954200
3426 4537569100 8573009752
3427 -1724024057 2648468238
3428 8788927396 11257314787
3429 10712467205 4877088292
3430 6572705262 6032093643
3431 -118685753 -3002734392
3432 5648216462 9041450263
3433 1841752822 4736446722
3434 6154241674 9500763914
3435 1513586858 5330871511
3436 366092364 3884223324
3437 1522187476 4874771625
3438 2958239812 9323761430
3439 11939467860 10144714404
3440 1650498965 5227797746
3441 616014854 -704528409
3442 6434094983 481699141
3443 5699014454 1000454363
3444 13751297317 32294430727
3445 1157431089 4418294625
3446 1406787888 4085825090
3447 13277109833 -6506932331
3448 13088065997 22983927240
3449 446811492 12200843826
3450 1160529138 4519366334
3451 11398794461 26778771861
3452 10136038623 11653148560
3453 7526698633 17700287801
3454 1707128427 4851682075
3455 -3524837 1804205415
3456 8768782631 -1296496528
3457 360343101 2392875030
3458 11751717088 10982112838
3459 1184334782 4681328373
3460 13477224272 7718213682
3461 12395624295 12210111275
3462 12260338449 9250903930
3463 12964164241 10190551873
3464 8968970232 11484215016
3465 11575510103 10864334364
3466 6466049858 10358471440
3467 4702664165 1073392825
3468 2546259025 9963602557
3469 11217254029 10537689576
3470 1861106017 -1536224097
3471 10273568094 12481839391
3472 2696361652 9732977268
3473 2958239812 2154023594
3474 6419493691 6069350391
3475 4424378218 11512935264
3476 12686423228 2961817838
3477 8059738962 14849043619
3478 11970347794 11256144980
3479 10284933197 11601913749
3480 3753833023 11327481864
3481 15527219588 10411790283
3482 11248582407 10279309725
3483 11272017708 10422636030
3484 1159572144 4518425886
3485 8414875532 15423587527
3486 4338023389 8085239937
3487 11265276923 10300938048
3488 2326299834 4072330842
3489 1036851395 6043291414
3490 11398794461 26923795700
3491 11533221036 10502293574
3492 8977000778 21741282247
3493 7929440217 18644552411
3494 696788649 5086392400
3495 5431424534 1445236907
3496 1135666418 4729748118
3497 6270340049 -563820275
3498 2300913829 4865384944
3499 1624797445 5330793049
3500 8871324344 8409495713
3501 481890899 -2738669199
3502 1311550203 4667776256
3503 608814694 3876455484
3504 7302346472 18157608487
3505 11176135630 -3616912491
3506 10312025990 -4070996989
3507 4805406264 8717157468
3508 1746331735 4966966415
3509 11726680584 10334562346
3510 13751297317 24056910275
3511 -1614586311 1792232433
3512 5888641328 1254845601
3513 7205976382 6615458430
3514 1401935209 -1289733364
3515 -1172329195 2226842954
3516 11288162582 10954329834
3517 568415430 3747343705
3518 10717363910 3290304484
3519 1757343860 -6301710057
3520 11703085055 20743289608
3521 1472909393 3617629289
3522 3316233488 9283423451
3523 7132997783 13349751393
3524 6949641341 5431640448
3525 2585772949 9675883452
3526 9308160189 11526922556
3527 7204849437 5833463178
3528 5803760353 1449161114
3529 312939179 6763289970
3530 4198652475 8159803179
3531 9828232176 23096444435
3532 2148004208 10226333205
3533 11710910609 11595393846
3534 10945982022 3623392888
3535 7820142125 14461421182
3536 2958239812 2637595021
3537 627100193 4159540009
3538 10660352742 -5137652479
3539 -9142524858 14559488840
3540 371461347 3626906512
3541 1640535370 3862335552
3542 16317721876 9185196263
3543 4868913718 10860136030
3544 18341360671 25299961452
3545 13751297317 6009779122
3546 -562287506 6545607089
3547 11762697744 27631976509
3548 4449152576 9499198583
3549 6090723165 -1288458364
3550 12153100500 481421116
3551 11803297986 9924762516
3552 6963883246 13076156007
3553 12744290102 14065913304
3554 1943359529 4497184793
3555 16817438729 26297274208
3556 8490767679 15546366691
3557 4931745577 9035859487
3558 12349753047 10900095111
3559 7326701661 -340938972
3560 2012367213 5065538083
3561 13027906198 11075007148
3562 8599198695 -9168649499
3563 5357031062 16242918633
3564 6555382961 21379023020
3565 10947936536 19521601903
3566 4179378024 597421148
3567 11398794461 20251004887
3568 423551209 4769406979
3569 1006359890 4473508330
3570 8905592510 25608634213
3571 6608236470 10370139733
3572 3689733357 10979679502
3573 14606239397 11005499315
3574 10717752959 25466402045
3575 11968090587 11919229863
EOF