NAME : 3585
COMMENT : tspgen
TYPE : TSP
DIMENSION : 3585
EDGE_WEIGHT_TYPE : EUC_2D
NODE_COORD_SECTION
1 11967755496 2378574738
2 9467602176 13547030830
3 -655464560 1491833261
4 15518259348 -5952020109
5 7410408863 -3399549910
6 8874695971 -7822754805
7 950309581 -800512763
8 628242440 -1196910043
9 9682767687 3461562953
10 -2169476773 5496088588
11 3569085745 6075057282
12 4526520834 -8322071208
13 -292607580 1681471730
14 -2752519164 5347651416
15 455708343 -1723330193
16 9302644304 -5893697000
17 7974913609 10490867892
18 -2559744362 4943017936
19 907439616 10170786355
20 -4441137961 -8206768622
21 9440786604 7456399725
22 6984864382 8078206313
23 7675334041 20242991746
24 -5067354647 2237737771
25 -4287790079 4000101540
26 14692958694 11392264726
27 14432150966 17286963539
28 3526463502 12603272310
29 -2137953527 5025181043
30 -216738355 1610683870
31 -668045662 1468746128
32 8620230122 14336579342
33 8518487403 8768193702
34 -3630157359 6288572529
35 1447998661 -1755016749
36 10303956012 3008662452
37 4529386203 811266805
38 -97279279 23553832630
39 8786614672 7933666235
40 -1350557938 912325639
41 1542841821 13047416710
42 -992648096 -690915174
43 -496873554 -1824691323
44 7798369490 8668446778
45 4390066479 1317869173
46 4334180639 15625976232
47 -2202926015 -1819014124
48 -1635809758 16371901922
49 2664730608 6614377490
50 5519824550 -1560176740
51 -2159980272 5085472630
52 9987929693 2123263857
53 -401581549 1630518128
54 19779414138 7551420623
55 6351302179 -2950045159
56 8902106227 -164507433
57 -5319708235 8357115593
58 8365094535 -7525930055
59 7690291034 12959100201
60 1980549045 6618559342
61 6707057839 -3219430660
62 -644057959 1136027136
63 8785085639 22724600563
64 975854078 9157226339
65 11560088879 18691266837
66 -141875190 1838129427
67 -1254858024 1153982643
68 13646614711 9972000202
69 -7019295721 6160695958
70 7702785435 7154594006
71 10933397289 3434351782
72 3529995623 5736466372
73 -2401379786 927563806
74 -202170426 1926906992
75 4597513457 11811883387
76 6125607907 23553832630
77 -2848593304 -2732822822
78 4642417341 750252402
79 -4556823976 -6594346485
80 8211129147 -4215955835
81 8429334273 -7013260235
82 -4592152535 -58415855
83 9893848423 -7822754805
84 -2374345593 -7822754805
85 496723980 -1322207382
86 9078981779 10138661268
87 2597565259 17727898155
88 -158825097 914320566
89 3770497642 11511058893
90 2625719481 12166712329
91 -206679522 14844491556
92 7194143698 7533095254
93 11871326851 19152290381
94 1701963006 9284427585
95 986735283 23553832630
96 1068854332 9475248776
97 8816217687 4627738447
98 2569391954 -7822754805
99 1855459876 -7882104821
100 -1327735061 1268952829
101 2771028784 5732846736
102 -14071129949 -1266120837
103 -2155729895 23553832630
104 261209969 10963151733
105 9813304424 3337934260
106 -7546966242 10908650606
107 3033274542 308081194
108 13919768657 22186559933
109 -2370281407 -2220853239
110 5021764307 15586637976
111 93891179 -1763902404
112 3216439435 7007634175
113 -670410431 -380001398
114 2814238670 -7822754805
115 14892735386 23627774086
116 5108021309 -155207530
117 15693812046 915077663
118 7037852378 9632948591
119 -804605116 1620423090
120 7765150340 23553832630
121 7213379163 9475085742
122 7750897894 -6085771223
123 3989980534 2912127205
124 14288087938 9843383379
125 7623355076 23553832630
126 10988151490 9141062335
127 9142581855 23553832630
128 -6388887455 12630164672
129 -2724071234 5665526092
130 9698469709 13348875439
131 7282061873 12354407741
132 3287788736 11317828089
133 8304935017 7459711643
134 4226730125 12534832471
135 -1399263728 1389423771
136 3378334332 -7822754805
137 8627817838 -17453381848
138 11142632978 -22383092562
139 3783235511 6082456626
140 -1790235536 4810930278
141 3210953292 23553832630
142 6506557451 -18504762219
143 -449437035 1540479617
144 529847859 -3287957039
145 7501122406 8868694591
146 -502104559 1215812075
147 8690381693 -4850395643
148 5822802184 -1619157468
149 1212753522 -1324493265
150 -983759821 1949714285
151 7125024672 8462447254
152 7469131490 12631505993
153 -3185898538 -7822754805
154 -2313655211 5055698373
155 -887557373 2074925224
156 1085289239 -3287957039
157 -331450983 1244612360
158 -5137396305 2497554670
159 -323627351 2132756082
160 -835046096 13156327072
161 -3701060090 7320962275
162 -2694453592 4417883126
163 12476605378 16905766192
164 13710504534 11671858173
165 4016512806 -8583557689
166 -5908630565 3420544946
167 -2752662571 6717271151
168 8077571273 7286485561
169 -5054967373 11834082047
170 608064055 -613079322
171 -3880643569 5415374942
172 9964665230 4122245771
173 7199869902 -2597926435
174 -20032319140 5986176974
175 -861208465 1360351460
176 5868533560 8366850464
177 2563616605 8898774904
178 11734237347 -7822754805
179 6575231273 -17249228780
180 10086519692 3326579044
181 1377564204 10988606448
182 -1322060055 997315575
183 -487378312 1954400025
184 -3412838429 6703513525
185 -711728754 -1190081639
186 1137708511 -4045417910
187 -1857254259 -8515084320
188 1059904841 9258871133
189 2107199936 10452964013
190 1488948263 -3287957039
191 3282742723 6219779048
192 2409541652 -9149464734
193 8782116821 -4698632133
194 -2206936008 5937271844
195 119245747 -7822754805
196 11138782758 2566644196
197 -6983607285 6136883059
198 4368093905 3624187089
199 10365086556 13542023725
200 1181013609 -14060075605
201 -16676421 11327083226
202 2011316402 -4026827813
203 7720031701 9278648055
204 17714242367 2180901087
205 -2358841665 5607681682
206 -4167870584 -7822754805
207 2188920603 7008938760
208 -20823813896 14407264867
209 -3642372687 6716603163
210 1498282395 -2074888124
211 9651448546 -6650606519
212 -2471422128 288386288
213 682585993 9464863857
214 10619162476 -7227686384
215 1674657613 -2514478686
216 3021962698 7472830774
217 202317485 23553832630
218 3735704468 3807720641
219 -4882442481 6660424839
220 9443777108 -6994217529
221 855196390 -2249191046
222 9388923921 3824507972
223 9120175529 4148285420
224 -2533794974 982190737
225 3760690013 5443821240
226 7536072669 6719873304
227 -1034273210 1744628810
228 10000106548 -7822754805
229 6747310558 23553832630
230 -4260891834 441746181
231 9495496017 837250759
232 9578841328 840083295
233 2458139443 -5105889541
234 3360414714 23553832630
235 9867999861 3399635427
236 14408719951 22910822649
237 7878692576 6923347915
238 10992346532 2645575495
239 10802590371 9280247382
240 9640783371 3475599310
241 -4338347658 5277660842
242 -2666515661 20736012456
243 -4290827216 10817962112
244 8349297476 -698110036
245 10785048279 4108316311
246 7144673995 -3253765705
247 4559419710 3821977978
248 -1051584407 1315974072
249 -3161658476 404171817
250 1071314558 9993517615
251 8721465256 -172569467
252 6870860080 7467395899
253 4542340568 -8727696376
254 -10363600773 -7822754805
255 -5611133200 3840428946
256 -3906895048 4428199730
257 -582957262 -174691836
258 -2266262023 16134108441
259 3077317753 951026199
260 3778852342 2424262632
261 4337805572 18769330712
262 -1288728585 1891840010
263 10316698507 -2830975401
264 8643310130 10610317746
265 8461883564 -7765930992
266 6664903384 8629578543
267 -578187658 14922924597
268 4474675229 11133214632
269 5025012774 14316385614
270 613239158 -783602735
271 -3821889930 7256371792
272 10862444742 2192317883
273 8010673853 7264046115
274 -3773503898 6264768271
275 -157789252 1338726618
276 -256288857 1182889557
277 -322028173 1525244454
278 -4630334270 6286248701
279 -220616736 -1444996808
280 2750452138 10904019559
281 -1976303902 5266687983
282 -2890358887 4247654111
283 -4349841643 7561514507
284 10361735704 3980202080
285 2835643069 4979618232
286 -1929480837 5788213203
287 9098903504 23553832630
288 8391577600 13997886105
289 4429823341 -572298434
290 -898241200 1620867097
291 -1573882454 1112447571
292 10104835954 3225003044
293 14609863323 -11899708092
294 5433204095 -11606822269
295 -12314246554 38640114775
296 6007547015 7739467582
297 8384091731 7560881472
298 -2162476135 5665004176
299 1734130130 -3287957039
300 3433168171 -7348044928
301 951834729 12942858284
302 1094266348 -1998991819
303 1303275766 -3287957039
304 -590756467 -948194217
305 7376313353 7598539100
306 -60204040 1688820204
307 7664810161 8895174490
308 6424333541 -13954771956
309 9053062523 8108854719
310 -1872143314 1393653209
311 1642651657 11486416477
312 6152794086 -14124749572
313 -6650314628 5914365678
314 6821652068 7715043691
315 -7112669100 28612168784
316 9783619241 1085173425
317 -2264127611 4824430445
318 12082471014 9598300367
319 5337852036 8205885069
320 -1107923746 1506763624
321 -10517841392 5492795540
322 2309391141 5876790705
323 15422720767 10804493832
324 7662941051 8212893164
325 10390054662 3036234825
326 8232309143 13761968527
327 -4502125058 5282205171
328 7781484090 -22658911874
329 4888867320 14011939323
330 1964227454 6960488416
331 -41782854 1228145513
332 4851618436 8625919715
333 4295877362 3068451438
334 1850157635 -7822754805
335 -2373012853 6280546875
336 7863241919 -5021993546
337 7545250162 5432382132
338 -862522661 1547797107
339 7051994126 23553832630
340 -535793209 -2916687619
341 12687453676 -27663333571
342 7836501372 7335294734
343 6629350520 -13272959277
344 19303287 11396605540
345 1684849351 7094631996
346 10771361682 2887363565
347 6898857210 13738813338
348 10150871073 16603852555
349 2713295127 5864876152
350 4410441505 23553832630
351 -911984246 -1736261005
352 3720128725 7202518800
353 -5084976477 3424721514
354 -10472841125 23019587629
355 12050542305 4331922023
356 12053434784 13197218031
357 12420396367 -9703872756
358 11843828953 -7822754805
359 11717154788 8336622017
360 -4329684772 -108788540
361 768574152 9445240829
362 932139381 -7822754805
363 17154489410 4986550264
364 1747301285 -3363950928
365 -7297060659 2873119575
366 1438399374 -7822754805
367 22520325651 8631230496
368 7694046488 -3990411050
369 10917232419 -3238449196
370 -649308938 -1568925992
371 -583650087 -362688056
372 7644080298 10496073829
373 7449136248 -14764508250
374 -641217481 1561239994
375 7649052420 7544518767
376 4145800656 -8277294174
377 9007343179 -5193331347
378 2136467715 -4367507069
379 8455149376 10147506182
380 4714372599 7114432413
381 15069615 1423853850
382 4941025036 15125648980
383 9565879193 -6593473270
384 8103345796 9720742651
385 -2753394615 6447072904
386 10504815082 3186732934
387 -354511222 2300039522
388 4748775128 -10311364853
389 -2176041593 -7822754805
390 7523385108 -2608982568
391 -4671818599 342622802
392 16933322138 18148769420
393 -1064589916 -129849139
394 12027691275 16059493330
395 734543988 -899331909
396 2954040856 -6106825577
397 1247542921 -2836490599
398 288704855 23553832630
399 -1480729171 14740722746
400 2060344805 -3287957039
401 11657038360 8234335511
402 11707835143 2784534680
403 -249752264 -2040115447
404 6436132355 -2713751449
405 11032253176 17909406304
406 3331422088 -7822754805
407 3447244014 10924121112
408 10745798893 -6313536228
409 10336001526 -8229383045
410 953492203 -1479048912
411 -256319317 1896384511
412 1998012687 -7822754805
413 9956377778 -6084396328
414 -480924182 -2204950237
415 -3619974360 7371857596
416 4582043059 3485229071
417 -20423679259 7122568673
418 2927514290 11937764919
419 8651942792 8874516255
420 8641823382 7751515234
421 7791803158 -3875268275
422 3202423514 23553832630
423 -5994701067 -2702822504
424 4047263808 -7822754805
425 2429874432 -9271096435
426 3666151335 869780699
427 11884353733 1305384554
428 1564723299 23553832630
429 937389284 9598243367
430 3316771523 7564924946
431 9941718063 7748935713
432 9817664617 2891122760
433 -1253407984 -284319283
434 4398341962 -10655152710
435 604904980 11865566606
436 11476456946 11291751195
437 -3062929131 5802950370
438 10778199334 -2547035263
439 -3261770534 23553832630
440 23613227804 403757387
441 4937672107 14840623423
442 13416323437 10963218068
443 4098960082 1992323406
444 326320235 10366258648
445 6285835605 17884133215
446 -5874300141 12315345581
447 -2223773672 4847527389
448 10937430389 2527297930
449 389698773 -7822754805
450 -1084127680 1780865678
451 9017552312 7687894226
452 7416042814 7681635852
453 1936590195 10771589414
454 2863589035 15488281152
455 2073332506 6542694031
456 -4796355940 11848570408
457 2244001432 -3395076078
458 2948904802 12596030233
459 1072758866 -4855816899
460 2334699274 11917768942
461 2367061136 -9420113659
462 3336836655 10061933014
463 1900293471 9938208649
464 -1378895777 756821861
465 3187449429 -7822754805
466 3812981717 12855931767
467 -5445586510 -7822754805
468 16685932278 2664589807
469 11478519215 18570441169
470 9668174461 15888854633
471 9823705081 2489987764
472 7037450224 -3321917808
473 -5058668779 22343796428
474 -9677371065 17050646220
475 -584759649 -5731383421
476 -3256885388 734276121
477 13497585831 11344520159
478 -2562193617 3350623305
479 2397370057 -9243352310
480 2636843693 -537156989
481 -16034278184 -5555546788
482 -1811546238 905178609
483 -3514415451 7096607962
484 -3197177307 -3815875218
485 8486745295 8308315177
486 2709161814 -7660752298
487 4424398283 12973301072
488 4540382303 3397941782
489 8678100790 -335287527
490 -421260753 1742022048
491 -8967393545 6334237617
492 2676449696 23553832630
493 -492912738 1573722706
494 2360948412 12714228431
495 -279166317 2122689694
496 7518616351 23553832630
497 243041884 -3387569217
498 -3543425778 5637828099
499 3898777617 358962661
500 2737933970 8363825510
501 -702297593 1168714594
502 3675315702 2710370470
503 2119563800 12326124245
504 5693103242 15810358859
505 745703796 -592082143
506 -2576443860 4908489776
507 11764638280 23553832630
508 5258415611 16851931594
509 -4241192354 5824986549
510 -2886704800 6522533332
511 -190088557 1541958182
512 8750853552 7103028933
513 -1680862861 5114446080
514 10549927952 -6928247311
515 8952144 1356707885
516 -6994397654 10022117266
517 8868708293 -7822754805
518 3368124572 23553832630
519 7110280036 8309098393
520 11674504450 2246220405
521 3400638999 -7822754805
522 8882602471 -685969302
523 -18207343572 686998576
524 37289501 1311456841
525 13710713621 16281260573
526 -391832943 1416107375
527 8927444531 23553832630
528 5324408760 8112787300
529 5946426410 5082925628
530 7776022128 13086090017
531 -3239570323 4572677448
532 -469193500 1323866152
533 -930139814 2052478104
534 -930484799 1225492859
535 10333083506 -1076443671
536 10060932341 8952646623
537 5659549873 5148081893
538 230236010 -1510613406
539 -2866893344 18233828383
540 1014114151 -3287957039
541 9120045724 -7453646376
542 13502679464 10853515051
543 3421530950 179534942
544 9550724451 3635760880
545 11380990556 16278224858
546 2911879272 -7598711137
547 182781223 -7822754805
548 4462022088 -778721118
549 764720988 -1912017571
550 1938730519 11942905596
551 -3317023436 6819730793
552 -9517079182 17458273879
553 10542597113 -7822754805
554 7288890180 23553832630
555 17074595001 3726728260
556 -3671647448 23553832630
557 3504040401 10915211462
558 -4983257798 2034214317
559 977541319 10875802319
560 -2871978505 -7822754805
561 -2930481665 23553832630
562 2303549945 -6417199996
563 4608530212 -10138569219
564 1050121105 -3287957039
565 3626257248 3047041384
566 2436648751 6792906068
567 609287775 10720075078
568 4876269613 23553832630
569 7006217776 -2703784499
570 -232962769 1841740782
571 8261296933 9848724072
572 -3518740749 -4789019696
573 2356406774 -4832699882
574 6744228476 7194117817
575 -825548330 14062613763
576 8028640618 -16917256451
577 7303285272 8561288325
578 -9814350269 -7822754805
579 7869534743 8632792987
580 2060344805 -7822754805
581 8213708677 13734416449
582 2625781448 23553832630
583 -3112043321 6697336966
584 3285106126 6887594446
585 8346022552 -132033294
586 -1401550908 1362562610
587 8434221109 7048531215
588 11792860015 16955192652
589 -457319683 1390480852
590 -5289108284 23927097218
591 2744700433 23553832630
592 -5457240438 3063692024
593 1627923415 8856999482
594 2153180175 7747445951
595 5266216236 5944032432
596 7141019282 23553832630
597 -1704888393 1379208352
598 9503845445 975577353
599 -1153021753 744406031
600 -2704840382 3740902891
601 1226060836 10475233356
602 2049506944 10574661806
603 3150606959 7259243880
604 8774141776 4561943959
605 839809813 -977073813
606 8180181175 7578065677
607 8466818586 4664532686
608 6740110355 -1172443109
609 8377365776 -5571659252
610 10898195944 17710833039
611 -1543894517 988863768
612 2631634629 -7822754805
613 -4485072134 6687488262
614 1235833772 -1970300436
615 -3276772260 17826410857
616 6017274504 -12160974551
617 2319698310 23553832630
618 11336343525 23553832630
619 -2027462055 1192821982
620 8886780921 -4836127776
621 8362404024 23553832630
622 4727186090 13650390336
623 5520697224 4560435654
624 200937987 10328680535
625 7289984326 -14619251050
626 -4938944792 11060069808
627 -1570782545 1369561261
628 -2762808785 3749031763
629 2980340649 -7822754805
630 7117156811 -4683231665
631 8672901454 -19961286724
632 -383379338 1481338702
633 -2467199112 360564360
634 9100047149 -7076818144
635 7114729749 6951202031
636 11148887027 -9724765473
637 9807462354 16095175854
638 8857602034 23553832630
639 5444334609 7795903473
640 9751015226 3977401359
641 -4603972586 6001009133
642 6140502661 -425702925
643 10432342670 -1335252447
644 3934583244 -8153261834
645 12583799095 15102369516
646 7473068977 23553832630
647 2007230384 10375615050
648 -562723571 2359505627
649 584119139 -7822754805
650 9623137750 1414393424
651 9376364213 4620535993
652 -133559581 12511375691
653 4440159016 3426505477
654 -679109527 14159656973
655 477645929 -1869070631
656 5134753719 -12950982100
657 862317656 -3287957039
658 -500998253 1535672118
659 -10795674297 5854587206
660 12244936279 16762645337
661 2527408760 8494562596
662 9726255219 3726714262
663 -8655706619 15998625584
664 3567492747 23553832630
665 6093971304 7535721319
666 -80442127 1720492485
667 -665254966 1423141977
668 2523414083 -4053615564
669 -1576717397 1516426892
670 4069699278 -9314329829
671 -840638684 23553832630
672 -3791983238 6928684168
673 -460723884 1997514288
674 4515954168 3357587861
675 -1255978322 1347639077
676 -4794161909 6614949014
677 -1118812695 700708839
678 -786844521 2027421037
679 -17260158109 -2063342213
680 12379686355 -2651309568
681 9814588845 4393761104
682 -19980495 -1019069006
683 8670728684 9108699394
684 -11690852004 1426484965
685 -6050075868 -8196638894
686 8524289553 -17449696891
687 12791970402 14469225673
688 3799353719 -9025786639
689 -264219018 1323052789
690 8460864678 8019508439
691 751286963 -1422327065
692 8297937417 -16836406669
693 -1418288723 -92022389
694 2060344805 -3287957039
695 2308879447 6418400504
696 777756431 9466403381
697 10711181354 9504290010
698 9588390109 12855428287
699 7641528525 7402636157
700 1374166057 8838159096
701 -19612802482 4768027181
702 1199947658 14900972586
703 25320696416 9566609136
704 4636327306 3620920771
705 10556081385 7868179351
706 7112472689 -14783343394
707 2060344805 -16690629189
708 3591531887 6292479077
709 5239626655 14796301750
710 -1300749503 -28033229
711 -5592379084 6127834365
712 10237949944 -2694002663
713 6331188133 7526437192
714 1870860666 8474716273
715 -2249396493 5427659724
716 11089309039 17993920722
717 12530731403 20129038244
718 9746129346 11315424924
719 589520996 23553832630
720 4001270189 1345366861
721 365023803 -7822754805
722 -344227479 1426050333
723 13032509667 17833704556
724 8376304795 7133192539
725 -2574816396 -2678231120
726 12726306371 8888258351
727 9969477779 9639817857
728 22535952092 23553832630
729 10239450296 4107526359
730 5120978719 9088023668
731 -2481438824 5051542317
732 8840760414 -18434587186
733 5051664207 350767386
734 8009673873 4861434207
735 -1839170156 1061082067
736 -2099223408 -1603027461
737 -1443166898 -357936052
738 -20713425414 7963904084
739 14039703952 4982328728
740 7601382133 7582455248
741 8956336237 23553832630
742 8863056098 4537173505
743 8412045003 7214124807
744 7457913592 -1543197229
745 504093701 -969111102
746 3339102915 2879185666
747 11020228898 342474398
748 2162957075 6433547396
749 2180990492 9476555425
750 12744361033 8899299882
751 -5214950863 5999960189
752 2801952927 6425161255
753 8458512489 -7412413778
754 9257073469 -7822754805
755 -659989327 23553832630
756 7789855586 -2777828385
757 832681243 23553832630
758 -6094301763 12748379600
759 -247921261 1902877624
760 4838114140 616003638
761 5089265965 14460067575
762 4225333093 -1579611
763 -3349065075 5021865265
764 -1373882051 13864503406
765 -17437091085 -1549582238
766 1554426290 -2073187853
767 -772994432 2041650118
768 -399323947 986798177
769 8616861146 14331589022
770 3869953774 -8407585148
771 -246944077 12414496344
772 -9145766595 6097078190
773 1424453847 -7822754805
774 2498447282 23553832630
775 9673195308 3366496685
776 387682305 -1839423545
777 284015071 -2366250641
778 -517723012 1610240151
779 -682162608 2143945026
780 605685977 9626608335
781 10253546815 3172400578
782 754353388 -4377808695
783 7988351924 -17947091903
784 -433573936 1795169648
785 1615390337 8943270358
786 -118963482 1818745442
787 284843480 -774045545
788 -11959534946 1620954889
789 1657792067 10932566502
790 2808156541 6102099842
791 -667540619 1414414468
792 9972253777 -1746780889
793 1025508733 9013764487
794 -2168538040 1425004454
795 -1814174086 5272887634
796 514157469 -7822754805
797 7863860015 5799067584
798 7505628762 7224938698
799 9356756080 12074209460
800 14606289481 12492918742
801 -17600414774 -7822754805
802 2979402235 -9656756611
803 2555226854 10088799043
804 1019920811 -1434249982
805 2485971192 9861755214
806 -7254886097 4546551031
807 -5665431968 9601869789
808 940419718 13622998136
809 7210821536 -14718718288
810 9959111323 8587239086
811 2996369641 4814910107
812 7492431063 10033626611
813 -1092588929 -500904175
814 2913351568 6134476600
815 6695658884 20753369989
816 8362614110 -148507690
817 -223183001 2008423940
818 3919827955 6615651054
819 6221389076 11466250032
820 -1479282198 -2315987785
821 12079593117 -24872930225
822 -3497902354 5981941585
823 -2463606218 5367605839
824 10827746739 2404154014
825 -576760334 -7822754805
826 7278586259 10388689892
827 3585175399 23553832630
828 -9139541049 -13894216616
829 -1074103482 -798551510
830 -6448579192 -11340677676
831 9358515322 3693423042
832 291529619 11191060493
833 -8462740660 11267511736
834 8724748101 -25494521490
835 -2489826622 18966902826
836 5671125500 -1415221779
837 1203189452 -7822754805
838 1589298139 -2206421155
839 3067493479 8710981577
840 5881126751 4860086625
841 3485622184 10874024939
842 -536520688 1241559151
843 -3415915111 21119523809
844 -1857135597 5460625076
845 8314859172 -858861289
846 7595239186 -15759800644
847 10347807581 4485528498
848 -691537344 -7822754805
849 -2297684905 5419832427
850 901696220 -1385544931
851 -1537707053 1250539558
852 -17115106258 -2497054772
853 -916627735 -219873094
854 4360704733 1453170305
855 -2803196136 832495765
856 3427763270 4765489593
857 10835325034 17617705039
858 -1208415239 -3646008544
859 -5730334534 8856290502
860 54872902 1300532953
861 -1484514799 14225851884
862 11185511011 -7838753091
863 4394836507 -9866937903
864 10140586296 4118457389
865 10439670300 2962310502
866 6390026460 -2952738349
867 12547908637 4625085794
868 17957572923 23553832630
869 11134001053 2615890049
870 -237804977 -906265001
871 11893799186 3887378255
872 -4457763531 9128651705
873 10709913865 -398086299
874 2060344805 17548031739
875 -268283459 1491678172
876 -6831636202 6143978756
877 15833890316 10222804597
878 -491686921 1200014922
879 -3965381650 10179535308
880 -113764886 1611544727
881 9391199371 -7822754805
882 -2019767762 1259905645
883 -2392824241 6351928623
884 -2530816086 -553286483
885 7090499320 -1115369727
886 1273117621 -7822754805
887 8183576607 5210383598
888 3581119791 20429862706
889 8107202225 13576652981
890 10514487761 2322452599
891 -889805846 -3238909694
892 -469054947 -1367703944
893 -9307324258 10492438485
894 -237868453 -2269548522
895 3749148832 23553832630
896 7309435152 -3909098053
897 16704763353 26311853894
898 3163274809 5552469471
899 -1755557930 5305919103
900 1363923788 8802752933
901 -4133839346 6752214493
902 1321564342 -5365455456
903 4117969137 3398881547
904 13334141264 23553832630
905 -11085604297 2503980938
906 -2100953985 -2617536371
907 6091051245 7630957989
908 -708600378 -1919780499
909 11213769466 4034067039
910 4137994148 12332848715
911 5354217903 -12441195278
912 -25854513647 73182445182
913 8863831212 -5601928787
914 -701999792 1445021498
915 6410861061 17628803827
916 10905191321 -2293292185
917 1103391135 -7822754805
918 5090280503 -20089815
919 9463938341 3649234939
920 -2783281454 759146274
921 7316805059 -3514848439
922 9978848735 1737521823
923 13866848531 12884075847
924 6476303489 -15180619565
925 968560277 8993069129
926 9930430954 1125844622
927 807701459 10019687939
928 4674200302 3614531297
929 4051584948 -7846250095
930 8324622531 5040577089
931 5826655987 -739695258
932 -594938439 1860107417
933 5638714847 23553832630
934 10100857780 3442523130
935 -354380898 2135226396
936 10436520020 2429343257
937 13600215559 13619321026
938 10888899786 4392397383
939 -663030586 -516523134
940 9021910415 9698852153
941 9716466039 3297754220
942 1019080863 -1145179791
943 9434265181 5469379897
944 5468426233 7661523848
945 2522049836 5832546851
946 11581999144 23553832630
947 -3505364348 7217031243
948 9864749570 -5556251351
949 4897263791 39644875
950 -403395557 -1503503817
951 -103274210 1805501489
952 2693139646 -7822754805
953 15648267565 10324762071
954 7639748910 10597661658
955 2261133533 -5184061566
956 16537991623 18505717199
957 4229824963 2104772230
958 8559924587 7516646813
959 6809267476 -3202745512
960 5574360586 15847997718
961 -2608393797 6165832398
962 11472906378 13808566232
963 10153416373 -6206884426
964 -140117082 14153041428
965 -3572121746 -2397340309
966 2932789203 -6223090288
967 -2046836885 -3668562238
968 2437365577 10988366836
969 -575395672 1497534706
970 9664940617 4135522759
971 -7364838873 4109838288
972 9631091562 637440504
973 4383887326 -8740701575
974 8642070084 -6901322127
975 6975890842 -16528794472
976 8187785132 -4172215429
977 2899304688 5185620660
978 8241427012 7498892593
979 1943499227 15346668226
980 8321019190 13893370940
981 -2046090515 5943061749
982 -2503201525 659964873
983 4913520479 -20074505774
984 -4145103710 -6189682555
985 -15637652167 7712978411
986 7867631573 9191272428
987 6925228702 5317289184
988 2060344805 -3287957039
989 -309095189 -7822754805
990 9676701990 3716241326
991 1650165635 13854480318
992 8984069669 7508727074
993 -3629421424 4384187543
994 10478118388 9636879986
995 9545980011 4041035654
996 2403361649 -3990628553
997 -3373381559 -4463969795
998 9859738850 -7822754805
999 -2300082466 4919728048
1000 -18093652991 1259556786
1001 -2294717776 5238721089
1002 -630742948 1848598962
1003 -22190833791 12253852231
1004 -967529057 1098443611
1005 -5058240675 23553832630
1006 -2541899349 23553832630
1007 -5069864746 11369163414
1008 9646418007 1358742595
1009 7079547569 8145286211
1010 9653349915 12221061877
1011 8858350888 -7446349268
1012 9451472708 7779518070
1013 -604844511 13019513088
1014 -6704822773 9453228295
1015 9617268829 4844658101
1016 3887645461 11773022977
1017 11524837515 23553832630
1018 -5655337200 23553832630
1019 2702715589 6836609620
1020 -4789817207 -5972672679
1021 -20533432018 7441257572
1022 201483919 -844321553
1023 829306988 -3287957039
1024 10131602106 -6716600042
1025 9261584762 -6953535341
1026 8298663407 13860256271
1027 12909202940 23553832630
1028 8685548108 -6880034162
1029 1101011977 23553832630
1030 3797606017 2684226297
1031 -2726244180 6654090860
1032 -2584308257 5486831128
1033 894925298 -1143079549
1034 5580833669 10642464691
1035 4596927001 23553832630
1036 -4768108588 3861721848
1037 1289052536 -3287957039
1038 -2816399426 5958067993
1039 -1135817949 1540130035
1040 3887373770 -11361544855
1041 5139387996 151588918
1042 530481638 -1098208174
1043 -504115898 1335633876
1044 12663315823 14051591316
1045 -2781335700 5051029975
1046 -3561225201 7215764451
1047 8444055038 -4519938569
1048 5817795447 23553832630
1049 567810437 -4389143836
1050 -4834662884 9621701668
1051 24890949691 -1622894438
1052 2637703695 10788530500
1053 -5841844982 9797949581
1054 6200558417 8885020421
1055 -749283158 -1837056350
1056 10974879967 23553832630
1057 -725033115 -1706447985
1058 -6723683500 -7822754805
1059 -11867602226 2198083226
1060 -17547001960 10292964340
1061 -4530361431 6798054862
1062 3746782631 10254042172
1063 11739227761 -23576887181
1064 610649589 12538879305
1065 6558381929 -2188013223
1066 3193030885 7053779676
1067 -482476197 12546596988
1068 2808839657 -6281300789
1069 4940277419 -1207755387
1070 4815496367 -9556680265
1071 -956939127 1869563135
1072 1430274456 13972675714
1073 11985269366 11118202874
1074 3280796391 -6465294474
1075 12166300775 -8714369960
1076 8535612673 -753580700
1077 -2202084814 799839943
1078 11610313919 2277699935
1079 4104880212 13751917657
1080 -3173006308 -4015893855
1081 6274072914 -12479317495
1082 537462165 -7822754805
1083 -12006304754 9961480349
1084 5944958726 7459612348
1085 -2452166205 165388437
1086 -106221247 1543190564
1087 1506341396 11627360620
1088 4124656108 3684596329
1089 -9337934732 -7822754805
1090 11017728452 2018516115
1091 6365352048 8199161963
1092 -195349370 -8125556593
1093 2015084117 10386362465
1094 -3277355425 -1032003540
1095 -1395837504 -7822754805
1096 19075009966 19748607567
1097 3504230849 10915637339
1098 1797893982 -3287957039
1099 10165586459 -539586072
1100 7144824034 -15959980631
1101 -623752904 1756680233
1102 -1445610656 14989914492
1103 1623197092 -7822754805
1104 6997646398 -3892396840
1105 7328133763 9097286921
1106 10463822057 2299917845
1107 -117331191 1652487806
1108 -624464226 1440114210
1109 18317840801 10864908248
1110 -435454952 1101806739
1111 -6962325841 5643404837
1112 -675550677 1372300713
1113 -7849736070 17064330549
1114 12224974902 -37454598
1115 -5866857904 9613932991
1116 1891696372 -3307297553
1117 8557028273 22214622318
1118 1242893085 -1643545706
1119 2998178322 6299580580
1120 11091107161 3402017490
1121 1840378897 7697215183
1122 6275372691 4862621650
1123 6728213590 8617788137
1124 7932430554 -4561107599
1125 -291723699 1771046043
1126 -780508978 23553832630
1127 6751212552 8248815168
1128 5131718512 14554999284
1129 707241177 9920775444
1130 3450202434 5214285679
1131 9303103943 7415334410
1132 -2718752614 1294641258
1133 8087789125 5236869085
1134 7587911775 23553832630
1135 2226226264 -3964119901
1136 -2553315819 5927357175
1137 9663453741 3110354256
1138 587153979 9564602837
1139 195553629 -1137653672
1140 2060344805 23553832630
1141 6651835247 23553832630
1142 -1754847892 -844630634
1143 9858497972 -7822754805
1144 -2333911969 -2439393923
1145 10434040442 10113873580
1146 7770265469 23553832630
1147 9867786060 3017269999
1148 3578597503 -7822754805
1149 9916430783 2673082135
1150 2401695812 -7822754805
1151 7354041901 7109450652
1152 13080721929 12761916754
1153 -7401772968 6194768033
1154 7756763790 -5969687759
1155 1169816626 -7822754805
1156 833994477 -6533653615
1157 7680364489 12944396432
1158 8336706879 5337641619
1159 7864795701 7167409757
1160 13081873223 15103644648
1161 5980901346 23553832630
1162 -4643830426 -7822754805
1163 8058208094 7890456366
1164 18134762620 -2340828214
1165 -921610285 14143455386
1166 9002887146 -6985177051
1167 12062153054 11940878912
1168 11066738562 3021142624
1169 -3990896615 2918796606
1170 9874060235 2614534985
1171 -1047808743 1426315603
1172 -1116146048 1498764967
1173 11533181532 23553832630
1174 9624843406 -23827265633
1175 -4692453979 11343868136
1176 2262406467 23553832630
1177 11067939917 4915409042
1178 11826406940 19085752431
1179 16384742453 1220933197
1180 981789034 -2849853195
1181 -298967529 1850864038
1182 -6425578741 9896967810
1183 -5978197292 14350541931
1184 3807293535 -7822754805
1185 -2538603370 -7822754805
1186 49259379 1360946889
1187 -2631821747 -2434663173
1188 14201270758 4539430865
1189 -510445207 1678790127
1190 -116886807 -5749062993
1191 2060344805 23553832630
1192 8794807622 22746340706
1193 -2367286435 -2214155932
1194 8972621750 -6737068537
1195 -13506974225 21071438884
1196 9159106435 -7822754805
1197 7471789194 -16005438546
1198 7658434622 -5954992464
1199 -1455956753 704487904
1200 -1032223362 1324667622
1201 8319269513 -366386333
1202 359296985 -717374036
1203 10681375265 14809987974
1204 -1076806829 1614966723
1205 9533256304 8401602690
1206 10985149678 3874403395
1207 -656721548 2024871563
1208 3477495235 3264732634
1209 -4041300748 262734455
1210 -26797001 1415725807
1211 4609238900 7147219702
1212 14228481053 9806930121
1213 -2055783233 -1517577442
1214 -4966415303 11869661710
1215 8292958382 9362748522
1216 -2616405376 -2258626375
1217 15155114934 -7245595295
1218 29789094145 -68768955938
1219 5058923336 -10801568591
1220 4175653421 1825871465
1221 -4777748275 6263333238
1222 -2561860888 23553832630
1223 -2663343364 5449463689
1224 -3425237407 5445973669
1225 -229488522 1909226261
1226 8954606101 -7822754805
1227 794115871 -7822754805
1228 11300362621 -8391921570
1229 -10948819896 7500111845
1230 4273041113 -8718575095
1231 5267312276 -11815767364
1232 9503524100 8472316973
1233 3617495601 1599275825
1234 3465629740 10829318155
1235 -445012672 -5614379867
1236 1723685032 -7822754805
1237 7203000765 8765347362
1238 -1985803762 -7822754805
1239 9736711690 3889866177
1240 -5860135507 6989532552
1241 -3507403170 -5374893621
1242 7269391041 7552758331
1243 3940911280 6056427654
1244 -3748346416 23553832630
1245 -5611958024 12206317325
1246 8433953380 21939404206
1247 1020013506 -1824959781
1248 -359937125 -8981992732
1249 8051520240 -6534420321
1250 24108375232 -54276976697
1251 576221690 23553832630
1252 7751464462 8463551874
1253 -3840409562 20549720288
1254 206293699 -941111031
1255 3025398812 8493037747
1256 1213968675 15356650201
1257 932428127 -3287957039
1258 -1223235247 -1898747723
1259 -631150805 12422601205
1260 -2652761273 -5145951244
1261 5877160597 7900294152
1262 6558615583 7799244584
1263 9371305407 4918313924
1264 1786167536 7147111260
1265 1323887022 -3577859670
1266 3112475516 8556172186
1267 1020425641 -7822754805
1268 4559239725 7431827679
1269 10687202576 4547122168
1270 9556993264 9118079218
1271 -4589582381 5131450418
1272 -237593821 1571033152
1273 5863430733 8405604286
1274 7036588023 -14212003638
1275 1139597648 -1062453016
1276 8401145882 5909303616
1277 -18344607013 6384745750
1278 2728819615 8945961279
1279 -3676469622 6876553193
1280 1190035316 -1178325893
1281 2344244884 -4598928399
1282 -804404078 -3229328852
1283 581315738 9597732122
1284 746856440 23553832630
1285 -910659042 1542797366
1286 -1288317710 -1917587077
1287 -285887818 1422737318
1288 2008672082 14957142618
1289 -6881700257 6148438593
1290 -7941461506 10442636682
1291 8931154578 7231939023
1292 10003916714 16386175324
1293 7847663605 13192209483
1294 6978117884 -13973866396
1295 2084784142 10483021270
1296 -5149158055 11601578076
1297 7097590665 8449285159
1298 6512862996 -560016881
1299 2741985790 -6789614203
1300 -2479286180 23553832630
1301 7998072153 23553832630
1302 4062948798 -8422324749
1303 -5872131582 -7822754805
1304 10980730698 17833088252
1305 10182744913 -7822754805
1306 8810337194 14618176846
1307 7681189518 8168870769
1308 9719056066 6658085876
1309 2040477730 -7822754805
1310 18381259252 -37386097596
1311 2259971933 -7822754805
1312 8246653409 23553832630
1313 1824682060 10420727272
1314 8499499771 9651200404
1315 5444705932 11593513796
1316 10549882445 17194891097
1317 -5206508153 23553832630
1318 -368912214 2225885356
1319 6947156565 -13892664994
1320 -1757483857 1172801323
1321 7120107737 6987712235
1322 -2192313844 -1690895607
1323 8439542461 5759746216
1324 -969385485 15447233373
1325 -1345928902 -1697476649
1326 -6668443863 14865435720
1327 -2275530674 4725622309
1328 -8602584560 30873513218
1329 7469756377 -2160799055
1330 10086910819 3410329692
1331 3436788425 -7822754805
1332 2202537250 5924656031
1333 10131852714 1414940256
1334 923596193 -1907142970
1335 -1148542957 18894238545
1336 81152151 -362289365
1337 4488805652 980552415
1338 9288494673 23553832630
1339 520904513 -769625384
1340 -3720853028 -203839767
1341 11267585875 4362728850
1342 -4100816812 8308706201
1343 349840867 -781246287
1344 1080544760 9315120514
1345 -4871246250 9638714606
1346 6620819813 -3445445154
1347 -1284382586 -7822754805
1348 394978312 9943424955
1349 9239670061 -7031646009
1350 1143128312 -7822754805
1351 7129040841 -3503535009
1352 -9972835875 5529958913
1353 1098184087 -4196074434
1354 -198957426 11672671505
1355 6710618357 -2850899206
1356 3010097262 7928639529
1357 -476025964 13991397324
1358 7703557782 7084159806
1359 -2272931835 -1359319219
1360 3699799839 7521489196
1361 8798756024 8539972511
1362 -5470051122 12039689314
1363 4897556403 19546969235
1364 10112129515 14470727067
1365 5365296154 15077321879
1366 -1393182526 788143512
1367 -584082886 1429468142
1368 -2138432511 711496683
1369 9979608761 -6047567403
1370 4158056290 -7822754805
1371 -703059559 1563993499
1372 15677333639 21352509532
1373 -8765172806 4938450268
1374 7835195608 7703787751
1375 9800918136 12712385562
1376 7937555694 8795376720
1377 9464680836 3709847843
1378 -4681352243 5401466048
1379 6770505140 23553832630
1380 2264265048 -11691148227
1381 -3738189725 -7822754805
1382 9996356524 5413952577
1383 9725527077 23553832630
1384 -4686906961 10332058223
1385 -3972193869 4815969569
1386 4104282249 662497872
1387 10036573577 3093311771
1388 -2131695340 1362916182
1389 10676347311 1088941582
1390 7442505869 8249755721
1391 -3743166360 5136466727
1392 716308586 -1479587187
1393 2221685118 2703277973
1394 3311579105 -8441596942
1395 2254394872 -8772989209
1396 7729083069 13016561189
1397 -1280449500 1339731336
1398 178498566 1868240182
1399 -220013461 1350462891
1400 8753419829 4348223134
1401 52089219 -1421758271
1402 9826887533 -842886102
1403 10225324040 -1998064097
1404 12472529040 16788845613
1405 2945462492 11940959510
1406 9139382741 -3248259665
1407 7642704196 9748915767
1408 -3274886843 429417069
1409 -7758837750 7627554496
1410 1941060097 7256431691
1411 8623290965 -7822754805
1412 7949781743 7422793671
1413 4308454886 2937056159
1414 4906395031 9372765905
1415 -218746787 -1566314824
1416 7025892892 -3304378491
1417 10012866357 3616108620
1418 8891168911 -6903360563
1419 10253314056 23553832630
1420 11590345959 15390737657
1421 2068566274 -4188011115
1422 -653079017 1404055770
1423 1545370593 23553832630
1424 -1285281396 23553832630
1425 823991909 9984172476
1426 1561673825 10552312617
1427 9573181113 10737177062
1428 2060344805 15629297967
1429 527216574 9827734728
1430 7269761435 -14420919238
1431 -24466641 13141078070
1432 878969923 9935249757
1433 5101809050 14488116223
1434 6330929595 9098909103
1435 2816805159 -9380556028
1436 5910647818 5529062228
1437 1000915526 -1831753446
1438 -10679038154 31404717413
1439 939911215 -601800309
1440 4450187289 20110496926
1441 8572850858 7346221201
1442 7351408270 -1885540277
1443 2852840008 9557236533
1444 -3426546310 -4223281362
1445 2614315001 6182386894
1446 745928525 10214849942
1447 14213456869 -10587429564
1448 10964984696 -2073541271
1449 8285360076 6950205673
1450 8083583903 7919005436
1451 -1562934003 1156631794
1452 -2289289232 5591210368
1453 4960107026 -12950777465
1454 9298015648 -5309963198
1455 7209362684 9317433698
1456 2885212762 23553832630
1457 3888969049 1775388719
1458 -916773067 1890141368
1459 1985976665 12052725499
1460 1541003616 12186426535
1461 -895358487 23553832630
1462 2600498230 -4981918558
1463 10337249964 16879927663
1464 10033066772 4038965060
1465 53216795 1356680816
1466 4337325643 8308571291
1467 -3897648970 5571267050
1468 7111041736 23553832630
1469 6394403490 -15053040676
1470 -305298859 2229186619
1471 -382956894 1664498710
1472 4286057607 12663945860
1473 7133257570 -2003878940
1474 3175170001 -6662880688
1475 5128864250 19314357540
1476 -3111559278 5453619385
1477 8063672261 13512173901
1478 7754649059 23553832630
1479 2208529398 -3458975546
1480 -720203511 1144151952
1481 10259613638 -10044862128
1482 -5455313324 11891811787
1483 -19108262720 3302995947
1484 8030565449 -6748894182
1485 8866692027 23553832630
1486 15580567460 19674224397
1487 -2152869580 5500284458
1488 745066268 11352255341
1489 -1688727287 1661834995
1490 14266991434 5536057833
1491 5418212665 15152862514
1492 12934479186 3422206869
1493 10030367147 -7822754805
1494 -7241401125 10587596669
1495 -1266003975 1426851155
1496 2198736587 -5967360605
1497 3253542795 -7822754805
1498 -12698653073 12744837090
1499 7739312828 23553832630
1500 -4775272198 5195863322
1501 7348593397 7331083894
1502 1631024959 11780245755
1503 -4304336236 5112421029
1504 2581436705 -7822754805
1505 7583454395 -4677242133
1506 7660164106 20775621631
1507 -763930991 1532818178
1508 -540847055 -1749089009
1509 -2410623962 16339385739
1510 -1970199768 471990174
1511 -5182072250 -1685233243
1512 -7968241403 16703620046
1513 7226848595 8644860664
1514 239845022 10707085101
1515 10285174444 1285443796
1516 9206280470 -7390477301
1517 -6301957006 9186493849
1518 12161473833 13942994076
1519 8671109002 -6501449568
1520 -729425831 1542846849
1521 6680065214 8697509890
1522 -1663526760 23553832630
1523 8537175695 7329690230
1524 634648165 10004937349
1525 3380486637 11309545734
1526 -696494809 -12742443571
1527 -905404302 2016644066
1528 -3432680228 7233942731
1529 -615385191 1165615297
1530 7146688032 8597340155
1531 296667487 10410692407
1532 -4937728549 95950801
1533 8635085720 -23609742350
1534 316724149 -7822754805
1535 7435973001 23553832630
1536 9760017062 3026339033
1537 2718977534 -13975660421
1538 -1074814184 -7648424
1539 7984744674 -5277628971
1540 -228677321 1428725046
1541 572623258 -7822754805
1542 12143092791 4254720282
1543 -3191690408 23553832630
1544 1252674651 16663917963
1545 2610469328 23553832630
1546 -216608767 -7822754805
1547 -1170222328 897620499
1548 -200117966 1882945458
1549 6384669491 23553832630
1550 1598887662 -2178235359
1551 3632045035 -7822754805
1552 2060344805 -7417920684
1553 3165549769 6031013193
1554 -2895062384 -10995150078
1555 -2542663511 19504378105
1556 4276479049 16643679589
1557 8565152225 -4785505767
1558 -2975535413 -7822754805
1559 -907351106 1142636949
1560 -916193972 1241498855
1561 6351365920 8139457249
1562 9255746744 -6834895730
1563 8610411940 8792611274
1564 1903145236 6540905356
1565 -18515326008 1581286642
1566 3961878312 3977603968
1567 -1100755660 13654761489
1568 -2743582907 5140247844
1569 3235545647 -5562163772
1570 942890991 -2100856034
1571 -3301332910 6698715305
1572 8052543732 9139888871
1573 -2296810130 -2056557942
1574 3986346979 -7822754805
1575 1614365483 -7822754805
1576 -1970688620 5817592234
1577 4571814756 23553832630
1578 2346943995 5756172650
1579 9634299031 -6825032559
1580 469743240 -726933247
1581 -3751417786 -7822754805
1582 4483908861 13106377678
1583 8377105975 -7065359535
1584 -353979269 1303051254
1585 10204251304 25898116179
1586 -2567419841 -2661691060
1587 -6698701171 -3109642262
1588 -2964613274 770810629
1589 7892122148 23553832630
1590 -10362100349 4866401992
1591 14337677621 13854482526
1592 2762346897 -7440114573
1593 -1436820661 1519328964
1594 2213707941 23553832630
1595 -3393799335 4696567838
1596 -963000522 1377361362
1597 8284929336 -20000810070
1598 12077055088 -9376769267
1599 -8656289998 8078879775
1600 10880558911 -7822754805
1601 3324251854 23553832630
1602 -891333838 -57590754
1603 11711766336 -21598239441
1604 24645354660 16177485969
1605 2902193443 -5594432497
1606 9795601461 2845697389
1607 3040146201 8323865512
1608 294378719 10360650298
1609 5913795299 -2058988445
1610 9822456790 -7822754805
1611 -2024521729 -4874756742
1612 1141028323 -496120169
1613 -9468217523 1555644835
1614 8652462768 -7822754805
1615 -4856945237 23719850582
1616 -2395784614 4956648131
1617 7995814455 -4854360470
1618 3487913975 12364675995
1619 -1031710909 1614220856
1620 -3200227970 -7822754805
1621 -560666742 -3448708867
1622 3736594371 13637500720
1623 16258589562 -381512306
1624 7829508762 13165317489
1625 3198372977 -7822754805
1626 8273385306 7032835617
1627 -122865351 1114209324
1628 11171543601 9564697265
1629 -3946388018 -7822754805
1630 6946447656 23553832630
1631 593450223 23553832630
1632 9407431160 12208793972
1633 1742407736 -7822754805
1634 677405771 9932199759
1635 -183969477 -1347523235
1636 -214169210 1790605544
1637 1797238097 10662514309
1638 8227813758 9643287013
1639 -1196088609 1216667875
1640 -3304440852 336738525
1641 10992348449 27005962460
1642 7443191926 9893534971
1643 -2008409307 822145914
1644 -3214196612 -4108002956
1645 7149243340 6093030107
1646 -3730476447 -969405429
1647 7358548541 12467704182
1648 -889263748 -7384783317
1649 3335089341 5540267142
1650 8441265752 10363937891
1651 13604219433 17943118099
1652 -2363624448 5647597166
1653 3623471550 -9589705400
1654 -1137400108 14176132485
1655 10235031915 1916572439
1656 8695630803 11319723151
1657 -701851250 12247427827
1658 12615019532 2180308439
1659 -3739520677 3416717582
1660 -401082999 1852136053
1661 520943658 9886215754
1662 3734131060 -7822754805
1663 -6601336150 14920238002
1664 -1566495869 1775126305
1665 10504914132 4735584172
1666 3872945060 -8180415219
1667 8962510588 -5141775362
1668 9436874592 -2609151854
1669 817610974 9837690172
1670 4177151116 12613446617
1671 6226823428 -12807926988
1672 -2275632245 -2009200294
1673 6311066560 -999624166
1674 9553590960 -6778070751
1675 -8451510712 6488157680
1676 -1025820855 1056804242
1677 9392684615 12002494828
1678 7138291358 23553832630
1679 -4256066710 4456166962
1680 483388107 -1135352593
1681 1056927919 -1582792631
1682 9608786578 3288913541
1683 6866417241 8391485477
1684 7763861781 7897139874
1685 11653003805 3489030988
1686 1313509337 23553832630
1687 9488445852 7580412724
1688 21334714577 14011043021
1689 9841391372 1035388797
1690 -7454722521 8234369608
1691 11677749709 18865552811
1692 -2774635322 -3125063014
1693 8839531313 -27900400974
1694 5164700352 6639321244
1695 13387217956 23553832630
1696 2263337585 23553832630
1697 1811971275 11783490673
1698 17625409726 24529139599
1699 1646827087 -2985816928
1700 3220110803 23553832630
1701 8579155304 7321534156
1702 8254576141 7357919192
1703 -3934421537 5109716704
1704 3907098048 1064782178
1705 12291917735 23553832630
1706 4013901154 1207540203
1707 -5603799121 -2095290829
1708 -2211322597 17577202396
1709 1333385894 -3654195305
1710 1337893956 -1969391657
1711 -1727516019 4876293283
1712 782865526 9946031585
1713 -4816322526 2094787812
1714 2558073663 6135843873
1715 2795157328 23553832630
1716 -49034114 -870541559
1717 2238483943 -8692103894
1718 2063423492 -8874581843
1719 2110425915 6649813651
1720 5159188968 12057142083
1721 -6974933459 16526541981
1722 731772247 -1180186446
1723 5797193979 -1114385095
1724 4633006767 3560035359
1725 4722066764 14367733481
1726 5391599369 6026004314
1727 -4331055987 -2365637436
1728 8167912137 23553832630
1729 3660875836 5305225885
1730 7197087608 7971540558
1731 10531001645 4184541727
1732 4102914735 -8773910113
1733 3252915306 1665938785
1734 6055084536 4950161810
1735 1468140163 -2214990574
1736 9865447326 -6566704316
1737 -11284599806 36013401584
1738 8397971818 23553832630
1739 605227583 12297844802
1740 -5568473887 8560416186
1741 -2873215419 5907684176
1742 15362311415 -30514742719
1743 -3599184235 3588286670
1744 -5039057107 5672594229
1745 -2469049980 5154886167
1746 9644498014 1627348016
1747 5907516593 -16964751377
1748 -1168836744 1267574247
1749 929719179 9586216813
1750 -4244132227 -2988913023
1751 14019739845 -12153954000
1752 2149522822 8037894559
1753 3558598647 7492707653
1754 3514606045 -7822754805
1755 2360727703 6035628535
1756 13150104326 -28525410187
1757 4241136809 -8547972600
1758 -2055137892 -7822754805
1759 8065491975 23553832630
1760 7371100484 23553832630
1761 2775934600 12059901521
1762 3328140512 6327618126
1763 -357709577 1822988012
1764 7685600094 7364695841
1765 10863192664 -20072415896
1766 -11216913768 11899756256
1767 6919580509 7569835181
1768 -277845598 11579634324
1769 9938237774 -7822754805
1770 4498855750 979536247
1771 -13944706995 12729180751
1772 4388115158 12996907200
1773 6767817937 18213618714
1774 10495425884 -6852756224
1775 2860061502 -4780347002
1776 -333424378 -301080901
1777 912394584 10303386430
1778 -311496632 1941551601
1779 3830393453 -11669235536
1780 3765941567 23553832630
1781 -4431622277 9831884794
1782 6817586909 8207518753
1783 5305809114 -11912878440
1784 -1517482886 -431299618
1785 4904643017 14517264072
1786 7789225709 -5592092710
1787 3604657815 -7822754805
1788 2060344805 -3287957039
1789 -3071824254 -3291383524
1790 8930568752 -6697796820
1791 -3535249121 5758864928
1792 502150045 10430961647
1793 5048904501 -12989388383
1794 2247492976 -9129890745
1795 7249101218 8653229329
1796 -2512051040 -2537876233
1797 -14162202011 12836459822
1798 2502648676 12492293898
1799 4694719213 12948214289
1800 9159333570 8270753634
1801 -1953877081 18716248455
1802 -4468164592 23553832630
1803 9583866272 7490242058
1804 13287679037 16708265005
1805 2563929286 17528867789
1806 13922657102 9686636411
1807 -4229314633 4996931744
1808 11405620873 -23065605869
1809 -1828243222 15833429157
1810 -3693843058 20373681479
1811 -438876154 1521414811
1812 -3467291341 3983849332
1813 12537408524 9868358000
1814 4805083599 -11418421228
1815 8406807143 21878700226
1816 -2051373826 23566989477
1817 -266384650 14279993755
1818 -933734993 1965339751
1819 9207421683 -7822754805
1820 68896410 -4933452149
1821 1019770969 -7822754805
1822 7676474079 9734900358
1823 62767647 -3466381493
1824 8020073251 -3875582369
1825 2957652842 23553832630
1826 -3129228259 6206523492
1827 3091642221 -393800602
1828 -2264052195 -7822754805
1829 -182253563 1634227092
1830 726666991 -2257392390
1831 7148858495 6956021218
1832 -3292140413 4988358232
1833 4467081882 3534072788
1834 12549004921 1088543855
1835 11611410114 -7870839685
1836 4915425986 14071329388
1837 5226651107 7910235464
1838 548906768 -4423034001
1839 9429348415 24663199256
1840 7961011580 -4664537198
1841 4134648581 2240718584
1842 -2904291776 6885958871
1843 -6002285085 -12038790018
1844 -5142784003 -7822754805
1845 11506662960 8477814893
1846 11089419953 4124766625
1847 2080397321 10713004466
1848 -3381385989 -3868533472
1849 5398885063 -12275184871
1850 7411061338 12545489151
1851 9964682233 -7822754805
1852 10027610397 3706709866
1853 -471516119 -1853487851
1854 454594759 -7822754805
1855 11501787118 10500935767
1856 5246791879 6375195714
1857 -429952537 1901610050
1858 8274728348 -7104539578
1859 -8215913651 16337711604
1860 -11409244622 2953961938
1861 799916993 10096681500
1862 1293595376 -7822754805
1863 -2924125733 6403056820
1864 10121644432 3009311236
1865 8698651957 -1742701913
1866 586044165 -1499208406
1867 13448123108 10886940267
1868 1753696157 7026077169
1869 6993331268 19550060943
1870 14280077043 -29956356567
1871 3640781248 23553832630
1872 9941893327 -1629670709
1873 16041881291 4883234294
1874 7919523832 8887131528
1875 -2091135355 5718059381
1876 5325504468 23553832630
1877 3530370022 6600230867
1878 7850151329 7269956429
1879 9718707707 2370012070
1880 9831387127 2725221624
1881 3800779743 -8896583563
1882 -1424864408 1529678137
1883 -1564015595 1124273075
1884 -114431720 -7035749155
1885 10766373036 2269806727
1886 -5428290969 10146379463
1887 7262372137 8317310822
1888 13539881269 16838212162
1889 134252961 11826164454
1890 7393556598 23553832630
1891 -9468737835 6216431295
1892 4085583435 11609742351
1893 -1392544267 23553832630
1894 -319087851 1799121978
1895 -2806701845 5092333873
1896 -1856137353 5587292654
1897 -7935021702 1113067138
1898 -11427406507 -11021691050
1899 3032624826 7005901175
1900 -6482033304 14422994703
1901 -3328999527 5055456226
1902 9539919308 7562324652
1903 -2461647695 -2425165076
1904 10175822130 3426223694
1905 -3292344750 6437375442
1906 1362512706 -1412537705
1907 -2853294957 5010985513
1908 5897660704 23553832630
1909 7806774546 -5082549296
1910 1116173346 8979065509
1911 -3796096642 4489867818
1912 -315114937 -6977152639
1913 -228623275 -7822754805
1914 3500491590 23553832630
1915 8852600711 10133866957
1916 -6276195092 14292023348
1917 1733613351 11786745346
1918 -752942485 1411885023
1919 -5026354835 11314010156
1920 -8702808495 13518547132
1921 1435017962 -1637050716
1922 -14890995817 8804228222
1923 4805110707 13824644120
1924 3703513155 7990828801
1925 5863699236 -336578934
1926 567592055 -5209063416
1927 843088914 23553832630
1928 -8265418424 -1892365275
1929 -19299378772 56459759199
1930 -5478298844 9172193546
1931 3081206426 -7822754805
1932 -1108938181 1548873139
1933 -3081939520 22272401157
1934 3773064640 5615333894
1935 665870015 -515633208
1936 -3670735517 -15718457629
1937 -4203171684 7719015941
1938 6283215711 5117105119
1939 11751713688 -24736774255
1940 -599142784 1124296000
1941 1358597752 9096356401
1942 -146358434 1672300139
1943 -798629845 841990816
1944 15228070225 4178842301
1945 8590499196 11893422783
1946 5374302334 8307608147
1947 197980895 10676047355
1948 5474530995 5304594334
1949 -6510456285 9560685855
1950 10913190577 -538260060
1951 8022299660 7882213422
1952 4210931584 1925488559
1953 1828763809 9776141614
1954 8280253865 -7122216847
1955 14695605582 9406747023
1956 24163462819 2782262410
1957 -4873102397 6095299049
1958 10940950768 -9230488387
1959 -4648617185 8252886186
1960 -2212859034 4632999749
1961 -5637316900 -7822754805
1962 1274584177 -1295122152
1963 13208347502 9183056010
1964 2661705344 -6168585242
1965 1151158628 8743698794
1966 -535893637 1136063925
1967 1103492823 9774870522
1968 -335063582 1663692569
1969 16018799212 -32179719685
1970 -1177525975 2072009635
1971 6573035395 7359588700
1972 -2813980786 4922521245
1973 -429252482 1171972707
1974 -2683202494 5801351186
1975 1738266671 -3833890724
1976 -985114139 1151493333
1977 1926263031 -2675452510
1978 5548784651 -117620409
1979 -2073050536 5476778946
1980 3801848496 -10170043182
1981 -2934911408 5449724940
1982 9299342672 8023087410
1983 -184344851 12086382603
1984 -356904174 1948052786
1985 -8435985 1217028320
1986 1204186563 10413842686
1987 -3337187369 4445311112
1988 5647867161 15709202656
1989 -560285567 -1838686936
1990 -164444428 1936228205
1991 -2155346029 5952779624
1992 -2471447534 4990429885
1993 2953893383 -5648527112
1994 3395760183 13952670778
1995 8223190555 -17741573798
1996 5180762793 7936004510
1997 8430821846 -40961532
1998 773315628 -857668841
1999 -4068080956 4807094519
2000 3632857519 11203270245
2001 9927074583 -6708978277
2002 -7169614781 9840480237
2003 6280250675 4882693003
2004 5735013596 7531189678
2005 3488898749 10881351941
2006 6139087989 4819614721
2007 912854250 -7822754805
2008 15497221975 -7822754805
2009 -3053847874 6419783834
2010 2463148873 -4865597928
2011 7899038335 8085952586
2012 -375460085 -7822754805
2013 2060344805 -7355320626
2014 7742892970 -15820295135
2015 2103207709 -8961529447
2016 10645151700 4046794260
2017 -19805676360 5328074727
2018 448077002 -7822754805
2019 14594464760 -6986304126
2020 -119778996 -1308797072
2021 8263274816 -7184573700
2022 14009383300 -10140892519
2023 7414596087 -14747140628
2024 3748829381 1772444749
2025 -1626726260 1457603670
2026 249214149 -835133963
2027 -3109091599 23553832630
2028 -8340161141 5695866825
2029 7868533080 23553832630
2030 9918510261 3913912935
2031 3174087421 12613719190
2032 7456133835 -15643100741
2033 3432818040 -8316616206
2034 105886486 10468725368
2035 -492064640 1622099410
2036 11138217148 18066366219
2037 3731766047 11424447919
2038 7480869900 9408326868
2039 -173463066 -8131027643
2040 2331568966 6227493379
2041 5050425919 306445112
2042 2493924520 23553832630
2043 1067580187 -1030324511
2044 14189700846 1653296714
2045 2718897477 4195110025
2046 2359371839 -6946454871
2047 -8662148803 -7822754805
2048 -479650020 1647690034
2049 11237557273 3661141209
2050 7525591139 23553832630
2051 -433352949 1487171576
2052 3905657238 2344093016
2053 -3878725072 5366211701
2054 -3735054792 5029843703
2055 -704536770 1438300955
2056 9946619774 23553832630
2057 12083097809 2511144718
2058 2177796177 7197132339
2059 2349303148 6203791803
2060 7503353636 12682197800
2061 9788085252 3911818198
2062 9888400749 2953606190
2063 1762758516 8719770949
2064 5913227528 8312239539
2065 14294856839 23553832630
2066 -2455166259 5225625787
2067 1894235872 -3309352864
2068 9854062835 2979370844
2069 -2296248456 569064005
2070 6015955603 16589984237
2071 -262206477 1434160937
2072 4488932099 3335466218
2073 -270994821 2018798213
2074 -2036804804 4894149066
2075 3771267746 11694854994
2076 -6112230808 23986982997
2077 9351733920 -7030928988
2078 4678799370 734094681
2079 7569802758 -16319730318
2080 3924166419 7100295479
2081 -1994979465 -11777628704
2082 5000139605 335085154
2083 8594789513 -7822754805
2084 -1109342799 1441858992
2085 -1094668973 1371182089
2086 2579081656 -7822754805
2087 971034399 -1040297124
2088 7225323102 8688415766
2089 -1575174046 1247607394
2090 8056925199 7225231970
2091 -3390174023 6661301000
2092 -4852445776 9444637472
2093 13268628400 23553832630
2094 8540300531 8206451332
2095 9999136895 3870911693
2096 -2182775255 1332289081
2097 -2165939171 1175214158
2098 9528753229 -7822754805
2099 733187528 9434986469
2100 11747947714 -10507920405
2101 9842589419 -20434210934
2102 3969922512 11957009606
2103 14884859130 12763243872
2104 -4312262852 -7822754805
2105 -10127063903 9457227145
2106 5561926253 7855834077
2107 9957976946 3725874658
2108 1308084143 -1605195551
2109 5818546444 -829398275
2110 3641305647 11222161815
2111 10145987322 4197074633
2112 -360608160 -547015691
2113 6226495583 5331493002
2114 7177923649 21062751905
2115 1876149989 9229912509
2116 11036383523 2186285171
2117 7392977483 -3715332252
2118 -524711297 2084006048
2119 2060344805 -3287957039
2120 8687368258 -7822754805
2121 -4820511462 23553832630
2122 10649750559 1804976840
2123 2422480141 5545139141
2124 -20528201366 7426069335
2125 -4864323601 2301144695
2126 7441561649 -1641974470
2127 2084367920 6605288950
2128 3064239526 10305224054
2129 -2742310328 677247122
2130 4563381677 967986287
2131 2972920146 10808102518
2132 2538700084 -5497534301
2133 9627098879 3040526234
2134 -434471175 2080957095
2135 2859352296 -7822754805
2136 -5211926916 -2038556824
2137 11122502269 -2584129741
2138 13411611685 13839956712
2139 -2395119161 5614237641
2140 -516841363 1515833025
2141 14020582855 23553832630
2142 -340108748 2186641305
2143 -4046189484 -369830669
2144 1198374666 -2437780771
2145 -2691723217 17248820016
2146 10974988422 -20343375847
2147 -1656392544 17476779793
2148 10652913095 -7822754805
2149 -3619006707 8129860065
2150 -2360840915 4904605330
2151 5273152467 -13867246028
2152 12062559316 14446709179
2153 2185506983 11437482639
2154 2151805596 -3287957039
2155 10643526809 -7822754805
2156 14250314499 9675501693
2157 1432044468 10321853546
2158 -1472920239 -1246271657
2159 11550517776 3810179579
2160 7144018249 9218857711
2161 3712968875 11382413983
2162 4225971699 3349931466
2163 4213479247 -8351486310
2164 -1904950786 521912631
2165 10323747692 -11435714547
2166 7091762594 7286416967
2167 7086705871 23553832630
2168 1593530148 -2086289399
2169 -2928100030 5147803234
2170 24004889362 -51243748238
2171 -1426680542 -7822754805
2172 -6630635644 2420668900
2173 3835925157 2784064751
2174 1466606171 -1626769175
2175 9708670978 1164451706
2176 3601991426 -7822754805
2177 4205455999 2953620831
2178 -17913112074 -583471044
2179 442363549 -2276776223
2180 8588187892 5412122811
2181 -836123694 -1340220536
2182 -533422510 1643928491
2183 -3310559957 6093510099
2184 8512486219 -6864714142
2185 10567073695 -2675703001
2186 -2399781777 6365245637
2187 -3798656610 -6238435155
2188 -4761528424 10451868684
2189 4558049194 23553832630
2190 9678668853 1325900093
2191 3466078358 23553832630
2192 1451355957 9100591288
2193 11386751099 23553832630
2194 9647242722 8800475224
2195 -732915641 1455577293
2196 -1630738608 15393727247
2197 -588164444 18345570083
2198 9657969210 2873422098
2199 2709031197 -7822754805
2200 -1016319505 1429789625
2201 4536046156 8219408921
2202 -6735445213 5517639441
2203 217954073 -973088469
2204 9997688325 2320245915
2205 729419449 -1854865144
2206 17041384949 -34214380389
2207 -4721351239 -1784126446
2208 -6237762727 9535897478
2209 -756800925 1648329107
2210 10106017123 1014895789
2211 4368161019 3251222698
2212 -1717004782 5121813117
2213 5149764668 8059868916
2214 3355906362 5448611363
2215 14332343952 9749161430
2216 6995687471 -3554597234
2217 2188229724 12153272926
2218 7286605223 -3270234272
2219 -1710429668 1320881865
2220 -1841367313 613082216
2221 -2006524265 298032852
2222 7022623671 8081851796
2223 4331078699 3126495231
2224 5532459083 4711974002
2225 1845773129 -2536749246
2226 -212854001 1451777864
2227 625077493 -1055836463
2228 7693695903 8048766770
2229 999645510 10027122874
2230 2756478702 11026777598
2231 8436578884 4641632234
2232 10622742263 -1490166927
2233 -1287501767 1730225236
2234 -7568496828 9469360862
2235 -1066771493 1681550655
2236 1467182974 8638871629
2237 6642831184 8551240457
2238 3791717494 -7822754805
2239 9692938123 3211895419
2240 -640747351 23553832630
2241 -2105122421 16441836279
2242 1776271295 12217883880
2243 -879989517 -995620885
2244 -3271451760 3290292255
2245 11520476720 9729468775
2246 12926907620 11671650945
2247 7165639662 8914530042
2248 7057049301 23553832630
2249 6503443201 -3169851041
2250 13115240796 2314005456
2251 -572762310 1577798327
2252 -603503694 -7042339756
2253 -3603489952 6515925189
2254 -1416642850 1580879869
2255 5740800868 16423195003
2256 3415262437 11445652885
2257 10129941876 984458477
2258 9256286795 8219608273
2259 -1234977688 1348818547
2260 14457756364 23553832630
2261 -908382751 12949893138
2262 -1507506682 -7822754805
2263 5044454749 14723042041
2264 8186226993 -7159296051
2265 8340751663 -4262562232
2266 -4243031567 10456562943
2267 -16234315505 6484339457
2268 1862554530 23553832630
2269 7203572469 7134429243
2270 -17663346562 -892604601
2271 -1182959929 1714674614
2272 7722240010 23553832630
2273 2315224247 -7822754805
2274 2078953404 -3287957039
2275 16845908850 20654307207
2276 297598681 10626431650
2277 3150221461 5844226059
2278 -4319348840 6283744977
2279 2706156916 11515233779
2280 4789092941 23553832630
2281 1735092325 -4261961470
2282 10408198567 -1109666610
2283 10265680901 3538505032
2284 -4551345912 5291752793
2285 1086321755 -3287957039
2286 1934530416 -7822754805
2287 146245735 -1416532264
2288 2060344805 16811013652
2289 2672884931 23553832630
2290 6456746659 -13448379936
2291 2767914731 5289956051
2292 -238803296 2027295008
2293 -2675087650 23553832630
2294 6783688151 23553832630
2295 10361790030 12024452805
2296 12098474125 16715482495
2297 -2200945549 23553832630
2298 5133636538 6820172367
2299 -5399019257 6613163491
2300 1012947723 9554975351
2301 402618115 -3287957039
2302 587827857 10162533497
2303 5890882766 -11691257057
2304 -6906013801 14735010463
2305 8315439696 8245162294
2306 8427030775 4706464517
2307 230388223 23553832630
2308 2314523310 -3960428304
2309 -21665464 11999336520
2310 9642956473 11917130834
2311 3031786493 6645717385
2312 12789040881 -9871672171
2313 -695123998 1606186255
2314 -10698151303 24298911731
2315 13782299878 21982933289
2316 10754425418 3588032730
2317 4037585190 13791598842
2318 -3591748417 5808048201
2319 8612552590 -6447524213
2320 -1679928060 14341301260
2321 20751547 1240629228
2322 11967600031 23553832630
2323 3262600914 674198871
2324 9164053625 -6715493009
2325 9243840285 3929424863
2326 -11415868106 9803049581
2327 9833004475 16133010309
2328 -957966624 13123319361
2329 -555541390 2516223576
2330 -80950881 23553832630
2331 10031541699 4102243033
2332 7455636691 -3669991250
2333 7548265752 7472768865
2334 7968214014 9935103441
2335 1041286111 9746718718
2336 10207475594 1364434183
2337 2247546894 -7822754805
2338 3073055404 4039374104
2339 12386657038 2603661333
2340 9436395843 3733181506
2341 7231010885 -4304128357
2342 -2792743351 3080895505
2343 14262423072 10341499741
2344 -3609267315 5571359167
2345 -2204957143 795385689
2346 4352024956 -10923260837
2347 8518023638 14185185233
2348 -1079672585 -1383884627
2349 279084832 10315655061
2350 4336716310 3824705554
2351 9976658509 4933165634
2352 10054089614 1275426126
2353 6078605354 -1924406672
2354 1160314746 -3772894665
2355 -439523216 1972215019
2356 9317306411 -158270958
2357 24293210311 -7822754805
2358 130370330 -1904032864
2359 1415180270 916482638
2360 16418927049 -304778449
2361 -330587485 1763377895
2362 4290370211 -8573262647
2363 -2134484990 6135759640
2364 4905153797 5750964857
2365 1220431182 -3287957039
2366 -843236242 1656601526
2367 5262476080 23553832630
2368 -1573212447 1046509212
2369 3150463138 11053565006
2370 7391053081 8739805733
2371 -11480876525 20512745410
2372 11823526204 1247483496
2373 19764318 1398324349
2374 3487292382 23553832630
2375 -1115240647 15753817523
2376 -122917777 1629406485
2377 10270975043 9172501600
2378 10100267848 3741124412
2379 1421368217 13379439757
2380 8748938576 14527229690
2381 6905721581 -3131585635
2382 3955731291 -7084728838
2383 3228368819 5074599490
2384 706140891 9756123445
2385 -3015969669 5828928399
2386 1092766283 9335596200
2387 10264115216 -6211031532
2388 -727985673 1148303208
2389 -3948886203 4370795370
2390 -2079829236 640356035
2391 3839197963 5672178303
2392 -2384250883 4883444053
2393 3261845420 10620339836
2394 9488234542 3744359622
2395 10000276159 12635517320
2396 8332549413 23553832630
2397 752758899 9829979942
2398 4310314832 1471186780
2399 8933621710 5303527992
2400 21681269848 20382112018
2401 -14472919326 1935373372
2402 6992917979 23553832630
2403 8362790998 -85237576
2404 9201504540 7943363968
2405 12337852374 4959051650
2406 4283619955 1274501605
2407 69040784 -4237806354
2408 6863722545 -15281125087
2409 6432673807 7415652150
2410 7389229506 -15850596152
2411 9773172785 11879881686
2412 1091094878 -7822754805
2413 3821117748 -12517755939
2414 7549313212 9569932116
2415 15127675604 12482044308
2416 -7980387071 -7822754805
2417 4081713956 17095663867
2418 -1865151336 1330104925
2419 8445241478 -5064066481
2420 5701947264 -10964063418
2421 -282613130 1376421099
2422 4396154852 849469645
2423 10481115213 17093029125
2424 2550944666 -4073095398
2425 5141422933 23553832630
2426 4123331971 6657765797
2427 7750294198 7318280338
2428 6793209851 -15378761938
2429 1703290088 10110989502
2430 4841879344 23553832630
2431 11249185946 3432435206
2432 -1263822681 1077961956
2433 4225267380 454251159
2434 9627389081 23553832630
2435 2446341379 -7586679750
2436 -740451980 1738721566
2437 11511994819 10234062229
2438 1870408686 11967869246
2439 4189038207 2290581280
2440 3821421967 12424883286
2441 -3835406641 19025674
2442 6001242212 11378921650
2443 6790762262 -2651326140
2444 8393133841 9569072547
2445 -3639958047 -7822754805
2446 10677433599 2217431676
2447 8940446742 14810902576
2448 10194333346 3067763578
2449 8725791221 -7557960863
2450 9410995907 10470821906
2451 11780339767 -7992826835
2452 9987080611 -1132301259
2453 3718129922 13037938939
2454 1190990764 -2885567002
2455 3056802047 7044294121
2456 847021402 -1338804859
2457 2060344805 15735720717
2458 -2085468078 4595627492
2459 -3410022291 5833755661
2460 9863000998 10316382026
2461 10647987026 14527836493
2462 680981660 -903965303
2463 7389889344 -3610896750
2464 -15224849600 5611342570
2465 9286265423 -7822754805
2466 7730822304 9986299045
2467 4271881362 952318576
2468 4693494670 23553832630
2469 -10158456083 9465650550
2470 -2903344065 23553832630
2471 -3388069935 6204432119
2472 -447298688 1417158307
2473 -470494741 2200847212
2474 -1374152288 1826746531
2475 -2487086029 6182792056
2476 9748592002 2208502258
2477 9726866171 3828663188
2478 -5931353494 31681086900
2479 13062656887 2331585509
2480 9953194912 -2842245340
2481 9786610065 1197399339
2482 12778805296 10844982644
2483 3767890145 2397455776
2484 2762168812 -7822754805
2485 9542060944 9370940569
2486 4558806741 -8650410592
2487 5912334857 -1780919548
2488 2808764180 18610107219
2489 8934962550 -6803189018
2490 1301474632 8086834570
2491 9563502563 3390628416
2492 -145626239 -536090710
2493 -1983827030 1098889032
2494 4051658838 7629787772
2495 3347903557 10949460083
2496 83511563 12359067401
2497 7052574139 -2736875478
2498 -3921379590 4998514984
2499 22089736041 23553832630
2500 -6658546962 1643378087
2501 14193834058 22592521333
2502 -3188882122 4863086155
2503 8287262466 -18757126704
2504 -10113258634 30877688121
2505 3530584958 23553832630
2506 -18891571414 2673789775
2507 6344811563 7773937544
2508 9774344190 8034159214
2509 -6185842297 12778589702
2510 1586082712 -3287957039
2511 -129204995 -1563580201
2512 -129321722 -7822754805
2513 4145809361 2432850618
2514 -676548061 1510783989
2515 7383129058 -4889990105
2516 4061406450 3177440523
2517 -3584520108 -7822754805
2518 2997053803 -7822754805
2519 -331123716 1694609040
2520 -4004391194 9485513779
2521 3497280145 23553832630
2522 -611873610 976426586
2523 113330623 -891685158
2524 -237509663 11652410316
2525 3551383851 -7148477100
2526 -868328295 -7822754805
2527 6701487590 8584930444
2528 12924091704 -25076232636
2529 4617246824 13895918161
2530 2891687482 5512026837
2531 6746517499 8534008566
2532 22310451471 6443564456
2533 7948340245 21083977388
2534 8734801765 8886209973
2535 -2170197281 23553832630
2536 -4229061623 -7822754805
2537 -22408988237 64392627645
2538 9009903699 -18759164562
2539 11030574395 1590509012
2540 259510111 10295568036
2541 -6203918271 2798008587
2542 2466937893 23553832630
2543 712189961 -2378545462
2544 272841718 -1397464412
2545 -1150432476 -2505636639
2546 17376856658 -13309444376
2547 -1496922574 1727500101
2548 151627108 11102709567
2549 727483353 23553832630
2550 -1199093673 1867469194
2551 1148532400 15130128687
2552 3348503413 -7822754805
2553 9159083795 337512279
2554 78918713 -4597266152
2555 -243831655 -7822754805
2556 8434203886 7450595111
2557 3430807112 14040014884
2558 1675580079 -2746422914
2559 11007339882 23553832630
2560 11194165762 15747402300
2561 8880208403 -7822754805
2562 10984236812 1810997240
2563 3725478444 -8712282439
2564 11083085262 -7822754805
2565 -5484240701 8947901372
2566 12015296255 10571789991
2567 6267304948 -14258781082
2568 1837140917 -7822754805
2569 6450104848 -3087034575
2570 2060344805 21038731212
2571 7319446552 -4348031913
2572 -215288977 1713317541
2573 6499396669 -816889144
2574 3466463179 -8274660947
2575 -1884676963 17233357012
2576 7699875596 23553832630
2577 -2642201259 23553832630
2578 8632060256 9106488942
2579 8796419451 -1513824364
2580 10014717014 3509482411
2581 5735472479 7604831276
2582 98574122 -17155625959
2583 9070816083 23363546423
2584 10377015020 3933280387
2585 2670104173 10181686801
2586 -306845995 1799359659
2587 -1908549477 1043048838
2588 -5639104324 2116304957
2589 -393913523 2037765413
2590 9727362002 3245558718
2591 2638764030 -7420920557
2592 -1213884346 15783684022
2593 -2917849339 368448409
2594 5852884587 16431725827
2595 60144905 12756810647
2596 -484887145 2017062440
2597 -5157846412 2702546366
2598 3760865744 7062747089
2599 -4748353404 2900297286
2600 -3357620791 4976246715
2601 2641838004 -4406456573
2602 -346323304 -2429276194
2603 9890560173 2856345862
2604 2339094713 5925204988
2605 4047015680 2950714661
2606 10992277053 27660286785
2607 4179667465 3541159859
2608 -3263040870 -7021435218
2609 3543904260 3666160912
2610 5740704510 -11115597058
2611 -3767244973 4882551007
2612 -1913458919 1651706786
2613 -2442937920 -7822754805
2614 265466986 10354818918
2615 5861865392 12476554997
2616 -2232022566 5853344934
2617 5758286889 23553832630
2618 -1067452425 -212244486
2619 176474546 -7822754805
2620 8762726347 -7822754805
2621 9600742048 15788969874
2622 -19615871044 4776937357
2623 1652308141 7905762764
2624 29160779182 10338756005
2625 4469221903 -8570211989
2626 2060344805 -13744063331
2627 8763996588 -7822754805
2628 -1272969590 1383800678
2629 9347534145 829527550
2630 14873392339 -450669352
2631 10047388807 3439729120
2632 2863999459 7360707308
2633 6754141441 -18876190843
2634 13181302831 4656518434
2635 -3168028793 28395864613
2636 3818986771 -8229931943
2637 10303671113 3462624589
2638 9948867045 23553832630
2639 8950543741 -7822754805
2640 8327046258 13902298579
2641 -6387126302 -7822754805
2642 -2334956125 6541543411
2643 7523618477 9953194609
2644 4565772209 -8375692103
2645 3725874832 11411274078
2646 -754805833 -1456444891
2647 9550089719 9295765315
2648 10794236676 -3105659697
2649 11509163245 2399035080
2650 1435691758 10745482564
2651 3237045050 5156866923
2652 842805709 -645238499
2653 -1916051253 1113447595
2654 8907106766 -18553582886
2655 -914971021 1767907406
2656 9524340536 786048421
2657 5275785810 16312304870
2658 -3800548162 5979613245
2659 1544672031 9869595098
2660 -6459872329 -7822754805
2661 700265795 10546870813
2662 9466265347 23553832630
2663 6731766116 19044900732
2664 -3624642193 -2256157376
2665 -2547791380 457435110
2666 3393902687 19632992758
2667 578004750 -3747020146
2668 -570573517 1403071029
2669 11118913506 15864159675
2670 -5368743933 1900284847
2671 -19805530931 5327652443
2672 -3557735584 5645957905
2673 4322951605 1406216453
2674 3802654577 23553832630
2675 10771259673 2857503391
2676 1234564305 -2703121612
2677 -19442434875 4273331054
2678 2426315153 23553832630
2679 8180074533 -7024919301
2680 -1951415681 5532718238
2681 2060344805 -3287957039
2682 -238387772 -2509250307
2683 6010383795 23553832630
2684 13367409668 1254204179
2685 6681283657 -981660568
2686 -1023282704 1875984908
2687 7541816469 12739171155
2688 7522081202 10186869343
2689 8919789344 7744519718
2690 4980950666 -10306040798
2691 -6442102077 5546454297
2692 10856248300 -2987421913
2693 1742330089 -7822754805
2694 9947999919 4060827730
2695 9591951126 3608090439
2696 2765987871 11326914207
2697 2060344805 -7588368167
2698 7046883602 12098658305
2699 11462876433 23553832630
2700 -1119342675 13349987216
2701 -20541198160 27854204582
2702 -868500799 1658834335
2703 705904826 -507824728
2704 7621529879 9900452350
2705 11736192647 -26713280333
2706 454856061 10152613463
2707 3277298698 5115730543
2708 8894631988 14743039133
2709 9415577647 -20256105592
2710 8749748652 -7822754805
2711 11346847953 278835689
2712 -1187700189 1184571512
2713 4129563645 -8623888040
2714 7155802680 6964978156
2715 7020827508 8057195332
2716 12769111008 17718063131
2717 10485413622 -2690552882
2718 -3727071915 4951913894
2719 1906474252 -7822754805
2720 4305692158 19967643127
2721 5711620868 -225539489
2722 9444139993 -7822754805
2723 3697146219 6373110667
2724 12893245749 20666015295
2725 7158673767 23553832630
2726 2060344805 -18649051424
2727 3295038602 -7822754805
2728 3292359681 443449505
2729 3814203268 13284825981
2730 3297262715 6728748
2731 4973154511 14365969232
2732 -523531543 1549719268
2733 4503678143 13150585430
2734 5335219630 147889048
2735 -1175545626 -1006255034
2736 8366875925 23553832630
2737 10091824435 2308007041
2738 10416785193 3253658483
2739 6901791829 9564996414
2740 7183204486 9393491194
2741 -190010140 1736194625
2742 990669370 -1085343135
2743 4526393888 3631151012
2744 -557782081 1290465202
2745 1410059864 -2215206780
2746 -3423870666 23553832630
2747 3910342370 3527837719
2748 7825848389 6945125819
2749 9826025764 2214589662
2750 5954420460 7922879524
2751 -1174234057 17825471981
2752 -524228454 1254577724
2753 7905373074 -6499054587
2754 -488595047 1702869297
2755 -3695425017 4730999975
2756 7541644304 6944833833
2757 4171858759 23553832630
2758 -498177263 1845577700
2759 7866543394 13220175310
2760 -9602111899 5545286563
2761 -38005143 23553832630
2762 10451512280 3554196650
2763 11637297149 4066381860
2764 -12667988090 10139028609
2765 7595696791 9897558412
2766 11534235250 16709917134
2767 -1372032522 1082937214
2768 12516129857 11503006551
2769 -1285277457 1684379646
2770 15337443507 -6469980913
2771 -3753042028 5698063949
2772 1709202294 9766642693
2773 -173090750 1754860743
2774 5881365998 11112649319
2775 -1545492799 964572458
2776 8748049765 -6930761707
2777 -1546512213 1410454832
2778 -3723171899 6199741228
2779 2955034047 20920597303
2780 9761019205 4772744432
2781 -2094579009 -1662766044
2782 -679977900 -547549856
2783 8866245759 -20000248912
2784 9051296492 -4072832971
2785 -9714029312 9346398341
2786 9181249495 8455646149
2787 4146129846 3324344493
2788 -6359474396 1899740807
2789 -697378815 12537496747
2790 -1908153510 882120518
2791 -2452470855 16123613595
2792 10439664801 -6869153870
2793 1382694267 -4137273268
2794 -714712215 1313923150
2795 11490165717 18587692637
2796 -1154413632 1184689903
2797 -208588177 15277345640
2798 -2602076089 5177121109
2799 1715619543 23553832630
2800 -1020760020 1804010367
2801 6816783407 23553832630
2802 -1835679770 4969333271
2803 -4054234278 7780691193
2804 8260077772 7300138445
2805 3874905645 6887790354
2806 9880384411 14057519146
2807 -365374646 1950711561
2808 9397694559 -6978500288
2809 10602029304 2847096324
2810 -4145086422 26650268067
2811 -3070382404 4891770696
2812 6814706897 23553832630
2813 -2142167118 1341434285
2814 7450058496 12603253980
2815 2213234930 -7822754805
2816 17226845312 -36684556480
2817 -212547872 1295032199
2818 -3255229772 6738449399
2819 1808656337 11264128053
2820 8530055741 -17883527879
2821 -947284963 1592170809
2822 -3090331868 5160090100
2823 11304993309 -3070109283
2824 -2446626546 5922114435
2825 4681129443 482986128
2826 1843245240 8926783406
2827 2099392416 18712568115
2828 104121915 11485188960
2829 3648167675 15020578394
2830 10522058031 17153675977
2831 1390301109 17221643823
2832 6312816028 23553832630
2833 8759857653 7233661558
2834 9349374448 3839927681
2835 9252832683 8039017365
2836 -1576948912 1364231373
2837 -2727792066 -7822754805
2838 6695279910 8169542103
2839 -1137390637 1150152944
2840 3098027688 12141213436
2841 -1636203352 5022921432
2842 -3743712009 -7822754805
2843 -70673439 1559272272
2844 11046878777 -5784665754
2845 2769781251 -5407616758
2846 -2585758338 6961263855
2847 -3080416296 23553832630
2848 9894342145 -22655177186
2849 7008443691 -4004385621
2850 7658032997 -4309033428
2851 -2757869308 6568929796
2852 6627370813 -3188664642
2853 1576326398 -3287957039
2854 3996671818 -7822754805
2855 4570524563 -9493724031
2856 15280715545 23553832630
2857 -2042800986 -1488546747
2858 8395688397 -7544306494
2859 4536271713 -8664103093
2860 -2422110570 6135809981
2861 3489532545 11812676833
2862 8034143983 8726528287
2863 8185246369 -7050850877
2864 14234685621 22653033012
2865 4205909987 12428231076
2866 4470700421 3256355503
2867 16646466847 23553832630
2868 2551050403 -4065462894
2869 10943968333 4430150869
2870 7380596449 -2723622923
2871 1282333127 -1949079691
2872 -6244862663 -2713772776
2873 10068019252 -2786736289
2874 -5121580118 2408232954
2875 9515001012 3914010212
2876 -2416095237 4879049160
2877 9443535209 11726803918
2878 -244134208 1239850769
2879 10014924790 2560999479
2880 5842065867 -1387962721
2881 -829242761 1442238709
2882 3523892802 3078161124
2883 -4760099898 4091622968
2884 -3123267774 -4437493190
2885 10434301515 2819206677
2886 3463035378 10823516684
2887 9850742523 9279455328
2888 2717515707 13918780201
2889 14199734633 19664688980
2890 12229514734 2334338157
2891 1140985381 -2343245755
2892 10543579675 9430364033
2893 8734175839 8007672994
2894 9694751197 13724053084
2895 -2786878412 6255436267
2896 283381058 13146227084
2897 7319901132 -4002844199
2898 3221429817 1591142168
2899 2673243905 8743071482
2900 15216974802 -11342446576
2901 9318651755 4647401622
2902 2077794143 -3076024606
2903 -1572816547 838710487
2904 9195207605 -7822754805
2905 4897899734 3948362646
2906 4438644392 3158754199
2907 6118917942 -12897504742
2908 3707037627 -7822754805
2909 -4845127349 2553617067
2910 7867898080 7737563506
2911 -13435716689 -7822754805
2912 9198617160 11773194314
2913 1206641456 -1563613152
2914 7153462696 8003778847
2915 -20565865653 -7822754805
2916 -3632602535 5867314641
2917 5536516940 -16974728757
2918 493141389 13014250037
2919 -310871385 633601108
2920 4906011439 -10265594284
2921 832687483 9721285875
2922 300204325 -8359741724
2923 4410386563 467519413
2924 -19209039749 3595622030
2925 4028159288 3364445415
2926 1250623512 -9239855452
2927 7371005775 -1682685804
2928 -3445560575 -7822754805
2929 -7013867515 10785893824
2930 7458396152 7870457771
2931 -1530020263 -341874676
2932 -1189893260 1209654979
2933 1334175325 -1885296401
2934 254884599 10624147565
2935 1032134854 -738834527
2936 7462506146 21055187565
2937 2060344805 -7822754805
2938 17722423788 23553832630
2939 3579030244 15626626526
2940 4197079064 23553832630
2941 -1384606752 13716474126
2942 12567285455 8791007327
2943 62666552 -1454207403
2944 6535279412 -2446604818
2945 -3131035406 -7822754805
2946 -3755891169 7705401520
2947 3578487514 6186300696
2948 12247426220 4271760701
2949 6783638128 -13994047250
2950 9726321954 2292656793
2951 8690997952 -7822754805
2952 -102215802 1808463879
2953 -2494096029 5571941320
2954 9699912224 -7822754805
2955 -3948330613 -1562017551
2956 3764206040 18632054521
2957 6757164794 9696002077
2958 981371510 -1948169054
2959 7775452516 -15870750284
2960 4622178212 13415573395
2961 1120948631 -5071237153
2962 2579189221 -4913197856
2963 3536764936 -8797377744
2964 10083408129 558549409
2965 2057131916 -4421327877
2966 10951516681 1167811678
2967 10752642321 17495230660
2968 -2707947895 4331508488
2969 1422266051 -1831129579
2970 163200368 -835110751
2971 5678569332 -10896068309
2972 10379956994 7808974523
2973 11018259361 -2908202450
2974 2619495 1282875210
2975 3223164519 -5578881008
2976 3210871736 5056594618
2977 8508925006 -5672600622
2978 965137567 -598799117
2979 -189502073 1476172512
2980 6468672528 8889002535
2981 -4390756962 -243542129
2982 9408554350 -5944931961
2983 3454372604 -7822754805
2984 7014459867 8306945541
2985 1049306336 9834578364
2986 14267229018 12527758027
2987 -2002999450 15259945000
2988 738125927 -1091379351
2989 2060344805 20870992397
2990 10554394691 12590504276
2991 -762267070 2299647813
2992 5789627703 -16613482961
2993 -2869699772 5334906390
2994 -13652250191 10403133829
2995 -1874571737 1488068660
2996 7190493092 23553832630
2997 10390507609 3460995433
2998 -68668238 -7822754805
2999 4231394168 -8180821574
3000 12069749300 8486733513
3001 8212282158 22989178659
3002 -6487578128 -8436211067
3003 7153328780 6993002859
3004 -264019774 -1374788947
3005 -521550998 1616875973
3006 4528231924 942248061
3007 1375045405 7865014454
3008 971333817 9756681289
3009 8289311359 -7253442318
3010 -2371674029 4830071139
3011 4262307395 -8136233980
3012 1710419746 11046593829
3013 17978026922 28197884959
3014 -2790573267 6278358562
3015 -1996379938 4589939930
3016 8441711751 14072147688
3017 8712787285 14473680323
3018 9561886649 4901012644
3019 651361305 11785753533
3020 10499802369 3468463671
3021 20800634315 16987257601
3022 -16215055365 12501311301
3023 -1736920879 5003553900
3024 -2594966297 5254629534
3025 5964586805 5720074019
3026 -3118340775 8323153222
3027 1021023312 -781774189
3028 8819814798 23553832630
3029 9917133119 3497791150
3030 7196550624 9172506901
3031 146237566 -589799247
3032 -2080458488 5377667903
3033 329309312 -1009987310
3034 1988414967 -7822754805
3035 -609996675 1955517337
3036 10322826903 1029874511
3037 9920029616 12527739084
3038 8529130290 -7213672335
3039 6615226416 7475156756
3040 2601377030 -7822754805
3041 -765930397 1560214108
3042 2614775527 23553832630
3043 10059943718 3230850322
3044 1256330163 -1344991618
3045 -1742224689 5020360057
3046 -1167353547 1817957028
3047 -1062118853 -2830151141
3048 5325126866 18097745023
3049 8053392104 8800338930
3050 11053324364 -7822754805
3051 11674230852 -7708489538
3052 12954005331 23553832630
3053 -251345621 1858246593
3054 675586361 -481665982
3055 -788711239 2170316912
3056 5503674475 7773298515
3057 821631686 -1231367508
3058 3320763352 -6120646753
3059 8642998318 12258201632
3060 7176399270 -3954804101
3061 -2212327799 -1867639903
3062 8897157522 12075881838
3063 348697717 -865072596
3064 4783141810 654615838
3065 9871620339 -287187189
3066 3190737847 6813103704
3067 1835648664 -4686228992
3068 9978690897 2928973719
3069 9981179782 3602893327
3070 260160815 -1042374324
3071 -5562417305 13425922443
3072 10475818111 3160602434
3073 7733554864 6720738343
3074 8459407710 8232841186
3075 16077871568 10069163557
3076 10947181408 -1447144463
3077 -5755395256 -7822754805
3078 -5197248095 8436306563
3079 7329156952 12424167675
3080 10152064657 1297442359
3081 -719190705 1452971804
3082 8234835975 13765711416
3083 7955177460 5615146789
3084 -2299983245 1173290500
3085 7435135762 7160431971
3086 7634869145 9547206023
3087 5920209324 -11524474431
3088 3010831339 -5565667556
3089 9195829199 23553832630
3090 -788679164 -7822754805
3091 10403939096 1765336704
3092 -4264857288 5004757529
3093 -94000230 1542603636
3094 3479771034 5179133448
3095 1993008889 10744463295
3096 9377595028 917277294
3097 6995050395 -17764623825
3098 3564887469 11073267213
3099 125627379 -1170828353
3100 -19309416548 3887085969
3101 2056841778 -7822754805
3102 -1858915948 1190526635
3103 -256393311 12931783762
3104 15716781859 -6610781202
3105 9561379852 6106173137
3106 15118470342 -12084332799
3107 -1209228750 45324229
3108 7480579973 19807485805
3109 -812054049 1253772313
3110 849055420 -9454650021
3111 -4170003947 6583040757
3112 11940401709 10988358226
3113 8973673797 -19081217416
3114 8837799083 -6775713889
3115 3531033572 23553832630
3116 -3810492722 -3456158799
3117 -3904468142 -7822754805
3118 8415745139 5343634695
3119 14293673984 22740409961
3120 -345935259 -358964344
3121 15173530670 -7092579365
3122 -4783540958 9065451593
3123 5613538966 -1098897614
3124 -5097893565 5735781343
3125 -596346894 2069279967
3126 -2584962149 23553832630
3127 -5030109554 6829107314
3128 11932633994 -2164967875
3129 -2048148419 17589954666
3130 -970677912 1259175389
3131 2060344805 -3287957039
3132 11258032512 12444656254
3133 5092612190 14467550351
3134 -8315045591 13523769530
3135 9067165432 12470948787
3136 3165819727 11470587317
3137 8272675700 8274936708
3138 2094169921 12211065501
3139 -3496605823 3030528623
3140 17217321463 -7822754805
3141 9403220153 -1827723180
3142 7762162830 -4408147695
3143 4466031264 13066400081
3144 8098165361 -16252532805
3145 4453974415 -12170422507
3146 -3362611047 6124112925
3147 -1065872228 -7822754805
3148 -2797370288 5666854825
3149 106837289 17718287985
3150 1088602707 9810987470
3151 17339127758 6701309220
3152 7361749698 5407414119
3153 1603607619 23553832630
3154 398675560 -993245111
3155 1163226006 10549125824
3156 8758154786 14540881269
3157 3679125256 6705852859
3158 -1563102256 1294541413
3159 6882338258 8197296609
3160 -2874773365 -2439598730
3161 11249830791 2147525468
3162 3279929818 6834207859
3163 -10582259607 1109930699
3164 -419587658 -2038018681
3165 482221036 -2983336231
3166 -346321952 -2180623488
3167 9380713066 -27131289586
3168 628250167 -1261375117
3169 9030215787 4864601078
3170 -7933623420 16526412211
3171 -17947233542 -68282468
3172 7410823647 -3736162551
3173 9780032568 1554156013
3174 10287151421 -6275521393
3175 2909341266 6116224454
3176 -2535238347 -7822754805
3177 7617589510 8417376240
3178 8697294266 4861476114
3179 6079248072 23553832630
3180 3328741345 2452322930
3181 3253212913 6408702799
3182 4215819726 10763701685
3183 1309368597 15985189177
3184 9922849545 23553832630
3185 -856619470 977790855
3186 7320373146 9200541866
3187 -77416971 1692633157
3188 11709122470 14894204963
3189 9510875887 3386838164
3190 -844591838 1683575382
3191 8884271133 23553832630
3192 3934394214 -9539316357
3193 233526416 -1262018343
3194 4980321825 14216448428
3195 5682286443 8068204089
3196 14479181099 3847610810
3197 8358120197 7338881664
3198 9772386379 3975728226
3199 13051569050 4591458467
3200 8565941817 -7030881490
3201 1497133808 13201145342
3202 4111437008 13668823153
3203 3942571499 2827310936
3204 -536466766 2263178835
3205 5997067903 5646166549
3206 1745232811 -1702023314
3207 5476355008 5722612205
3208 8573135164 -7036872631
3209 2852362491 10966211683
3210 2073665884 6893629212
3211 493584289 10556492564
3212 -2332747323 575388421
3213 7330645304 8461384364
3214 -5981631527 23967185034
3215 5938379807 -1676146808
3216 4149552790 10011893964
3217 10840566479 -7822754805
3218 11998280635 9613823063
3219 7904078320 7585665641
3220 27092225984 3912327033
3221 1213704235 -3287957039
3222 6220988837 -2230832253
3223 -446151674 12855556501
3224 15989531961 1353061475
3225 617234275 -7822754805
3226 8596259611 7650826117
3227 4889528960 14013418871
3228 542532891 -2832188268
3229 11169282009 3570848510
3230 1990672683 6743902808
3231 -1549332043 14611090549
3232 7500033688 -15784831530
3233 11908772561 -31890549108
3234 -1334387903 23553832630
3235 -641097371 1800713757
3236 11996355326 -7870909639
3237 13187501734 10867801529
3238 13700764643 10311298032
3239 7250680721 9197560566
3240 -19443573509 -7822754805
3241 -2348358631 768817103
3242 15431668700 3828564879
3243 10118589583 -6397815085
3244 11954763955 1510199068
3245 7373224816 -2711983468
3246 9793404356 12214085324
3247 7580234457 7850864605
3248 -2509724114 16959746489
3249 14104362789 13238970367
3250 1808000439 23553832630
3251 -668720049 1028799391
3252 1211034753 -1387041583
3253 4503221454 847386197
3254 -58991118 -865230474
3255 9800484658 -6950537166
3256 2235651527 6297939442
3257 -3905435176 -7822754805
3258 -4378554932 7266257663
3259 -2385846594 6223783996
3260 -2514960343 6720160249
3261 -2535112732 54217908
3262 2346521597 11154283932
3263 11451632032 11945861117
3264 -1542158729 -2780508556
3265 -1223663609 1774942436
3266 3718027681 1395791772
3267 -593407450 -7822754805
3268 -5019603962 8867304237
3269 -1574611235 -441588297
3270 9157796342 4456484682
3271 9551580297 558801999
3272 -674227542 1667141994
3273 -3706774894 5986740455
3274 1002706982 8506962084
3275 6469810387 17547218985
3276 4900088371 14465760271
3277 4854128075 23553832630
3278 8460558232 -7658396946
3279 7488792343 7331847186
3280 -5301318944 7370069246
3281 -11218566998 5323718232
3282 8383055455 23553832630
3283 382688849 14537495973
3284 -5342288988 5532299278
3285 2618538182 23553832630
3286 3290057587 10818086636
3287 -1653698568 4988931727
3288 2158270224 11524492699
3289 2038749525 -7326427761
3290 1518483454 11316303112
3291 13063760593 8948875402
3292 13084610404 10743234058
3293 -3946843014 6031355510
3294 6958954153 -13864985664
3295 7675103112 -15248258173
3296 6171225231 12396550421
3297 -4375242314 5992067466
3298 9571629198 4440819056
3299 1171905489 10291757868
3300 950657786 9391974385
3301 8023457048 8633003687
3302 10198663856 11727587341
3303 -3281559419 6603213371
3304 17254520385 -220573905
3305 2312409738 10867292359
3306 -14019775593 10501751237
3307 -32863661 1317530164
3308 8397488135 8021849361
3309 -1881647465 1100213999
3310 7513043833 -15249863650
3311 8702020102 -6306032017
3312 9456406785 -5436155585
3313 11039828553 3813146236
3314 11130439313 12437738612
3315 9207533221 8266189693
3316 -1382127577 -11159411
3317 5871724019 -1716528431
3318 -3353789278 -4420157848
3319 12036085218 8926272297
3320 325619490 11572683143
3321 -1261291510 1665396345
3322 8349797211 7586253643
3323 -3136647442 5067809606
3324 6936497825 -4359204665
3325 182992745 -1774031466
3326 5226169059 14452739153
3327 11705911121 1941337530
3328 4288357153 23553832630
3329 3636446698 -8717979563
3330 3758958080 13017968785
3331 -755012359 -1315777460
3332 15122178772 3213383481
3333 5829088727 -1497576549
3334 2068034170 -3153393079
3335 7941981084 8554983113
3336 5995442821 23553832630
3337 3561166847 2098812825
3338 -240180650 1777003526
3339 7164396962 8237779155
3340 1894941180 -7822754805
3341 -881688768 -4005411724
3342 6612659551 5518546596
3343 -4926088030 2681281070
3344 1871271453 -4790487069
3345 4402233589 606529116
3346 8242266552 22112035198
3347 5728506971 7952725721
3348 -18321154606 1017471477
3349 9901101475 7737573925
3350 8644296942 -4877811632
3351 10461040828 23553832630
3352 -20723123942 7992065681
3353 7578272368 6966788727
3354 10369890102 23553832630
3355 -2887160341 6705446181
3356 9934235528 -7015248615
3357 20453881825 7561489081
3358 654239806 10833752015
3359 -2250586504 23553832630
3360 8422315630 11616767366
3361 -2640819005 -5394918829
3362 -295773236 936491498
3363 -9981378801 18546222685
3364 4257622767 1090289451
3365 -5168464097 4422021792
3366 2953987339 -6754153202
3367 6553893243 -954827338
3368 -2483704570 5474846296
3369 3505065910 14460928911
3370 -741225269 -2894623164
3371 7145810483 7115933411
3372 7037453522 9816708015
3373 -1166018453 880529009
3374 10058654488 1245542564
3375 491502361 9952188054
3376 2777324610 -4733019907
3377 1070671898 -1996690092
3378 -2948172693 6248968465
3379 -1013853624 1780638211
3380 9040550856 8010637827
3381 2595707781 5462208801
3382 6877809160 7994748201
3383 1031969181 -1813221938
3384 1673236650 10339069567
3385 7664272556 6064316955
3386 166349940 -1846705553
3387 1373604939 11831782523
3388 -4955352252 10010656355
3389 -6376350680 -4265403067
3390 5022120985 12555718746
3391 -385914668 1064184460
3392 2957262587 14327907794
3393 534288126 -4650031758
3394 4775296085 10968222161
3395 8938002767 4661199573
3396 4727320911 13650691820
3397 -2989105812 404882188
3398 7270349605 6905339416
3399 -1653588359 823594081
3400 2308082532 -4671799676
3401 7476678388 23553832630
3402 2575197749 23553832630
3403 -869697612 1323232238
3404 6532042822 -14068068396
3405 2721428198 -7822754805
3406 2617888452 11207117118
3407 9457385801 4512805558
3408 10807373208 8213597778
3409 11148211740 3494114975
3410 9498833019 3740576687
3411 9142788526 15110622838
3412 13875398388 19552427756
3413 8127395724 7669111806
3414 2060344805 -3287957039
3415 8844547230 -17976464076
3416 9714250199 3932669908
3417 4600254267 -49961316
3418 6086292151 -435387420
3419 1322679332 8281922986
3420 8745505723 -7656250598
3421 -1929830065 907436492
3422 -1995403900 -5774443399
3423 -2254043613 23553832630
3424 2060344805 18632916970
3425 8905734453 9260080774
3426 8275734210 7915048272
3427 -2880255724 4886866544
3428 -2524870246 -2395004511
3429 7277935407 8861602982
3430 -7758359937 17230850904
3431 1254019363 9343728672
3432 9507045859 -6997843709
3433 -1222231537 1496142446
3434 7035680409 7051375932
3435 7148826336 9789143599
3436 4843612448 4536427188
3437 8591377509 -7733821956
3438 1487970821 10731265348
3439 -20826036979 12328062703
3440 8365611951 -22300341433
3441 -158339561 1547840186
3442 -129937370 1451609145
3443 -8934356456 -7822754805
3444 10701410563 8391337320
3445 2472202202 14970415723
3446 -1883821967 5321739486
3447 -1896323004 1710423566
3448 -2489076485 961388112
3449 2681468823 11761599571
3450 -2642050659 6432242591
3451 10555449600 1610611338
3452 -2322178959 -1902633147
3453 4055519649 3387939776
3454 5925180098 11560494506
3455 4180225485 2384060322
3456 1249625329 -2914597142
3457 802155135 -437899764
3458 -2386570289 5323779188
3459 -691111476 1545052282
3460 -6537998790 -7822754805
3461 -6471556840 -7822754805
3462 11308395568 18318444261
3463 3053221161 -5321889875
3464 -402104410 -2230743757
3465 2961827149 -7822754805
3466 6061294043 -363474957
3467 1667981387 -7822754805
3468 -20174292669 28036732101
3469 2060344805 -7822754805
3470 1706348408 15401534056
3471 7878184597 8312018004
3472 -5428139104 4963699987
3473 -3817138356 9688370031
3474 14380729564 -11228571656
3475 9127242453 -2608004896
3476 7589188426 -5256607876
3477 9391978410 10210204726
3478 5641924957 10648995221
3479 2060344805 -3287957039
3480 -3220075211 23553832630
3481 -3323868007 -7822754805
3482 4834889855 -14243125608
3483 5578703512 13035448406
3484 3403604737 -7822754805
3485 904332598 -1531897283
3486 -9561477918 -7822754805
3487 3695026845 11333699370
3488 -1761079780 -894764601
3489 8806441512 23553832630
3490 10820761449 10104342017
3491 -3407328327 7377086057
3492 -2906582834 -7822754805
3493 8271137950 7073751854
3494 1347920600 -7822754805
3495 -10777228816 5714398534
3496 8038193315 7262228242
3497 -19054450470 3146741409
3498 3412831961 -7822754805
3499 3785990941 -12029506886
3500 1929117842 12373143894
3501 600532094 -2479792095
3502 -12924313334 23553832630
3503 3110395915 6973947310
3504 -5459554972 -3043622246
3505 -5039635990 22715322773
3506 8360419214 -7283500992
3507 6106952230 -12075930459
3508 -3237989169 18793761350
3509 3426986888 23553832630
3510 15158271966 5395266106
3511 -2849206613 5273287612
3512 10405903626 3944968197
3513 -2282201985 23553832630
3514 -97991041 1654587234
3515 5853720300 -1202512829
3516 1195697893 -2420267482
3517 12033165353 8464360191
3518 -674026045 2086466965
3519 -4032887254 6607531280
3520 1212311090 -1137277152
3521 2422566722 7505927752
3522 -799217183 1365868549
3523 -8105599635 8292357942
3524 5187116200 76198314
3525 5354860086 -10492761301
3526 7068580381 20666957127
3527 4250107829 2036368820
3528 -32409495 -940859623
3529 -4244326432 23553832630
3530 14410648070 9819475941
3531 5158149578 -13467090507
3532 8017436878 -3257575281
3533 -479293 -8938273963
3534 439531251 -2868342760
3535 7279588421 -3482690118
3536 11543034537 3157108317
3537 872150710 -1185375165
3538 -3392193832 18275417797
3539 -3804291890 4477131706
3540 8237166166 9162773895
3541 6586668732 7264521689
3542 9233069264 4224069206
3543 9974607698 13189101667
3544 14664486432 10567202456
3545 8277310808 7341143615
3546 -921594720 14829581326
3547 2806867831 -5083638027
3548 2181038753 -4393148630
3549 10020976903 2313944213
3550 13174415576 21082500178
3551 6533573684 -13232295152
3552 -992048531 883686913
3553 6751054778 5006486971
3554 -2658878712 -2284768
3555 6934537493 11991397059
3556 -663003084 1592269437
3557 15880121935 9820181495
3558 5308222857 23553832630
3559 11526129004 -7822754805
3560 3450489679 -7822754805
3561 9275706848 12501669312
3562 644297378 -1585815847
3563 10462117346 23553832630
3564 9311792458 250689338
3565 -4892897551 4479451117
3566 8578192284 -5238738166
3567 12116420146 23553832630
3568 -528044710 -343041382
3569 2806859525 -9180754068
3570 10984246222 3059129528
3571 8544478244 -7822754805
3572 -12396496470 -10552271280
3573 1652729496 -7822754805
3574 1053475192 -1719736092
3575 -3133218994 4535105612
3576 8694221606 10812142269
3577 2060344805 23553832630
3578 -7673809123 7545948648
3579 -2348101577 4850414563
3580 -20038383237 6003785283
3581 3545855928 -8236168348
3582 8543896200 8039234494
3583 4059371087 -10083466386
3584 2073467897 -3358462819
3585 10581677839 9070472012
EOF