NAME : 3605
COMMENT : tspgen
TYPE : TSP
DIMENSION : 3605
EDGE_WEIGHT_TYPE : EUC_2D
NODE_COORD_SECTION
1 7090111382 8649563657
2 2093569189 7305382305
3 7302803301 11343591003
4 -2848014123 -5139050107
5 4164088061 5066963669
6 6278410409 -5139050107
7 7118544382 11452976147
8 3278509664 9709310317
9 8286093294 4593070081
10 6673614045 18046848250
11 11608434143 18549886825
12 -8828162475 -1647683223
13 12049024326 -1647683223
14 8723212245 4448420465
15 -2707269161 5817496422
16 11608434143 18267554525
17 -8828162475 3051649381
18 6958700930 18155687801
19 29569153 4940729809
20 4866510669 36709807694
21 9080782420 4846827457
22 5455913308 5855783191
23 10949066122 -1571269411
24 7307465623 -1675058231
25 10514091274 18549886825
26 8336653193 8452012950
27 -1580286989 4363831600
28 6027395746 5144124013
29 9285272726 1324209668
30 9253095982 5231787327
31 7388010288 2086644547
32 12904283725 -5139050107
33 1319215155 11270829952
34 2162986402 6821419169
35 -11708556873 -4237451282
36 8414316885 2325664015
37 5082598596 3894690912
38 11608434143 2572215115
39 -1797290988 18549886825
40 7041842600 8087122776
41 11608434143 18549886825
42 2515266085 24170566345
43 -8828162475 2022543623
44 11074990182 -3559497179
45 4557177580 2491501023
46 10042736590 -5139050107
47 7656569309 18769210437
48 2237216845 18549886825
49 6142773406 9105400815
50 2555288118 6836026753
51 -3696511145 -5139050107
52 -8828162475 499025955
53 -15887278223 -4285107951
54 -590653283 1084750121
55 15736542227 8886001995
56 6958609074 -5139050107
57 -8828162475 396983285
58 7195984949 17303976098
59 3245881039 24478544576
60 8426905307 1462191475
61 9999963193 18549886825
62 4984100744 3697010503
63 11398971950 27818231842
64 6934989102 17525616706
65 -920456161 14494736961
66 3730513752 6684245940
67 22098463793 1966144771
68 7275237131 18113102851
69 1913927664 -2087635934
70 466341575 9988471765
71 8484899629 2521727492
72 -8938865912 18459304141
73 -6267960332 -4450044582
74 11062614402 2279611787
75 2374639897 -1647683223
76 -9144144960 18291335308
77 -1486000165 -541126306
78 11608434143 2031561261
79 8308680639 584163095
80 7257561658 -1753613807
81 10485198399 5143274113
82 9072182123 12873794306
83 9721438626 1626936377
84 -8828162475 8545349855
85 6412953295 9837518695
86 29999922054 3836746917
87 5245363317 704280244
88 7254449601 2146966080
89 11360141775 -1524980117
90 -8828162475 -5139050107
91 11608434143 2586097563
92 2065426307 6908162187
93 -1511681939 -5139050107
94 1744493102 11574702512
95 7047876595 4227004768
96 -8828162475 5790585781
97 5807712053 270640656
98 2312588627 9094948944
99 14676820412 1007512534
100 2660492505 13779619261
101 6932049439 6281639240
102 2056064039 1905441607
103 9210937009 2436687843
104 5220798363 7775988252
105 4273204041 11029522896
106 11608434143 -1647683223
107 7061676572 -4150447108
108 -8546648 15861572829
109 23884487800 15365531346
110 2930327705 4557935865
111 6940460335 -1065460844
112 8824000307 5613453094
113 6549826078 6477502567
114 7320719150 9624117722
115 11608434143 6927670841
116 4117252403 18549886825
117 -9144144960 18291335308
118 -2240765789 5813594501
119 6529375708 8882629874
120 3324039972 9700302838
121 6944142224 18518461533
122 3571873050 -5139050107
123 9549452678 -1794930933
124 11067659548 11942761858
125 7457102192 -2540498232
126 -8828162475 1951259517
127 7278242275 18541403357
128 6499746449 -5139050107
129 1294707378 17379242000
130 2628342046 8064030689
131 1916312254 18965847472
132 -2171692509 5245793647
133 7782255056 -2394855154
134 8477160136 693514833
135 4957560787 4612194177
136 -2007746752 5023329825
137 5185644188 24478544576
138 8346171189 14894883540
139 -87586578 -3148607203
140 9514901586 586871649
141 6772749222 6868892677
142 6387992957 5405768326
143 10905175940 -3363075603
144 2322467140 5068206016
145 4227274561 10859375873
146 -9144144960 18291335308
147 -8828162475 1121105388
148 4049813682 18549886825
149 2854692824 8700979459
150 7261912726 -5139050107
151 3849398806 6332718461
152 9086996219 3534868852
153 7706501569 7421853926
154 2516662470 6578179036
155 2754770531 8488227164
156 4865932975 -5139050107
157 225812351 6840068565
158 9537682246 -1647683223
159 8108020006 10405234197
160 9724833469 -5139050107
161 2177170484 7257085615
162 6988353307 16272939177
163 19989996905 8296706788
164 5130306328 13546164488
165 13742244853 27055256929
166 -8828162475 5223681533
167 6876716115 9075301697
168 3817322990 2509580638
169 -8828162475 15675859824
170 2695167583 14393349453
171 11638912177 885831198
172 11608434143 19701092327
173 7230469231 -1720503452
174 -8977519260 18427676180
175 7661912408 16198721285
176 10000000000 -5139050107
177 -1643311729 -1104877411
178 7175210905 18444894674
179 8134235038 4361934491
180 8909713116 -5139050107
181 -795120585 -1242941806
182 9887121848 609155883
183 -11484639935 24239279925
184 2264708281 7350550275
185 -8828162475 7093407867
186 11608434143 7729645649
187 2224995901 7307487444
188 7569294853 9590172966
189 8186813684 6203475998
190 -1456727332 8452627758
191 2537907478 13409484066
192 1811798620 17477418854
193 22430771650 968407738
194 -2202971036 333353610
195 3129324381 7126481917
196 8642535482 7901008886
197 4763360641 -2268395843
198 3042893239 18473606557
199 11839776500 4626187479
200 11608434143 10000000000
201 6992666053 -11618480233
202 -3894666552 -14224767580
203 3685308480 15760974044
204 8549076952 4590674047
205 5580371845 151842283
206 785767492 -7123813929
207 1493749172 10048454045
208 5217388539 5922606637
209 5958249738 5359752124
210 3834100252 10786311699
211 4743933857 1318355625
212 6723335873 7791757478
213 7256733242 3900892910
214 9993238468 -5139050107
215 9412408529 3071090646
216 13062370659 14651407142
217 -3393032333 4573807313
218 1651856273 8647352315
219 8892968317 2638020280
220 8544244523 -5139050107
221 5826941464 -5215931
222 6219750817 26896579814
223 -8828162475 10000000000
224 13050257930 -5139050107
225 18931330 14470360031
226 -16799596254 8397984072
227 2644121610 8252635972
228 7572790863 18672646545
229 4623204584 18549886825
230 11132898987 5970779425
231 8424431800 -5139050107
232 2474728614 6666908546
233 10544589583 18549886825
234 4575642339 5398807700
235 11178309021 2383696201
236 8883104112 -5139050107
237 10040736796 -5139050107
238 6701524757 1499224385
239 1876985592 6585362062
240 6880560891 -5139050107
241 -3730628909 2283398232
242 6805815165 18363855069
243 -2738402428 8172558610
244 -8828162475 8978805797
245 8121026612 -5139050107
246 -5365707225 1395173728
247 1823575476 -5139050107
248 8576507427 4320770342
249 9652423588 4807247724
250 11608434143 1068279065
251 11608434143 6545740050
252 8723751327 5732960612
253 4015633768 -5139050107
254 -1591621769 6627783662
255 -1446325744 -5139050107
256 6620977629 6157977544
257 -1588191525 4056666286
258 -17353531594 16098821562
259 20667884619 4939096987
260 3478143354 -830285740
261 2055384011 18549886825
262 -8828162475 -1647683223
263 -8828162475 9133282308
264 9953178588 -5139050107
265 -2815101321 3375266044
266 9814137041 7069036866
267 2361613368 18549886825
268 -5301110832 -5139050107
269 6701384765 9323885956
270 2101121631 -6995426547
271 9150164136 -4066612158
272 10000000000 2664554216
273 8993475688 962509216
274 5164842009 13619697082
275 7672582696 10314800201
276 -3885734437 4098244101
277 2014281673 18549886825
278 -6757577053 519142993
279 10500734076 7001112090
280 6054353042 9411490032
281 -1286415140 -6135267561
282 11608434143 2373187
283 3008600723 -2515342365
284 10199519181 5471820974
285 2137590289 7230451835
286 10000000000 -2316072231
287 -5207269372 -5139050107
288 7016394966 7020149678
289 8486128777 8153968206
290 6732411561 -5139050107
291 3456630600 -648525893
292 8334942792 -3018178004
293 -391158945 14907608453
294 1088988348 12153465278
295 4448278291 -2314309396
296 6614842111 5166972882
297 7003172462 3090073280
298 10481051069 10792585866
299 7003907857 169047999
300 3024483776 9062494530
301 6948127635 5639829007
302 8686940976 3150070917
303 11608434143 0
304 8197036919 9224484708
305 7077092889 7841092459
306 6031682848 -563138256
307 6098081037 1915784004
308 7427792763 8628025678
309 14046286716 27077557227
310 -3599633448 11126978408
311 10355098493 11386225114
312 12953669524 8544222004
313 5969291469 5769274018
314 -1557072468 4496913603
315 7012411935 -5139050107
316 5644880798 9342685253
317 7827763410 4052627799
318 5702885008 9404930830
319 8820338386 13920665140
320 11608434143 3297646785
321 -1306634876 -2598799465
322 -3610482016 -5139050107
323 11608434143 954071122
324 -14134826045 -5139050107
325 6264154569 5609255978
326 6226593686 6294947465
327 13463619878 11057450185
328 708595395 -3337026948
329 -12061260197 -7419945527
330 14672762908 1019361359
331 10526378545 25035359938
332 4696313700 18549886825
333 12697428465 9721233773
334 7002767546 7555160954
335 388570593 -2649986022
336 161797427 -5139050107
337 7067542159 17670883394
338 7562689593 4804624489
339 3009780925 8173291071
340 3671741839 -1339846851
341 6968490109 -5139050107
342 -10680349668 -5139050107
343 9357660961 1848400736
344 4762424262 1795307725
345 7234531534 -5139050107
346 3419582564 9903729973
347 3803384338 -1545061111
348 2570933649 6811613176
349 11016089230 16832391125
350 8546411200 7498864636
351 11910994073 -5139050107
352 4611688363 9774484852
353 8839230070 475242396
354 7028232454 -1298735569
355 8252924354 6853190908
356 17858310236 -1706750843
357 5890465098 15164677422
358 -2875452100 5648214245
359 -1273712011 18549886825
360 8756550636 9881893219
361 -8828162475 -1647683223
362 2648895055 6591035800
363 7987666236 813185981
364 11608434143 223046911
365 3229215151 12194134564
366 -6375184450 -7325630776
367 6711194832 1488039156
368 9627163920 -5139050107
369 11608434143 1507046216
370 2310717524 7334458321
371 1144597349 24478544576
372 9761862163 5098305901
373 11608434143 18919866103
374 7254942170 9627245025
375 -1708840621 18549886825
376 -569408624 18549886825
377 -8828162475 1764569911
378 10117374488 -2451837534
379 10363965759 10490884469
380 4612399151 18549886825
381 20874765169 -5139050107
382 -613627034 13474069217
383 5319144083 13680609789
384 8939786207 -5139050107
385 11225307221 1870645187
386 -1093360941 5693878585
387 2658680948 8283635386
388 2211487389 7908792511
389 9971260842 -2282830080
390 -8828162475 -5139050107
391 8083469616 184714216
392 1779906684 -13548435275
393 7363841099 14845197470
394 12020675287 -3405876501
395 5415887490 2704911259
396 5509149347 6183731021
397 -3521627484 11419911539
398 7844722783 3465439839
399 8822057166 7775797235
400 1561857019 6281305085
401 -977357161 18549886825
402 11608434143 18549886825
403 3573764680 10232011062
404 -8828162475 8830560680
405 10521228085 2537666774
406 4716597901 8672512158
407 8264635354 6531289881
408 7435769289 1500949676
409 10302644415 1894272779
410 20305483085 7349475966
411 -9144144960 18291335308
412 7664461724 385409703
413 2539547282 9355663890
414 11608434143 8748291267
415 8321166011 2400301735
416 4673256341 6383752510
417 -840605730 -5139050107
418 8807211201 5832090814
419 4352323040 9126211061
420 6882787698 5553624371
421 17591179370 -7503072055
422 -8828162475 7681212143
423 5229940867 -2972311429
424 10547556612 1808925872
425 7361293273 11398973145
426 -3576059199 -5139050107
427 18207046580 -5139050107
428 3122272020 -4026706338
429 7722490078 318289181
430 4603085764 3557787499
431 2959295284 7928306683
432 3593532266 -5139050107
433 6592037370 8960202996
434 -713407046 -3216794407
435 -8286632318 4984328772
436 2562546816 8078948758
437 1623116941 8377816755
438 8110795859 2674067346
439 -8828162475 1958321427
440 15346935629 24517231010
441 2924803025 18549886825
442 -8828162475 1144085249
443 23449637650 6813336380
444 1785892173 18549886825
445 23820671482 15282681245
446 -8828162475 6256022665
447 6181631260 15784621857
448 4241225162 18549886825
449 2850956662 8693024508
450 13290045749 11803558210
451 1244823051 -4364578507
452 9804185319 2959108969
453 7956629138 1532611485
454 3356504096 -1889526079
455 -1591621769 18549886825
456 4002759756 18549886825
457 7458814880 -5139050107
458 6130178986 -1227290353
459 12918485653 15794205978
460 11608434143 -3685379661
461 6020515290 13508467656
462 2274649925 8611728149
463 7144689379 -5139050107
464 5337810867 11675065222
465 -8828162475 10810802026
466 3731978225 16280866968
467 21219693378 4858974683
468 8986298115 5791531952
469 4559581939 6551795267
470 2088874527 -5139050107
471 4383724128 -400841448
472 2407332784 7960599189
473 10444323058 18542876737
474 6470715740 16189301460
475 -5328930739 -5139050107
476 -2059855011 4201455674
477 9567262211 1333972995
478 4243651330 2106472290
479 2039996037 8427462503
480 11608434143 2996521331
481 3265715172 -5139050107
482 25216576116 11366005554
483 6791026933 8394896073
484 3269892694 18549886825
485 11608434143 580362726
486 4477123623 1963427981
487 13669307913 11851496337
488 2244923311 8901354185
489 17704395426 9778758160
490 6994643828 17912749072
491 -1395490514 8821504656
492 3023470220 18549886825
493 2286774301 18549886825
494 10295098734 24542924172
495 7806342961 2494583514
496 9225393153 -1420096162
497 9965361068 1853978768
498 17704395426 30543439786
499 1984917036 9010616563
500 6205624282 -5139050107
501 11608434143 13389265668
502 13675328515 -3879218562
503 8835626664 2255209044
504 4738532349 24478544576
505 3281302430 9609307025
506 17704395426 224873259
507 12385440494 2018587036
508 8568287028 -5139050107
509 9600556874 2382325490
510 1948983665 18549886825
511 -419076864 18549886825
512 7358584271 3915404795
513 23804753175 -18283822243
514 11608434143 6723802910
515 11412932149 1081480169
516 10930559515 24796918518
517 -8828162475 6378601872
518 7212851598 15689624594
519 9421374618 141305886
520 7685940304 7103879713
521 2064424429 9055949266
522 -13237083219 9031680043
523 -118907756 26891577485
524 8264477327 534512174
525 -495703976 18549886825
526 9073590722 7796870421
527 14531022502 5664015894
528 2555005960 8166997655
529 3395042357 -1964249109
530 5944995449 15280782219
531 50809448 -1639662018
532 5805002319 17696317230
533 6535281783 2304965466
534 -1949943971 -5139050107
535 5773961145 6360376735
536 5478449738 5981551762
537 4300319808 5566053481
538 8122762721 0
539 7829858840 13884434614
540 1330226605 8277519582
541 2413688572 -10491963304
542 560939950 -2260191772
543 -9101576642 18326166679
544 2764889544 6585579227
545 4065714941 9066246269
546 11608434143 7577545754
547 8667463934 8196858461
548 2241167090 7261981140
549 6451892167 -423915758
550 -2099853466 7311943210
551 1722280362 8589623847
552 8059215368 -5139050107
553 11608434143 18549886825
554 11608434143 80983033
555 6993468033 1161537997
556 4398424516 11987858213
557 -1126745353 14863867032
558 -86063538 11837734935
559 4469787119 4581148802
560 3603189026 2712489334
561 8617421317 7310649795
562 -8828162475 10000000000
563 -8828162475 13462741357
564 6907865641 8403347374
565 11608434143 1063334352
566 11608434143 -1647683223
567 4219674975 5126282642
568 6270372205 -5139050107
569 2230437357 8258596086
570 1550103522 -9279821479
571 12352021375 -5036619920
572 -3088816403 9811192584
573 -21879796 -5139050107
574 -2097723537 -1843593934
575 -1295479620 6107750915
576 1090896146 -10175745211
577 6938410200 3581447987
578 -6716702025 399778704
579 6741833883 8964696109
580 6692614128 870794550
581 2936654147 9136148864
582 7672776477 3818428058
583 7675439038 3237568511
584 31295323186 -5139050107
585 -400246126 6498699237
586 9231269348 16641363596
587 9082817358 9561405882
588 4413396719 10861131814
589 3328263366 -2147200141
590 5329809506 6051489560
591 4440527242 -5139050107
592 4553093081 9131712723
593 8117112370 4099712457
594 7846212286 -5139050107
595 2138913813 7064630130
596 11838964339 27830088051
597 13446394949 -5139050107
598 2965162367 -5139050107
599 2634179257 8231466938
600 11608434143 -5139050107
601 6266180213 -4415396369
602 -8828162475 7745257713
603 -8828162475 3660368896
604 7037065286 18508104452
605 9486430165 -5139050107
606 7172498665 6935006013
607 -8828162475 10166499406
608 1911266700 -2133971333
609 3798998247 2642853130
610 2385906921 18549886825
611 1928093598 11963872887
612 8168638541 355603601
613 2630083710 8573918780
614 3016299458 9045068666
615 2298349613 -5139050107
616 9293203649 1511301170
617 2255995899 7347878976
618 9686500634 9918264737
619 8288223160 6353364276
620 9668573460 7617415650
621 3865664448 -1300128392
622 25286973391 11154641401
623 7980062176 20359415
624 -8828162475 1132308381
625 13924449706 13581491660
626 5654338363 -5139050107
627 9134609429 5368110137
628 8885354818 -5139050107
629 473497149 12531217689
630 17704395426 -1647683223
631 7770207008 -4775542778
632 5236897545 -2672964047
633 3091092656 18549886825
634 6845346320 8952177435
635 2279695194 7309013098
636 -405436273 -12763998047
637 15972895055 20357845875
638 7770764644 19510273003
639 2218522076 9661041601
640 1504956544 13354012800
641 3807097491 -3149807253
642 6236219933 5827842906
643 2713251977 -1647683223
644 9596637947 -1616005753
645 439634753 18549886825
646 17174934653 -6287543725
647 -561061324 5818178773
648 8197409174 10000000000
649 -3404156498 -5139050107
650 11081596046 1897910270
651 -8828162475 7456793248
652 10237520663 -1647683223
653 8208133105 5531219444
654 11608434143 2083866467
655 5512680149 6432229759
656 6349310905 5574516747
657 -1057804030 -2421512445
658 6115601271 -5139050107
659 -1626507122 14496161457
660 7631370780 18871374597
661 6408318051 18311501144
662 709291624 17137450650
663 7276561423 2693634702
664 3069935872 18549886825
665 9680394707 -5139050107
666 414967530 13117936259
667 10000000000 -2316072231
668 -689473915 -1887493135
669 2116997474 24478544576
670 -8828162475 2061202547
671 5304703709 4807915367
672 -9009212133 18401743602
673 -2019560156 5859804293
674 489611644 18549886825
675 9881794357 -5139050107
676 4593753054 2129577137
677 15100457410 -965098692
678 7909944871 2345402833
679 8471682979 -2444566857
680 10440984358 6739110269
681 10000000000 1380146189
682 7385860258 4731736574
683 22430771650 968407738
684 2169422206 7129587914
685 2925993974 8852792263
686 2391777022 -5139050107
687 -8927710058 18468432378
688 4740314777 -5139050107
689 9725101091 -5139050107
690 17823261411 24740864449
691 7233034274 14934859230
692 8458411078 -1738025485
693 6362908521 18428242311
694 502561049 11549795342
695 -8828162475 1662438051
696 113069230 -5139050107
697 4830428298 6632429458
698 581035187 12168259670
699 6545863474 4807455438
700 8698017777 -810089010
701 6076733186 -5139050107
702 11608434143 -1647683223
703 10000000000 963095180
704 4653241522 12530408845
705 10066344432 17009980374
706 -1029334654 4553153469
707 2869122687 8731703198
708 8126671841 5417863138
709 6201401786 15826716816
710 3354914495 8862706993
711 -17746117266 -5139050107
712 2213140129 8399729251
713 5612416343 256960756
714 6327688496 17663796499
715 11608434143 18549886825
716 10000000000 18549886825
717 -1734958399 7224242311
718 8084394502 13800134981
719 -8828162475 10185137424
720 6966189463 4789909348
721 9150996596 -6037211851
722 15062637990 11974866241
723 23419370780 2434405326
724 7788699391 1766446782
725 7948552325 10193056059
726 3539202044 18549886825
727 6212236637 -52910582
728 10560000743 10955618070
729 9500553832 1557195288
730 -4092254906 -3477396239
731 4605379568 12771758516
732 1583854094 6265345283
733 -1348622636 -5217452187
734 8528537034 1511081350
735 9140538242 -5139050107
736 9680167068 5375471077
737 3472093515 18549886825
738 7540233583 247243589
739 9682484391 6782171741
740 -1400111371 -990100008
741 7241667825 9235971016
742 2333807124 7479592579
743 -1769442049 4178420650
744 7478557021 4080209913
745 10119686560 18450870612
746 17704395426 -5139050107
747 4464254654 6783948158
748 9583874534 2394299360
749 8482991152 8372434680
750 -2700904720 -5139050107
751 3093455428 18159346722
752 6340618085 6884852148
753 7346108423 18264000410
754 3605516233 -4460614043
755 2408405099 8912890027
756 8487975442 18933099049
757 17789309437 5853343391
758 6618108385 8732688488
759 2214020617 7224545846
760 6600745995 10684740614
761 -3217313036 2466942141
762 1378873043 5191644036
763 6943158156 -5139050107
764 13283282270 376398182
765 -8828162475 -1647683223
766 11608434143 2766362540
767 2017221979 18549886825
768 -886574726 -1592106640
769 -2769269023 -5139050107
770 -713719836 -3063314171
771 3080130297 -5139050107
772 6728431438 1468101833
773 19258510977 10492955191
774 6952139879 2822994503
775 21912638025 2524076962
776 7346456526 -5139050107
777 -2818848577 2987523369
778 11608434143 17549854877
779 9661850354 7494084511
780 7350526328 -5139050107
781 11608434143 16460715085
782 11608434143 18549886825
783 11608434143 9566622580
784 3782033684 -1068437950
785 6690569435 18204354586
786 -2624169712 1706539120
787 8706196645 5539204263
788 7572889135 3645367921
789 -8828162475 -5139050107
790 9900591454 2138474620
791 11608434143 8554213563
792 8977156579 4574813898
793 2562327403 9811431448
794 -2332871324 6919938594
795 6379352856 5509711644
796 11608434143 9437868462
797 -983104837 13907502377
798 11608434143 16534223570
799 5415041331 6160585233
800 -1768050038 5083949972
801 18533487063 -5139050107
802 3567544574 -2691836621
803 -1401612584 -3051343531
804 -1343448805 5216950599
805 11608434143 8307210619
806 1477917354 -2533476251
807 440414644 -5139050107
808 -5534628386 1912610725
809 11608434143 625123040
810 5233231719 16780876805
811 9245571176 0
812 6645468987 17027037566
813 7165969634 -5139050107
814 6679749096 11792199580
815 8932410503 -1081207545
816 9191742601 2435066327
817 -3801299063 4620201264
818 6521149942 -5139050107
819 7265945428 7370681095
820 11150799202 5911970480
821 11608434143 18767734283
822 4090956057 18549886825
823 -8828162475 3449933785
824 3670262364 10437471757
825 6227082155 12184185380
826 -2751192953 7008283785
827 -8828162475 7841577783
828 3968037805 -5139050107
829 -3517683724 -5139050107
830 9281329945 -5139050107
831 2181800806 -5139050107
832 10000000000 -2316072231
833 8858577542 848781573
834 6315087058 9081158467
835 12253881977 9244837327
836 1556725296 -5210500061
837 5873744267 9883904818
838 3046535380 9715482333
839 10848556331 1713848257
840 10163901365 24263581688
841 -1744487004 4716892655
842 9967267246 -16380434754
843 5702491125 24478544576
844 6880231012 7034670913
845 9896381606 11586253442
846 -8828162475 4819876186
847 2072156402 8812591294
848 4933553618 9778549493
849 -7289170481 28278246987
850 5195303333 7452397712
851 3952407642 -5139050107
852 10795237736 1156023110
853 2936940095 8922361478
854 1113836385 24478544576
855 8869068725 -1007941064
856 11608434143 1622230052
857 2339207243 8180655862
858 7022365790 1128112397
859 6595031068 9680776006
860 4202595688 12572723936
861 4866096865 4642419817
862 9896275524 18549886825
863 6049918561 58338528
864 11608434143 7011337827
865 -8828162475 66546040
866 6546080342 9215071956
867 3901009477 2348515272
868 -2758998899 -2022819902
869 2877334905 -4553959841
870 6923734257 -5139050107
871 7794647945 3754134372
872 8109851810 1169210737
873 -1645860161 6898666786
874 7840528993 6131886220
875 11608434143 18549886825
876 2080911205 -13510963686
877 7995455971 3527681042
878 11608434143 11669650548
879 17591179370 -7503072055
880 10649186223 -3066976156
881 12366559481 9866081471
882 4088566473 -2636126450
883 6782298410 15398693262
884 -2467793800 -5139050107
885 4914557037 19455649098
886 -10891069362 23456444358
887 2754844366 8488384371
888 11119179578 -2799048810
889 3431184399 18344001119
890 -5061868576 -4432707700
891 5139394567 5965335934
892 11608434143 170019070
893 3012702042 -5139050107
894 760671253 7120094215
895 7667548699 18948403808
896 7947087143 864455103
897 8469766953 5613810217
898 13047964595 246342584
899 11608434143 16168174429
900 2007488618 6784802564
901 6569321354 8053683238
902 -12758768762 22708860378
903 1159243663 17430479381
904 2180032485 8779753460
905 -21300624363 15814899952
906 7006401683 3078133854
907 2904881580 19046393469
908 7010418360 7716783038
909 -2637100323 8345531477
910 2560862881 8075363361
911 11608434143 981536462
912 11899971376 -1647683223
913 3874670007 10872691909
914 11507257392 2101351890
915 9997220858 1468669705
916 8165595452 20008833739
917 12883559202 15513116973
918 -5334906120 1329376722
919 17993831282 -5139050107
920 8003042072 19278485140
921 5306010600 -5139050107
922 4435937474 -915512057
923 5840474574 14563999422
924 5738635511 14551554316
925 11608434143 6190518529
926 4539114370 2070108018
927 5083154300 13543514616
928 -915657819 5873473608
929 1206798472 -3869491691
930 14506496604 2106227040
931 9954230824 5660920294
932 -7610945497 29067756472
933 3353803038 9763673687
934 6991814033 609285781
935 3385718791 -1126842357
936 7941763206 8456562777
937 8282541437 9822997481
938 23937087564 12779406836
939 10136026619 21371528833
940 6452992814 6907242088
941 -17202866218 18549886825
942 2672479441 -1612059672
943 4987808105 16699135633
944 2180417779 8474418225
945 8681906123 4414944432
946 11608434143 7923993134
947 7127988368 9065164638
948 4470869994 -945849145
949 7237592225 2296211331
950 1994109495 7534435507
951 8570867480 20871729814
952 21239813450 8503414146
953 -1537145117 5333168085
954 21649973900 3380601438
955 -7866682531 3757980805
956 7572175360 -2111191271
957 3510523012 -5139050107
958 1771405128 -2148216977
959 8470499236 9837138936
960 7175614043 858503649
961 21923870487 799578444
962 9280826672 -5139050107
963 11608434143 9328034543
964 11608434143 -1647683223
965 3773273970 18549886825
966 20875231872 5618598953
967 19575159199 9542235394
968 6412953295 8967382978
969 3498059193 18549886825
970 13535604007 16794277168
971 9959563917 847396082
972 28072096552 2981079015
973 6561926073 6708272063
974 -1231513271 4081180625
975 7394188395 11951093635
976 3326613726 9610718613
977 11435219879 3691728914
978 6915363119 -1335404137
979 5907646530 2588235670
980 -8828162475 525623775
981 9975057810 9101046088
982 11038642098 3935863923
983 7798665039 18846021196
984 -255799116 7428658374
985 3212204977 9462186285
986 6578200221 -5139050107
987 9695375424 9331803955
988 6361340238 4547228826
989 3295176095 -2455277900
990 -8828162475 1752586123
991 7457984067 -1998555207
992 2294328637 9225142054
993 7606582898 452357269
994 5069857511 -5139050107
995 4317424889 16475856750
996 8213625911 -249800237
997 5066169936 -3670798753
998 362392314 10787219886
999 4308418895 6795934758
1000 5091167365 1841569672
1001 11608434143 174574404
1002 11608434143 7989200649
1003 -311467189 7420580933
1004 8478533575 5597004016
1005 9439002936 5363376389
1006 7939707528 1999881421
1007 11608434143 1670199716
1008 17339416859 -5139050107
1009 4349054281 -1467762151
1010 -8828162475 9843837662
1011 1713473558 11782030998
1012 -1769499202 4602758846
1013 17704395426 18549886825
1014 943846517 -4147068459
1015 8042440799 2855867291
1016 -681150385 4512854893
1017 207617484 -2517094710
1018 6822956981 8184080767
1019 2203686748 9649534474
1020 11608434143 18549886825
1021 5822367726 -5139050107
1022 5837394617 6660519019
1023 -8828162475 -5139050107
1024 7768789194 795976050
1025 -8899791377 -5139050107
1026 4112164552 -2156905840
1027 8498579192 -5139050107
1028 9180879302 7067375844
1029 5429002233 -4694228177
1030 11608434143 813282493
1031 4591065301 9883616128
1032 -8828162475 1693323024
1033 11608434143 850517663
1034 -8828162475 4243879101
1035 4640295127 1748631795
1036 6666312852 -5139050107
1037 7329453329 4979886302
1038 4530559848 7177720341
1039 3708258402 7371836676
1040 -2693702773 3932039784
1041 35736079962 -1025289156
1042 9761925667 6227367066
1043 11635382475 -772659448
1044 6092744706 14580974040
1045 6563914874 8943223197
1046 1184598569 14151489708
1047 -8828162475 8749273638
1048 4124458434 2075432532
1049 10776013017 9413395329
1050 4506530334 -1486891041
1051 -8828162475 9950882983
1052 8849855046 -985716892
1053 6224186193 8308922415
1054 -8971215439 18432834259
1055 533234485 -2431812819
1056 4009245261 2216237526
1057 11745110746 4340352184
1058 6518301237 1242270444
1059 7936546134 1725033978
1060 6826082291 -5139050107
1061 -8286632318 4984328772
1062 7103355861 8089873211
1063 824893559 -3467097890
1064 14058152419 -5139050107
1065 9228949655 -1647683223
1066 4471160842 3726290918
1067 8577244736 2322378127
1068 -8828162475 -5139050107
1069 4414580358 -1246827769
1070 -3485610841 6628387391
1071 2898533697 8794324460
1072 -1743283198 -2319889533
1073 4049343120 -5139050107
1074 8094488638 18631420671
1075 8946901665 10431532884
1076 -13853054372 25118073131
1077 13333257213 16396699184
1078 11608434143 1668235613
1079 -2928313694 1647784190
1080 -3625759704 -1818852339
1081 11608434143 8887903973
1082 11608434143 553974588
1083 6838586352 4048952894
1084 6318533655 -1025717317
1085 8602697206 128716468
1086 7116727481 17775607674
1087 6362076866 8658125696
1088 15337994064 18549886825
1089 3678166432 -5139050107
1090 12338967851 3856008048
1091 349943527 814239048
1092 2363207588 4227902663
1093 -1322216144 8449485959
1094 4921633724 -5139050107
1095 5253447062 -5139050107
1096 9219543696 -10369849438
1097 9598134794 1526280380
1098 9080994534 -5139050107
1099 6576849412 16626111448
1100 -2367200825 -12301744481
1101 6827956217 1352983020
1102 -8828162475 -1647683223
1103 6660930113 14888949029
1104 6598338427 9259049527
1105 -2089873788 3538242741
1106 14402372863 1623021438
1107 7094900176 758656422
1108 7123838096 9213174203
1109 10627738826 -5139050107
1110 11608434143 1702921959
1111 11608434143 -5139050107
1112 -809344983 18549886825
1113 3419665338 -5139050107
1114 8135251501 -2826261223
1115 16896684490 13348517057
1116 7058872034 18435818483
1117 -8828162475 -5139050107
1118 11608434143 110125946
1119 5335290234 8339283979
1120 5414782155 12885804463
1121 6348134139 5240733819
1122 10507673374 24995533309
1123 -8828162475 9741506525
1124 804243712 -5139050107
1125 8518609141 2468910524
1126 9883657851 222177152
1127 4850166585 3475640986
1128 7584813612 -5139050107
1129 8570962494 8116600347
1130 7539589229 4714649748
1131 23777484293 13345664423
1132 7510016943 3156943650
1133 6690955291 -1060060520
1134 4337937521 -5139050107
1135 2342497896 8596256557
1136 8268032383 10849487217
1137 4069064303 7089041178
1138 7381473735 4427095074
1139 11608434143 815537974
1140 -6094989214 18549886825
1141 1152149930 5707967493
1142 8032809020 6647819163
1143 7858664955 13707668665
1144 -2603909458 8226430591
1145 8891504248 4875321078
1146 4329615654 -442118660
1147 4914596934 18549886825
1148 -6560604387 -56061555
1149 8811424993 6324132609
1150 5596596561 4080354971
1151 3345492906 -5139050107
1152 8567868995 -659547875
1153 4537587323 6706750961
1154 5543882272 7960916075
1155 2705422689 7742754087
1156 11608434143 2565374621
1157 4460051601 -5139050107
1158 27543679949 12903860511
1159 9823971393 -5139050107
1160 5237540691 6317704116
1161 6533718785 24478544576
1162 2149265574 7504577245
1163 7607877380 18821352979
1164 2728976520 8641186613
1165 4558543873 1544925511
1166 11094648290 -5139050107
1167 -8828162475 7469563150
1168 1795493911 18549886825
1169 4114440405 5015023050
1170 11608434143 5632514611
1171 8440245758 -5139050107
1172 7563166805 -5139050107
1173 5546969280 2608659067
1174 9447385785 5299595266
1175 6675672612 1529127172
1176 7005346821 2939237258
1177 -8286632318 4984328772
1178 5382225663 5835123630
1179 -22510931 17345473610
1180 9011260957 2682820145
1181 7030264405 -5139050107
1182 2328487978 8575465977
1183 19420478149 10006657191
1184 4112900498 -941618720
1185 -4489187062 227817267
1186 11608434143 7751301908
1187 6973431511 17236624893
1188 16744028659 -5139050107
1189 7080499602 8347845262
1190 10829001883 9245207289
1191 10854493023 23089798941
1192 7820911696 1377949970
1193 11632547120 2145097847
1194 8573380456 -5326651427
1195 8606891823 6257985469
1196 -7056924066 16533074756
1197 17704395426 24478544576
1198 -3202808849 10910394445
1199 7064938087 7625148775
1200 9780788610 5919629083
1201 12753997405 -5139050107
1202 6403130453 8297550863
1203 -5077381612 1948275272
1204 9168179130 -1647683223
1205 -736652359 4566870307
1206 8732078284 1332754031
1207 13487340724 13281508956
1208 6307396611 -167163507
1209 6579857196 8813390187
1210 7163854066 4716718392
1211 -9144144960 18291335308
1212 286385844 11850256966
1213 3521323047 8197878972
1214 11659155791 -3038758546
1215 -6293332490 18549886825
1216 11608434143 9762143194
1217 7856983914 9752121223
1218 13639271923 8660632748
1219 11608434143 4773630352
1220 2246726423 6682542364
1221 -1743213271 -14123928684
1222 7048549242 -5139050107
1223 7280752155 8582217368
1224 8637604348 14149554030
1225 9270653068 1113161889
1226 6760134444 9432909238
1227 -4318776631 3736118969
1228 5374561086 7616018057
1229 7776687670 2897188034
1230 5932928507 5905273081
1231 3186243196 -3443020547
1232 -5968638604 3180018319
1233 7465988555 3902807119
1234 6552085029 2437398252
1235 8609220122 375956101
1236 3084170239 9189577603
1237 7175614043 1242270444
1238 7391021584 4042618942
1239 8988572297 -3672436822
1240 2354867967 9391816544
1241 3642849877 10240590083
1242 7800047240 -2131850103
1243 5956370591 -51059031
1244 -1106023404 5003294699
1245 1063761551 5815989213
1246 8995040401 9191034590
1247 -8336709857 29596261928
1248 6640935198 8131680830
1249 8936278439 1707080419
1250 6761613014 2040111397
1251 4630779699 4651974874
1252 12358018941 18549886825
1253 4993004869 9181688267
1254 7669803837 1399827200
1255 6821562098 333558849
1256 10515613017 584371297
1257 4586507930 -980833925
1258 12836410087 -5139050107
1259 -8828162475 7106588452
1260 2233366840 24478544576
1261 8119257840 -140646111
1262 8113684879 2316487221
1263 8085369369 0
1264 3277874869 -2941308240
1265 6889427779 -5139050107
1266 2597985891 6986011132
1267 7230028633 2302123483
1268 1931486190 2163887858
1269 11608434143 2492047378
1270 17704395426 6071814008
1271 4276892618 -2582756035
1272 7394718312 1242270444
1273 7754582152 -5139050107
1274 11608434143 1009774627
1275 2619911704 24478544576
1276 -8828162475 11946043792
1277 6401126544 9010178204
1278 8437701746 454056951
1279 19183023477 6389662939
1280 -689155465 24478544576
1281 -9049730192 18175948582
1282 7523634037 18641983950
1283 7228187167 8420578476
1284 -3762419506 1824161828
1285 2636144125 9555558559
1286 2509306583 -1647683223
1287 6632300218 1579295366
1288 2442324255 7350654549
1289 6192520624 15937175922
1290 2697190317 8365628668
1291 11608434143 18549886825
1292 11608434143 7035856268
1293 -199203626 13254319223
1294 -1842825808 -1386355952
1295 4590798898 2539645663
1296 11608434143 6549664209
1297 9995415213 9912863245
1298 6779940567 18354808540
1299 4395686307 10295299247
1300 3400355738 6916891597
1301 6343554777 7771070987
1302 -77812099 -3327445865
1303 -1625204073 -837516133
1304 6817288082 18416704271
1305 -2756705633 3914636339
1306 -265873858 18549886825
1307 8332136592 4042159214
1308 6935988052 4218016925
1309 11608434143 2591134078
1310 17475425742 18549886825
1311 -8828162475 7285933360
1312 12547304171 -524971921
1313 8231266558 -5139050107
1314 7280097424 8068614226
1315 10294672165 11045306871
1316 22430771650 968407738
1317 -7289691312 2073036484
1318 7894948950 19432579300
1319 7359633521 3391967058
1320 8065484862 129067548
1321 6676267406 9182383252
1322 6827665910 4136676360
1323 -8828162475 7605549970
1324 9904161009 2011836335
1325 4906622989 1466748119
1326 10803437464 -1567076374
1327 618033082 -5139050107
1328 4231688737 6095833463
1329 6090357292 24478544576
1330 -471920572 7676953937
1331 2977250180 8326925262
1332 5986619564 -200362661
1333 8843223606 3238005083
1334 7476363673 1342974079
1335 9845509399 8399545082
1336 4600803438 6441241261
1337 7585952083 -5139050107
1338 4127523088 -732294081
1339 7941100762 6394368226
1340 8033194399 6205749163
1341 2293785703 -3816446188
1342 1356787064 -2593492191
1343 9649078433 2153445986
1344 7300180660 18166212051
1345 11608434143 4880327843
1346 9863271112 -1647683223
1347 -2360098637 -4497193094
1348 8091912962 -1815827981
1349 10702540512 1771013678
1350 7343983278 -14035973387
1351 5547977895 14435461383
1352 3938971276 17840121669
1353 9352706340 -1567357407
1354 1861854005 6990450861
1355 2020325548 14445875588
1356 2515613705 -5139050107
1357 2133077655 7052203914
1358 11608434143 -5139050107
1359 9477339755 -5139050107
1360 8429151510 28038028190
1361 5340565130 11980233156
1362 9689506248 1587759227
1363 -8828162475 -3558773039
1364 -8828162475 6193338709
1365 2233948097 7388979856
1366 -2051828640 3326715647
1367 715754177 18549886825
1368 6320444371 16381114780
1369 4316045557 -255283690
1370 10000000000 0
1371 1708839040 -3849035436
1372 -8828162475 175063651
1373 -1221460349 -11206024527
1374 6283698349 9949623065
1375 2384402991 8240328537
1376 4797088352 6475182084
1377 13094452943 15927488292
1378 779998420 19636251715
1379 9695937107 4206293353
1380 6621057991 4990097086
1381 9274418624 2725782436
1382 2359615890 6795663952
1383 11608434143 7853766356
1384 3166697019 9365291765
1385 4515515287 17885884674
1386 21951932297 24459287496
1387 11350590249 5990493824
1388 9775349849 3859088090
1389 9653150624 1868930379
1390 18838714488 1360597397
1391 3762748865 -5139050107
1392 7211515045 17977427220
1393 4202150719 -390483982
1394 8044888993 4078777516
1395 10389982170 1815709836
1396 9243048424 2253604372
1397 1867770591 18176582570
1398 11608434143 -1647683223
1399 7192166211 3163203604
1400 3817231820 -1599889344
1401 -5754728055 2555351333
1402 8854585569 2646332860
1403 1974521623 7558050173
1404 -8935601693 18461975076
1405 16744073647 5402598481
1406 11067702295 -2816193914
1407 9304829539 24474942923
1408 -8828162475 -5139050107
1409 11608434143 -5139050107
1410 6703713915 18345443625
1411 2187972893 -5139050107
1412 11608434143 2159785922
1413 19316656506 -16405099547
1414 -8828162475 1636200820
1415 3082554303 -5139050107
1416 6508561407 -838241262
1417 4225149904 6036171843
1418 7089155344 18289017751
1419 4548584546 -5139050107
1420 16321958500 14092044353
1421 10051129531 -1647683223
1422 3263946176 3127086780
1423 8975615992 2402067211
1424 8240534956 3374882563
1425 -457171928 18549886825
1426 3201676142 9402830781
1427 11718573384 4736520436
1428 3671229768 10439531533
1429 -8828162475 119090310
1430 -3289202683 -5139050107
1431 3674949257 -1175670365
1432 -1180081284 -11219695814
1433 8159103945 -922303243
1434 11608434143 8080578841
1435 11273210241 -3788775335
1436 3571860600 12385680257
1437 -1481425749 4735398923
1438 2242101761 -5139050107
1439 2039896845 -1872644117
1440 -20263744663 -2173958801
1441 11608434143 919500992
1442 8771397535 7832832443
1443 20043483204 14770134420
1444 4780834841 15948729691
1445 10000000000 576581465
1446 7592194655 21329054
1447 8877365095 1993981255
1448 1047891219 5835384756
1449 9537774370 8014439453
1450 3566633091 10216826644
1451 1266951608 12177753781
1452 17704395426 8500785661
1453 7097513722 2811116642
1454 2844624731 8679542702
1455 -8828162475 9596222974
1456 -1777716299 5386193497
1457 7747630567 18570001559
1458 -1905184492 -4763634292
1459 5485061363 376226420
1460 8243079946 7515450292
1461 8355318408 1020262354
1462 1926014083 8062051900
1463 11336364304 -3861824688
1464 -2691939372 3311193306
1465 9548022006 -1647683223
1466 -8828162475 -5139050107
1467 4969453718 14257989366
1468 11886292019 27930857081
1469 -395282315 -5328332883
1470 3286511730 -1277070709
1471 3479065686 -1822930767
1472 9894653984 7840823864
1473 -3713496496 6550350378
1474 8737515495 -3562303599
1475 6286228760 -5139050107
1476 5411053141 503051924
1477 5121684057 856697352
1478 70093205 15048139777
1479 7398578126 -1803352175
1480 14817679721 596171623
1481 12951920774 406574398
1482 24767188368 12715268864
1483 6383267811 9229815405
1484 6757489400 9842589795
1485 10279794393 13560805103
1486 6595625248 -11268382336
1487 2288730959 18549886825
1488 3460433478 -1073615091
1489 10437733537 -5139050107
1490 10818585050 18549886825
1491 3019956456 9052855063
1492 2167922912 -2986364276
1493 6837216664 3294643217
1494 5539341481 -4657478414
1495 5609157701 2355944023
1496 8857155824 2644500921
1497 -7618578105 3033459996
1498 -2778130979 17147256814
1499 4914244852 7313370082
1500 7849899935 866030186
1501 7461140728 17434033923
1502 6085194436 8652983118
1503 -8828162475 21200983222
1504 7907998260 -5139050107
1505 2781804911 -1647683223
1506 6284690197 -13685992069
1507 10668792615 17333524501
1508 -6077570846 3498125001
1509 1350003987 5466164942
1510 -2576275359 3379633507
1511 5587556111 5565565638
1512 7577267534 -3690855058
1513 17704395426 -5139050107
1514 6092939430 5760495443
1515 -8828162475 -5139050107
1516 6786415661 867489218
1517 8015771429 3391418427
1518 5409096491 -5139050107
1519 9691636132 -1647683223
1520 7097036416 7841625948
1521 6709567364 1328284484
1522 6411959644 9387404583
1523 11131557241 2722349115
1524 -11961687455 2227501356
1525 -8828162475 1502303284
1526 8907081010 2606777231
1527 4550968025 4866149949
1528 -8828162475 -955861417
1529 7173719004 17896952742
1530 8466260957 3910148171
1531 9715795661 1178469492
1532 7090631305 12008626261
1533 7051716702 9920624734
1534 -541443770 4711230199
1535 11608434143 16364505232
1536 -2328364737 4265309498
1537 5416425297 7940000156
1538 -5545794128 4181286185
1539 11608434143 1950948587
1540 5734139400 7723896955
1541 9906823376 16086409352
1542 2829186153 -6956416421
1543 4471230469 -5139050107
1544 2116897678 -5139050107
1545 6661218930 4148849307
1546 8421422794 18743717314
1547 3810598247 -5139050107
1548 7645061455 -5139050107
1549 10564330784 2021258492
1550 8939398294 14980970303
1551 5413903885 16841051759
1552 11608434143 18755280114
1553 11323061078 1145985774
1554 2329335200 7470071059
1555 6254799837 18528413560
1556 4097379958 9360530469
1557 7031417982 3888326165
1558 10085262386 2034424641
1559 11608434143 8844848182
1560 14196401410 19766164123
1561 738091604 18549886825
1562 19188311746 25374570627
1563 -2610489206 -11591287610
1564 10051685887 797571960
1565 4632890779 -861371187
1566 6407484970 -714713139
1567 11608434143 8806963920
1568 3271388222 -1455022877
1569 4233992998 -5139050107
1570 -4717876749 1313790349
1571 -1903024756 3781248534
1572 9398287963 -1620080984
1573 9421675382 3296072906
1574 999997422 5482364408
1575 11193277424 24818271731
1576 7489619390 2363349937
1577 -2830948861 18549886825
1578 10000000000 -1647683223
1579 11608434143 18549886825
1580 -3042995584 3904435444
1581 9249428455 9074375954
1582 9719378343 -340219192
1583 -2173528064 -838900795
1584 6427339665 7290160853
1585 23841179665 16202507131
1586 5944184190 -2827340595
1587 9915746173 -5139050107
1588 -796786562 18549886825
1589 9344020526 -5139050107
1590 6607877499 2097856931
1591 6892947077 2925568338
1592 -610670306 -3545913891
1593 7505861367 6029793918
1594 9448895255 2179831655
1595 2461150281 -10058913192
1596 5380457771 5979908508
1597 4909047862 14661809209
1598 4015018772 -1364764436
1599 7962881370 2168413578
1600 5698483642 6513569102
1601 6792682555 3266342775
1602 6887676957 3874019118
1603 2816250250 8619128395
1604 6521359892 -5139050107
1605 -1833236960 4307978614
1606 -929684998 -1162929757
1607 2284246293 7374068773
1608 2900757271 8799058842
1609 5015311256 13298521016
1610 2294804511 8030688422
1611 7042232418 7645556002
1612 17203004625 25632566289
1613 752742185 6196094011
1614 8026840207 18644106115
1615 1713307696 -13594414127
1616 -181639545 7818619945
1617 17704395426 18549886825
1618 7921781937 -3749562478
1619 1389607601 16948431971
1620 8648834663 6387352338
1621 17704395426 30543439786
1622 2234090311 7267277787
1623 -4053010930 -5139050107
1624 5104725993 -3139271372
1625 -971279513 5973190030
1626 6807943290 8474260440
1627 11608434143 1369601688
1628 4861915952 6592553052
1629 -4318375718 25296066676
1630 -1441709874 3856486271
1631 6586669038 14393392092
1632 6887467361 16054779358
1633 3090962824 9204040222
1634 -6764945618 5505414159
1635 5230795266 20877846832
1636 8120630780 7205526137
1637 20688423201 6838537594
1638 15287455991 7082115115
1639 7093264378 5117306179
1640 8385722353 3116764397
1641 22054311077 -1517080346
1642 5238731215 12572190189
1643 2289988685 7307675284
1644 2158494367 8683310884
1645 -5686295628 14045697244
1646 12623917114 4439556223
1647 6521228084 5124523573
1648 4396925884 11984667361
1649 4458308432 7240714732
1650 -7173818110 1734660635
1651 2653940561 17978636260
1652 3319837362 -1465751992
1653 2533187624 8029482566
1654 10750631416 1058267938
1655 3549808229 10120888700
1656 7959725274 8137078349
1657 -5349005956 -3594201876
1658 2399821526 7808440020
1659 -8828162475 13935828982
1660 -11004992645 15359977844
1661 12163424259 9472761899
1662 2867116965 9424636760
1663 11608434143 8813264668
1664 11608434143 6741075194
1665 11608434143 83457103
1666 11608434143 1016058826
1667 2608299956 -5139050107
1668 7244012767 5002546431
1669 16970080460 7958272094
1670 16189219750 -1110413299
1671 -193894943 -3023188177
1672 7744504286 774668955
1673 15798873956 -3135899143
1674 2475523968 -5139050107
1675 10672690852 10695051049
1676 10000000000 3426628182
1677 17704395426 705172808
1678 11608434143 7649124320
1679 -1967029565 4004961415
1680 -411506787 18549886825
1681 7679791981 3667952277
1682 5388257170 -2162262746
1683 4361093349 7276547002
1684 9716584616 9681750061
1685 5298667283 4820708379
1686 6484028180 8875500896
1687 7091344418 2612042590
1688 9435158278 1931617085
1689 8287379532 3599922426
1690 7420448327 5548336610
1691 6829780741 -5139050107
1692 4878289311 13009575531
1693 7503432596 10285249607
1694 7335962722 1803511013
1695 11623032240 3689203924
1696 13649598332 -5139050107
1697 9243333592 3033581487
1698 12301902354 22419494215
1699 -2427028290 2923133179
1700 7063650570 -5139050107
1701 13229065683 9991395953
1702 7017020237 15565417420
1703 6954530564 7805914240
1704 10514369470 163462434
1705 3265715172 18549886825
1706 1932485478 8520639108
1707 9977109980 -905314993
1708 -252153041 8421040988
1709 -527280950 -1522956648
1710 8253598913 18071659342
1711 8317490267 -6296145210
1712 -966042891 13976353041
1713 17704395426 24478544576
1714 2707196547 8939185943
1715 -8828162475 582247289
1716 10082162182 6189539020
1717 10708682129 14872442962
1718 7576702167 4434459812
1719 10027530569 -5139050107
1720 10748002674 18213023220
1721 2353107268 8254281531
1722 -8828162475 9246645171
1723 9673328037 83489959
1724 2228735881 18549886825
1725 369201245 18549886825
1726 10000000000 2783471918
1727 3928751789 10359794058
1728 -4462185579 9659199415
1729 2945797290 8894957036
1730 2946733860 8896951160
1731 -4827605836 6168835513
1732 12803789830 -2875510894
1733 19501548140 -5139050107
1734 9356365663 3988985143
1735 11608434143 1858747876
1736 5927679904 -5139050107
1737 5017660389 9878252473
1738 10000000000 613516269
1739 -8828162475 10036063712
1740 -11017530439 23393787195
1741 10573852605 6131457923
1742 -8828162475 -5139050107
1743 -8828162475 -5139050107
1744 4522931545 17947969506
1745 11608434143 3578292448
1746 10238245641 -5139050107
1747 -5316365147 -5139050107
1748 13124676316 1101272846
1749 7041280065 14313882692
1750 3706502432 10339720262
1751 12216511625 2963894687
1752 44960819 18549886825
1753 19568955097 7818641818
1754 8205017107 361110551
1755 7103846041 2059470709
1756 7106436523 8624300406
1757 8493595923 6534586363
1758 3334993432 -2364242945
1759 436474917 -5139050107
1760 3056943995 18549886825
1761 6756970971 18438921498
1762 11608434143 8016635780
1763 7164403540 -1641992484
1764 4007503387 -2227654982
1765 2546040724 18549886825
1766 -1743213271 -5139050107
1767 -8828162475 335276
1768 9947582702 6205436267
1769 -233037810 17330330026
1770 10530975664 3996308382
1771 6936401815 999580678
1772 1386662676 -2596253087
1773 -5930814143 3069562372
1774 6095493766 8516917268
1775 2837775847 9165029850
1776 -2178539167 5031047213
1777 -1092169924 -2388037702
1778 8066704936 2746977333
1779 17704395426 18549886825
1780 3117365064 -5139050107
1781 93892057 5279942973
1782 1431730074 -2556360478
1783 11608434143 3681002326
1784 1483141631 2087638981
1785 -1447680507 -11054630046
1786 7364104554 732828317
1787 8253397491 6506096603
1788 11608434143 19517161568
1789 9154520668 176251083
1790 5403228442 -3451216142
1791 10238248646 -2591650851
1792 1709169791 -5139050107
1793 10318167469 6274531911
1794 -4777365808 3330874589
1795 7340805444 18252709426
1796 2192160152 20027132933
1797 3339311446 9732818516
1798 -5118035434 -5139050107
1799 -8828162475 7884013160
1800 -8828162475 1045293478
1801 8246861894 2102401359
1802 17572189437 30337953916
1803 11608434143 1818789253
1804 6880375659 8981856787
1805 14682335365 15395414892
1806 10137171699 24281381794
1807 9951845923 7043904382
1808 1993693779 7319244956
1809 372263194 3280699264
1810 21627984785 24750491815
1811 15075824612 -8187202086
1812 9623878612 9014426327
1813 8178682951 6506340170
1814 5883806839 -2482907450
1815 2577054632 8167723247
1816 7068937782 19812886260
1817 3476604474 -5139050107
1818 6396394943 -5139050107
1819 -7752831382 3425509807
1820 5053065818 3240016672
1821 11608434143 1748329224
1822 9175089412 6087597717
1823 6773178774 2609375603
1824 -864994977 -2232194041
1825 -1410494499 -5139050107
1826 1013677497 5877198229
1827 8967593326 12600485701
1828 3118459906 9262586391
1829 7833478626 19199768845
1830 2230063925 7258704895
1831 6770252192 -5139050107
1832 -8828162475 6641582688
1833 4064771575 -5139050107
1834 3268112511 -5413937488
1835 8116959745 12248063333
1836 1720622968 -2567750542
1837 -8828162475 1101576047
1838 19113977376 10926909801
1839 10512074146 -3001252294
1840 6110261559 -351468735
1841 -409467824 13671260627
1842 8294824003 10968296920
1843 -17053453673 18549886825
1844 8982904003 1462365907
1845 -12328107289 16828085954
1846 -4294876730 -5139050107
1847 11608434143 -2913200897
1848 7684884649 6597458374
1849 2715456007 18549886825
1850 6082704437 -315397291
1851 5185438249 8006133747
1852 3055916030 6807484903
1853 4584867398 1512754851
1854 2711198895 -5139050107
1855 11608434143 13975587543
1856 -1230273284 12123410721
1857 6528537027 5343295486
1858 -39844758 -5139050107
1859 10743117874 -157246217
1860 5427045602 -5139050107
1861 11608434143 -5139050107
1862 3549424514 9886197989
1863 7150679513 18483660594
1864 -1852399771 5050154439
1865 -1833101819 -1253865840
1866 5753356525 4350190
1867 17996961193 -5139050107
1868 5284346887 -5139050107
1869 5533181645 -5139050107
1870 7299187807 18164098092
1871 7726615346 3344094813
1872 6228312919 6256031007
1873 2239085790 24478544576
1874 -8949056857 -5139050107
1875 17570032017 217026261
1876 4901470646 322216815
1877 422015783 -7201474154
1878 2791214112 3704824839
1879 1676387993 19172190711
1880 2602979741 8165037632
1881 9809241722 2846267958
1882 1991561665 -2278982960
1883 -4958694479 4958001409
1884 6900589414 -5139050107
1885 17704395426 -3164457412
1886 825873266 -22992976170
1887 6813426455 6863880021
1888 1882786826 24478544576
1889 4978728017 6321534396
1890 10109579969 24147921795
1891 12142672227 5123332855
1892 6592697338 14360213945
1893 11608434143 915955261
1894 -12766692314 22651700424
1895 -837725484 -5139050107
1896 -1685881537 3898493402
1897 -5201094555 -4026136482
1898 7270506931 17909625992
1899 7692339252 353164186
1900 -8828162475 6974399475
1901 5321441240 -5139050107
1902 -8828162475 5914885350
1903 8313175155 9411956935
1904 8192964374 8472491052
1905 6297756306 -580610905
1906 4931908863 4699898586
1907 11608434143 6828141254
1908 3368959112 18112764991
1909 7697642038 3520776463
1910 4637539573 -11938907900
1911 3179340472 13387232561
1912 8597997397 1097793667
1913 -2621704859 5614916012
1914 -8286632318 4984328772
1915 12693860637 -2959327759
1916 6799928425 19264204990
1917 7575264424 4830523165
1918 3964676341 12766147998
1919 6992965150 3341113905
1920 1385063416 9568788057
1921 6936919173 -1361748348
1922 -9050833238 18367687284
1923 7679107484 368469173
1924 571238801 -5139050107
1925 9955639475 13392838701
1926 5709481380 6013727787
1927 -5325949226 14169417489
1928 9663258337 -5139050107
1929 9515005114 4787549027
1930 -12759057110 23100017265
1931 11608434143 10000000000
1932 2208215878 24478544576
1933 8944752963 5636482972
1934 -1451271422 5199021410
1935 5681295566 15330604247
1936 2361776596 7264275772
1937 11608434143 13280087797
1938 7111404509 5522223932
1939 8799901932 3250158003
1940 -11496560740 8438131955
1941 5508294975 359373984
1942 7243399843 18045315614
1943 5754952598 8892238349
1944 1295972606 6013732173
1945 -8828162475 9600231666
1946 9282634633 -1486306519
1947 10020908577 14709785542
1948 15410863312 6736827100
1949 2571608485 24478544576
1950 -2906218715 1431000644
1951 6872878622 9399003236
1952 10194526342 10229612170
1953 -4573823157 9880018014
1954 1979900489 -5139050107
1955 2796519448 18549886825
1956 -644162792 13173034165
1957 10214676476 10267917205
1958 8773959964 -5139050107
1959 7968132757 -5253211980
1960 3330268299 9713564050
1961 7605312289 3391259221
1962 3928495288 6923208776
1963 -1849385698 6569184974
1964 -8828162475 772496793
1965 8814562080 -760499669
1966 6979471566 -1413752725
1967 8115776479 4247349889
1968 11608434143 1414075030
1969 4171102741 6868368885
1970 6569514186 16376625792
1971 -6853798104 11956344975
1972 -2651035485 -5139050107
1973 2412605651 6523049913
1974 -177941925 5755368057
1975 6480517664 16328956810
1976 2708078137 7974071929
1977 -550479967 5217910922
1978 597302644 2155801317
1979 10576548024 6948588782
1980 6832971367 -11187105688
1981 3388000021 -1602150960
1982 -3539655579 -5139050107
1983 -8828162475 126794498
1984 10000000000 370608925
1985 -1346263806 5790804356
1986 -192609582 4781800305
1987 6851328732 -4220505888
1988 13975196745 11409462714
1989 6975680604 1182112448
1990 1426895772 8310622908
1991 -3235635860 2458916858
1992 2757661860 8430224513
1993 -17193532451 13874505273
1994 11337661923 -121106526
1995 10150319442 11153842831
1996 1530166050 5171908421
1997 6467711237 18463074211
1998 2707047429 8386616209
1999 2860991959 8979344177
2000 3462586726 -1289119989
2001 10000000000 1865230574
2002 -8828162475 12829376316
2003 6034682152 115641492
2004 12736445182 18263248683
2005 10167658922 12359710614
2006 11608434143 -5139050107
2007 7409072587 2461118664
2008 6947987188 2497472880
2009 1647395174 5102715495
2010 9090496127 4925622080
2011 6390434291 16229200568
2012 -3012344504 10797503661
2013 2800157261 -2964782847
2014 2030682223 7487790763
2015 -8828162475 1730512352
2016 6787463994 -5139050107
2017 2282148204 11495581838
2018 3061132019 9492715150
2019 11608434143 789101260
2020 -8828162475 13239400321
2021 -2479898829 -1715760442
2022 4334256144 4480669537
2023 -3434871648 -5139050107
2024 17775295504 24478544576
2025 11608434143 -5139050107
2026 -1481631239 -1623121252
2027 -1235976701 5894629631
2028 -991607788 -2317135923
2029 4479242323 1641841981
2030 11608434143 495451024
2031 3108120743 8885556955
2032 8620319124 4395522000
2033 -2088886013 5690467350
2034 -1899117503 18549886825
2035 12113767942 8263549739
2036 8006004628 18946025712
2037 3518995493 10115397743
2038 3914548178 -2391860134
2039 3022474966 9050207051
2040 10349682147 -5139050107
2041 396900128 -5139050107
2042 5450109225 5852430414
2043 10095366912 18549886825
2044 9612015674 8384508663
2045 10044327788 780698390
2046 18544562641 12636547885
2047 10000000000 1447183789
2048 6380065064 -38289473
2049 12092679862 -5139050107
2050 2690042178 8621007946
2051 11608434143 6973019
2052 -8828162475 10792585866
2053 5940662253 5768167965
2054 4748234084 -5139050107
2055 -669838871 7934667048
2056 6799192085 2054924500
2057 2818773174 -2303271801
2058 11165992007 1258723223
2059 8305501033 0
2060 17704395426 7065682185
2061 9568862337 2405074471
2062 2135834096 -13027163069
2063 7425411551 18432850845
2064 3704533406 9897759534
2065 11608434143 -5139050107
2066 2978246094 8964046300
2067 3393392514 -1552948776
2068 6764811149 3337099561
2069 -8828162475 6306829246
2070 11608434143 -545430753
2071 3638772991 10343666812
2072 -8828162475 -5139050107
2073 8823641578 7556973360
2074 17251178779 2742394916
2075 2705498650 8652034389
2076 -16886182268 9601707277
2077 -1021659477 18549886825
2078 7685506829 18715607256
2079 7995996293 -5139050107
2080 9164164694 6922830765
2081 2678818375 -5139050107
2082 9865319421 1212428672
2083 111806584 -5139050107
2084 10944539142 6216212324
2085 7784077466 1559033221
2086 2608498959 8768194267
2087 12026877420 4978046535
2088 -8828162475 5744247106
2089 10014895575 13509267136
2090 -8828162475 9279888360
2091 11295960681 13857186240
2092 10398227780 18549886825
2093 6369713440 -2224072437
2094 8881657524 -5139050107
2095 7522337533 18639223463
2096 1404707348 5520933869
2097 5624270552 17002194363
2098 -8828162475 9007132633
2099 8272568597 6598266328
2100 11608434143 13414833411
2101 8993259735 0
2102 -8828162475 970141125
2103 7748396155 19035383472
2104 6257483142 18198280865
2105 -8828162475 4553327721
2106 11608434143 7929846655
2107 -2319383167 23291967146
2108 -8828162475 5758305405
2109 10262221886 9804654408
2110 -1668338297 22646354116
2111 9200970991 -73938726
2112 -1731135326 5794170425
2113 1958853235 -5139050107
2114 11968332350 -5139050107
2115 154783241 18549886825
2116 3617092121 18549886825
2117 6616307951 -5139050107
2118 2724289810 18549886825
2119 -4300320756 3401324548
2120 6706233358 1486277244
2121 4074021465 -814244715
2122 -948236290 1741229402
2123 2566551699 8087475865
2124 2293079677 7441566965
2125 11608434143 3879293342
2126 9762539799 6371616054
2127 4985489413 -2045379537
2128 2998045834 8883793558
2129 6802747973 3176067997
2130 7740931895 1410643622
2131 1020671599 -23202128518
2132 5980490277 18448184718
2133 7232728030 2861648564
2134 2111348486 6553961329
2135 17704395426 -5139050107
2136 -8828162475 8234065007
2137 6868369800 -17441619146
2138 9388645240 1926956551
2139 -1944434122 -5139050107
2140 3283981272 18549886825
2141 -8828162475 996747729
2142 16670717895 23513444793
2143 8394466836 132646925
2144 -8969767979 18434018637
2145 9254983957 -1647683223
2146 8817129922 7877035435
2147 3356456727 9769323861
2148 2916746139 8833101979
2149 -2978836685 -5139050107
2150 -8828162475 15013273975
2151 5789101224 14376536495
2152 8281934086 6220179655
2153 6201146939 14578785024
2154 7129206159 4900337137
2155 1325269994 -5139050107
2156 10502230943 18549886825
2157 480634657 13753457399
2158 5777322724 6943123
2159 6557496801 13593243051
2160 7286230924 18136510587
2161 4692249511 9508722531
2162 4023591995 11071279765
2163 8692942939 14931472966
2164 -1419591501 16599463184
2165 8199166275 3401608573
2166 8905633252 9094616475
2167 -9144144960 18291335308
2168 7187265146 7748998782
2169 9175672483 6935675472
2170 7348670247 -5139050107
2171 7692028475 -1670612985
2172 -3139432321 3489611973
2173 8606878821 -6190888647
2174 1386380336 -19865328924
2175 6938702883 -1363928266
2176 2401840285 8319765394
2177 5941000278 16324633120
2178 9508870954 8786320041
2179 16197307011 -1021854459
2180 -4264150900 3982387906
2181 4701443709 5531001671
2182 5254823827 13811284342
2183 5906638164 15199112750
2184 2515603891 12371199116
2185 3493118053 -1011350455
2186 841259279 17235246644
2187 1582101357 5623788605
2188 4040516732 -2483869911
2189 -8828162475 5052062868
2190 23591004399 8086696329
2191 8214581385 -250905419
2192 13220439528 10405644411
2193 3753496899 -1890376372
2194 7602092353 18494839310
2195 -1880862147 3697132099
2196 3621075604 2690629686
2197 -1379230575 5954604069
2198 6641172799 4803314250
2199 2354030713 -5139050107
2200 9940416413 10489439326
2201 2800231090 -1647683223
2202 -1506977419 14772904793
2203 5618925572 9012882152
2204 11932382655 9021888941
2205 17591179370 -7503072055
2206 20827886750 4920196681
2207 -11821395838 22952941097
2208 6412838945 248915709
2209 -8828162475 8152715343
2210 6833382688 3907618170
2211 5555251965 8191121837
2212 7171095720 12832352473
2213 6813035596 -1276899321
2214 6496175949 5873659755
2215 32417762491 -177265674
2216 3200622093 -1281884920
2217 7495074285 2538156390
2218 2085056712 -2196594740
2219 2414006926 8178050538
2220 6472479943 7774473464
2221 11608434143 18549886825
2222 19030524367 24818515126
2223 21092511515 10366102070
2224 8320435772 5427954030
2225 1971675799 18549886825
2226 -3209504147 4647962258
2227 11608434143 0
2228 6639828727 -1014493831
2229 10000000000 1541507357
2230 2035371310 15715792416
2231 3539329053 10090030144
2232 5920725479 -4870210105
2233 8800795674 5323435519
2234 7308877077 18266551629
2235 9024960240 5239197942
2236 4571850787 6343133942
2237 7916477618 620820084
2238 -2341746611 4504525102
2239 1409296590 24478544576
2240 760805177 16851383818
2241 11608434143 -1647683223
2242 591717564 -5139050107
2243 11608434143 359745293
2244 -8828162475 1112150347
2245 11608434143 2450682877
2246 -539016730 -13905697372
2247 8779049081 113637914
2248 17704395426 806899763
2249 8057971393 -69757001
2250 8245744822 -5139050107
2251 1280215654 -2616578858
2252 11608434143 384164920
2253 8002800752 1972679677
2254 9778647829 2584951593
2255 7757329101 4312916947
2256 11608434143 7267785511
2257 2911505530 8761302104
2258 -6536389408 -8679197690
2259 8238723984 18828125130
2260 7590749573 18784884838
2261 4028310974 -899158353
2262 11608434143 1908361911
2263 5563109931 6104449503
2264 12067165068 17541637245
2265 583423672 5728426913
2266 4696510900 -5139050107
2267 3769705739 -5139050107
2268 11608434143 841765371
2269 8748015755 7429020690
2270 -8828162475 727256583
2271 4610182264 2059589592
2272 -994322072 4781887217
2273 15875884098 -1214773362
2274 7583939837 6266670449
2275 6564865026 -1377257137
2276 7198279589 9487889378
2277 7259860459 -5139050107
2278 1332495416 18549886825
2279 2151007736 7090380238
2280 -8828162475 11296425266
2281 2592364508 24478544576
2282 8324965452 7812303889
2283 9799123786 22951225127
2284 11917934757 9064080059
2285 14203651364 -1771729812
2286 6627045824 -5139050107
2287 4882735052 11349680018
2288 11608434143 7539123508
2289 2138212339 7063136568
2290 -8828162475 537472689
2291 9044871993 3456525342
2292 7025361192 -5139050107
2293 6318165758 8816344093
2294 -1065395210 8323262337
2295 8939925040 -6190470007
2296 5215084402 -5139050107
2297 3677789699 10453498791
2298 -8828162475 3845955607
2299 -1786863022 4273621916
2300 3614863519 -1162863355
2301 299573788 717576571
2302 21690578855 3768471627
2303 123711893 13030928719
2304 7885702806 13998160020
2305 -1591621769 24478544576
2306 -4665608888 -7341599299
2307 -2444038491 1476845787
2308 3106529625 18549886825
2309 2607470260 8174598743
2310 3120269396 -5139050107
2311 4647302151 12517762870
2312 21916131035 -5139050107
2313 7545017201 2081360099
2314 7727001669 18837621535
2315 -1770577707 -5139050107
2316 3287642482 9622806121
2317 8647048667 18000675580
2318 5999292877 -11182895
2319 5472139144 -1351058883
2320 11608434143 10678811112
2321 6625153256 -10519876521
2322 12557238588 -2320086626
2323 10275877381 -2635175442
2324 11608434143 1626037239
2325 9238740738 1773110000
2326 11608434143 988713080
2327 8184680883 -5139050107
2328 6084846057 4111904503
2329 6805946488 1205425650
2330 6920631104 6177801732
2331 4172122466 6438697078
2332 5874150467 18360907679
2333 -3304014108 8139134183
2334 2281523977 6595451260
2335 8352878625 6386761504
2336 -8828162475 -6833732750
2337 11027764553 -3504872006
2338 -1273587698 -5139050107
2339 7189581036 26829528368
2340 4040851115 24478544576
2341 6981202181 15749843937
2342 6956509774 1626037239
2343 -5685782955 -5139050107
2344 5162888270 3165058693
2345 7009059424 -1354366383
2346 9966861252 2318314264
2347 2700060641 18549886825
2348 -1742188358 17221774064
2349 7967139957 19027933932
2350 3538346145 9759437455
2351 2900343370 8148212186
2352 -1591621769 6877842060
2353 15103879598 -8219652866
2354 9418313457 2354161018
2355 9738580458 9364945671
2356 10695844171 7073305882
2357 11015788422 -2833484430
2358 -1743213271 -14123928684
2359 11608434143 18549886825
2360 2089291474 -4598280603
2361 7860005153 9539521550
2362 6715567147 4490943633
2363 6714420745 1484307790
2364 11608434143 -5139050107
2365 8554324789 18732426578
2366 23804998716 -1647683223
2367 7670350621 18598029196
2368 6508314741 4597480501
2369 7053357349 932713274
2370 7925190095 7782002249
2371 -2498877697 4189945295
2372 1924158945 18549886825
2373 985453114 8159455575
2374 -1297689606 8701979642
2375 -376106601 7575689258
2376 5864418610 5096677051
2377 -8828162475 655186087
2378 -8828162475 459258568
2379 9767215887 15891929181
2380 9709166041 9777850548
2381 9143749840 500390255
2382 6792726530 -5139050107
2383 5535281657 18515459693
2384 -1104586096 14669993290
2385 9686617325 7036570417
2386 7982203669 4473488725
2387 1634859557 -7309507122
2388 -8995112580 18413280509
2389 7529586973 -1943034259
2390 10000000000 -1647683223
2391 216641879 15678871324
2392 2698577535 8368582301
2393 11608434143 6966485686
2394 5695083582 -2067634765
2395 11608434143 5989091854
2396 -4666914649 -5586062127
2397 -554910746 8108157722
2398 10898487303 6197948822
2399 11608434143 -181350739
2400 2255503649 -5139050107
2401 9309891227 1230719541
2402 -2276058313 -1646061937
2403 7403290294 4535680090
2404 5749790846 18542457219
2405 6124608296 2465617875
2406 2615131351 15016949810
2407 6525826107 1316096747
2408 13726881409 7475941292
2409 -1930876574 -1488347137
2410 4783523271 -18155552613
2411 19794508353 -5139050107
2412 -8960077755 18441947628
2413 -8828162475 -5139050107
2414 11024825092 18549886825
2415 2460163928 7860957417
2416 -6197037940 3846995823
2417 8495941334 18634223192
2418 -4758761886 10644918362
2419 7949143431 0
2420 2658039710 8282270078
2421 11608434143 7954371195
2422 6289903225 13592999420
2423 16911741258 1858121065
2424 17591179370 -7503072055
2425 5991421285 18431921529
2426 20372209677 7149132848
2427 -566420705 18549886825
2428 19432808557 -5139050107
2429 8349692992 18672692373
2430 4950183862 3164043005
2431 6822631102 9282448986
2432 15854180768 19459092663
2433 8271700492 4115757972
2434 6812901147 1370396993
2435 6879843502 -5139050107
2436 6182905118 8444010889
2437 19015283142 12987233742
2438 9771753789 -16447386253
2439 15111477145 8713962009
2440 7480856805 24478544576
2441 -83343514 8057041439
2442 16526781739 28713091740
2443 7283132550 8331267250
2444 2748229656 8459170357
2445 2382333260 24478544576
2446 8757621971 3883960407
2447 10507673374 24995533309
2448 -8828162475 2622128253
2449 11007266958 -5139050107
2450 -8828162475 2188751271
2451 -12573255764 22482140153
2452 11608434143 -5139050107
2453 4973363771 -8277159385
2454 9727649630 5819699082
2455 11608434143 209276275
2456 11608434143 6863328716
2457 1625860604 15440732444
2458 2364343196 18549886825
2459 8850966815 7792915153
2460 4519873953 36896070104
2461 4137817660 -1585816245
2462 11294616274 8337994204
2463 7031993730 -778450495
2464 5648563382 -5139050107
2465 2437857891 6514999543
2466 7253256204 18066301555
2467 -8828162475 760751273
2468 3472621308 7917418711
2469 7771316533 -5139050107
2470 9754129551 1834971551
2471 8497442954 5630135727
2472 4939398951 -3038710169
2473 3411630630 9819193468
2474 9830584321 1438309943
2475 7701759924 -5139050107
2476 15617158056 -13881423940
2477 10000000000 0
2478 6869849201 17249959999
2479 5055785602 -1461072311
2480 -5820043890 -2218665013
2481 11608434143 -3469855751
2482 -8828162475 4303356539
2483 -11970703795 3117842499
2484 -13307099491 828821455
2485 7290559545 8184997398
2486 15435587494 -1208258250
2487 18993890160 5236059214
2488 -4784414254 -7185781281
2489 -1117373048 5443773685
2490 2390289549 8151843326
2491 2593881592 -5139050107
2492 7777477839 4867761905
2493 16561702975 26244476844
2494 -10779996902 23511476986
2495 -12930965375 22919306304
2496 7342964304 18257306022
2497 -2850229341 7045296423
2498 2395856707 7459246589
2499 -8828162475 10000000000
2500 4773693173 -964306510
2501 11608434143 8990293919
2502 -430392874 24478544576
2503 7146076146 17838096189
2504 -8828162475 9854023649
2505 10267038986 -2403780028
2506 8721330841 5552931309
2507 3296253688 -284171492
2508 -2449334165 -1439563955
2509 7912219316 3210319397
2510 11608434143 7137289707
2511 5399566707 20933645114
2512 10323565045 -5139050107
2513 8594356301 -18703932
2514 2306590567 -5139050107
2515 6826844463 18080241562
2516 1155102390 24478544576
2517 4592228393 6089754482
2518 7776223185 3615711373
2519 3374436756 -1998905547
2520 5966140876 -1348258
2521 -8828162475 -5139050107
2522 -3115122344 7807634145
2523 -8828162475 1049306577
2524 1765691815 11703772225
2525 911205638 6002431733
2526 11237002047 1945610026
2527 20308201417 7341314315
2528 3135751011 9299402223
2529 8194863604 4418979358
2530 7877860474 19101735099
2531 8217283484 -5139050107
2532 -8828162475 478497801
2533 9816604870 870868049
2534 4474754704 6396902443
2535 8438589421 838156314
2536 3454887395 2893732585
2537 -1527501509 -1629283191
2538 9613903078 3842250995
2539 5616651046 8637566507
2540 5757710963 8690674992
2541 7393957184 18506899704
2542 -661554358 18549886825
2543 7059385613 -5139050107
2544 -5761539929 7919147691
2545 6575918754 4074825565
2546 5326007918 -5139050107
2547 2278476442 9447865491
2548 9925265641 23340198742
2549 7089353160 6307985586
2550 8576514258 -5139050107
2551 -8828162475 7549049621
2552 5937638069 -140501111
2553 6225709045 -3446513897
2554 3356121191 -1893019775
2555 9951188303 6162410539
2556 8719247861 -5139050107
2557 11608434143 -5139050107
2558 11608434143 1003437456
2559 4737649014 -6318077557
2560 7791606022 19212543867
2561 9338856254 24111319612
2562 3087122543 8322615459
2563 -9144144960 -5139050107
2564 9367576006 2390873814
2565 7639017111 -5139050107
2566 2815240122 -6828126731
2567 10157605177 17690585825
2568 8345440077 9486130793
2569 1928822844 6679395243
2570 2058152997 -13585396166
2571 9870092072 1665399060
2572 8366192598 -2026211227
2573 5750787491 23568815
2574 5578774621 13401244721
2575 9060728010 13283744250
2576 7448815463 3102092337
2577 -8908389414 16006717384
2578 11608434143 18549886825
2579 13023305096 18549886825
2580 3757413413 6160151459
2581 6066170347 15213524915
2582 -6087219948 -2997871296
2583 14577288637 4402177810
2584 19413081140 10028866327
2585 2227501992 -5139050107
2586 3847698185 -288651609
2587 5326464864 3098854874
2588 7345351940 6538703730
2589 9209789974 3177158717
2590 7456478649 625980593
2591 10000000000 311612206
2592 12192020094 -2441726869
2593 1843661135 9376254005
2594 17583847031 24478544576
2595 4378795742 -5139050107
2596 10054364803 8269646416
2597 11571432802 1028656077
2598 -6133017803 3660042603
2599 -8881815731 18505985244
2600 7852744258 11534599832
2601 9707921278 -1647683223
2602 -16810008863 18549886825
2603 10045621724 6193855374
2604 7740998010 296881334
2605 5454309322 2889827905
2606 7619975674 1528890852
2607 -8828162475 -1647683223
2608 6283316335 -2675742716
2609 7959132229 9580641754
2610 -12033277619 -5139050107
2611 -8828162475 7519309542
2612 11047760324 11605185402
2613 5188986400 5915742486
2614 -6278757553 14793697620
2615 7394718312 1626037239
2616 3447873436 -1055853963
2617 7418070077 670407209
2618 2939323223 9237936667
2619 9155605585 -5139050107
2620 11608434143 9443262112
2621 5449986553 7756062350
2622 2232175378 7333656388
2623 -2008202251 -5139050107
2624 6913832935 5406074740
2625 7323372050 1963395854
2626 -8828162475 -5139050107
2627 11608434143 7853032437
2628 11608434143 470242102
2629 10615547792 24621741196
2630 10065914714 -2392314788
2631 11608434143 4099757555
2632 10507673374 24995533309
2633 11228648545 -2762588904
2634 4932961309 13125981916
2635 10534298342 8407411775
2636 -8920094268 -5139050107
2637 7459346393 1073696460
2638 9351548878 -4312729650
2639 9677842350 -1647683223
2640 35736079962 -1025289156
2641 -29431980620 -8097563809
2642 8819071306 6290657660
2643 5727105714 -5139050107
2644 8496589877 1535185511
2645 8209888336 7868703142
2646 7233522670 8250104128
2647 9805152853 2418422650
2648 3606381149 10277926252
2649 1940835070 15594111082
2650 7082518779 17702771276
2651 5731078150 2395757224
2652 8068907207 17836885084
2653 11608434143 20045415297
2654 -8828162475 11786006396
2655 9875771870 2682175723
2656 5758337561 4683674138
2657 24052359050 19837670412
2658 2154812328 18549886825
2659 -571512845 3050440611
2660 11608434143 6424052758
2661 11608434143 8230817035
2662 75186851 18320752847
2663 7553428428 6559503471
2664 -3271945799 4685554258
2665 658228452 9499244231
2666 6693347116 -5139050107
2667 -8828162475 1222565357
2668 6863660261 4166699662
2669 -10011206281 23892386597
2670 7353612713 18279978376
2671 7429512600 -5139050107
2672 10000000000 2815483828
2673 2717185432 8408201817
2674 11608434143 20963171337
2675 8458972419 6695513582
2676 -20435862886 17099539186
2677 9462398580 -5139050107
2678 6966263428 -1167742234
2679 9053561661 393520065
2680 17279688268 18549886825
2681 4066933513 8963800012
2682 10982767865 9906155855
2683 11608434143 -3406153714
2684 4085755082 -1561527406
2685 12187967924 -15619979483
2686 -1892122765 4160648853
2687 1045806608 5343201823
2688 -8828162475 9574621785
2689 -8828162475 -3246714634
2690 -8828162475 7357318665
2691 -6206005301 11410230662
2692 -8828162475 1353943946
2693 5658464226 13613928624
2694 6441457011 8631872734
2695 7767440834 4083166142
2696 -17653587017 20270207428
2697 10233644242 -1647683223
2698 8978773343 9004685752
2699 6455949169 18182000976
2700 5097574380 -5139050107
2701 4762711604 10104112887
2702 4621764683 6322857887
2703 8400492809 15331565550
2704 5130531028 -2372578060
2705 7585113348 -2353007128
2706 -1228365216 -11203743218
2707 9063718267 -5139050107
2708 5811515030 5565947459
2709 -5789670994 8647041822
2710 4955593666 -5139050107
2711 4271382322 -1010828008
2712 294367642 12312741969
2713 -1392503738 5836608973
2714 6421589646 17800313605
2715 4424397684 -302734362
2716 6229054616 7277494175
2717 11608434143 1987245802
2718 3395580724 9852625796
2719 7176265212 17902374070
2720 10370853405 -5139050107
2721 8064258938 0
2722 3218771841 -3146222688
2723 5875820097 6523162695
2724 3738521908 10582808442
2725 6997641462 -1401157451
2726 8166912032 325718843
2727 -8828162475 1533424298
2728 14212319766 -2138743224
2729 11608434143 -5139050107
2730 8266529980 3018000103
2731 4254697659 18010248125
2732 9039513911 -5139050107
2733 -3904491725 3833207157
2734 -2724882268 1226200137
2735 7866291132 -5297853268
2736 4012745540 -5139050107
2737 6934505275 -5139050107
2738 -11047683547 -7160779056
2739 886087558 -1864316828
2740 2649250940 8789075791
2741 6857813205 15444670350
2742 10938580039 24793151559
2743 2357278322 -2679205275
2744 7138543172 -5139050107
2745 -2376641522 -5139050107
2746 7223737757 4672098324
2747 186533790 13433993103
2748 8672684858 3279964438
2749 -11668021836 18549886825
2750 295238615 12498324362
2751 423962380 18549886825
2752 7693401674 10135772104
2753 3225492964 8104565885
2754 5632729380 -5139050107
2755 5622377565 6204534872
2756 4652949678 -5139050107
2757 9139626533 19335318013
2758 5721235232 7725700198
2759 4482914383 9975310991
2760 5991455684 -13589109910
2761 6875766354 1427745637
2762 -8828162475 -5139050107
2763 10000000000 -2316072231
2764 6845278050 6653769590
2765 6545419292 5321967455
2766 6089958584 6552259135
2767 8202505912 4728423730
2768 9398191885 11757660955
2769 5631868374 -5139050107
2770 7042232418 8166615741
2771 4552593122 12316110539
2772 9906932942 1669545632
2773 7129721689 17803274648
2774 1814735456 6474582684
2775 8989623022 1789158582
2776 -4941410498 2976687415
2777 5204425049 6554056530
2778 9997601916 6833677075
2779 -4244101428 4360702444
2780 2713833989 6766168027
2781 9108196769 2306644103
2782 3047931258 9112418380
2783 6818794319 5021807011
2784 2207822002 7211347895
2785 8255961355 1448896607
2786 8858501431 2312944576
2787 2852927924 8697221674
2788 5005379497 6908317592
2789 8072417139 18650613612
2790 4738293986 2059259015
2791 6248927721 -520936231
2792 -8828162475 7765168081
2793 8080293012 4011948253
2794 11608434143 18549886825
2795 -1265546353 4941811135
2796 8898230860 3544841535
2797 6417166447 15610785972
2798 7420363339 -5139050107
2799 -8828162475 3612043351
2800 501429027 -5139050107
2801 -676930447 -5139050107
2802 -3629111965 6579246961
2803 -16431643396 3282684577
2804 10284796983 -5139050107
2805 5272473666 6197154653
2806 9215704614 13339427864
2807 7087364186 24478544576
2808 -2087616401 4750190755
2809 11608434143 15067598386
2810 8580493213 -5139050107
2811 7619866554 -2523650534
2812 11608434143 308130392
2813 1620146849 -2001259730
2814 10000000000 -1647683223
2815 -2107723982 -4813383726
2816 4041070978 2798190284
2817 -5077566522 -5139050107
2818 6124320949 15471860901
2819 5114506028 -3384049738
2820 199729751 -5139050107
2821 4626428374 12473318894
2822 7861395151 19361137307
2823 3694575713 10169471044
2824 9968182183 0
2825 7597153246 4173583151
2826 -529804916 -5139050107
2827 10000000000 949862490
2828 8161895087 8716555872
2829 3726777996 -1118053489
2830 4361195787 7236643221
2831 11608434143 -1468331986
2832 17704395426 598551531
2833 11608434143 6910228581
2834 3265715172 24478544576
2835 9414224835 2908800819
2836 2892457353 8707254003
2837 9508578820 1311193631
2838 5362714602 5614499415
2839 11608434143 1210727780
2840 19502041439 9761767661
2841 6865745711 3738768146
2842 -3833035116 -2150572015
2843 9451105617 24368676985
2844 9352654943 8575474117
2845 5950738211 5785712183
2846 3777488008 18549886825
2847 -8828162475 2129046314
2848 3742065097 3228356797
2849 6483080323 8102870202
2850 7352699034 6420926431
2851 5867719179 -55051430
2852 2187435368 9123980450
2853 6956509774 2009804033
2854 17704395426 -1647683223
2855 5351944377 -5139050107
2856 6965255441 18107012683
2857 6037092378 20097772
2858 -8828162475 6380938448
2859 -5517272808 12428464921
2860 5282808581 6150628694
2861 -4960574243 925444133
2862 12898145562 19822788977
2863 -5258317839 2195402669
2864 10204591311 -2552719918
2865 6898601709 4665031317
2866 4688556237 7457592201
2867 2782340709 8546928965
2868 10000000000 0
2869 9342295812 942901079
2870 2975832809 8958907987
2871 6446437901 4635588982
2872 11608434143 -1647683223
2873 2950776084 8910480285
2874 12545873456 9947078469
2875 9382712750 3717897571
2876 -1836692863 18549886825
2877 9800283114 862335159
2878 11608434143 1699598445
2879 8008345786 18591189665
2880 2407125049 7389779374
2881 6731036763 8341238408
2882 6919689343 11471014077
2883 435435521 18549886825
2884 -3025736090 -4499888301
2885 -1804513239 4376998113
2886 -1511463546 -595342364
2887 7501599363 -5139050107
2888 2162491666 -5139050107
2889 -9067586607 18353978901
2890 -1875609807 -2914659443
2891 13965908560 -1740632722
2892 6281006543 9481965646
2893 10000000000 103742987
2894 4100648474 24478544576
2895 7678720403 18972190348
2896 6671265265 -5139050107
2897 11608434143 4976854261
2898 7175614043 950852451
2899 692457858 14202664238
2900 7009498112 9287775173
2901 -5638148345 4149660468
2902 799532375 11911124535
2903 6412953295 8584810088
2904 5674793748 -5139050107
2905 6535962522 4018383936
2906 -8828162475 2530697961
2907 10744925955 -9847498546
2908 4976898174 -4019094634
2909 -8828162475 6321330700
2910 -12833910649 22511476235
2911 17003113701 4471487712
2912 11608434143 806568994
2913 10287550543 6987918629
2914 10980728345 24773355978
2915 2765151294 8510329650
2916 2815647523 8714322723
2917 47928086 -3735446335
2918 11608434143 9662122901
2919 -8828162475 -1504858775
2920 5531225202 8343655040
2921 7434411498 18516178103
2922 3908577427 -18455168489
2923 11608434143 13384361326
2924 5806358809 18377680325
2925 10450661505 -2123989250
2926 5921415644 9450471220
2927 6908451461 9586082683
2928 2200349616 7033800166
2929 7280491802 1093331047
2930 9509769655 2417228399
2931 2060025837 4598428908
2932 -3366773068 8810140987
2933 -8828162475 1296754858
2934 8266980299 8462814621
2935 6568855373 4180006197
2936 4955740117 -1386957969
2937 1866307850 12450422879
2938 5306100577 631317162
2939 -8828162475 2215916307
2940 2118515233 -13185183833
2941 7568399299 -1668696054
2942 9785071759 2274536924
2943 2185835819 6644324937
2944 7209743483 7150258783
2945 6557487902 -5139050107
2946 3381549643 -5139050107
2947 -7632724193 -5139050107
2948 -1743213271 -14123928684
2949 7422705607 -5139050107
2950 6871301184 7223853922
2951 4041171155 -5139050107
2952 6079344896 -266583309
2953 6729835519 -5139050107
2954 8244967875 4344819174
2955 22742936131 2432325837
2956 7590942890 171596724
2957 23089855530 -7181026467
2958 942869997 -2631279476
2959 2793467665 24478544576
2960 2025975483 6686627463
2961 -8828162475 2208528552
2962 11608434143 -11038799494
2963 6966896282 4445950333
2964 1493111381 -2529060462
2965 -8828162475 859323232
2966 6925097817 6138589959
2967 6427600084 7671704696
2968 1404214943 -5139050107
2969 17373429143 -6867192345
2970 12722667983 -5465341267
2971 2757679715 8494421332
2972 7893576853 2007112419
2973 -8828162475 5579599423
2974 9034562122 2901037530
2975 1334947991 5484565263
2976 2612218076 8413532943
2977 10131714909 11182513533
2978 -8828162475 8605525124
2979 7327198531 10832637731
2980 10647445254 9393438185
2981 4607641099 18549886825
2982 708857277 2125064951
2983 6188893937 9263791990
2984 1267074272 -2637941828
2985 6566428824 8278561400
2986 1990224990 -1577146762
2987 2706905788 8386314630
2988 3402460663 9431400512
2989 6762044229 3539250127
2990 5270589208 889509261
2991 -1711009017 6058271431
2992 -1696387781 -989078881
2993 7012275064 3433868708
2994 -8828162475 8493770348
2995 7726168182 10314665116
2996 7346543858 2873912336
2997 1096860281 5775538401
2998 -6593188116 39090269
2999 9946338090 -2254002309
3000 -8828162475 1768691502
3001 771655557 24478544576
3002 11608434143 -759869642
3003 5896963251 278622790
3004 3926153052 10982308449
3005 -5306211320 1942732799
3006 -8828162475 -5139050107
3007 11608434143 15837615215
3008 -8828162475 -5139050107
3009 7751815945 19127823730
3010 7507740206 229819491
3011 4428528077 2222726155
3012 6943160404 1253509007
3013 3363316852 7878842516
3014 6533591359 18439799999
3015 5944090807 24478544576
3016 3334911208 3040358582
3017 6894334197 -1097513689
3018 11608434143 18549886825
3019 5179491704 8316629007
3020 -1711644991 -5139050107
3021 -12493034279 22384099405
3022 9556481766 2741388361
3023 5390147324 13903777743
3024 2911917320 4203365588
3025 -10253490484 -5139050107
3026 5222676520 2662062910
3027 4507202206 18549886825
3028 8661640319 6388998646
3029 -6803469361 12771914316
3030 10519158365 3941266846
3031 5392753462 7879238113
3032 13365857820 18549886825
3033 10260058534 2296242669
3034 11608434143 -430054466
3035 6103745304 605296155
3036 7923830499 -5139050107
3037 2143073903 8894160632
3038 5871300483 -4546915630
3039 7344785592 3531274289
3040 7305503815 18177545993
3041 2708969355 13507531159
3042 5629976262 6361648985
3043 19172037405 10752587588
3044 7938537944 20658330870
3045 4314383385 18549886825
3046 6856406304 2669250781
3047 8696921579 9716296147
3048 13975498316 11172878413
3049 6963528450 4655547206
3050 6591262962 8904143738
3051 8683570858 -5139050107
3052 11275769479 18793413883
3053 7958488458 10753685937
3054 140330596 15084627191
3055 3337111199 18549886825
3056 19829301059 8779187696
3057 4635746978 2145690432
3058 8649031984 7205349512
3059 2661636181 -5139050107
3060 -3390614154 2884230893
3061 11608434143 -5139050107
3062 6762776669 10021639623
3063 -2937477671 -5139050107
3064 185251288 16242353721
3065 6797642215 8024628490
3066 8232354814 7186881580
3067 3713222318 18549886825
3068 11355857699 -1092532785
3069 8111160453 3535027941
3070 -17309486439 15486503554
3071 13632925912 3442178292
3072 6610004325 8905837875
3073 1474418429 5314114841
3074 -9852130407 9555935805
3075 7792043982 7968839831
3076 11608434143 8395262046
3077 2972561833 -5139050107
3078 2239106922 9161491693
3079 11608434143 3727502287
3080 7742045346 -2199065427
3081 1524244467 -5139050107
3082 1782351283 8432344858
3083 7216903255 3291050381
3084 7261429328 1905549411
3085 -3668603804 6565723402
3086 9854080932 1132454840
3087 3585431376 10256851528
3088 11943025447 6286531102
3089 4944578796 -5139050107
3090 -8828162475 -2316072231
3091 -8828162475 4499289117
3092 -2554052275 5775918325
3093 3507411606 10090733592
3094 3441394379 -5139050107
3095 2582513880 6792580698
3096 9803212389 -2088450967
3097 18419133181 9679384925
3098 9719016330 5225080070
3099 -6589133810 -570885473
3100 6689892758 4245580909
3101 2242983916 7236344193
3102 11608434143 17258565227
3103 19555022619 -5139050107
3104 9543056429 2805122499
3105 -885193557 5265889487
3106 -1050238558 4323659586
3107 1736285832 5075887333
3108 7303555858 8608896090
3109 2904248617 8806492537
3110 2616594246 8194025329
3111 7065999061 7583192741
3112 5022477294 -2751096706
3113 17704395426 8935419302
3114 -2888051130 2628211977
3115 1103887465 -2240917803
3116 5242768716 8633761803
3117 7739135829 2800015203
3118 1684159585 -5139050107
3119 1317961790 5287624017
3120 6886853727 1163356401
3121 -9925683422 23934760266
3122 -8828162475 15401464840
3123 11608434143 9634864700
3124 19294202188 8349759061
3125 5338579943 -4043381826
3126 6062737861 6271141327
3127 1341766700 24478544576
3128 6433819574 2140912593
3129 5362498198 -2556710308
3130 21629570462 4825497522
3131 4050660637 -5139050107
3132 8450786054 9935461570
3133 18278471425 13435472902
3134 4335648274 2532345747
3135 -396728095 -12940408251
3136 6540891408 -7142658120
3137 -2622056827 6252201278
3138 8955198954 5227098313
3139 2611302126 18549886825
3140 5173361216 2969205120
3141 6388837568 4645201852
3142 5192962901 769585637
3143 5499343352 8422975221
3144 2732076170 -5139050107
3145 11093288490 1731152665
3146 11608434143 2857018888
3147 -23840160593 18549886825
3148 7825691626 12338218569
3149 1207237932 18549886825
3150 5169656798 -5139050107
3151 9409027260 1921804860
3152 7484715688 593319235
3153 -5918211378 5795369272
3154 -8828162475 7145947266
3155 14917332366 9796985501
3156 7477370002 4690256464
3157 6332894157 -2635675560
3158 6169715407 -5139050107
3159 10007971458 978074351
3160 7348107929 7619794765
3161 21001495846 5088545129
3162 6171724026 18460411369
3163 -8828162475 3602730536
3164 8062072370 744062014
3165 5356546965 5932948379
3166 10692689447 24573254822
3167 6567810439 9385868035
3168 -13024173674 -5139050107
3169 5492527961 15491706552
3170 1358287153 18547175175
3171 7757786284 3891843478
3172 -1798392554 23329442954
3173 11492855515 2033502107
3174 2756516191 8491943983
3175 5560031441 6429473187
3176 11608434143 8346611028
3177 7013490518 9325188036
3178 8039551906 3390281096
3179 -8828162475 6885321768
3180 8465579927 2792598321
3181 1542037494 5178227087
3182 8485115741 4075140463
3183 11608434143 8745347375
3184 3204076778 18549886825
3185 11405867703 -3942218222
3186 5517248700 18389243074
3187 -1351312242 -1769619387
3188 9033274350 -3923758133
3189 6665806213 8178950452
3190 6795277860 786336352
3191 3174891043 18418708556
3192 17704395426 -5139050107
3193 8711170441 0
3194 7488417017 4030017335
3195 6345741451 9328237515
3196 3603334520 -1116444559
3197 249766567 18280447946
3198 1410766566 1730483541
3199 4271162818 18549886825
3200 -2576292871 -5139050107
3201 6775503272 8161482015
3202 -8828932040 -6302526268
3203 2228404715 18549886825
3204 3690778711 -2112513418
3205 11608434143 3052373124
3206 7096677775 1042156843
3207 -291702133 -4083935946
3208 4796725083 6386108775
3209 1414996322 -5139050107
3210 2818631562 6622060463
3211 1963813268 14016422926
3212 2632598583 -5139050107
3213 7945180572 -5139050107
3214 7316198954 2851108545
3215 2290778842 -7546828754
3216 7216083564 17987154409
3217 784370499 15045945108
3218 -2939851972 3247655534
3219 -1673069195 -1587854750
3220 621561999 18549886825
3221 5136576464 6086877637
3222 4074654552 12038939629
3223 11876511984 27910033652
3224 2085657120 -13484987818
3225 7191785428 18471774023
3226 9098550166 3368855128
3227 5656513742 24478544576
3228 3901905100 -2459200906
3229 2290971846 7014845130
3230 7385434347 4549892378
3231 4194820080 -619107667
3232 -5892193634 10076479895
3233 6248924284 4131400617
3234 1025227877 907554567
3235 -8828162475 15201872740
3236 8885747184 3247644216
3237 4463291613 20006025460
3238 6986689134 3809616433
3239 8558640531 -10596168681
3240 5831346172 -2896969
3241 -11659582874 -4518236624
3242 11608434143 3953417264
3243 -8828162475 -1647683223
3244 -8828162475 2373586180
3245 10000000000 -5139050107
3246 -1070047963 -5139050107
3247 9567047198 10021280109
3248 2249630635 18549886825
3249 3695136511 -5139050107
3250 -3601394766 18549886825
3251 5374252629 -995019142
3252 5099297984 8168373173
3253 10481051069 10792585866
3254 -8828162475 6883147645
3255 11608434143 -1658266881
3256 -2310994742 3268985583
3257 7197981450 8312029397
3258 -8520745460 8922547019
3259 11608434143 1998080508
3260 11816380360 30445774740
3261 9127763782 2292192744
3262 12386957754 3101454826
3263 2275060050 -11756837645
3264 14860236453 -600317318
3265 8380387464 -7488940402
3266 -8828162475 5903386621
3267 10411189585 9511074063
3268 7138434028 -1629312511
3269 9993162182 18202307081
3270 4851601500 6078686474
3271 5232490287 24478544576
3272 8949801903 -1647683223
3273 3845420034 8848046747
3274 7936895818 -5139050107
3275 -6188347002 1230759104
3276 -16688740 5014423244
3277 10271588794 3142681134
3278 2027013334 5594396832
3279 11608434143 1870320712
3280 12136627827 4079704648
3281 -7987324911 29471802282
3282 8283439789 -5139050107
3283 -8828162475 2017073480
3284 9426134980 1448329845
3285 22194570014 1677590849
3286 8160775096 12616158832
3287 -11738770520 -4043578405
3288 9470001619 2859244932
3289 8058517310 7946036725
3290 8558481540 -267590702
3291 2250022870 -5139050107
3292 5117379751 4242119617
3293 9553167691 4681205004
3294 7972364756 9206188953
3295 2325294230 8466337269
3296 5233647663 -5139050107
3297 599011520 17390180857
3298 12373225605 10333648055
3299 2450331775 -2013887058
3300 7285254780 1185147939
3301 2605737782 -5139050107
3302 -1739520772 -2817944350
3303 11608434143 -1647683223
3304 2333052603 7477986070
3305 11296810055 17592228825
3306 1785054956 18549886825
3307 4954537434 -5139050107
3308 600906894 18549886825
3309 2417317050 6210199069
3310 5865007599 5607120634
3311 5075497417 18549886825
3312 9932899641 9916218938
3313 -1917334287 6379594263
3314 11916975030 9066882677
3315 5342060615 13997026946
3316 22772567718 -5139050107
3317 -8828162475 9917855702
3318 6267473967 18210713852
3319 2646814408 7977987823
3320 6776341403 3872812678
3321 9161859557 13283827127
3322 9075971612 18772398055
3323 4248405953 18549886825
3324 21484682105 -5139050107
3325 9045451102 1750535037
3326 11608434143 -1647683223
3327 -8828162475 13712603714
3328 11608434143 18549886825
3329 2448411031 8778913476
3330 8083864110 6259232000
3331 9318557309 9448673849
3332 8015967919 3982050165
3333 -8828162475 10792585866
3334 3577667325 -1197052856
3335 7054692874 4819520534
3336 4838096715 -1822275328
3337 6926676112 9187806438
3338 6687225581 1745237030
3339 4529880308 6775462520
3340 -8828162475 10000000000
3341 5167239799 6222596334
3342 12801726398 19726507643
3343 3251803860 -2844831946
3344 3953853155 -5139050107
3345 2076900235 8606180243
3346 3602685084 17606240596
3347 11968843198 8915415942
3348 9898572917 -2198753052
3349 2566366621 8087081800
3350 3265715172 24478544576
3351 6977068008 3586446522
3352 7908043820 18605454645
3353 -272135745 5245171215
3354 4906102684 11216990100
3355 492168016 12774896904
3356 5556276405 9037256109
3357 6825964703 5373954238
3358 10000000000 242116339
3359 7109676303 -1460120852
3360 7902668256 27317893
3361 5324760724 7341545040
3362 3209983496 9457456357
3363 -8828162475 6971463296
3364 10108077212 -3184630197
3365 11608434143 5953332331
3366 7936501887 3312525455
3367 11608434143 8229676194
3368 2566891307 -5139050107
3369 2671712959 21078915636
3370 -8828162475 6645583515
3371 1321107450 24478544576
3372 1918041668 -5139050107
3373 8070344501 -5139050107
3374 -5320825443 3372563983
3375 11608434143 10899591548
3376 8117150640 4978837998
3377 9684873686 2184312187
3378 12621752433 3555980224
3379 10672653851 2627662852
3380 7164139113 17876555453
3381 7726961787 3356149168
3382 4255100595 6309447931
3383 6400536038 16522445144
3384 2203608649 18549886825
3385 -8088097441 -11575212939
3386 8990865834 6270364373
3387 14891307327 381162431
3388 2139031871 6980119143
3389 3163417286 9738504448
3390 -1665181998 24478544576
3391 7320860983 -5139050107
3392 7033652170 3194586507
3393 8632043031 -3433402978
3394 -8828162475 557226661
3395 922891253 9929618773
3396 2949105181 8902000124
3397 17704395426 9116991898
3398 8426582173 18967998166
3399 6847258794 2567452071
3400 11195222500 -785219624
3401 -8828162475 8132929472
3402 9366196416 2388210645
3403 11608434143 3532158821
3404 4127737630 -5139050107
3405 22430771650 -5139050107
3406 5734637145 14832892053
3407 13713524130 -1934972355
3408 7506184634 18604831073
3409 3862394940 9756182501
3410 9930257463 239375401
3411 11608434143 7252006925
3412 4304174798 -15087203892
3413 6710771282 -5139050107
3414 3202136351 9319802637
3415 3564913428 18549886825
3416 17704395426 -1647683223
3417 3361407234 9541169700
3418 19736925053 16573180690
3419 5139095098 11144859794
3420 3580991155 24478544576
3421 -15291384878 -18763355609
3422 11643051056 9866802380
3423 -8828162475 -5139050107
3424 4159807496 -12034489222
3425 11608434143 -5139050107
3426 2009303838 6788667491
3427 -15481981224 -1092000178
3428 11608434143 -1647683223
3429 6981558131 8146816240
3430 5138465123 -5139050107
3431 11608434143 1138021072
3432 10118970115 24167915083
3433 6883563300 2954003874
3434 6920135546 3277620414
3435 11608434143 6773826200
3436 -8828162475 -5202368624
3437 8162815258 -191028321
3438 5319301641 1643549223
3439 5713778084 5463029847
3440 7566113866 18586739101
3441 2778070047 6704328044
3442 -342230528 5437895926
3443 6864305271 8239861475
3444 5983846995 -196974232
3445 8424809286 2379238618
3446 -4474854780 5167203952
3447 11608434143 7927508659
3448 11608434143 846376317
3449 2055331981 18490608005
3450 -5634773545 -3547626518
3451 -3117798448 3611579186
3452 -99770325 18549886825
3453 6705940298 -1079463100
3454 6342073793 -5139050107
3455 -8828162475 822018313
3456 11608434143 199261035
3457 8714446709 406396053
3458 -8828162475 5143034669
3459 6059112623 5967724356
3460 14171045274 2484489856
3461 -1591621769 18549886825
3462 11608434143 18549886825
3463 7004249645 2602069050
3464 8192308179 5274919318
3465 570138165 5222025212
3466 6549539287 6289601854
3467 15981217936 27865129753
3468 6775783783 -5139050107
3469 9189493879 -5139050107
3470 -7527448972 29368522518
3471 -6355875389 18549886825
3472 2487482563 -5139050107
3473 -315549314 4716025998
3474 5456195721 -2989870797
3475 -1520185846 -5139050107
3476 -8828162475 459174721
3477 -8828162475 2411552973
3478 10000000000 1109179008
3479 10814541298 8851357282
3480 7269611104 16759862466
3481 2761800900 6912189936
3482 7571251984 18743371009
3483 5019253257 -5139050107
3484 8260995010 -5139050107
3485 5698661523 -11575538001
3486 -8828162475 358002031
3487 -8828162475 3713460067
3488 -3364399459 4028159076
3489 7844811504 12338441970
3490 9769170452 1444319628
3491 5595238647 -146524602
3492 7106581950 6738855587
3493 11608434143 994208540
3494 -16615965517 5845140157
3495 7813032192 19258163985
3496 6926064875 3725818028
3497 7521594683 18553873927
3498 5424678871 560841801
3499 -8828162475 7775992375
3500 7706501569 6988845099
3501 8387165882 10742171967
3502 3823918696 -5139050107
3503 3863181417 9948396617
3504 9457462658 4672847104
3505 7054053510 3931230130
3506 11601777755 11601088667
3507 3219944651 24478544576
3508 6056372561 9767059665
3509 3067516191 4015125773
3510 1258214254 -14163995521
3511 12561194334 -15492172078
3512 -3280671527 8332879987
3513 8511908551 0
3514 11608434143 1276673128
3515 9071452530 18615182848
3516 11608434143 1047329460
3517 -2579669843 6874612903
3518 -8828162475 5469097662
3519 7123767497 18474237894
3520 2302230915 24478544576
3521 7286715735 4021633542
3522 1316638301 17441801066
3523 -8828162475 9983406260
3524 -13722568974 -5139050107
3525 -1639383758 14491872744
3526 8857670058 -5139050107
3527 7607443753 10930514500
3528 2297605887 7220212776
3529 2617411152 -3460240550
3530 7530855438 -5139050107
3531 11608434143 1437611232
3532 26446349162 23302027406
3533 9360690095 4361901403
3534 5087801601 12559449888
3535 10000000000 331559299
3536 6057313148 8705901838
3537 6789760385 -359182443
3538 6992443631 6984352701
3539 8242362328 8313161598
3540 14691132841 965717018
3541 1976695372 6719238278
3542 6851627653 -1257511379
3543 10910158229 1488020196
3544 9758977383 2268618037
3545 2614795477 8190195429
3546 10529661110 -5139050107
3547 16141924061 -1647683223
3548 2988803410 -2534807280
3549 5626543679 7382806942
3550 11608434143 1033101656
3551 9012001967 -5139050107
3552 3332484904 5712837539
3553 11608434143 5287238362
3554 11332142359 6116682729
3555 -8828162475 20311787668
3556 4936743193 12660344575
3557 17704395426 30543439786
3558 4414246560 13019133123
3559 -10106844618 23845001053
3560 2101663491 7168126488
3561 10273810731 10662359138
3562 16758476863 -5139050107
3563 4197958063 9863209705
3564 8562911113 881052734
3565 5740001373 -5139050107
3566 14303584894 -1647683223
3567 11199677823 843708258
3568 0 24478544576
3569 2854059409 19904600236
3570 3427542177 2927151883
3571 515335069 -2068095908
3572 -6720998938 5985832062
3573 -8828162475 -5139050107
3574 -9144144960 -5139050107
3575 6973779579 -1540088783
3576 -4087177327 2379491997
3577 8667951745 2862273005
3578 17704395426 24478544576
3579 7236215730 -5139050107
3580 5065964860 7895204792
3581 3636143695 1288332773
3582 2636564406 -1647683223
3583 10000000000 544985094
3584 15418520298 18549886825
3585 20711131027 5786394067
3586 6162779255 -2986883973
3587 3972500925 -993024945
3588 7704723830 -5139050107
3589 7451037634 -5139050107
3590 7053564429 952811950
3591 11608434143 -5139050107
3592 3107848760 -1603075069
3593 11608434143 2471181487
3594 4874347812 1037360707
3595 7219132745 17993646656
3596 2392119151 7273225439
3597 11822839145 4292470120
3598 -8828162475 8899588577
3599 7924931410 640137102
3600 8862797250 2663584269
3601 6006931352 -5139050107
3602 2610771382 -5139050107
3603 -333761390 7797693222
3604 6493408037 8969376282
3605 5714233305 6284093644
EOF