NAME : 3615
COMMENT : tspgen
TYPE : TSP
DIMENSION : 3615
EDGE_WEIGHT_TYPE : EUC_2D
NODE_COORD_SECTION
1 8204375367 -1995280877
2 -3401902345 3713121229
3 -4610536761 3022212653
4 -771858357 -1060550894
5 -3438116606 5091637381
6 3485020373 9192914485
7 2562762904 3859234695
8 -1992568196 4081426131
9 7950390177 -2699660769
10 8226373704 -3495574120
11 2090331964 11291677348
12 835109348 5496960561
13 3716432249 4397946645
14 -3404678000 4744707865
15 20076331424 3968888249
16 8062070719 11669278697
17 1241353275 4661249921
18 3113124395 1193992663
19 6295537510 9449724577
20 19779002925 5508102693
21 19050979397 3555884629
22 11549827959 6894539535
23 3048138726 4894088277
24 5914558502 -450298773
25 -6436885649 2745870051
26 2730197577 1911652504
27 2083710085 7268533180
28 8195041854 169577765
29 -3794482520 4892401831
30 2538597025 1563255558
31 -2538824675 2551858934
32 1352209402 -5297332034
33 6128697402 -1557484952
34 1306898454 684064108
35 11526416301 21898227400
36 3931953712 10000000000
37 2031813532 1378691676
38 1167152189 5369030842
39 7921404892 667973819
40 7609044254 9611457538
41 11751981639 961168968
42 3156351538 1091423456
43 8630745891 7689986716
44 11168881978 -3396462111
45 2727291703 1907064973
46 5498439992 -525938753
47 8920304588 -28158761
48 9102746880 -3062603796
49 8046665028 3101138572
50 8971010966 2190508860
51 12844655833 196668206
52 1993619730 13795818980
53 5282717263 6393961459
54 8182800625 -2215450359
55 12502527435 929599127
56 -4618842882 5307706653
57 5037464733 10175891682
58 751105371 11746888929
59 8255030964 2898718817
60 2966531983 2254846527
61 5827953012 9679003317
62 14837954325 -752050382
63 2564626343 1767341683
64 3386654143 1460581030
65 9610216850 -3263333754
66 11618862283 17589020989
67 -4920891869 -1842791770
68 5379719277 -187683906
69 12939442593 -599781288
70 1156520043 4258819323
71 920251407 7492251910
72 19928131633 8408760201
73 2752226328 1339931237
74 8461932339 -94121250
75 5321278732 11167394795
76 21680815212 5921892020
77 1349391833 15506567667
78 7672226814 -1690324568
79 2011752037 11724417906
80 10729005044 2008163973
81 6181125962 15995170352
82 5017745112 -85850691
83 -7067914822 4291362636
84 12766715672 6935920134
85 11250836816 7729442810
86 -1159978938 -1987894137
87 8971076861 2059160869
88 8212826847 8346775711
89 5265451555 10250766803
90 9165388429 7905425458
91 4478426574 9853182636
92 8443748947 -2208208266
93 117248422 4143704457
94 5495710566 10461514272
95 3986911023 1513305973
96 6612984843 10086351805
97 6793181261 3356319490
98 8244692116 10525244238
99 20020739061 4902123306
100 4882469181 5091684865
101 11901672831 11158564311
102 -1186796083 33165065
103 7886612319 -2004558764
104 692091705 -1725826055
105 3148334554 1658306796
106 3205832068 1294210684
107 2545091265 2918017803
108 5805898685 11046559235
109 10337029495 10748832816
110 -1658477057 3870844767
111 -3712048758 4069214675
112 -2060692224 2856245669
113 9401818452 12100463298
114 8133222058 8708386857
115 314070917 2113728909
116 18107901346 13788835534
117 6797761567 11413236152
118 12163168021 853835052
119 8999266956 8661067928
120 4838406301 10584121523
121 20277388732 1652067523
122 7937236839 -1968463834
123 1431812183 6662096204
124 -2230002816 6931346705
125 -2474838343 4166228128
126 -2290826484 4335648440
127 -2643192572 2707681098
128 8852868986 2137697024
129 13642375550 822407851
130 9298054378 8176338717
131 -9167234650 9770909492
132 2968925029 4485262905
133 9592216760 1219669649
134 5233509129 1236156600
135 11386827121 -342854438
136 6833861464 3231019764
137 12061465062 11846635969
138 8870927733 -3919567034
139 -2194703914 4117941708
140 8669397170 10879863445
141 1295891997 4447695536
142 -2105644484 5525955586
143 6798362068 17169026294
144 6364839435 4470350891
145 3983779086 5141931069
146 13146051951 3932998576
147 -2107169335 393286178
148 -6959579661 2900660861
149 5570673574 7996164585
150 6563745505 10310878522
151 5316334070 -146183479
152 5257076526 9724994310
153 5256914970 9489154278
154 18746793031 10221655479
155 3183263607 5164797443
156 1432624357 4861342418
157 13619599898 4712645169
158 1689425853 5371175411
159 3197032346 1389392048
160 21404121924 3396128065
161 3368448664 1701424402
162 9938939289 10495402250
163 -3127270615 -3144986581
164 15119969501 10422263811
165 -1661675552 3110266039
166 20964677226 12869176223
167 6612204131 16814992241
168 10719715920 8191627896
169 7333783495 5570442166
170 6902712172 9946989648
171 21713684117 434380421
172 11877036082 4221928597
173 -2219340790 648917316
174 3534103526 9052458951
175 12215672040 1271907100
176 9209343977 3386689296
177 2790880268 1799183526
178 -1317592726 510848863
179 4669803605 4189406812
180 10792752737 9933257561
181 -2471025594 4477052895
182 7684740405 -714893564
183 4640252613 4472795869
184 2321388537 2754977388
185 7953367752 1147145911
186 19951859407 5449055789
187 -4599894937 1551183825
188 8915857723 9561280680
189 8602467711 8514963993
190 8668968508 9158933496
191 3793333714 3590259793
192 459943068 -1222201463
193 7169709332 4623090161
194 5396630400 6990944829
195 8787103785 2502768144
196 6223802175 6193708738
197 -1081376802 12801000860
198 8798418323 9622137949
199 2034496659 1787804822
200 4588366409 4320892500
201 21479751131 -3893772386
202 4419189158 2784900360
203 5413887596 9633569305
204 -313248129 3887517489
205 5782535548 9284150788
206 7361520878 8938479290
207 5443217788 2133281188
208 2851272570 1161351199
209 -1379590788 3546354138
210 29221870011 7639782023
211 -3061188057 3552260427
212 99941995 -1741977420
213 -11339744504 10683025117
214 -2760463063 7555122735
215 4450471551 10039157925
216 110469432 5105962269
217 3033308363 1826417250
218 10528963894 2125349089
219 5805687503 -421794334
220 11297277226 972394323
221 2917967383 1830748843
222 7921435184 10492790327
223 7274762382 9633585663
224 14579233883 1991093970
225 4361103296 4625399879
226 7677611461 8633169692
227 -789969494 345161008
228 9286703276 -3482422212
229 6581664990 5506549159
230 3295190636 1965497390
231 5536656658 11661702402
232 8508076947 -2390117654
233 8077030230 -2109067155
234 -4461887544 3245917734
235 -11444739683 8180954608
236 -925814994 2686644438
237 709089477 -4525414659
238 6386544903 -1903257224
239 5592250476 -679597335
240 5863360930 6691033861
241 -2575614451 12777209644
242 -4540416129 18374619690
243 12240086885 1144390104
244 4316724496 3091243321
245 15138340965 11995963503
246 4570968644 3582771184
247 -1076231786 3187220291
248 -1585835041 8813667477
249 21353767178 3417849258
250 2649232088 1523411861
251 7254507879 4020522681
252 -2934914300 3582026130
253 6225960175 -619845412
254 5878290890 3176249588
255 11553803486 3753708230
256 9304583740 -2913114283
257 2903780914 1732238962
258 809999711 12107700610
259 14897693200 17431613
260 5094490043 11500618860
261 -398562632 -1060550894
262 2113284542 12301211461
263 5338643473 10537717727
264 5879550777 7239389204
265 -968018410 7989778893
266 5398887278 11019912103
267 1198175557 12001384887
268 11811726955 8549324376
269 7382474115 2082225866
270 9063196299 -2479313983
271 5670259159 -2362945371
272 11403086782 21687456722
273 9474110766 3659938538
274 -2807450544 2503301079
275 10508403212 7746257651
276 8070218380 6915999328
277 5335529702 4241892422
278 16893911346 -7186021486
279 8443313628 -2229849476
280 9575142757 -3488471268
281 5582080269 10802272029
282 9984470630 609816420
283 4321045261 9813873014
284 12452091539 7577349932
285 4804784089 4471732506
286 11383257695 -2291595126
287 9995610750 -3723367971
288 5878290890 2654765388
289 5251441050 8279179674
290 3061497572 4003274705
291 -2782061922 4109503645
292 2341091840 10819408903
293 1240000735 -1718687094
294 9581730208 2530817150
295 2347805413 9794330629
296 5682314013 10098285416
297 3892848460 4841207355
298 6424743647 -2437702908
299 5138777963 9314096842
300 14323897411 6046000208
301 8162284253 4076497633
302 1706579604 11576446067
303 -118568287 -1648239112
304 15019466629 6181922701
305 3124074602 5070535920
306 8975529595 8466879560
307 6117941943 -1498811018
308 9855799008 8224862445
309 2807310918 2078808319
310 5916730026 9773939252
311 3347393372 3655571229
312 7291355783 9122630467
313 2975388926 1708333082
314 8683719623 -2191898752
315 8016036044 7920810871
316 6288393970 -1307189138
317 8143619504 9088706102
318 14879836749 152436158
319 3504976797 3451383861
320 8846495067 -2773669819
321 11999186551 22706193792
322 23282155666 -8274860701
323 10583978063 -5692898556
324 2393075197 1539368078
325 7771367204 -1801633189
326 2956219047 4679820748
327 68180698 5527099126
328 -1857277851 4124809959
329 10635255773 20375230224
330 2124849567 -7947631124
331 8050608959 -1551852506
332 -6337975789 771396538
333 6851483603 17270052510
334 9631179810 8286099971
335 4045379951 9970534729
336 22306822627 -3257206758
337 1551634662 4379107885
338 9191972003 15579306981
339 13231459229 4910405019
340 -1878787584 3410094769
341 1598794406 1745803882
342 7308337151 3113846514
343 -2056236695 2752781314
344 13287878325 10867421010
345 10853864545 1021128702
346 -6992410662 1952654635
347 57227389 -1060550894
348 -1240394191 2430545173
349 1186937044 3759880643
350 3561121484 10653309863
351 7674214345 -1703917450
352 8998348487 17577748630
353 0 -1060550894
354 4827655400 9669334250
355 9370873623 10133762597
356 12355468249 12033803081
357 10760951658 20590045033
358 14702395947 -192489309
359 8821637679 -2933722747
360 -3402539073 -93764925
361 -694393676 1012810574
362 -6655357973 2271030124
363 -3078823225 3857087205
364 -893049251 2541546182
365 5749741412 -598161324
366 -9191990938 1824146350
367 447663515 8889035000
368 6168021299 9730043902
369 -6742667618 3266785629
370 2433280403 1784988283
371 3312264817 1745102194
372 7928467315 8951736791
373 20308949374 1748965025
374 21780348198 4571583653
375 8066600519 15985387344
376 -8063759501 -217975801
377 10567178288 1273804180
378 7606834161 1549315410
379 6913161634 12667911744
380 6318934067 7194560580
381 9321420545 8428445049
382 6905375564 -1402693021
383 6190432866 5735469200
384 3147501762 11309891998
385 7436018931 -2740619314
386 -197612859 1277872906
387 6748437094 2133281188
388 16512460182 506050503
389 6081874444 9992057371
390 -1213536527 3540297148
391 2915164914 1933817717
392 5367849218 -1187854240
393 7858795635 8403908793
394 13143042705 798919371
395 2429515465 1151974490
396 375187588 4598351814
397 6596519669 12163759752
398 11893324234 6907326790
399 9698361660 10342246698
400 4371668106 11808127398
401 2750061528 2417104306
402 14068044628 8955515448
403 7018491633 10239611990
404 3253135164 3807195049
405 8114300215 8858646832
406 3281004436 3981821237
407 2301908125 1657904191
408 -7053534423 3490298713
409 6431820892 10140373606
410 6526500895 10826743715
411 6823262755 9360117524
412 5403064156 -607928347
413 8466948466 16669583708
414 3312129069 2238151843
415 6806903241 8225790797
416 7904944672 8915488028
417 -925493433 -1655890397
418 -8466500600 5240081720
419 5632134795 10099162491
420 13118160284 -381285351
421 -3464507963 2683831322
422 8522893650 -2557513804
423 3497172328 1833351325
424 -2636645029 3426491597
425 8335724663 7611711203
426 11415999674 -1488182907
427 11255349638 11333450049
428 8840806746 1248613984
429 -7702919695 6893229465
430 2256613026 11601486198
431 10680466011 1997711138
432 8965868037 4954786160
433 6976859939 -2101291215
434 9816677889 -3623273989
435 -4240953157 4373792045
436 2165031055 -669085164
437 2003783348 4530329693
438 7461370424 4099640239
439 4976539774 10640231305
440 15657298153 11550162787
441 8403443502 8462862846
442 10270628196 2095372102
443 -3250541322 2098768779
444 -2950773008 2289606063
445 8496172514 64847750
446 196614214 -1304229356
447 6070821265 9453651716
448 6427336659 13183878355
449 1924850613 5213743038
450 12081787915 22847359878
451 3235398339 1348434119
452 26118086102 7430827634
453 7818315969 8965113743
454 -4228188943 1436131274
455 -3066398174 29731909
456 7283077632 8947067557
457 3101722173 1562138031
458 6971393028 9254782518
459 12454390891 23484139967
460 9438358221 7835686729
461 6624767295 6357181694
462 1645436112 4278939270
463 5664545347 -2231142853
464 4996945455 398048672
465 7821709319 15566867231
466 -1956029864 1407254172
467 -5541731314 6039714233
468 7471737994 8757749978
469 -114017914 -418838585
470 2566071854 10749172181
471 4456422959 4131866435
472 568204829 4833326955
473 -4078449847 5299660106
474 3357138321 6846918831
475 5391173439 3871285228
476 -9543581529 10179693563
477 4300904823 2300407206
478 -3059956089 -2579010759
479 5157736027 -4190736512
480 5703599466 11100576150
481 -255120194 5974322926
482 6341653112 9889637098
483 3434047880 1855915352
484 2307849247 485489196
485 7191218571 -794410304
486 6995407138 10000000000
487 5622737636 1865733759
488 4627594688 126468862
489 3425490668 1509034264
490 6748437094 2654765388
491 323144362 -1274709763
492 6183870260 -695096299
493 -2477237621 4499941683
494 4620169224 109323379
495 7662929517 9230036050
496 8387579421 4389428892
497 9752937617 -4503552666
498 7356401673 -1384263445
499 6025069477 9772619866
500 -7898101537 3707064459
501 7550627052 10410111357
502 -2626346447 -2505011946
503 11603796247 1303576378
504 6405644380 -1443330370
505 7320977482 10908470854
506 12216431343 2531609998
507 7874276169 16570565039
508 8030654341 -2073305643
509 8027164414 9611457538
510 6359527839 -1666320317
511 3048456656 1645312001
512 7626381124 -2837987506
513 -2391276456 7238650517
514 4244260500 -3422089514
515 3169040477 2384287625
516 3473300174 696602538
517 -831882120 482866969
518 7825538003 -1921446381
519 -607371744 -1756669004
520 11599711320 8276133
521 11538587048 1206610937
522 -2905344722 2318526434
523 9141296979 -2464029877
524 2188231972 316644175
525 13537663998 -1168913546
526 9615755392 2521936015
527 -2933077282 4015438585
528 8845511643 7067939554
529 12691530978 -616432841
530 -2401028470 670128702
531 16688870783 2654939846
532 7425918069 14890458281
533 3766650050 4343147300
534 6856497433 11235677153
535 -2509500533 4421731840
536 9850931095 -611523374
537 8886755773 17387036203
538 6786260930 614229112
539 3813599066 2220614510
540 -4688667048 3458568485
541 920687173 -2571705344
542 9039912042 31959766
543 3149456377 7155424160
544 3194058579 798271945
545 12689951993 -1073325836
546 -555308495 3079651813
547 5532886226 9357265810
548 8831782310 8418175075
549 4010191675 2535153391
550 4887110282 9929810998
551 8574047068 9574296566
552 -11568170686 2640839008
553 3440345725 4945439567
554 2961209422 1712160557
555 -3796551550 3215655814
556 -12041627842 9738668471
557 4068177321 3328113455
558 2057319063 1841340553
559 19133830300 8318981864
560 -3712423379 5060047109
561 7518370860 9205438566
562 -7542916420 5668878111
563 -3448315709 2335597418
564 16143340662 6147707433
565 2755807546 4470924016
566 8738359280 371165973
567 5654156846 -370281722
568 3221727498 1676588011
569 708949377 6152968829
570 4897729864 4406220423
571 13111545437 6339518970
572 1244149550 4594473217
573 4444711887 9978667321
574 2624281013 1094478038
575 9006236700 2193656782
576 4256601877 -354673018
577 1719282964 5299987255
578 13929091624 4368257652
579 7323825165 10000000000
580 350288172 -993702051
581 18777789517 -3295030681
582 396539084 14978564506
583 5582833642 -1739739775
584 5437983015 3827287268
585 4142806846 9354389964
586 4186662110 -1807626269
587 -2050877638 2775977871
588 7338522365 9279979778
589 3467573213 2084986506
590 1521432482 4911088852
591 7037335738 10678863947
592 -3247022559 6714589633
593 2449511911 4752524553
594 2156985398 982962448
595 2798776100 2088611484
596 5144895925 9986055067
597 299608914 -1060550894
598 89009147 -1196271150
599 13461699807 6604259055
600 9577482966 4153517067
601 740976745 -3170828058
602 2431356319 2156613856
603 -1479750590 1931116091
604 -7695389320 2661257185
605 3033631164 2571705843
606 20147028220 3481661130
607 -460043146 -1060550894
608 7387920131 -3410349202
609 4671702974 5457225319
610 8218402292 2851209538
611 10224603036 7610467323
612 -8333177975 -1535913371
613 8409628462 9258051642
614 0 -1060550894
615 4753328063 3391034021
616 19372898909 5596467872
617 7385476567 3301927104
618 20340384735 3854985323
619 6771541956 -1587470855
620 3126574698 10759997592
621 -1348363231 -2048100222
622 3317845437 1527682305
623 3196636949 1213547664
624 6583961568 16648243062
625 -2949912882 3586723613
626 7301657387 9192366879
627 5544849801 -472752765
628 25126712673 1939316492
629 2539625399 1862891701
630 736408997 -1150959842
631 5008144685 3176249588
632 2447781207 386475690
633 74710555 -1818914315
634 10120543254 -949630405
635 -2392864967 4078776731
636 6392038659 9819064325
637 3138051616 1639161468
638 4535567894 1037299854
639 3809287594 336593129
640 7720248727 2666800646
641 6931720786 9113081395
642 -2059631043 12936329344
643 -1166527765 91203900
644 -4935774200 -1263226876
645 7342770289 -2170041231
646 8206674719 8093612635
647 14922912629 1333763572
648 7018969063 10251451600
649 7807721161 -839209684
650 -865271915 2389534947
651 9408770262 10831199597
652 975777693 13318890876
653 9328717722 8321430739
654 7353979576 9048011253
655 -774324202 -2840666183
656 -2210439267 4109516205
657 7395009011 9139704632
658 6714056497 -1899812192
659 7058130694 11055525641
660 2549910262 5249389954
661 7749163596 8914651793
662 9078685314 -69689497
663 13222734572 986327487
664 4820888252 9876043845
665 3823440184 -199643594
666 6672724516 -979308919
667 27323929388 842539969
668 -2116753114 1608375923
669 7415858840 -1440451109
670 7598365565 -226964014
671 1256152663 362706456
672 11523649595 11504254076
673 4102514251 2515570159
674 8309660893 8949702208
675 5917641971 11815459713
676 -349025185 -3182083771
677 -2869538399 7072989265
678 5443217788 3176249588
679 -1478174127 6643608487
680 5166358590 12541701395
681 9574624656 10263473750
682 2497603350 1203049743
683 17379686800 -926812699
684 -577891156 -1895734851
685 8547043423 828768735
686 10344144117 19877719152
687 7048210225 -1774682069
688 16574552448 1429815450
689 2966012810 1139408387
690 11004396775 7181384876
691 10021047819 33290729
692 12624057949 988800597
693 2995974502 1252656311
694 6298839231 9473571310
695 5927804137 10984372504
696 9643642882 10307411852
697 2251911594 5378654969
698 10440383317 1864746540
699 7993707574 8993269780
700 298411700 -1181561809
701 2678458901 11457323798
702 3464840320 11347476970
703 10670056156 1564201564
704 611913243 19659819986
705 14384132948 3288986132
706 4681616618 9848441435
707 8998284757 7927794368
708 6984827143 -2251281626
709 5429536743 10756877519
710 5632476687 11671543666
711 9110393347 9360823757
712 7249568478 -1466572250
713 3351084575 1660790460
714 2859164315 1666836611
715 1173182693 11530520644
716 11869742502 11724582334
717 8136874277 2813866493
718 10471382337 9984228924
719 8997468409 2645510947
720 5642209957 12744410314
721 5580217429 11032550431
722 6762405050 11572539349
723 8509939734 4781945545
724 12173818487 -82652467
725 9119569466 8031967496
726 12843861075 -157404066
727 363324164 5542696214
728 7725094148 9211146840
729 6673461938 9845869068
730 8492106289 2777506522
731 1970067729 5322271484
732 3028767499 1455490548
733 3240249576 1751813320
734 -20441150 -1393010545
735 2410727786 4653264643
736 8647344886 820242041
737 5998932244 -1682317943
738 9956541688 3882488538
739 -6632902606 1353969298
740 6984017240 2159180946
741 6650133612 10000000000
742 11707554976 8189130649
743 12242465993 1427104065
744 8614263252 8836443840
745 11286821813 -365260056
746 0 -1060550894
747 2889645325 2153106303
748 11381019391 -47336522
749 5972268301 10324919339
750 5779848521 -894053271
751 877613259 4037757639
752 8951003197 1014686431
753 -2056452155 12663519063
754 9390899059 18248619247
755 19674003490 7967272920
756 6606387265 -1923043351
757 6956692368 -1191302867
758 9044805812 8582743946
759 -2546094292 3286230835
760 5889189070 9781652957
761 7918769401 8574563587
762 11201640211 468112232
763 -763160372 6044646558
764 13609636355 679466682
765 10431929615 -5162061493
766 878797658 668669792
767 7465524030 9815088427
768 3285834396 1421331665
769 20471990274 5754045085
770 5374450588 -268972641
771 2357421450 1696577204
772 7647516818 15269171497
773 11481903007 1366764198
774 8446666731 -3409409987
775 5338907636 9857512184
776 5772394869 9269260556
777 -1165722548 -1060550894
778 5977417525 9462455273
779 2415184912 1299695431
780 -375084112 4827969419
781 3899070571 2183251180
782 12240948264 11960897835
783 9957987387 -4109860022
784 1346266033 4042890905
785 4288108977 2472862023
786 -8386044041 7804727929
787 3500093083 15338199085
788 5086746441 10119663174
789 -1059398699 2915324150
790 1234975318 5629097525
791 10664636423 6929664707
792 5572189105 -372184578
793 2958653036 5252348771
794 6487939542 -2400189413
795 5782323411 -2468864907
796 -626196417 2767267177
797 10503881995 7818802407
798 15354299201 1626767661
799 9353347291 10122605055
800 11772338444 76285228
801 10855302465 1376098238
802 3931056954 4385925838
803 16814305433 3670441019
804 13749948155 6182143533
805 3396923633 3063361536
806 6159256868 11076956552
807 11931128562 11763661677
808 10619032709 8296859427
809 -2541086560 469885638
810 -2042827765 3620877529
811 -2013598761 6803650202
812 -4598301749 3479990340
813 518417648 -1665243870
814 7036203085 17256833268
815 6125172103 -1324569750
816 7720204227 838547592
817 4985174515 2127520698
818 21782278059 2564393114
819 14041603291 4863548307
820 -20169337 1176556485
821 8126616765 8796891556
822 16051042176 -2402762807
823 9147355343 9276886441
824 2259354069 1638058247
825 7320750641 4708581801
826 -3512689060 4822000690
827 6374811995 9601829739
828 13547426318 -161740158
829 6186850160 -1799576657
830 5878290890 3697733788
831 4272513995 1685802288
832 1400798139 4716169204
833 8462921678 -2497194368
834 13380733618 6325169656
835 7663953674 8591539399
836 19882334585 6683734491
837 13841333894 8375913320
838 5429182448 5081856490
839 15150570511 -12338316979
840 7106294125 10000000000
841 -4008073066 4662517232
842 3882720094 3675282632
843 6355942114 9448619398
844 3085001066 1638513646
845 13075435202 4556282858
846 7400231945 9498014592
847 20466801007 5030783660
848 7973907816 8354120039
849 1879105528 11132860973
850 10525869162 15294901950
851 -1288215893 9222381722
852 4866953723 -3403884120
853 2491196974 1911421381
854 -17635559 3305766971
855 5818563175 10291405214
856 8846281724 1445362416
857 3366910566 1355380414
858 21806550023 -5980816841
859 -348083654 7161679423
860 9286678486 10080162631
861 2684989114 1749071275
862 -7826290826 -614481331
863 8064447838 8451023004
864 20493533909 6816308125
865 1559911398 9612975621
866 4085862935 1440222881
867 6349240109 -1540592640
868 3131394732 1415971155
869 6018671404 6972022522
870 2919081373 1952288561
871 7237364509 5419118282
872 -11426820931 -1248494600
873 6326844300 9743745889
874 -313315307 1977742770
875 3143636444 2443419035
876 10476505788 -1546125662
877 -3297797912 271890060
878 -2876836561 307210158
879 3549069153 11458676096
880 7742016771 7377361725
881 5685475908 -363826963
882 11458702132 -3589613908
883 6973938504 10647797037
884 -10533254408 5995678100
885 6124010474 9820778855
886 1944580745 1925868723
887 7633044316 1325389610
888 5053643226 11533476048
889 3413604409 12349274846
890 2549885112 1585254426
891 15984282727 -3978852144
892 12520989925 12139176817
893 9191103919 985634949
894 8216190594 3960902132
895 -1768581814 1771665789
896 -6328657699 1473145632
897 10011548591 2206619273
898 -1752935106 7393319536
899 2156332085 10991027902
900 -11154569280 -1165070479
901 2821665786 1784628320
902 -6189078910 4209729700
903 8094635586 -2625303701
904 7787987190 8751372594
905 10520472047 7776547263
906 3514994009 1510938529
907 -9958878964 8327167489
908 -6355865043 2240365609
909 -2576660607 4107796125
910 19625624737 12525709844
911 11523655318 3976756529
912 9353331272 -2847021807
913 -1748477626 12350323381
914 8583960953 2035081157
915 5322290483 10594699057
916 1972411721 1013558092
917 5424937347 6318088266
918 -1120123929 2608196908
919 6604972396 9489270667
920 3460645601 15214454501
921 9038515728 -2599079800
922 7950000552 8477199438
923 16134494358 5253423266
924 8562263497 -2422058232
925 8731084907 -2322156538
926 9900482390 2386734950
927 -6088380970 1484377908
928 7750131564 15444540540
929 9096074130 -1506586546
930 11686864152 11591705591
931 -3870953242 3244027077
932 4889944518 4462504637
933 8197372995 2570996827
934 8825559061 8357540029
935 8931780660 -1942230509
936 -7036816243 2243685476
937 15247062989 219885445
938 8242119874 -2275113290
939 24810000914 7954218242
940 253125323 -934097969
941 7845698351 11256068356
942 -3790841028 4119285140
943 5614658847 5076768735
944 7712541781 9406790020
945 -3017112445 4164708328
946 7734277456 9844941234
947 6368500418 12820493470
948 -66061395 -1997066601
949 6240212701 10622970093
950 6285603099 -1512043781
951 5763652670 10406200080
952 6756077630 -1836849370
953 6792977237 -2237580364
954 -478325960 11817843467
955 10529968033 10871660563
956 8873775217 7964042799
957 1958493416 4619684114
958 12125965779 22922860037
959 1170946808 -4917152018
960 13284495074 -3460785936
961 -6911398024 3261048438
962 3276979873 1668240420
963 0 -926812699
964 8456893085 -2491130847
965 -7367056733 5329859058
966 2497022183 1517255185
967 897345007 2437919741
968 5546437543 9149877354
969 -3596805836 3826623310
970 4888514768 9988200371
971 8148477140 16125314842
972 4942570525 9953586525
973 2725687626 951177716
974 12503981229 1098076693
975 9375961578 18223091028
976 2187317084 2252505147
977 6190228150 -1343912374
978 64147358 689485913
979 -8279374907 -1722881809
980 7961435503 12237390929
981 -2100065806 4372405144
982 -519770110 137684511
983 8344864791 8537054239
984 19345052876 6270703279
985 1026944438 8180097281
986 21127848848 3805111092
987 4089778382 3385724821
988 1266474089 5506298430
989 5833692848 9421615656
990 3078074299 1404080658
991 6926297150 9081638589
992 -7944638059 4099263519
993 5443217788 4219217988
994 14187756446 437575853
995 6322555802 9825894166
996 12537291823 -611881805
997 9150703216 1232141329
998 -2447377998 -8517643607
999 8176718724 137485992
1000 2810509918 13728915112
1001 7593750270 8894539388
1002 6862677017 10928856682
1003 12920811134 -119793480
1004 700202167 332812287
1005 7410669059 9159080286
1006 8325045605 1797444128
1007 9154300076 2077136294
1008 2918478233 1547426348
1009 2867070427 1223947202
1010 2750377823 1488839927
1011 6038570351 9876808200
1012 4997789871 14337292132
1013 2559693176 3679077806
1014 -3165117553 3972494685
1015 11170217579 4425916491
1016 4059712748 4687724261
1017 2170176523 3574650224
1018 -8410992965 959347450
1019 4845759033 9899020298
1020 1618421095 11069906392
1021 5313324683 -206699541
1022 2532488931 1902904408
1023 5069589421 11778506095
1024 4109343045 2868277231
1025 11138780911 1288203975
1026 -11572567726 4039931558
1027 19949964185 6533790669
1028 -2914647007 -148021260
1029 3659461312 1223638834
1030 3930992254 2312351874
1031 6982715076 3186005901
1032 7080440206 10117894966
1033 4177969548 3726119041
1034 4250834485 1618605709
1035 6804380116 9703253228
1036 -1178996027 -1805503752
1037 5316125096 2022096428
1038 8194728647 -2227447490
1039 2306034254 1241759649
1040 9031909738 17635104953
1041 3752066869 3590042577
1042 11365272327 -181872668
1043 8484544398 7526833621
1044 8842256497 17310986748
1045 4317601636 1323797291
1046 8062726720 -368235623
1047 9657399446 689647955
1048 1141876523 5524637745
1049 5520375508 4880405589
1050 5921418563 9527332229
1051 2911890393 982635101
1052 2947648228 9951062353
1053 14544217759 1391449973
1054 7771919854 -2215169901
1055 13571721371 -1702909151
1056 -1191820314 10732150444
1057 583243656 7847574830
1058 -1002638201 5834711662
1059 3630178545 7886577926
1060 3922978214 1717781715
1061 8729710021 -2276844694
1062 2953547046 2633749648
1063 6622528861 -3252264352
1064 4232809189 8079016606
1065 12595141322 1049175778
1066 6056820274 9901105370
1067 3063488142 1356986445
1068 661128156 7127688117
1069 -3930205449 3039151845
1070 31979575 -218808373
1071 -2149288111 6265720292
1072 10098578941 16888541544
1073 8303785265 -2541304101
1074 10729356271 1251810617
1075 3902144597 1512229666
1076 5683596902 6954099947
1077 -1655813224 3392980627
1078 8081935712 7108288193
1079 7742339511 9854239565
1080 5474757045 -196321495
1081 6745455749 13727545249
1082 8045265609 978583218
1083 6659844329 10639941174
1084 19840981428 5099685085
1085 -2255807809 3018774033
1086 -1851269763 2831506588
1087 9991013668 10528553629
1088 -682032909 -1060550894
1089 -202061863 -1657465655
1090 1023967002 9610575553
1091 737490234 17242933765
1092 4101276516 2109360012
1093 4945533583 3902720075
1094 20235122421 4255490814
1095 -2619167457 1278939585
1096 4874316507 4470940078
1097 6215584381 10490736295
1098 4434596817 9927308952
1099 -2000858685 15466281596
1100 3103294139 1174640576
1101 235489318 5014705652
1102 6929607423 6159039789
1103 3821520239 9873069706
1104 10537143528 2090601223
1105 3234466701 1515283842
1106 -1542494435 3050302514
1107 4830842056 -540865587
1108 5915338480 9488872475
1109 2973772457 1553416262
1110 6959426994 6297490159
1111 -2021336833 2129109719
1112 3015699728 1460871548
1113 3884652501 9896086678
1114 8812688581 8022370498
1115 -12054595719 3088604723
1116 -7761468666 4002037468
1117 25770275298 11739860794
1118 8578266924 9365409574
1119 2670452147 1870906284
1120 9979483687 2353520358
1121 2859411023 6067235169
1122 5848851126 10427766562
1123 -400581669 4487867548
1124 9268560066 609398420
1125 8070315888 -93233477
1126 -3756536377 4040197587
1127 21153427104 4874170806
1128 15756175604 -1745370934
1129 6094929126 5025602165
1130 6928026406 -1246270858
1131 9222537472 10039329440
1132 1859553148 11489829469
1133 5249740617 9760408465
1134 7121573128 10516407858
1135 12556028790 5828806615
1136 4355666912 10608738419
1137 331613172 4169142227
1138 1250610055 5790971892
1139 -15468835970 -4119373270
1140 -2819290401 7214734487
1141 10816720969 1406061450
1142 -7816275290 2522571380
1143 3646665054 11175147734
1144 -9069237676 2324419866
1145 2268833269 1844076315
1146 4874502157 -288770107
1147 1271661084 4780672482
1148 1509907437 654072539
1149 7398364375 9408660382
1150 8229976646 -1311948624
1151 10589541977 10846193342
1152 -796309388 838636183
1153 8328825190 8526839086
1154 6765703125 1820151763
1155 3235722458 1893846103
1156 18234484036 -256235849
1157 5585382515 -3466561099
1158 -1166424352 2778148999
1159 5858605182 9495864872
1160 6882867428 -4562109572
1161 8680604813 1849651657
1162 7969596260 2807177233
1163 20866761042 2304186027
1164 8249082884 -473498259
1165 6000241348 6376878075
1166 5120699912 10768637866
1167 -1051240585 2792392329
1168 12992489779 513588992
1169 7234537445 10431030621
1170 3229990698 10382718933
1171 -3231882695 4843219348
1172 -4506153953 2551049787
1173 9153546962 9995408983
1174 -8887534390 2205622832
1175 -9455160296 2596829683
1176 6280295132 16913880668
1177 7853928352 8586888178
1178 3754743618 4164825116
1179 5203336824 -14588002
1180 5244783737 9705276568
1181 7945834616 -2258424516
1182 5170868161 9492053179
1183 7420593585 -1448827270
1184 16867459588 -6505225608
1185 -4957200359 4120822991
1186 2700020922 442605724
1187 1310177797 11097811335
1188 11855793287 629951286
1189 7682980747 -3016231012
1190 -323383229 -926812699
1191 6261519098 -1391964486
1192 4101979096 4388104364
1193 10326257244 10543460725
1194 4860815790 10605346336
1195 -3376485887 4885972100
1196 3445947913 1114942875
1197 -4396076763 -1503235560
1198 5112775141 -639782931
1199 10229315315 -152101755
1200 1998325760 8908201069
1201 -1566402001 -2102212855
1202 16566043171 -4780700804
1203 -10832288482 2640017162
1204 -4040733937 4082640637
1205 -11061868488 10033072611
1206 10068900150 -3488467835
1207 -8409797411 8880049252
1208 -1391297274 -2268694177
1209 11392631421 3810000681
1210 2819023531 2364510023
1211 9637831700 9652751508
1212 3060330953 1977100961
1213 3534472959 4941045407
1214 1454344517 13349210463
1215 15139924718 7428534505
1216 5600714987 -482838883
1217 7519065568 6885638706
1218 2857458845 2120612780
1219 -1073340011 3243824824
1220 4350964097 14446472169
1221 3425341643 -1199950495
1222 11202109516 3740169929
1223 19967677196 5058689538
1224 2723870329 5173425245
1225 5868583164 -1967633403
1226 5029908525 -1673625292
1227 7708748322 4982259378
1228 17473971900 7680006199
1229 8797427380 8508028579
1230 844556923 3959113076
1231 6358705732 12169568796
1232 6713180573 -1276820599
1233 16488683366 -4564690216
1234 8887858465 6106148494
1235 12567756203 15045386538
1236 4202616259 10546173216
1237 0 -1060550894
1238 7031406442 10878234041
1239 -1638066349 3784367389
1240 -313247474 1039930070
1241 5145129897 11544668260
1242 8317323378 10515685451
1243 6903249459 10239849271
1244 9262052513 10064485345
1245 7231310964 9056501690
1246 -897367135 -1893867557
1247 8493955499 6908863191
1248 13034228282 10846531521
1249 9925431803 4495917166
1250 6843422350 11776991202
1251 7447333817 -2032848634
1252 11820342447 3802871920
1253 -2376471862 2655215321
1254 -2726568208 1943468946
1255 2552067219 1954768279
1256 10570154531 10095094725
1257 4195226223 10224502819
1258 3041402595 1648669400
1259 2257870284 2631036823
1260 -2888640431 2329160651
1261 207225583 -1499569509
1262 5195785982 -702238970
1263 6270724905 4427035688
1264 13168498822 7244618365
1265 29936403238 7687886162
1266 -8636150328 6545113856
1267 14661565360 13501901239
1268 -3661823974 4846697490
1269 34093829493 7967774352
1270 2731093687 1519309480
1271 9814059678 2991086023
1272 1199786996 7145723954
1273 9646449294 -3121867125
1274 2037815105 14229229736
1275 8125704085 8311686786
1276 14697426440 2745142494
1277 7193034780 6231957273
1278 8982276897 4602390106
1279 10805717570 7727416847
1280 14974440857 -2897028345
1281 11114161715 1553696318
1282 -1801264597 1515476273
1283 14824667833 5187506277
1284 7187951375 8989108136
1285 -2641964483 3825047250
1286 5705259604 9252285968
1287 1367242012 11175326229
1288 3503091115 10902099676
1289 12197325159 1011110967
1290 8852642713 8590473577
1291 9511385027 7454416656
1292 281849592 5665451100
1293 2414669615 16693005183
1294 5719655369 -637666367
1295 6870530024 1019213071
1296 3010124385 1577841615
1297 7545795716 -1634891205
1298 273959315 95912886
1299 7249167008 9365556768
1300 4649829476 10146110933
1301 7876685946 9010236333
1302 5197895666 11203065121
1303 -3903492272 5420733092
1304 11414671199 -778552379
1305 2587417400 999006564
1306 1997822986 591734314
1307 -7956446792 5531229463
1308 30292740806 7711875686
1309 -4815545252 2628282622
1310 11013385533 1796923095
1311 9291822849 18079297578
1312 8008698805 2892290803
1313 278348199 -1720356231
1314 11394279749 664085203
1315 15319588128 -408166369
1316 5365139418 -1163674609
1317 11217486664 21370265322
1318 5614373810 -562106551
1319 9549555229 182190835
1320 -5645429827 5965948875
1321 1825147427 5457062605
1322 8375368847 -3389679528
1323 9146914872 -1774832706
1324 11777056015 3506566227
1325 6622602878 -1169781844
1326 9409275485 1318003678
1327 6819069277 17208407138
1328 15738982049 -4738827296
1329 4354060185 2061874549
1330 -9979211760 -1169684836
1331 4893123452 3704666223
1332 6584583427 16323683066
1333 13779587155 5931263371
1334 -2835758258 4406264266
1335 2759823395 2081409292
1336 11227700480 11315848154
1337 7290976031 11773547068
1338 -7000394599 2060898374
1339 5560845415 5777710260
1340 7640845610 -3181040310
1341 8166462155 -2092165197
1342 8382423991 9022733438
1343 3199969572 1601875669
1344 8688018018 82638379
1345 5316334024 12107881996
1346 4975281117 9946732157
1347 -3497552050 2000803785
1348 7067931920 8250816194
1349 6069875090 -551749666
1350 12651218533 23820519253
1351 9499548217 12418725
1352 -6163623960 -3990748815
1353 9163493795 9946228978
1354 9036576151 17643079873
1355 -1394971561 2794980866
1356 -9848373146 5104937001
1357 7731282970 8826206096
1358 16485057279 -5485676565
1359 8883209741 9896491341
1360 7868209730 8352422150
1361 22587641061 -2060804507
1362 3012987866 2064196203
1363 3596008706 3026385117
1364 5964514305 -2223156410
1365 8044547171 -2076395897
1366 7674562216 17443418573
1367 2184253124 1561690495
1368 6435787054 9973181586
1369 -8646043402 3892118028
1370 -1188309527 8080206793
1371 -3595584914 -510918056
1372 19407931400 4648344275
1373 10835338659 -5334661885
1374 2769353869 2575799870
1375 7439420965 9226031818
1376 10000000000 10000000000
1377 13392309129 9123063290
1378 5498396479 -1262229852
1379 6348020252 -1284707745
1380 10199111966 125480979
1381 3057678907 6733860175
1382 -8565259515 7860428109
1383 3404659942 1991052359
1384 2737449807 4389267100
1385 5350336031 8580770532
1386 10000000000 9987051029
1387 5740325019 -1771284604
1388 6672408347 9564446443
1389 21487220557 7119066343
1390 9513154508 8802536066
1391 8043586260 -1966097786
1392 8090086285 16025524621
1393 20766193468 6949420392
1394 3809331705 3804479569
1395 16611723532 -3094460997
1396 8027509057 -2059259069
1397 1462134351 2400003049
1398 4327278838 4260014400
1399 10160329984 7348823929
1400 7236810870 10357524211
1401 3832579416 741916045
1402 14394442322 6640973520
1403 1864696455 11980239222
1404 12013564226 7309746624
1405 4994521614 -189924258
1406 3261614759 1721754766
1407 10555032151 1731352201
1408 5902972666 -471437836
1409 11445890941 21760609214
1410 2454709949 1321075474
1411 9197727530 2383911610
1412 7871261787 8915318841
1413 2481085514 12913574820
1414 9331736015 859248100
1415 2984471486 1184240424
1416 -1065427753 7929393350
1417 5375612589 11386477397
1418 7496976423 559774662
1419 -13624213025 -1921825704
1420 11805416998 3324087017
1421 7029490094 11309117861
1422 4029076446 4835465475
1423 -909721924 115096260
1424 0 -1060550894
1425 -1336663592 3521493253
1426 9056255542 17676712037
1427 3007333517 1705297844
1428 -2030955304 1577892221
1429 7046101496 1124964016
1430 9365034480 1775242392
1431 3764600335 393464497
1432 3704921104 16132847902
1433 9225578218 8361957193
1434 22701761394 853421578
1435 -1075949324 2398491771
1436 8765703184 10334767545
1437 -217495035 179498746
1438 -2920582879 5132702346
1439 7649372493 8774060582
1440 -1395379075 2185704171
1441 2534775371 13403047767
1442 2911453087 1394376361
1443 11429448668 3490872838
1444 7463522667 4775545444
1445 2914045230 14233586156
1446 5862536414 9957912460
1447 3034688029 1876081718
1448 10235807807 -3771772374
1449 4998232482 -166322630
1450 703297459 7982036543
1451 11096106656 3597260406
1452 -46961756 12391918786
1453 8361964131 -2395651897
1454 -2455799271 4518795681
1455 6141980922 9320418189
1456 8646172853 1670128460
1457 8816836417 17267543721
1458 1191930181 19167669251
1459 -6558290241 2142401279
1460 11077638067 3601788230
1461 23556706105 -1157292314
1462 2266162454 2102373519
1463 -3047988985 4457350968
1464 8407863231 16568606789
1465 -7085957291 2402402382
1466 3370948081 3167000131
1467 18456832355 3810110724
1468 5513749785 11637954601
1469 6210470043 6682706131
1470 -873966236 16345999847
1471 8528818952 389524221
1472 7439903441 9269648426
1473 6610156550 -2088517344
1474 -3705630099 711132582
1475 2070505938 11808053524
1476 -2292105684 14961230360
1477 14563056273 4046216841
1478 20464266279 -2269411765
1479 -520409686 1310149961
1480 5990930392 6926488383
1481 -1908065027 4084788830
1482 5701639177 -2019647020
1483 5100046072 1658206584
1484 3132573801 1487204142
1485 -6655664734 1713488367
1486 2649612415 1304082677
1487 5207429841 15365263582
1488 -5160493157 5595062222
1489 12168206551 11914589302
1490 7321534935 2955289786
1491 17699677417 3828701770
1492 11426455787 -635174477
1493 6221735307 -762321319
1494 -2586262485 3973653555
1495 3177530734 1628356330
1496 8803874594 9215555464
1497 6316816300 9351260503
1498 5265204556 -6657382488
1499 15501702278 7373196985
1500 2547805224 1518592337
1501 13768247349 12933200762
1502 8542284672 9342502699
1503 -241891767 -3015732365
1504 20244199201 5766695830
1505 6729789058 9684061047
1506 10551650651 1382085275
1507 1560109611 7342464332
1508 -2980806570 571596953
1509 5326598002 9657074874
1510 14776601377 7581615971
1511 10267675944 797376886
1512 2532730102 1769771871
1513 -2883500858 4595790355
1514 10477450501 10670023150
1515 8519243000 1944765928
1516 3037783852 2197610123
1517 6680252660 9723149753
1518 -12321614177 2906615925
1519 4869207193 9992693716
1520 3022248076 777697593
1521 2806916828 2219405304
1522 432242732 -1586212448
1523 4909110610 -175790965
1524 -8710048306 1934541559
1525 -760988790 1566275152
1526 3150106139 929264260
1527 -2402944826 4161626530
1528 6201418251 12797782826
1529 7658584685 15288086530
1530 1217110744 11338146263
1531 -164991985 -1177524592
1532 11138351150 3425560494
1533 6226176135 10720697560
1534 11089987315 -689760884
1535 0 -926812699
1536 -5439847646 626596779
1537 8178831206 9111122433
1538 8687676586 -4108890565
1539 6372784597 9773947082
1540 4904375811 10120636561
1541 8125752746 8771441149
1542 11007607176 16556608956
1543 -1056976895 3293560431
1544 8756746771 -2234515492
1545 6160724603 10830574249
1546 -2795409401 3302827576
1547 7702058501 8890655243
1548 8704806437 -459861753
1549 -10409011678 1147921905
1550 12320055467 1214233469
1551 5333892040 10523576725
1552 9636443940 -2273733221
1553 -7209544882 3561943115
1554 14942744692 7271172377
1555 0 -1060550894
1556 -1890413711 2964647683
1557 -8162254982 2546165236
1558 -538647799 -926812699
1559 -3125314700 4919833473
1560 7281906136 10217025761
1561 17992492650 12598478700
1562 -2925549528 669993720
1563 7015034958 -1497545861
1564 8886238122 9180741872
1565 8835500574 6848704793
1566 11365815501 16619457420
1567 13807550752 -916680675
1568 1841206626 11339184954
1569 5688349209 -680351879
1570 9903486624 9317496907
1571 8447351767 9282066900
1572 2609672104 -313552244
1573 6334638056 9546258009
1574 10000000000 10534274470
1575 2993944571 2400164298
1576 7331532830 9560030932
1577 132039318 -1437928489
1578 6211190922 10186233876
1579 -3160509962 2156084177
1580 4199883521 10137517946
1581 -324121348 3527235828
1582 2908997736 1537809414
1583 2794520510 1666322243
1584 -2064699866 -2146782600
1585 9808377280 16661499703
1586 2714985710 2529453328
1587 2873079879 4380579977
1588 -6941316430 -2595061366
1589 11198682850 -3242871956
1590 3938981973 1927312996
1591 10690189208 1760367340
1592 10000000000 10000000000
1593 3097726884 -437758361
1594 2300462834 3811552419
1595 2863500314 1956131321
1596 -960826886 1842336140
1597 10566584538 1300855006
1598 6208881414 9747719078
1599 -3446902756 3820139236
1600 7158642792 2969077209
1601 2314282467 9127631962
1602 979055569 5106843130
1603 12128815329 1267292153
1604 12008532745 1344579945
1605 2256180605 -468323179
1606 3836398585 632879817
1607 8220575827 2242993918
1608 -2224667044 2751856687
1609 8066632372 9432717031
1610 6643195253 9486650530
1611 7533491363 4091049352
1612 8192112141 9119577288
1613 -13900785 -138309495
1614 1797204815 4747292001
1615 3254344064 1988103757
1616 11869444272 225768558
1617 3741458389 3755243955
1618 9330235685 7054950394
1619 7520827607 9243982047
1620 7783534992 9601385496
1621 4848372166 -1144506777
1622 -199402356 2547251360
1623 5929023194 11531701063
1624 9891467351 867075931
1625 -8940977744 3905983522
1626 7226766566 2949221751
1627 8711805056 -2765222043
1628 10464131110 1375194780
1629 2882775424 1068509314
1630 3793399445 5507104229
1631 1550269096 2942775974
1632 3350072836 1577525524
1633 -2166801867 13293282177
1634 12156082180 3868909990
1635 6046594120 5745319833
1636 4315261035 3340690898
1637 9840870404 9865596145
1638 12093076135 3963594865
1639 514056620 12070776523
1640 7142764062 1360154945
1641 7015387381 -1646764178
1642 -1403777808 3892825874
1643 13573039824 6551425202
1644 10765447373 10033366224
1645 3897453045 1761951436
1646 -2499974804 937477261
1647 6666187462 10467244799
1648 4138275482 6824620452
1649 9078132115 8730450102
1650 6377815176 10000015950
1651 7501076405 -2521217162
1652 5676626264 11900911061
1653 6933774119 -1863676279
1654 2707228569 2249396455
1655 -2775650610 4558943303
1656 -2283938583 4384487814
1657 1754192133 11208798199
1658 4819743550 10196039234
1659 6218305412 9977023813
1660 11358175619 1052461412
1661 7835798317 9105241907
1662 0 -926812699
1663 11287461339 510247557
1664 3810090825 8073369984
1665 1286431737 4705725805
1666 7046345372 11322889545
1667 8009062414 -2040705550
1668 -671750292 8349763769
1669 8931209436 6771829595
1670 3001660052 2009328149
1671 -2425120159 4264991221
1672 5190300831 9539437435
1673 8605343923 8633292698
1674 3113776429 6956851859
1675 5237360435 -740414343
1676 4209547681 9743848994
1677 8053926208 -3112328000
1678 3238050464 1369522601
1679 9270357657 8429445463
1680 -3147388471 4777924321
1681 7226277902 10114096314
1682 6819099348 6588785752
1683 -1212737792 3396066969
1684 347117021 -1217883427
1685 9947489767 10500845620
1686 1252314574 -792287438
1687 -10821831948 2638145377
1688 3677440460 2766401201
1689 7139133329 9884479456
1690 126006524 6585446884
1691 -360449679 -1792856391
1692 12362177898 -65798433
1693 2058027347 3645556934
1694 3172191654 1772406588
1695 7909888492 3266418299
1696 9455521758 16373423442
1697 3911686956 5782078893
1698 9499462341 7833511426
1699 5472650855 10006957303
1700 4203600131 8135980302
1701 6029307546 5530595686
1702 8925586967 -1787542774
1703 10223504329 7536446021
1704 1708127602 9687942978
1705 13224094263 4754703149
1706 3274973269 4419920797
1707 2653518508 2394494687
1708 -1571795930 12609330969
1709 9511542410 8819674429
1710 10311548064 -3596219530
1711 2744727699 1558052481
1712 6882476003 -1302828088
1713 10916466819 9479072588
1714 6314757720 9665182884
1715 19992754692 4952400557
1716 24649704268 1996102728
1717 4711831059 173008042
1718 5318349831 -1124970362
1719 -437325873 1213221362
1720 -2726777550 2993409935
1721 6146630159 -2394840174
1722 6306369031 12699070380
1723 5890033900 16177759546
1724 13281074087 7376447103
1725 7831910925 16043277087
1726 6016557884 9552298024
1727 10795398443 9162798549
1728 -3318423066 13613655353
1729 4083021982 11350438949
1730 -3991113987 5414970162
1731 12015970347 6834426053
1732 8617929906 772056359
1733 20235611133 5597046274
1734 5047693047 9757900393
1735 9111119130 8796878121
1736 -2713232705 4737581856
1737 -4083744319 5120736570
1738 2313911923 5289830922
1739 -142881610 -2913437668
1740 1520512153 11101166335
1741 9449516587 -1500210003
1742 2891507488 1772515427
1743 -174198431 -1060550894
1744 4595168016 10555139757
1745 3425395142 1141180535
1746 6043781472 9634965274
1747 11389656502 7546442605
1748 16513879409 4412963208
1749 5550427316 -541440304
1750 20386884273 7287277686
1751 439348658 -2589295729
1752 3430628446 1158266506
1753 9303824456 15222414187
1754 3513396964 1531902407
1755 4256148493 10568829909
1756 3494774973 8059840719
1757 8537723706 -2157601583
1758 -2696874057 2560412498
1759 -8824653200 -485986949
1760 3435192648 1771046205
1761 15214355366 -5617942971
1762 3187134551 1924390292
1763 19022037394 10902221115
1764 -892691710 12861909966
1765 6023174099 -1134585678
1766 11404428498 445066464
1767 5048173174 4338246327
1768 6525197639 -2631328723
1769 6049310654 9598831296
1770 3113328388 1421161964
1771 6313363992 4219217988
1772 3928627284 10223924330
1773 -4836428381 -488762328
1774 -926657853 -482436436
1775 2029416839 11720135316
1776 7458924875 -1512885050
1777 252566944 -1060550894
1778 2914654495 1381526299
1779 2178260322 2146571028
1780 2668160915 1868241996
1781 -2636091687 3640095117
1782 2035815995 10965616796
1783 -359232282 -1632495876
1784 2500378158 531873516
1785 14580519763 3276792681
1786 6638760437 16865496864
1787 8339087931 -2372643158
1788 2214248941 1088185374
1789 11461425880 286811041
1790 712909479 4744544092
1791 19224346101 6966724053
1792 2405858526 9514820885
1793 1972253064 884916232
1794 3490268227 7785654773
1795 2410460170 783281634
1796 -771124940 881676513
1797 11285827918 -2691244836
1798 10115922260 -1624432241
1799 17536111948 4968996809
1800 -2000819527 4233702663
1801 12236165261 23111191426
1802 1948318232 5383085622
1803 134744926 -1435948742
1804 8312241783 8726040300
1805 -689445497 3234252357
1806 4749782951 4811450489
1807 -6941252135 1943496933
1808 9360212334 -3399683717
1809 4733836838 7227454695
1810 8872541409 9552749399
1811 5458282045 10093684238
1812 9825805873 2240081288
1813 6704925251 10000000000
1814 -268475681 -2048653310
1815 8071914262 -1904602454
1816 4746806856 10311845694
1817 8957540751 8760176904
1818 -1269858190 122483078
1819 5180726405 -2570717701
1820 5830177134 9641929798
1821 7745148868 -1775262951
1822 20644855336 12516477775
1823 -6486960550 1896758180
1824 3109374095 10371313682
1825 6073746850 -1151887259
1826 2628283932 1859583823
1827 3150360084 1651345418
1828 2044057101 15730370300
1829 6482502709 9362955225
1830 3096177108 2040679010
1831 6836956709 -2340450707
1832 3118170353 1849921545
1833 7075852578 7388057333
1834 -6824213629 1934913349
1835 11443731509 -1040507610
1836 9324215438 7420623317
1837 2143657073 12802991959
1838 8280060000 -2313273232
1839 9028369326 8877277321
1840 6342091462 10020376257
1841 -1605122091 -2395438077
1842 3082359896 2050295299
1843 9203349689 4925386626
1844 8910140294 10468515198
1845 5108847095 4376550870
1846 19310353837 10483920418
1847 11077998999 1191746391
1848 -4458272548 -1421860432
1849 9182447722 17892375015
1850 -610578579 3013779445
1851 5572713700 9645252540
1852 3332934995 -2318514841
1853 19774235555 10620236756
1854 5878290890 4219217988
1855 6891904803 16671975765
1856 19844242484 5536891315
1857 -3406164122 -2047065555
1858 11304043112 3233870021
1859 2878944743 1277899517
1860 15296939600 -4805715985
1861 5273145549 10742792392
1862 2598767169 2741561361
1863 3981163589 461334675
1864 11404801421 -2180561318
1865 8658828384 -2272167706
1866 7110710047 9301917237
1867 6420244113 -2239965621
1868 5866924487 9819541344
1869 19863374281 5150759994
1870 12465291786 1241557138
1871 6610504560 9704395193
1872 14086813561 -32870807
1873 4419481776 5563267759
1874 7401082397 7453357023
1875 6022309677 9984329550
1876 -1083545956 -3057006857
1877 2384083200 4830712952
1878 2897272791 2034276362
1879 -2772023103 3598907645
1880 6619086674 9831644530
1881 12478619822 9172481181
1882 7076836779 -2660949210
1883 3671470118 11377704079
1884 -8042447048 8433753687
1885 6692539832 -1472445328
1886 3884388894 -917979095
1887 347889082 -1688405064
1888 -1809150505 3016381135
1889 5627080168 9367379083
1890 10041113687 15579676135
1891 11630117346 9354737019
1892 6606486088 13490045501
1893 -1235956084 13223179353
1894 7220674924 9419666348
1895 6521064311 11606521882
1896 1805900884 12453412118
1897 183510944 -1503780930
1898 10746505573 11009511811
1899 13980678270 -208528304
1900 11759171340 -4455193854
1901 12079590109 11858174663
1902 7320600241 -3664416020
1903 22944819681 -1053100969
1904 7669278759 -1698953268
1905 6467740167 -2396178343
1906 687166171 11443869854
1907 11515942163 3077310153
1908 3047629522 2100768192
1909 6516248355 9664826058
1910 7002623022 -2769576565
1911 10126802839 13351852600
1912 5744004532 -485347643
1913 6682401036 6035247180
1914 4285104092 4671323812
1915 7530357170 2949797983
1916 -4085794319 4422535605
1917 8307283732 9155311170
1918 746318178 4342569383
1919 11456302781 4052887624
1920 5528869550 10077517661
1921 -498852354 -1913899185
1922 5298265440 9957982558
1923 -3751290529 3367733609
1924 5443419533 -490275732
1925 -11497167988 -1270050544
1926 -732754600 1042344626
1927 2851985781 2126609481
1928 1583879962 6308716789
1929 -3484347211 4800349068
1930 21802358382 3224343444
1931 -1972213726 -2364524977
1932 8441843269 -2475993836
1933 3280358319 12743687490
1934 6273022643 -1893133986
1935 2515141908 4453931946
1936 -9588154662 9814419929
1937 1794577965 6226459611
1938 9283092113 8692791875
1939 -10650480166 -1010606066
1940 6174746217 6953999664
1941 3524026953 10168569497
1942 6456978154 9756151705
1943 2484751526 1107668868
1944 9631179810 8104162342
1945 6170646919 9879751125
1946 4246385961 2889729830
1947 8862618850 5723842691
1948 8437579418 8940660039
1949 1911437215 -1886676877
1950 2552226929 378846690
1951 -2094029705 3813303539
1952 11688884998 22175887102
1953 1414566943 8490391517
1954 7140614141 -1995634213
1955 4301239961 10370799727
1956 -2661753020 3505196942
1957 3951613852 4441144871
1958 7835516009 -1866153658
1959 -1068929688 3487617499
1960 -1159909674 3429698190
1961 8007502867 6604234307
1962 9758756761 -3471189863
1963 7497142892 -1525820086
1964 11795006354 11677004111
1965 7648737214 8773656153
1966 9324474382 10104224101
1967 11847772867 4579791675
1968 8322014468 8268778561
1969 5560044064 -246912004
1970 4833895794 10460681063
1971 9249082182 2409371819
1972 -3406952455 7040858303
1973 -402144932 -1060550894
1974 1329806460 3011101437
1975 4278640866 -1697888816
1976 11404873236 -2180191195
1977 3351482031 1549320773
1978 6825703432 9509714184
1979 -6587378349 634931160
1980 430969830 -1342997718
1981 10994668463 15590513466
1982 7864046423 8881221620
1983 4976142124 4386756556
1984 388458057 -1239116231
1985 18712163424 13285520558
1986 21506098729 3920274497
1987 22491806173 -1906385458
1988 -2073087329 2930534266
1989 7708477238 -1119946565
1990 11309431143 -957207071
1991 -3561448127 17588104926
1992 3014407663 1321512562
1993 5331728293 10353633918
1994 2348330557 4568676563
1995 22866912089 5278743769
1996 6481003595 -939584447
1997 6047855041 7133385882
1998 972208587 -1160034446
1999 10607968179 7775145076
2000 6358191674 10323601439
2001 7964929468 8974949179
2002 11208483105 21354878201
2003 6419634705 10693091128
2004 1491432321 5101210451
2005 4028959147 2586961526
2006 -1397674880 -2779657156
2007 3473303911 1398784640
2008 3391114448 1248980698
2009 7465000141 9015077467
2010 14604761952 206265621
2011 5533619303 -181901384
2012 3519952027 1696192619
2013 -2817462167 4490565124
2014 7128922653 10274546067
2015 -1597568722 3151077468
2016 -1166413260 2930909468
2017 5917475951 -1296818063
2018 7949234589 9611457538
2019 8276961988 1787447617
2020 3499541482 9717206349
2021 7813891932 8878796277
2022 5371816413 -451348716
2023 13931525503 -4245409820
2024 2762518144 1397883490
2025 6690286959 4949041721
2026 6075976125 10987038031
2027 -4066374646 2564459393
2028 1239404087 5214057483
2029 1218938011 5248761118
2030 7176794907 -1373938457
2031 7945513412 8935998720
2032 10817958822 1034853015
2033 6002681823 7263421684
2034 8991568426 10373309046
2035 -10537613155 10673706073
2036 11699956923 3996065081
2037 13046775566 6655957671
2038 3460689068 1485169752
2039 5160758027 9993938892
2040 8185482115 9453725546
2041 318902913 643883050
2042 21500835609 3686359777
2043 1762236789 11152374565
2044 2520338221 2067390063
2045 10990367374 10657336198
2046 3010431621 2055546563
2047 -2559744861 3535726489
2048 10410057352 8321593776
2049 6277891796 -631845496
2050 18798302373 3032412088
2051 11296640185 -1417606856
2052 -1255928175 1995267373
2053 9405459153 8367833051
2054 1025819042 -330868623
2055 -3189679148 68592157
2056 8245396947 -2466089764
2057 11518740320 860858267
2058 -2372141409 3094191476
2059 -3116738966 3564912774
2060 7829933360 9175490899
2061 -163937585 -190901608
2062 6776910899 5240869279
2063 13296794463 972000846
2064 4260657279 2803968068
2065 3120776648 2366219867
2066 20304032369 5143184714
2067 -159352884 -4280983220
2068 7363151296 -1391052173
2069 3756826862 2925660687
2070 9215372100 8900121356
2071 21262723758 12336508279
2072 9625873770 10296099753
2073 6090268239 10561281002
2074 8616261722 -1265019323
2075 11993407099 1524129321
2076 -461823164 -1060550894
2077 -10903641999 2747544775
2078 4228783127 4225450274
2079 11038384434 7548682445
2080 6228174460 9369450431
2081 -2865716257 1272949140
2082 2661193446 1868585651
2083 8112352054 -2026491062
2084 4822609625 10092084086
2085 6095864034 9368445723
2086 9625769867 8857720173
2087 9618430446 10688258108
2088 10211320274 15479439819
2089 473689008 -1477515135
2090 3482889047 10863679504
2091 -7863477753 7285057859
2092 19112830469 6959216546
2093 6577971493 5463082583
2094 3759584356 -1774450437
2095 11890612447 987821883
2096 3359915097 1792807845
2097 6748437094 4219217988
2098 -2203565048 -1060550894
2099 -866212984 -3767110769
2100 6138083825 9521378724
2101 -1443802879 3248967254
2102 5943227288 -584557846
2103 6343734697 13041002244
2104 -11297508357 2093151211
2105 7606003433 -1635311339
2106 195960863 -926812699
2107 7472382971 9196019854
2108 -3950389472 4401004859
2109 20404129928 5405342012
2110 4799719771 3454084612
2111 8049188377 -2081063993
2112 3748350166 4669099336
2113 1983514552 2907308312
2114 8703249302 7992153869
2115 -3740289415 -725733349
2116 2684524993 1105500527
2117 7157987999 9148801121
2118 8642672416 16969896696
2119 8885596054 -2399303627
2120 7678068314 -1707793748
2121 6519803943 -1103128145
2122 0 -926812699
2123 9627444144 16411900345
2124 3540141411 10767718706
2125 3412402437 10729628490
2126 4803879425 10276510339
2127 2413967956 1916144834
2128 10515504155 15470403998
2129 9622090146 9759727031
2130 -6160660569 1355676766
2131 2201953080 7803675567
2132 6809124653 5933026741
2133 -7655477778 1905586935
2134 -1087549894 8217857539
2135 9583241031 1541345519
2136 1749048659 7803334952
2137 4265678340 4298583888
2138 -2148457108 -2526593551
2139 2682248194 5065639350
2140 4495339047 3380086311
2141 3361514976 6190426191
2142 3001873990 10619322293
2143 9418460007 18295721025
2144 -2922405469 4186909184
2145 8004077173 -1918899461
2146 -6138266998 1554944289
2147 11164443757 11275577917
2148 12383488387 6753308106
2149 13141884723 8409617283
2150 4637045888 3321121341
2151 10919590523 59025663
2152 -2335036901 3243870616
2153 5095790541 7046848241
2154 -3263275546 4937234780
2155 3347445063 1176695467
2156 8385881581 -1434777372
2157 6137494759 9665982967
2158 6931560275 -1632375684
2159 -488193601 9743971246
2160 7918826546 756315053
2161 3863212249 4533485653
2162 3386637014 8816623697
2163 4398487425 3078645589
2164 5912024160 -682364879
2165 2717713736 -4020469804
2166 -3436927718 6437269057
2167 -8194792803 2249777650
2168 571326068 -1468616427
2169 4556480699 1757312210
2170 6968897684 9019877347
2171 5722139607 10563487579
2172 350061372 -1571453010
2173 7477135572 -1517287535
2174 5386699459 18945410381
2175 14214881224 8890132515
2176 2948210369 1217260314
2177 3032383038 1552938105
2178 5053816923 9582636164
2179 -5110938933 3648351347
2180 4092639874 9605870496
2181 9848809477 3156068189
2182 22380482121 -7574601817
2183 -1001765308 2189576750
2184 9321326413 1420407257
2185 3871386735 4821726542
2186 11792103986 879599600
2187 8703414071 -1452077969
2188 -7810433182 5999987827
2189 2372166509 1826707061
2190 -104584337 486815599
2191 7938645761 1595511347
2192 -1656752810 10015422858
2193 2750935303 1739409152
2194 7523433271 9340503148
2195 3177461247 1848604021
2196 6142494647 -825036692
2197 478213084 6072380107
2198 1802517493 11397263052
2199 7966837174 11916141768
2200 5220805809 4280097384
2201 -4641626750 5424267525
2202 9418661766 10126445984
2203 7163950052 10924904974
2204 3293501428 -1567163752
2205 10083500836 19432278664
2206 9013052094 11094076775
2207 10267482722 504279263
2208 -1591879152 3154699539
2209 10680762015 1853278210
2210 3317868084 1710057744
2211 9380045194 -4653416235
2212 605060443 12724105849
2213 20506484358 2273778637
2214 7762935250 2966864500
2215 5930860904 12335399154
2216 -16710684721 338534515
2217 -1770333779 -2229676094
2218 -1687125080 3017365469
2219 29920912425 7686843282
2220 7225922785 -2057807774
2221 8148010654 -2180458823
2222 9654411718 1744264879
2223 12280739983 1066188487
2224 2689233851 1491112689
2225 20517233849 6221296824
2226 6061651749 12987549830
2227 -690105637 2757716720
2228 51389361 -1561215003
2229 8144852211 9227797063
2230 1303315361 12236127399
2231 6142717850 -3311500548
2232 2891522868 1613174261
2233 13094147322 6904315606
2234 15413902909 -8208841762
2235 27698449711 7537221610
2236 14813269925 5998363746
2237 36606402649 8136926974
2238 7582334412 -1611505185
2239 2283722246 1629666805
2240 2602285873 1636993111
2241 -24062980765 -5120502453
2242 8831175965 -2294427064
2243 -1244384735 3848057437
2244 -1584184252 10626965904
2245 293112859 -1535516430
2246 -2881477965 3324958099
2247 6208778342 9234174584
2248 6545080028 -1632193805
2249 8581771743 -2341549071
2250 256474687 -3695536361
2251 5342185832 9411228115
2252 3638663899 2568567003
2253 398802127 3582140661
2254 -7273197272 3169432129
2255 5219500720 9444832655
2256 7733012410 8758102782
2257 8828083871 19610685923
2258 1341980822 4753291187
2259 -1558416323 3692351208
2260 9363911694 907943511
2261 6954178302 -1803964084
2262 5248233980 5402428812
2263 3721451493 7256970976
2264 -11805683534 1106758074
2265 10944855374 1306549542
2266 498959696 -1615908590
2267 3898326106 1581759212
2268 15247552429 -2035016656
2269 7743149759 -2269315077
2270 -123888697 3163590721
2271 5496801407 -524954459
2272 11231374099 -2973748363
2273 11602777200 7821311329
2274 -2658534056 6491390157
2275 -8494455192 7275120884
2276 7816597924 9153577195
2277 -8962629775 1128576151
2278 11818274271 -461563774
2279 7365587158 4592307587
2280 -10769144903 3104468505
2281 10211247401 2702100467
2282 12026913970 -468973472
2283 4048281677 2846140308
2284 6766574484 -1610136267
2285 1918129971 13116374164
2286 3213893137 5152265629
2287 2093824520 8842892399
2288 4965443620 332063296
2289 -411499516 -1060550894
2290 9402267088 -438786894
2291 8131414044 6739254031
2292 -2636603878 4419163953
2293 5250635694 -146524105
2294 -2751579894 2660097037
2295 1868309036 3303655132
2296 3603158416 4460569871
2297 -5851726108 1286832037
2298 -12985720462 9775703841
2299 13636903462 5827237724
2300 4825254869 10387817014
2301 8299594441 -843372418
2302 14480527595 -1842496266
2303 10756879823 12142847447
2304 3812066233 10150770770
2305 3423308972 3022710452
2306 9396854739 18258797529
2307 1729117819 2797511050
2308 6854042840 -1969204944
2309 10766407828 2050372665
2310 10858891339 -1080712056
2311 7737839908 10901001731
2312 8669417218 11085427881
2313 -1718460436 2588504156
2314 -5019381704 4967134457
2315 7243733135 9173753813
2316 4724755712 2434938688
2317 4834555704 4083752071
2318 12138609305 6628196650
2319 6374333300 9284135689
2320 13711627695 790100432
2321 17405679274 4692358674
2322 6350883293 -2182217841
2323 -1843965112 1514048365
2324 823663575 490024611
2325 6945585164 -1516925892
2326 4345537453 4577069749
2327 4419301651 3351791835
2328 -3493574909 -778438690
2329 -557590346 -1564633771
2330 5506789143 11454180718
2331 12020947308 11820841722
2332 12166246392 446797696
2333 5437881289 -587250182
2334 10691933569 1848638921
2335 4803723643 -1233946611
2336 -2420770390 1189386561
2337 857443232 998711714
2338 7571643383 7771202495
2339 -152918037 -6835022104
2340 8211427137 2366403276
2341 5636050074 -324680911
2342 11492159548 4169836721
2343 8298579554 -2331900085
2344 4604613279 9874085084
2345 5501666845 9793597458
2346 8586695888 8887806052
2347 2108148817 11382292669
2348 2499497655 1794043513
2349 -1307548932 1720464214
2350 7149780772 7246690590
2351 7592077588 10217434094
2352 14090529816 -1064541927
2353 -4293942401 4780282529
2354 4114864577 4052556028
2355 7258597677 7867904224
2356 8529048635 8601103272
2357 5944104663 9800308007
2358 2251908007 1537688218
2359 6398403880 9746077020
2360 5401561807 9416758566
2361 8977268931 1360681753
2362 8222325709 6989446207
2363 7685121304 3721688718
2364 1590601028 2456186718
2365 -2010858843 2887970393
2366 12110714586 1430255091
2367 3142679862 1273673285
2368 7423905748 8786815632
2369 -1150730598 9389365516
2370 7544947357 9107371485
2371 10920658707 880733337
2372 13588846635 -1701753117
2373 3871377705 2415548050
2374 8775866723 9491204754
2375 15808941079 5604015969
2376 80678339 1083364242
2377 7221787991 5588255187
2378 -115166931 -1749207474
2379 11918057784 1057173805
2380 2572804341 1671141681
2381 7361385188 3961475130
2382 13093184404 7069598306
2383 -253069893 -1966180766
2384 5966279431 9803727619
2385 3461483869 1641787586
2386 2987975789 1694105003
2387 4885983199 10931770582
2388 -636493642 -1989579646
2389 3392132384 4942843290
2390 -1437226440 3253153919
2391 4986137275 9849133794
2392 5265275063 -119546834
2393 -2439180614 2538021862
2394 6934421344 -1860903440
2395 3206714341 1981643608
2396 14093753938 26285818468
2397 20809815244 11132013861
2398 227776513 -1471953449
2399 2936042310 985914968
2400 4756922755 9955547013
2401 5684689759 -7297297167
2402 2051577159 1467623531
2403 2284666697 8669933322
2404 -2175703664 -2204782926
2405 9726123529 2396922552
2406 8410144701 8467208622
2407 8362279285 3948397364
2408 3022024103 1232536098
2409 -3746940609 4800183570
2410 1721034166 169885939
2411 2698215649 2281582035
2412 7636510510 3211429934
2413 2471942533 7205561543
2414 6195445240 4371462624
2415 6393625032 -3387973545
2416 -1946893178 8435630105
2417 8346247865 2313262611
2418 3237949854 1374614336
2419 735730155 186084798
2420 16388663221 5401799632
2421 11196885277 4779592391
2422 21734668733 10691600866
2423 6778036231 -1028843694
2424 5815038983 6616652889
2425 225666661 -1565087695
2426 1575734595 11158165881
2427 8430515567 -2464600504
2428 6112240390 7198826850
2429 4985045478 10022713067
2430 8342356486 -2377526789
2431 6524316163 13349616745
2432 4360741420 4116911204
2433 5959765774 10377959750
2434 4076539238 4089915008
2435 7028769528 -1609711762
2436 2242535416 2395225387
2437 10549347874 10883998079
2438 11257782800 708064727
2439 5524190449 7093814005
2440 -9165509999 10139022229
2441 1413782500 3979089789
2442 3118338223 1240839255
2443 7063719155 -1462559939
2444 2714620963 5148900289
2445 748215609 16544623869
2446 -5577691813 6017203408
2447 7603201513 -1632493186
2448 5965569049 -2099477400
2449 15499297238 -205402165
2450 19391652695 10024033460
2451 4923600540 9967631404
2452 8438006021 -3077991140
2453 -546976381 6501832120
2454 14705401003 8128309284
2455 -206451525 -1472739823
2456 8818808477 10349188500
2457 10933188969 -934405898
2458 4588184401 -185390228
2459 5027710718 4316300509
2460 4898417380 10570948730
2461 7893369044 10308941607
2462 14259978564 6045510988
2463 10044337049 894747689
2464 11505842749 -142060126
2465 7195136085 9049552246
2466 6761376911 10464687674
2467 10182131743 -314621117
2468 4893639461 3007994512
2469 5008144685 4219217988
2470 8558937836 9329534451
2471 5788701362 -604043440
2472 -4941804154 1543519442
2473 -2031099772 6557470020
2474 -1116639182 2125935502
2475 9734424342 -2988046072
2476 8738724682 -2921517328
2477 7907825894 -1720027142
2478 882916192 4043116944
2479 1029800849 12217110526
2480 4430679766 15958362766
2481 13013400194 1087969431
2482 -3353060267 4592558905
2483 5714401043 -784789532
2484 7791129752 -3050951603
2485 11301953870 21514620141
2486 2314723159 11882478312
2487 7900399697 10672634837
2488 4590514598 11145017543
2489 4352044959 1424956705
2490 -4217035557 4631808084
2491 -10420068205 -940002581
2492 4448887736 9802700635
2493 2848188309 3355973266
2494 7738369148 7102763843
2495 8596122449 9376776685
2496 -1669640260 3280183095
2497 -12321528069 -1522653293
2498 19436476124 9647045109
2499 9621286404 8916577533
2500 5531264757 4070417878
2501 3914482234 1829673652
2502 2912410464 2531486694
2503 9706389182 4166747449
2504 7298194888 9014395506
2505 9008376116 7993150628
2506 2476619875 2013876894
2507 6422466232 -1873889455
2508 5328297799 11287228502
2509 3177735030 5982918201
2510 16515775651 9070293696
2511 5914658896 -563157915
2512 9577843811 -3618576099
2513 9617580656 8279666180
2514 16157524601 -1848479515
2515 7909462672 8737996509
2516 8955901310 2647140406
2517 -11424366572 11127757767
2518 8155866968 -3763149038
2519 594587608 -1523170702
2520 10515202599 7817601160
2521 0 -1060550894
2522 1279161440 5139449612
2523 11688143237 1031946203
2524 13859774523 5949302351
2525 8432175899 -2466270455
2526 8973441475 8091771770
2527 5341813020 9640513880
2528 -1618968415 -2030563846
2529 6438614347 -928124582
2530 -15671244140 -2549082770
2531 8915194129 9579902800
2532 14007008128 265071441
2533 11267344989 -354400645
2534 14958591528 -2380142087
2535 12251134721 1237214394
2536 10240609326 -464691718
2537 -10331387741 -5848689947
2538 5008144685 2133281188
2539 -2377755923 4007770613
2540 3846062327 2333768708
2541 8056228436 8251434578
2542 726342926 -4370711785
2543 8079550908 2473701592
2544 7087715465 10462649177
2545 10426600362 32847643
2546 5929227579 -692565729
2547 4695013724 9992849363
2548 1700481763 11967031113
2549 -9948295 -1165692327
2550 6305198114 -1464845549
2551 391154026 -1504955317
2552 11073083848 2997935556
2553 32445094 -458092752
2554 9710589651 -818467858
2555 10675841034 1393842865
2556 -3483140041 5185475374
2557 -1206459183 3083021323
2558 8201941461 2208814801
2559 3182041707 1427668523
2560 4610227424 4540166456
2561 9863663526 52620599
2562 -9835027688 1045440005
2563 7916413189 9442773944
2564 9482586912 4356086417
2565 5818954373 -1416450458
2566 -2836350453 3741128112
2567 5595100768 10195020683
2568 -2142557084 3514480008
2569 10721126710 -5782777030
2570 5778107205 10957098750
2571 6580763191 9495001853
2572 13761392600 4367476743
2573 5808529620 6677878885
2574 6545302120 510659313
2575 9973093268 5502564725
2576 5350183886 -255232825
2577 242650083 -1416255367
2578 6127059026 9324769271
2579 14127245734 584167068
2580 -1126423223 -1961619810
2581 10160376749 488651411
2582 8480813945 215954714
2583 7833493654 3157122222
2584 2587878305 1601056910
2585 6008328832 9715806215
2586 10032595352 -2442196602
2587 7336358545 11363335174
2588 -1625504833 2133306880
2589 -1038641755 -1894056687
2590 -2125993116 -1403925233
2591 8334394875 -2101563386
2592 9491549758 4981424547
2593 9841116187 2517821227
2594 7867300840 15644783337
2595 2386847117 5429794662
2596 4716259896 9766016328
2597 6510746031 -2336533598
2598 3820975927 2232102839
2599 7869534829 9372941938
2600 1316218306 2774048347
2601 11397733112 3882576952
2602 14349769253 2828045847
2603 4197852697 815511024
2604 2866189944 857885219
2605 4685791691 9852235993
2606 -3199444976 3162099521
2607 11099511798 -4204643848
2608 -4044836046 4486450560
2609 6068711172 -2749596686
2610 9971860141 1287472687
2611 9819305898 15162915538
2612 7946932109 8830316478
2613 8053140635 8826091260
2614 -11213414960 10116525210
2615 -1109425016 3615471977
2616 3973269935 5760460305
2617 5443217788 3697733788
2618 886576783 4913127366
2619 1337901948 -2117068455
2620 8796998365 7998335153
2621 11597215002 7707421024
2622 13570768985 648250127
2623 -946288091 111694266
2624 153514554 8504064397
2625 9052795118 8958748465
2626 8765813993 2800065641
2627 11817650343 22395947631
2628 6893030528 11273254694
2629 5899281156 9506493550
2630 4358287575 6908730024
2631 -26059877 -1979596124
2632 2926303388 9276700650
2633 11874234913 485271474
2634 2461491085 12199941713
2635 8030232395 -2061998185
2636 -2115140839 3773025799
2637 7536321928 -3087482652
2638 -4510557308 4443897897
2639 6623559364 1649189074
2640 4108986183 4412285178
2641 6929409012 4240295533
2642 20309669024 5619292200
2643 9264539637 8194873816
2644 -216412079 -1581785541
2645 -10696622387 7640582717
2646 -2622176841 13603947137
2647 12789358310 24056600727
2648 5926784356 -683140375
2649 19605501548 11067578305
2650 1208611445 -1332271609
2651 14540562200 3216104920
2652 19227596132 8329580034
2653 6259277313 12896664211
2654 6052875613 -651991912
2655 -744653919 3109252480
2656 574017818 -1590286691
2657 7279605051 1946693169
2658 -3674874354 -801957105
2659 -2739895115 4463098697
2660 7103889019 -3098359893
2661 317019970 -71888985
2662 8578049769 -2875652425
2663 3732763673 4492126019
2664 2468289363 407021198
2665 7610534024 8378352098
2666 6424141933 10246226181
2667 5124083329 10956612808
2668 2814411592 1533888973
2669 1804998836 8847837573
2670 -1332439191 7704281095
2671 19749605963 5946944346
2672 4672453808 3957763306
2673 12162463 -1400016618
2674 9289178550 1576273881
2675 8548929630 -2583700631
2676 3318483530 1940423637
2677 2991431362 1960713431
2678 3617567119 7199844098
2679 12008348128 22721850966
2680 -7557514224 2298696742
2681 6329531131 9269048648
2682 2742050664 1557286238
2683 -3207980031 4455793864
2684 414715469 5850154047
2685 5404801877 9471704540
2686 12507189814 6461563806
2687 -580952021 -926812699
2688 7858213163 -1888982314
2689 14886850038 471225462
2690 4945005607 2785347387
2691 11792949155 4025488123
2692 6832990976 9901971500
2693 595275929 -2604118095
2694 -9052371000 1467141685
2695 2337749695 7376617186
2696 11590214335 11546630249
2697 7011944751 -2148934742
2698 8965503723 2660757657
2699 -2212441222 4312202943
2700 15979352535 -5916481408
2701 5273665157 9660655092
2702 -8309940974 -4170717365
2703 6225167699 6920980709
2704 7288892782 -3137802907
2705 -22506252225 -4643485289
2706 3021093965 4276049052
2707 2642819933 1972586411
2708 7098779864 3805762859
2709 -131286323 -1820135551
2710 2338411072 11208235054
2711 4907278805 2971420337
2712 4863786029 10511763602
2713 10686081964 9272538245
2714 -2160345214 3596115476
2715 6701401674 8075013627
2716 5033355184 6721718282
2717 3682664830 4287461809
2718 20023309726 6228532739
2719 10343428431 -3420373427
2720 -1171824325 526247107
2721 14125309561 10118861768
2722 6288635071 10281192505
2723 18608723327 10038992403
2724 11621600455 1394855684
2725 21810691993 7140843238
2726 7941100097 8959779021
2727 6094006574 12614215807
2728 -658710588 -305281668
2729 24684392097 1981139669
2730 3055878282 10337752388
2731 9946058803 10499934645
2732 -2730788204 4539084373
2733 20088540177 1869885282
2734 -390409480 -926812699
2735 8271537403 -2304701257
2736 -7376005729 1699447255
2737 8592089813 9006683495
2738 6344997291 10466598415
2739 8759155600 17168966957
2740 2958438730 5081723267
2741 7202529443 8998710183
2742 9322229106 8385870680
2743 8162453628 -1371111527
2744 12242656159 23122284398
2745 2379851203 1631225346
2746 7204933164 8339462982
2747 7121393217 8284669003
2748 2681092817 3591339462
2749 7466337734 -2001616151
2750 5875896986 -674159920
2751 8216407056 9612859439
2752 11053278465 11204808320
2753 3243819464 1417194912
2754 2426109773 1980154569
2755 19226048389 5693098442
2756 245615317 11789070034
2757 99707718 6076445774
2758 8613334002 -2648478146
2759 6173725695 9787412895
2760 -1328004408 8303519876
2761 7512448465 8686892564
2762 -1924162577 -538527424
2763 8413864334 10740040017
2764 8963726932 1943448153
2765 4472544337 3938477595
2766 12445648250 -742958328
2767 4824636994 10189564479
2768 -3097470564 3387373365
2769 149008540 8528470019
2770 9889222480 -314245452
2771 -577203230 356940541
2772 -3430704636 3663655846
2773 5174950544 -575208582
2774 5861923846 -1116106171
2775 5447300383 10814716241
2776 5222215647 7992460438
2777 7830199486 8761849745
2778 21760324148 1435447852
2779 3691808846 11261001929
2780 7095430926 2996011050
2781 -6584050495 -2970920429
2782 4167502126 1661536143
2783 -14047393 -926812699
2784 5370629871 9568170219
2785 5756031638 -1461636798
2786 7276165608 742633426
2787 5971278640 6134447948
2788 2704337934 3682075191
2789 19476640511 5601224617
2790 3377035568 1608879728
2791 10019661563 9350873291
2792 8720028916 9179022422
2793 11088284265 -3811853152
2794 12298853780 483897472
2795 -7441407331 5715245570
2796 21458541144 -2688031533
2797 2845567311 9240858312
2798 3239393369 1795636878
2799 9042952837 1214530014
2800 -1793179235 9420816643
2801 11189235420 -1262917828
2802 4956938385 -1932035825
2803 11079342527 788512775
2804 7815609195 2673087756
2805 18267961538 6538206512
2806 377627680 -1452785843
2807 14261115768 5361209411
2808 12211564113 1042214015
2809 -1020561275 15117127145
2810 11937955493 22601549650
2811 12506515982 12129962474
2812 2952038768 364289828
2813 7401642000 3864677734
2814 723666299 8851888068
2815 20624219212 4620275748
2816 7576047936 -1573029378
2817 19466939554 10689654833
2818 6665126153 -1279268669
2819 9610809309 8282587091
2820 3548342750 9612462194
2821 4330039796 3896907183
2822 12047791246 1379582501
2823 12047484505 11837735724
2824 10146605261 1798853799
2825 6991671430 9079219115
2826 4600306767 10061476411
2827 4152807661 10635148752
2828 9739011811 1684235774
2829 11811475251 22385394372
2830 8181525283 -2214167629
2831 6583328912 -1609647920
2832 3126030681 1301578414
2833 12608475375 6788682245
2834 6454059716 -1817359980
2835 2534729744 10557198639
2836 302268413 50519461
2837 5605003306 5872808347
2838 8615735950 8712418643
2839 -1697756730 3087296186
2840 3929674193 668259689
2841 2593040421 5010214170
2842 2612209892 1373424749
2843 10327599913 -5153688469
2844 -1063001098 2359018508
2845 4421428504 7181281223
2846 6110505454 -2739796747
2847 8447654021 105969439
2848 3198444165 1528020028
2849 6235591922 6687755476
2850 14807974418 6555204389
2851 6090505810 11280349538
2852 7901812031 8336596700
2853 -2413114904 640024960
2854 8175524925 10810462862
2855 -790274882 848949180
2856 4562824096 4236158465
2857 11830170567 3881545202
2858 6977876537 10431428594
2859 8418463049 -2474541117
2860 24832793480 1917124749
2861 7149776628 10114491115
2862 11640981155 -1741278075
2863 8224432688 -254901895
2864 6552887384 10251702137
2865 -1450291503 7001647851
2866 4697751170 10419763011
2867 5530990597 -718439186
2868 3460361439 1715731194
2869 10178659271 -84993397
2870 -1989766537 12603706931
2871 8414248333 9225545107
2872 14906522091 3378205482
2873 1219723505 -2290978502
2874 12724756969 12268898164
2875 5495313790 9633835584
2876 2277428261 9112488537
2877 11802929075 3235583487
2878 9429664516 -1139527283
2879 -1181678772 3217511783
2880 2206356884 1214770597
2881 7067877317 9138547930
2882 8231235380 -2337319510
2883 10000000000 19289575375
2884 2939833153 1401252899
2885 7408733903 -2503541793
2886 6961481478 2011282704
2887 2281728453 1124722331
2888 5877737260 12418338809
2889 5083040796 -6756540392
2890 4506883441 1352666276
2891 6684925968 -1155251493
2892 9498857716 8709747983
2893 5189495338 7322093701
2894 1577973511 12316726996
2895 7426714070 14891818651
2896 7558936623 7768657535
2897 5865828871 7109720415
2898 12209583305 1456309849
2899 9333056469 10109687595
2900 8338537302 8858388054
2901 9276854670 9056520351
2902 8007892786 9648611685
2903 -7882118283 1149637818
2904 11522205923 21891031847
2905 2242559023 1658742012
2906 -6381525874 -2905182021
2907 6515460057 -3297037168
2908 21028569990 3730029646
2909 9156616991 8047950898
2910 4255657877 14325090441
2911 7100307100 9310517046
2912 12218985003 4878440
2913 17730763326 4762702218
2914 1235812400 783482291
2915 9441550243 8047059570
2916 7855499906 -2028927040
2917 19665542288 5627298370
2918 -2475462884 6415319651
2919 7229805562 9201690223
2920 334904588 -926812699
2921 14328848230 13290088214
2922 4620705067 3409815536
2923 3392948249 -625697821
2924 9871544215 19070043887
2925 4915688879 10317288988
2926 9394853460 7914262248
2927 6313363992 3176249588
2928 10340823883 -1404556426
2929 5672975628 5711345614
2930 -7582359450 6905484621
2931 7838924966 -1869582366
2932 2672107759 8652369910
2933 5022093274 10692321803
2934 9918455650 -3961161364
2935 3725828292 4909928175
2936 8206272711 -2239058437
2937 11423834876 4184842950
2938 12622027462 1213021766
2939 11707489501 11621289488
2940 11646444920 3116750131
2941 5823417452 10125178338
2942 2173688334 4703524727
2943 12495284301 12341271924
2944 2960097529 1642101316
2945 3585301971 -1839555534
2946 5888286712 -1122769576
2947 -76981851 -355629777
2948 3812115511 -490293833
2949 2086853440 1147232316
2950 -3842406746 1744888103
2951 4305130911 10918110678
2952 2497943444 4230682651
2953 6221487336 -591872205
2954 5665121519 11651356731
2955 8159233782 2199771793
2956 914563031 3927910483
2957 9004886088 54108017
2958 5878290890 2133281188
2959 -467002170 -1382275328
2960 3553564741 4780370558
2961 1178008765 13232106655
2962 21073004601 13103337427
2963 -1173750446 3212691996
2964 8319814275 16138349202
2965 3388355703 1618852863
2966 20180627412 7031103270
2967 2321606463 4574873774
2968 7647975860 -1964638963
2969 10692633983 10260773819
2970 -1524891421 3494455346
2971 3399965805 7827004049
2972 -4514005313 1173396014
2973 2841611809 1127705538
2974 2922697758 884400663
2975 5688737672 6913672203
2976 5660798012 9736601750
2977 -107718671 255367848
2978 3805535584 5644101956
2979 5712659954 9460693362
2980 13097428522 -345698931
2981 -6184105623 1294900644
2982 12283460202 6925708725
2983 21575202674 13488409740
2984 -370708096 687655663
2985 3084922564 16663015620
2986 2961878663 1238416638
2987 4160532448 3839723935
2988 8830208090 -2866608752
2989 -3342422284 -92067130
2990 10950549043 -1123546124
2991 19648498722 5990949263
2992 7733691109 10803459037
2993 21949969722 3160669319
2994 9364797476 -2744490894
2995 931726414 8475096896
2996 7718431672 16872189479
2997 2930284764 -9190779626
2998 5948306220 9696231163
2999 7884261052 8389385348
3000 6565009765 11971449430
3001 11740552350 7079457198
3002 12846967167 -1961961609
3003 6188018897 9367403862
3004 7103626332 17749576046
3005 -5015551346 6060379075
3006 3145410376 1640874810
3007 5224576998 10303436236
3008 -712256312 8042099715
3009 7171948816 -4476056181
3010 2395260556 -2367033324
3011 11353133039 -60784016
3012 3952796380 2589218183
3013 3961223769 2061345871
3014 16975803623 -8379541820
3015 5692305000 9375536208
3016 -505664684 -926812699
3017 3482911483 14402809931
3018 5561743644 10870441526
3019 6764231433 7246266918
3020 3685416405 11248844824
3021 789139568 8557033054
3022 7022217222 -1550313612
3023 19442327822 7049650489
3024 1521623561 4780287418
3025 2834169350 1356400713
3026 7745530656 12624548864
3027 3104119586 16182212448
3028 8798664896 -2831902164
3029 6118155318 9455431990
3030 8042817485 15944742038
3031 19957092302 4330160164
3032 6332973672 -1786115667
3033 10304079587 19809248698
3034 8576001179 8728965413
3035 9302687386 1688040271
3036 18050796212 -4212075499
3037 2669017023 -304336301
3038 5101007895 7533143098
3039 6640024417 -4256741336
3040 9574010477 -4309947728
3041 2418233362 1515926631
3042 8250401909 -2186577216
3043 2634549333 1764674961
3044 8056758366 10686892547
3045 10901203285 839420559
3046 5008144685 2654765388
3047 9493780551 1799645481
3048 9473255694 8110753239
3049 2683765655 9339634775
3050 8701671324 913611601
3051 -10370137720 2238928166
3052 -2582824443 531465382
3053 10495485296 10849708303
3054 6305878636 -2903876546
3055 412294813 4801479896
3056 5443217788 2654765388
3057 -1948222324 1751558878
3058 15238969140 5795732955
3059 6770029253 -1020008768
3060 8960008011 8285171314
3061 8136288136 8720779967
3062 -8388557995 2202573878
3063 9020254195 257715796
3064 904999664 13502976464
3065 8346628679 -2316733528
3066 3048284663 1476102670
3067 163314412 332457891
3068 6075605660 9336542778
3069 4906866738 7429528145
3070 -2596649972 3961081399
3071 3070824222 1359566127
3072 7804309878 8684966368
3073 21120808156 6382595620
3074 11809551124 675583134
3075 2730525340 1694864142
3076 7885690372 -2093425812
3077 7238836613 10713429737
3078 918061887 13453319112
3079 1679668687 2215734573
3080 -3692155096 5114314142
3081 8102597408 8416805674
3082 -327517775 -3670962223
3083 8758475581 9480133276
3084 -4580523658 -1813932783
3085 11962595088 553392760
3086 7324613206 14717327835
3087 3292017246 4630212520
3088 3938995364 3595840487
3089 8342430091 -2370561490
3090 5662639755 9528731617
3091 914095092 -2788964773
3092 11044050080 21073861453
3093 9415553705 1661999977
3094 9945996243 9271836038
3095 13402890422 7480453149
3096 8361740681 -1933887390
3097 3124544533 3919435105
3098 -20871136 249946796
3099 -2069977976 894255570
3100 11887753164 6802378049
3101 485409175 -2953545957
3102 4977377778 2087126173
3103 5482355442 9935566350
3104 7969159977 -1941212591
3105 2862132459 979820263
3106 7485352775 8816074472
3107 14191396945 6171772338
3108 -2822408521 -12079618
3109 7539337219 -7899115944
3110 -2172545148 7259143837
3111 -1687241015 -683969799
3112 13375106087 175287133
3113 -3218434075 2119208764
3114 3551621584 15848494145
3115 8525306913 5913964435
3116 3087048658 5251959234
3117 10191084889 1051102554
3118 6483771652 -959634551
3119 9804780031 18955943609
3120 8384772750 9721407096
3121 10539049494 388660796
3122 -2902616667 3890104801
3123 14618692730 -4627949758
3124 5458740645 9952878085
3125 1894792881 4808550958
3126 7850988393 -2742138659
3127 2537887952 1806570197
3128 11971653167 791659302
3129 3085453330 11188377888
3130 6363355297 6403682707
3131 3583975142 -80983367
3132 7352410480 3715478999
3133 -799395198 -1838451354
3134 3804582163 4781454970
3135 -3688127477 1926908459
3136 3845766218 442955234
3137 10097614449 2249957179
3138 262647750 -965059735
3139 -12891794427 3008681813
3140 2922645298 2540953951
3141 -1864714375 1889348840
3142 2923869303 2596825589
3143 8110873008 -1805201477
3144 -2433745361 645174174
3145 5446590997 9796549578
3146 144958112 -1182386802
3147 4664933279 9945220683
3148 2074689479 2287765051
3149 9070548601 -3108341739
3150 -88917701 -1758956174
3151 7686563277 8540848270
3152 6020050580 -1567836464
3153 2958766684 4713019789
3154 4859573100 10504563690
3155 178412026 -1060550894
3156 6602273280 -3533881386
3157 22414008943 -4194905637
3158 21436672036 3888436726
3159 9849868693 -3720887304
3160 6447446208 -1413335851
3161 4108936891 3242723327
3162 -2758875964 4337572639
3163 8142957459 8408213117
3164 11068239494 3259552677
3165 15081702535 7171760815
3166 6313363992 2133281188
3167 11074993658 3648364452
3168 6029884836 6506963513
3169 4894726197 659228391
3170 9859931935 9380229736
3171 5227254766 11132933238
3172 11225610395 -3104090585
3173 22633135060 2865976817
3174 12892623439 1273303148
3175 8229848233 9611457538
3176 -6597454675 2222618832
3177 8778234879 943778722
3178 -2622845927 4445134916
3179 -668009960 4722551936
3180 3179641864 4618500074
3181 7172853620 9323115210
3182 -963878901 2689909584
3183 12570189898 9540194062
3184 -4856046163 -1617854043
3185 3278460785 1737248325
3186 -686567083 12413015689
3187 9905592892 -4032363482
3188 7991354393 4798040892
3189 5845330935 9956132695
3190 4834203340 3703072222
3191 -8776384860 8803185279
3192 6411957671 -934587318
3193 10424517065 406696191
3194 -1047196586 102306076
3195 8259749566 13545666205
3196 3529331086 4940953474
3197 -959949492 1458934389
3198 5244225762 -7668837
3199 -2986714237 332972157
3200 14300604932 -225157278
3201 976764871 11549495993
3202 11927653911 7257172427
3203 9054000833 8982457243
3204 6473715313 16551557528
3205 6546773690 10260395818
3206 4872559410 10333867313
3207 -523977080 8447601004
3208 -896748374 -926812699
3209 10318935130 8987493756
3210 2872846209 10512912348
3211 10404549431 2170710555
3212 6228650477 9584290340
3213 2374905140 8601445017
3214 12154816049 1355433738
3215 7774315963 9611457538
3216 3402675209 11060264026
3217 6282265706 11435729884
3218 9244328509 17998129546
3219 -1331950603 7638452338
3220 3360213001 9114363784
3221 5318170608 9635082890
3222 -8958773938 -1553429143
3223 5044551414 6988782454
3224 14660705285 6517145490
3225 9466319871 10194525199
3226 3754138248 9383894582
3227 9521101850 18471136377
3228 6387347170 9890191227
3229 -2932148697 4370786833
3230 1230858373 4598644193
3231 -4205200303 3891513234
3232 9820699472 10420128899
3233 4319107721 11117828184
3234 10469835125 1675460387
3235 2506740554 1411178243
3236 21240063599 3614682759
3237 5051948807 8324394344
3238 0 -1060550894
3239 2536266363 1657219409
3240 7715902594 -1150986447
3241 20117994954 2849213516
3242 2960578746 1986804742
3243 1918342867 3737639008
3244 1562411349 4562218664
3245 4432360399 4067235440
3246 21221789046 3474779790
3247 6694104864 10176103890
3248 290573232 -1168948084
3249 -4597107654 -3076232893
3250 9285245797 8575059656
3251 -2866591925 7477954931
3252 15924178391 -1814572965
3253 2752751145 1800129865
3254 10705910881 1717981036
3255 8212630175 248321573
3256 -269487942 -3772770517
3257 5676072116 9791423970
3258 9264789272 18033097078
3259 3281818477 1980953590
3260 2737808818 6713640002
3261 20083985058 8426376012
3262 1062956660 5173302750
3263 10362732361 -3234165182
3264 7189660771 3029428276
3265 7133652990 12548252877
3266 9979646033 19254790359
3267 8071220276 15993282529
3268 3424872541 1646195802
3269 5574040673 4152233200
3270 6087468427 1013218043
3271 2714499907 3612285643
3272 13312797613 7768075149
3273 3934877845 2450312869
3274 234288764 -926812699
3275 -7812213148 4450206429
3276 13384235053 -44057516
3277 2669305882 3906565012
3278 3396121101 10297708176
3279 4545957716 5368977035
3280 6586121245 -929055672
3281 39151525 1021900183
3282 9509632658 -3247187545
3283 19322024348 3121765103
3284 7383906798 3257647892
3285 2745874544 1015281126
3286 1428946473 11650558674
3287 4345892690 -1892597817
3288 3567582024 287251211
3289 2705268669 1369954436
3290 9026271897 -3063808506
3291 17091827355 4500203275
3292 5517782049 10510463809
3293 19267632648 6588462863
3294 6669267619 10000000000
3295 -4208722677 4865483016
3296 11387068164 -2271956422
3297 141999092 -1463401764
3298 15523967680 -41540568
3299 12507024092 2848134114
3300 9093525572 972649044
3301 10727979576 9369104887
3302 5902197252 -1451178542
3303 5996496669 9517034616
3304 -386607604 983518926
3305 3434493681 1329462710
3306 5238981882 -420559756
3307 2421462243 1421921178
3308 6407948003 6859100442
3309 5539663229 10802687692
3310 11980780833 22674738341
3311 -763814640 -1831874806
3312 5303439268 10356379742
3313 6893224015 6524763714
3314 7592448897 3932914282
3315 10000000000 19289575375
3316 -1669274697 3105428302
3317 3856367189 -819003955
3318 180698764 6169298709
3319 -11537950360 2729416200
3320 5469038310 -8882153918
3321 -3556125808 4796148086
3322 8179431207 19560017757
3323 20359629326 4845171506
3324 10021636253 1922396947
3325 -2531513422 4152153924
3326 -1671161974 3306144103
3327 21223454320 3474061451
3328 2906142320 1731201817
3329 926073112 -648285353
3330 3341984595 5741013130
3331 0 -1060550894
3332 5650929491 11856995166
3333 5028499883 -225454407
3334 -9802068932 6152872034
3335 11729125856 7844825142
3336 43183476 6039332614
3337 0 -926812699
3338 3002931554 975585185
3339 10384632478 -277357992
3340 3212314321 5068792656
3341 8520925985 652346158
3342 -8172019859 -403034751
3343 949513489 5595840867
3344 3153549260 1766546380
3345 1926942709 12668426792
3346 -549015747 11990578050
3347 9347255288 10118726789
3348 7131022069 10074533649
3349 2816308661 1048014341
3350 5608175266 11783928011
3351 11159582233 3717440835
3352 4425583104 -1339504527
3353 -151204738 439255250
3354 10066167211 19402655424
3355 2870475661 1999799374
3356 21695641217 4742582019
3357 7973902216 3094580797
3358 5047341191 4193912039
3359 7000799786 9246663584
3360 5061399303 10567657390
3361 4362504398 4447234097
3362 7059080800 -1364894445
3363 -10355783334 9509609645
3364 9142087039 1167011179
3365 8167338240 13060803657
3366 9002117634 9157866935
3367 1695538165 9418466002
3368 3373060317 -1797412446
3369 8206200643 -2104706969
3370 10305734949 -3255098719
3371 5240677919 -1233978974
3372 8433831597 6065396701
3373 8486308708 12086287264
3374 14592979520 5318525829
3375 5843849866 3685677328
3376 -24908697157 -5379649263
3377 14245506128 5862151320
3378 3523660307 4829931251
3379 4774261581 9723687957
3380 5250287072 7772699778
3381 -779093284 2428555637
3382 338266624 4472236663
3383 -546954272 3505983000
3384 2953401312 4656978392
3385 6770327823 4594063412
3386 2729696746 1312224800
3387 11646995449 11582778011
3388 4596297447 1204653731
3389 8194101559 7494074886
3390 7985897751 3016598193
3391 7323321392 -2146645633
3392 296178365 -1335275576
3393 15703345984 -4110373091
3394 8903172464 9572249616
3395 7916125835 -1892660643
3396 8843575211 9854235010
3397 11091651443 1111598682
3398 3902173476 1562807611
3399 16435292468 7602000490
3400 8295914762 7955476943
3401 -1488027499 3637347879
3402 6377614964 9429824134
3403 15164898080 521645952
3404 2859297678 1456331458
3405 -1364208210 2878500904
3406 9984023736 9183107840
3407 14512869639 5743149430
3408 1456541046 11412732435
3409 2667768002 16782206701
3410 2951600021 2186071551
3411 3940871293 1194584069
3412 4604071497 4574359145
3413 6637518270 -4259162263
3414 10109072109 1303090901
3415 12165771672 11913039219
3416 6104846973 9760950251
3417 6504108202 -1009468699
3418 16273977994 7179976023
3419 7830983172 1630699764
3420 19310648520 6473719156
3421 9545517115 2023822477
3422 20967041084 -85958096
3423 8651106683 -1339808485
3424 10349886509 10136223395
3425 2785225304 993181467
3426 3231388160 704742104
3427 898478470 2372284366
3428 4773494666 3772983843
3429 6353779837 3839980720
3430 381827201 -1060550894
3431 2844932203 5231750166
3432 494658352 -1255903680
3433 -4977215817 6118583223
3434 11742999830 4172830801
3435 11909243786 -15094660
3436 -1068652915 2201492809
3437 -1859611635 1844817207
3438 20245157630 5120779135
3439 9197785351 7856103224
3440 2914184604 1416750180
3441 7318751747 2464545518
3442 1030305791 4524687046
3443 15678426186 6049742757
3444 6373961349 -1006329070
3445 3385647864 1929561215
3446 3642188126 7830131517
3447 9566554578 1326397978
3448 11044963802 -882293705
3449 12922666974 4980365774
3450 3424113427 1465127920
3451 3361158940 1320342066
3452 4138264642 1448438526
3453 7717425249 -1788865778
3454 12116282846 4540754256
3455 7286779076 9253620277
3456 2886342688 2069881340
3457 5555143023 9563690791
3458 10823176908 7415014303
3459 -2332834937 3361536661
3460 7443451036 -2408740959
3461 11966048797 7625444863
3462 9044615805 541893418
3463 10604040028 -1225680224
3464 555987540 -1455936354
3465 9070386974 796584224
3466 1035766140 738946843
3467 -4562317641 5297102826
3468 -2891597089 3492532773
3469 6595018795 11020932288
3470 209175984 -1419766177
3471 -2985845912 6995814795
3472 7451566772 10902629838
3473 13232951752 84065866
3474 4823191070 4133201851
3475 6376497869 -1238647432
3476 3218723004 3801417400
3477 -3087833679 164300084
3478 10000000000 19289575375
3479 2804511207 1963111976
3480 -8682598034 3808361780
3481 7211176170 -2482924997
3482 9283078121 1928417556
3483 9060420307 8100695839
3484 1209754045 7063768138
3485 5033880736 10585655764
3486 10412561544 719166038
3487 10860836820 6425326802
3488 11618401504 105680993
3489 2668548440 2127070822
3490 -1360499301 2009136612
3491 -8579422507 4135574722
3492 -1682298224 1856568894
3493 9829468327 1788397426
3494 2573422400 1430571341
3495 -6134466626 660943330
3496 14235280660 -2431450104
3497 6790953097 -1046718150
3498 9697479238 7964031205
3499 4944084102 9885213558
3500 7241503228 8970059492
3501 5008985174 9833268113
3502 6853526090 -1212687580
3503 11116298818 8200843188
3504 3207992969 1186016566
3505 10091320235 -3753446850
3506 -2355416422 3165172429
3507 8395096164 -790322649
3508 6186640104 10000000000
3509 7447550001 -2933256429
3510 -3060111312 4880927939
3511 3216561250 1300248705
3512 1674825295 4793568431
3513 5589559424 7066447629
3514 4350358639 9969950316
3515 7396058428 10507810650
3516 6389647099 -1907757786
3517 -8455032332 6668478446
3518 8050742810 8795070612
3519 -5994853223 727517319
3520 11272885996 -2860437751
3521 1303713104 5869571385
3522 -7949752497 1809962235
3523 5000840327 9879282173
3524 4984766309 10324722875
3525 9242715846 -4683005643
3526 14790983218 11086435227
3527 11536183788 3574139002
3528 2556601433 1639401102
3529 4365807369 4486289147
3530 7845188426 -3473772267
3531 7305142128 9327802645
3532 3272045033 9207259099
3533 11329313881 -2569615138
3534 5601914229 -283887141
3535 4383933634 6743804174
3536 10609528427 1703005746
3537 2393501767 1275227793
3538 67142816 -1425651695
3539 3223544671 7474345148
3540 19942874083 5343906833
3541 7599367052 8718220854
3542 10316391329 9148557035
3543 4558167664 7608701647
3544 8611819963 -2646955335
3545 5697599641 -674137973
3546 6313363992 3697733788
3547 6166262910 -1958862493
3548 11386519271 -208347617
3549 7658386796 10510058033
3550 8586908613 8936385179
3551 1415100493 9107976022
3552 7760034768 -1790235096
3553 5683076573 -1233207620
3554 2283177014 1936442245
3555 12395790797 12059473058
3556 133221453 -926812699
3557 3089895665 2062191905
3558 11320409903 10438078187
3559 11408337115 -2162338775
3560 6145394727 12702038382
3561 153329150 -652447703
3562 5546335320 -755122251
3563 7805965666 -6809847224
3564 -2594720089 2516275023
3565 7836650577 9388448034
3566 2846145858 1759401551
3567 5632825226 9377649470
3568 7696529844 -1726362239
3569 3194007605 1312572581
3570 8870640796 1312763477
3571 7262679506 11720635946
3572 3436065656 8417086834
3573 7857498456 -1888263465
3574 7971052560 2245954998
3575 -2313412903 3442356437
3576 9817777555 1096650533
3577 8409951165 12583948711
3578 2911230679 6526182855
3579 6091616346 -1002384594
3580 503176849 -1529384737
3581 10714692481 1587888548
3582 3551839044 4065664573
3583 -1200635343 2554390867
3584 6226437834 115819904
3585 10891427774 598991586
3586 2561050971 2267525421
3587 7339198572 9423298154
3588 7650817362 8907600760
3589 6682092150 6682759174
3590 8251161329 8287091347
3591 -6687613740 3093561648
3592 3110797218 4528371333
3593 -645574928 2265532273
3594 2259919583 2010281256
3595 5062173207 4387730960
3596 7956122523 9531647713
3597 -2508229496 4555024033
3598 781647812 8744657905
3599 6011472016 9223296163
3600 5977459379 10367782511
3601 10954498719 829956121
3602 -1444271917 2178174700
3603 10357900666 -3594421662
3604 3858972056 10424557509
3605 2898653835 2241813974
3606 5654024593 -646713094
3607 2831972714 1152603167
3608 14748846411 54748773
3609 8028043685 1464456452
3610 7123825511 2900225090
3611 5571188363 2523558360
3612 2063770092 2122778965
3613 7816622140 5223637232
3614 7035273870 7349801952
3615 5414651232 9910273099
EOF