NAME : 381
COMMENT : tspgen
TYPE : TSP
DIMENSION : 381
EDGE_WEIGHT_TYPE : EUC_2D
NODE_COORD_SECTION
1 7159005291 7002251700
2 9742440023 4818851913
3 2969461430 7245649406
4 7926267360 -1291708310
5 8034245442 3615079615
6 3170570054 -1825408829
7 7251195247 -14430546597
8 -6312404314 -1514113331
9 1280190125 2120896568
10 7336513983 11846666351
11 4077584223 4080994057
12 2466622130 -995798433
13 7126037516 3527890084
14 5157529784 4019889903
15 -305521545 6145038070
16 2969461430 14075187776
17 6705697408 1076310562
18 2969461430 6116540462
19 5510035661 3832385118
20 3032184684 4546128300
21 9637489913 8734515521
22 1859625948 5344460255
23 1687521538 -659452631
24 39962312 13227537342
25 277475095 13090428159
26 2297709124 -506114157
27 6050240962 -11160563449
28 4200966535 -3576792934
29 -8161053954 -3304560775
30 9376403425 5681238606
31 -3758992649 872756993
32 1829052132 -677935702
33 3999486470 5082593866
34 8116798497 11614646669
35 4983936152 6560238637
36 -4175678011 6465454114
37 9148056781 7137635049
38 5856884884 8859251231
39 6538682754 12181849518
40 7749704166 3284606483
41 1708094237 95235746
42 7632400676 -15468500618
43 9484794695 -20512237340
44 1311883246 -1284881488
45 395457961 13007198484
46 8192308157 11463907200
47 2872894186 -2385136305
48 4892739256 5915154230
49 5239231754 5390718115
50 8446628859 3034069912
51 -4386398658 14653742924
52 7098434432 0
53 7801005978 8546275548
54 3342930751 2037683629
55 8634496164 11502976794
56 687514376 12720561361
57 1377498247 13663021930
58 8041935034 -3529245993
59 5508951220 6485990335
60 4159220514 3063562251
61 7355376435 5383707035
62 6570703052 510958151
63 5569019026 6572275981
64 2245355292 1218120639
65 2969461430 -1501987445
66 2969461430 1166055599
67 2969461430 5463401058
68 6249953960 4035770656
69 1366913335 -1299077703
70 4984891277 5090552340
71 5963895670 3709002912
72 9104680798 11615925043
73 1338419134 3306351087
74 6934358044 4477376563
75 2625907993 14546640955
76 -5993587052 2261394839
77 7121700613 1854767598
78 9721108300 5575140513
79 1633075070 2938884603
80 9090769846 5259594108
81 6769198202 6210963503
82 12562896245 -2140044145
83 1323503333 -947753480
84 3041865053 5225791382
85 5410753469 6017711282
86 -4330319812 651276231
87 -1896094106 6216861873
88 7739593811 11564319902
89 5929491291 7308464923
90 1801391371 12890293523
91 3038901388 4604319557
92 5928142110 10000000000
93 -5599852694 7122474157
94 8420995696 -4083822012
95 2073283551 -149240189
96 7202476178 -14297893309
97 1996067897 4173226188
98 1658713020 -1009373327
99 5120097538 7526741271
100 2969461430 12679903412
101 8737957286 4271436191
102 2969461430 -1067419920
103 5390007006 3865015004
104 2640737335 1005053458
105 8154818150 3451976205
106 1553510248 -2825052351
107 -4817207720 12683497231
108 1848230183 1099500384
109 1190863209 -391241718
110 9422955800 -1505486351
111 4242602566 6458638317
112 2969461430 3081117409
113 10000000000 -21915048991
114 8084050209 644396110
115 2100089952 9361708388
116 9798139698 5501912089
117 3153681205 -3273750674
118 2969461430 4213724717
119 7106396259 4217977106
120 4442636321 5699795113
121 1929797008 1099500384
122 -3528849141 14921581070
123 615721156 11994932763
124 346702545 12405792322
125 6334051150 6030110787
126 9826610560 1898206477
127 7717356576 5030699741
128 2969461430 -1326304208
129 9198176246 5873360103
130 4345808650 8951798804
131 7867135390 -3273509377
132 3866645288 155733234
133 4539140987 6408412669
134 1656709671 6220211014
135 9204611407 5226945344
136 9766434743 -6052235789
137 7042996503 5962583092
138 8618645000 -18153867048
139 9737606991 4915276838
140 2831023289 13385646770
141 10957676680 -7795055018
142 2969461430 5961267023
143 3525384077 929867320
144 7212684828 7864451552
145 3013219032 7565459529
146 3962530674 6635527599
147 2982571883 4275587935
148 3646877655 5643663591
149 3355744131 7415032424
150 4921369366 8736146679
151 2055407033 -2774105190
152 3967610590 1831655324
153 7941785775 5920959012
154 2054091709 145834266
155 4858937325 -7916857284
156 2088599260 6229337914
157 -2961788630 5694415091
158 1954402374 -785541508
159 5893510049 3791265804
160 2969461430 0
161 3123866912 -1678268610
162 2969461430 -17833544845
163 9648505304 5795775528
164 11923289716 586823078
165 2310768988 814118256
166 8892673430 11053505346
167 3628663552 1364292017
168 4590527086 3538868954
169 11334546119 -977124441
170 8964603957 -19095851247
171 5378631433 10000000000
172 8190537336 -2099053277
173 4922416178 -140796604
174 9113970341 -19502549125
175 2707673219 99263953
176 2969461430 4026804557
177 2969461430 14114315776
178 427601582 -2592396550
179 3344917496 5074050040
180 8643000870 12049616393
181 6646352585 8083699587
182 8582763269 5152945930
183 3745056055 -4883958338
184 3689745686 4635252936
185 10954797324 3176654417
186 6371597495 6449629154
187 5830210706 4047752455
188 7517623741 -15155983606
189 6968059382 10000000000
190 -1121747490 4102248783
191 3926723195 0
192 7428178584 -14912440486
193 -539184515 12008458809
194 -3826704661 5355250261
195 6710957314 8561744799
196 8222580287 11238097210
197 5319598463 9646452367
198 4420319769 2222801116
199 2262267370 3982776845
200 8179193805 11414534146
201 2969461430 5613562959
202 -3095445477 2811013029
203 2969461430 3358672752
204 5510035661 174991387
205 7757559008 6979854702
206 7977759682 3161532372
207 7174295877 10000000000
208 4116881009 2299777933
209 6279469255 -586799061
210 5786364469 675236598
211 7741426520 3419575773
212 2969461430 1099500384
213 8701002046 12194143319
214 5256965459 6356121773
215 7414814849 8937808406
216 1712597901 9522240457
217 10484733033 4573596347
218 4433075030 2659554388
219 3300550665 13560438596
220 8260190533 983007096
221 5882042439 6181468479
222 7141171859 4433832632
223 7105334458 -14033393826
224 6975669655 11517072478
225 5781924891 9508787246
226 2969461430 4839032687
227 1970858514 947487648
228 5942941067 10000000000
229 2969461430 -407304891
230 3416800432 14516072946
231 9339464034 6527610874
232 -1834913202 12511106546
233 5773441895 9150346076
234 7437220465 4998707655
235 7939172880 5909207992
236 9840423506 -2242593815
237 -98099739 6427780427
238 7828769460 5929905820
239 2685743814 3862264049
240 2969461430 625963657
241 -2220268674 1699833909
242 2964576191 -1679951765
243 8191650799 5119198043
244 6565519856 10000000000
245 1223417200 13503825219
246 2501974072 851245939
247 6747842336 11790282748
248 7066095695 8636525242
249 1767480294 99263953
250 1581228220 -1388563590
251 8596080533 11185121085
252 2969461430 7760728434
253 2195678562 -1151792858
254 7643631721 6217584223
255 -666595761 13085148950
256 2687560239 11939290626
257 3427876102 6208715883
258 10307860851 -6844356854
259 1359283133 7246347860
260 2633154108 9018157408
261 1500670294 -326411648
262 2824301532 4289624453
263 7038094187 6863673301
264 7176669692 5700613303
265 9528717441 6071089216
266 3614590669 5904107020
267 6103930931 8021688328
268 -208023652 13590964510
269 4226658058 -2492249180
270 10722941029 -946741451
271 4808312379 5486684963
272 7946880660 3515620115
273 5798320444 2490290356
274 -6640308769 1755886927
275 1599621068 -891972796
276 2969461430 7935360094
277 2969461430 875822294
278 -7678197769 19469734209
279 2996723095 3442063916
280 2969461430 190613884
281 7021987221 4165453086
282 10676429267 3767435999
283 5157280211 3244194720
284 6670876010 4842080999
285 674804542 1728694522
286 1239767990 -709362982
287 9143373162 1451881860
288 -3322929921 5313710136
289 180406100 8111340166
290 4285234289 1360283668
291 3279149078 -3615377194
292 2969461430 3513306033
293 12989096004 1399156592
294 9048594087 -1066570266
295 7131134519 4225850114
296 8853939418 12227526536
297 522680958 13187220144
298 12273846126 -1678593150
299 845613121 6131445991
300 439149085 13053489516
301 7554230737 9087613056
302 2969461430 1364292017
303 1752675021 -614429416
304 2969461430 -1937739327
305 1077186279 12890503199
306 11306258554 -1298603998
307 8530335744 5798380021
308 5269804780 8931760647
309 1916083623 -1819707802
310 8387087169 8197237816
311 6734301231 -1228026747
312 5226441993 2308987510
313 -1379879845 6188660981
314 2969461430 10000000000
315 8184607523 2615613652
316 9377956455 7741773003
317 8219756502 4486908525
318 13289231157 7099268040
319 11214346555 3418469936
320 2666211254 1099500384
321 3206834783 4537860651
322 9734458419 6857385685
323 4844032292 8762103315
324 3890213763 6337786992
325 4224453552 5960479578
326 7953202031 11488355609
327 8711961184 3327022799
328 6208300295 3642561320
329 10000000000 -21915048991
330 6101149243 4234074181
331 10000000000 3813246489
332 -5929198761 4505911738
333 7584678072 11110570078
334 10046731968 5919571826
335 666320874 -3653719159
336 5388104726 3157256504
337 6090348162 11362080955
338 1010262585 -1534823981
339 12275014814 2119869674
340 -5065347650 6707311516
341 154521355 12570248519
342 8920347402 -4814387086
343 2083872796 466485033
344 2969461430 3005046060
345 9445659791 5448212579
346 1962472918 971194448
347 7564778861 4503016076
348 2969461430 336562215
349 3407067570 4391583304
350 8717473921 6004072713
351 1415789218 -680341373
352 4716305179 3654474037
353 8264322412 -2688992452
354 4599686482 8995327373
355 8444898171 5649908658
356 1279978827 -909377818
357 8892164485 13584551288
358 4262230721 5034394685
359 -2196361862 5340074393
360 5918581245 3721321675
361 1292309785 -434114544
362 4071677960 407800176
363 9561317910 -20720596331
364 670769601 14652542975
365 -612533892 12302004595
366 -498375261 5054150460
367 2292400108 -2205045553
368 13144252408 -3889126
369 2701593278 4249150523
370 5667720389 2586357339
371 7922763016 11595085205
372 4178449821 6914185883
373 1217415161 -1167218331
374 3558109297 4906421839
375 4234311854 6625195849
376 10996561217 5713524751
377 5016090445 1951057440
378 1789629051 -1201123699
379 4717588586 1042397854
380 2969461430 6893912050
381 3971651432 6192174745
EOF