NAME : 41
COMMENT : tspgen
TYPE : TSP
DIMENSION : 41
EDGE_WEIGHT_TYPE : EUC_2D
NODE_COORD_SECTION
1 12830467321 -1040965645
2 6119924563 22596833788
3 12843432425 21172877636
4 18156377963 3909153021
5 4267171085 6970282199
6 11859669681 -240104943
7 18540033365 9486239746
8 7176208357 4720306159
9 4591788681 6612999707
10 8100910931 7728133418
11 3745112709 6365131910
12 8012253127 683174777
13 18330473953 7250394460
14 3577448392 21172877636
15 8678664149 11929438292
16 -384553345 5722577124
17 3742844984 4212746812
18 9111534638 7438477664
19 10490160019 5387654739
20 4370591401 5846514315
21 8992643359 1299964511
22 11548496314 5560610544
23 7564270379 4009676976
24 17118495483 2371486530
25 10974326026 8793588856
26 337627288 14889040824
27 1306482510 4955098111
28 9255437103 7334048850
29 13319266873 21172877636
30 3665200448 5664857059
31 11083212307 4510583380
32 6641990416 8626635816
33 6656585725 -1222134896
34 15096565062 11203524359
35 277129991 3191590369
36 16008726525 5801355285
37 -215419412 3274217522
38 4260412775 -334458111
39 -4360139645 -11205382237
40 30602813610 6308048337
41 6118598000 11312933967
EOF