NAME : 461
COMMENT : tspgen
TYPE : TSP
DIMENSION : 461
EDGE_WEIGHT_TYPE : EUC_2D
NODE_COORD_SECTION
1 10003303604 10123312751
2 10046717950 10012688358
3 10061838857 10004077742
4 10059811112 9992701151
5 9938925304 9985049683
6 10077057636 10086471552
7 10094224311 10098968922
8 10015186580 10017467670
9 10043125682 10025494269
10 9924710070 10032610371
11 10058557456 10070519753
12 10098118792 10044336251
13 10095630616 10072636737
14 10001019519 10022837538
15 10023920148 10023646684
16 10083709597 10078204372
17 9953975183 10034647184
18 10064567092 9985570784
19 10067576981 10091175423
20 9981167786 9896183070
21 10059585530 10040833107
22 10061365475 10024000004
23 9939701213 10033824392
24 10068858789 10003930758
25 10071775037 10053084302
26 10067164489 10079269323
27 10041919236 9994007544
28 9973882276 10059803879
29 10055010198 10032489430
30 10054198447 10064167984
31 10000000000 10052483342
32 9986513403 9909374489
33 10031553633 10000000000
34 10062926427 10004258684
35 10067640602 9930384704
36 10002661869 9945925629
37 9961925644 9996950792
38 10052964123 10005580418
39 10074689537 10091524301
40 10009163176 10000000000
41 10086681072 9951973790
42 10046289460 10013339349
43 10055103739 10079489828
44 9966971104 9992920928
45 10068560275 10013847976
46 10088896140 10074376327
47 10072698877 10091816926
48 10076862596 10005603064
49 10010780831 9900616831
50 9961557150 10189528649
51 10050083515 10108032046
52 10069976885 9977351875
53 10075018699 10075894789
54 10058861529 10045118005
55 9963862466 10194490655
56 10056516905 10062218345
57 10054795582 10057803078
58 10000000000 10021015763
59 10074223834 10095121690
60 10000000000 10056577496
61 10076541907 10014419152
62 9948290537 10038430519
63 9950844293 10158345839
64 10101824141 10041855947
65 10059292919 10003887227
66 10082059151 10032379071
67 10072519458 10097593271
68 9956277186 9998151177
69 10086336538 10093226609
70 10100488249 10047193310
71 10095604954 9938416051
72 10100000000 10147266888
73 10087048492 10073330538
74 10042499902 10000000000
75 10031475608 10112140332
76 10009093399 10125588665
77 9952030560 10040400071
78 10109948189 9916624878
79 10058074101 10055989257
80 9964475092 10052712118
81 9968996798 9950338652
82 10072193101 10090871612
83 10067164489 10070014364
84 9972766556 10049280772
85 10067164489 10068004581
86 10080484426 10092877066
87 10062068474 10031516250
88 9984315195 10075762715
89 9950641781 9989042204
90 10002795561 10023081159
91 10001615538 10126651699
92 10077175302 10095044890
93 10068560275 10025407557
94 10070262664 10025364178
95 9900600096 10085311830
96 10064898568 10030073944
97 9967481866 9896022237
98 10068042853 10071591041
99 10032897676 10047747944
100 9969537772 9985341596
101 10099481748 10050389439
102 10074793230 10073060980
103 9944740887 10167618530
104 10039315453 10054671486
105 9948958580 10014356846
106 10098612166 10042207043
107 9954574888 10004300642
108 10078702855 10087669274
109 10056590317 10039184029
110 9983548337 10065821061
111 10097683979 10101487566
112 10008797304 10014438534
113 10067332039 10062638339
114 10075975048 9968239077
115 9964492635 10137610392
116 10054685507 10062910843
117 10104718899 9889090967
118 10083995048 10031920305
119 10067164489 10094138990
120 10064379628 10045732870
121 10055120827 10057687311
122 9990318291 9919297292
123 10067164489 9981624650
124 10062513867 10068599124
125 10050903135 10050078456
126 10091438130 9944746559
127 9957158012 9965495760
128 9996694607 9948262742
129 10059453226 10058465834
130 10062118057 10016576074
131 10068215493 10062902295
132 9991318813 9928180062
133 10072166194 9974025735
134 10009572531 10118596220
135 10058886927 9973078139
136 9946043432 10175498306
137 10044129210 10018459946
138 9970631707 10100263461
139 10089062483 10093365838
140 10062448664 9988789237
141 10063367855 10092838812
142 10067164489 10071687634
143 10065247902 10080603519
144 9964992024 9945037421
145 10107160728 10055404951
146 10011369258 10118184627
147 9954884057 10152208367
148 10065470158 10038525177
149 10012629961 10123073949
150 10075169515 9979825186
151 10109990066 10050498469
152 9950322784 10159138149
153 10051387766 10078368287
154 10059525678 10075141197
155 10063545689 10078178973
156 10062591980 10075940528
157 10015659248 10026814837
158 9934051634 10021882032
159 9948231431 10057818307
160 10103546931 10015879803
161 10137972842 9905734714
162 9954367871 10006072575
163 9953126861 10154878013
164 10000000000 10028461268
165 10031442177 10018413883
166 9948583848 10168588803
167 10000127200 10188122897
168 10062133972 10022676363
169 10010161907 9925561969
170 10047761600 10011102778
171 9948542239 10024872469
172 9962729735 10039339309
173 9930357356 10031625073
174 10067164489 9981624650
175 10076196714 10085844799
176 10101755225 9997086177
177 10077492736 10086716446
178 9955592598 10151131906
179 10071760966 10070880658
180 10064372545 10045564597
181 10080251307 10096970309
182 10008162897 9961017638
183 10061277738 10059565122
184 10074259517 10069921507
185 10066040018 10013966472
186 10100619313 10049862441
187 9947717922 9996383844
188 10061529226 10002842081
189 10065172983 10006496114
190 10098859649 10089687439
191 10000000000 10046128684
192 10081911096 9983409914
193 9959996723 10039378996
194 10091796146 10095160128
195 9984546631 10089583271
196 9968706739 10099642222
197 10060024376 10080716088
198 9987024208 9914841657
199 9953736855 10153951272
200 9933749280 9943157941
201 9974167156 10157247753
202 10065962397 10082018098
203 9946686363 10029329088
204 10081077486 10089398010
205 9962244895 10028537257
206 10010610788 10121015887
207 9986376561 10082991382
208 9965580879 10077270989
209 10000000000 10000000000
210 10072835439 9937675130
211 9963009404 10035274676
212 10084833818 9954780259
213 10088108401 9949676987
214 10070493562 10065296607
215 10033980258 10047500715
216 10114378434 10021457187
217 10063814485 10082290602
218 10015801600 10030037470
219 10061124497 10044930645
220 10020046562 9970011201
221 10165751612 10111757568
222 9914075837 10173391426
223 10064884810 10035636826
224 9976799300 10054747353
225 10099194827 10041999651
226 9860366490 10046619158
227 9999936730 9907722849
228 10025904941 10043569208
229 10077508018 10073533506
230 10099370788 10044255690
231 9936857591 9991250948
232 10105607162 10007182565
233 10067164489 9981624650
234 9930099261 10177005748
235 10119483142 9952966078
236 10061872617 10049046906
237 9983402046 10077172218
238 10007386386 10001071215
239 9963037943 10185898923
240 9960722883 9986017162
241 9969268142 10130355131
242 10035974460 10045145815
243 10085656556 10091098917
244 10066241183 10035939338
245 9968117534 10044286706
246 9982143848 10158429696
247 10015506759 10060260309
248 10076771265 10088276041
249 10096198436 10097298178
250 10068560275 10025106134
251 10072238724 10087776653
252 10032522797 10047000313
253 9942425968 10195224750
254 10070479214 10066635861
255 10064441197 10065400098
256 10064954555 10077660488
257 10166181716 10151354039
258 10051381683 10019538656
259 9949387809 10023378805
260 9994849388 9937310892
261 10007755432 10000197120
262 10067504945 10065391609
263 10067164489 9981624650
264 10041138189 10029615328
265 10067164489 10108413472
266 10060112662 10037020123
267 10020582666 10073085187
268 10107350417 10065671518
269 10076863874 10082602993
270 9949462477 10009130799
271 10065592364 10097609252
272 9960093810 10030307114
273 10067164489 10083865297
274 10067164489 10079269323
275 10097078435 10068414224
276 10020176745 10060844817
277 10062370222 10004991504
278 10072760525 10071042612
279 10042023025 10096138705
280 10079334182 10067526879
281 10076705136 10069123735
282 10070794211 10073497668
283 10170820621 9882525654
284 10106847919 10108158930
285 10008985415 9907640246
286 9944203512 10014094701
287 9965407985 10092775202
288 9962225951 10000252031
289 10064845589 10024082638
290 10055775980 10068381226
291 10084020616 10084593052
292 10068560275 10020338535
293 10056295686 10071356816
294 10098477638 10045877796
295 9981090562 10162027686
296 10096621904 10100714373
297 10069661351 10081087043
298 10088700770 10079242434
299 10090615918 10067236376
300 9967346868 10045466251
301 10095557815 10090357058
302 9950631243 10036893184
303 10043245518 10029895671
304 9918236100 10019506888
305 9972362625 10125653793
306 9913792505 10231953769
307 10071117189 10068504433
308 10045640266 10056760071
309 10052080449 10051622497
310 10014428015 9973873193
311 10080562904 9961268908
312 9993626016 9873512334
313 10089894225 10114522510
314 10076531064 10072854021
315 10111658858 10041290894
316 10039493617 10048205325
317 10064197271 10067607379
318 9953244417 10025485558
319 10033241120 10000000000
320 9987645504 9914829648
321 10015975690 10054151370
322 9986639230 10092893661
323 10034862227 10166114207
324 10088301423 10089658462
325 9956828993 10149253495
326 10082956023 10099509735
327 9953905214 10005126630
328 10060958090 10041344075
329 9951581349 10061547262
330 10100000000 9931738812
331 9977758973 9965397615
332 10067164489 10071937377
333 9998698980 9899627323
334 10070616606 9986856177
335 9955089261 10048054172
336 9948223727 10012600576
337 10061679407 9989957942
338 10044886436 10056716090
339 10016825111 10000000000
340 10068769960 10081277247
341 9964717399 9988491956
342 9951988089 10023832194
343 10050279249 10009365167
344 9982142549 9940046798
345 9978650950 9904832836
346 10020715647 10045734581
347 10050922320 10054918144
348 10004950299 9884355538
349 9957751326 10011445281
350 9973443425 10075617705
351 10062697036 10076017009
352 10067164489 10076752292
353 10000000000 10036524754
354 9987734338 10102300089
355 9979013035 10088316638
356 10050627255 10039347805
357 9959470985 10079021175
358 10031907658 10038470906
359 10084333222 10032046179
360 10070270406 10000000000
361 10067164489 10080722104
362 10076477458 10030563407
363 10067070160 10066976831
364 10059763606 10081783243
365 10056872294 10065020403
366 9985477709 10087648253
367 10051197365 10069022429
368 10081643217 10030591683
369 9983876985 10064342605
370 10063988620 10059202287
371 10038831990 10092366206
372 10021477925 10018379106
373 10047816357 10045218917
374 10067792884 10079726796
375 9979743116 10062625890
376 10065257848 10048955268
377 10083865363 10029497872
378 10060988966 10061899648
379 9946922464 10027088750
380 10059099555 10056271126
381 9981984423 10091190894
382 9956255273 10020120994
383 9989384336 10120039241
384 10002902134 10019229085
385 9953466029 10035791971
386 10041569550 10028922493
387 10067534694 10069322030
388 10067164489 10063958408
389 10084715324 9895923961
390 10111802949 10111766201
391 10109137792 10038130080
392 9953147645 9994932484
393 10097386133 10087071403
394 10062034848 10075534935
395 9971396319 10082698186
396 10076497949 10112320036
397 10000000000 10046997641
398 10067164489 10084350135
399 10066100046 10061178966
400 9952150752 10002173320
401 10100000000 10075526971
402 9956872118 10149187977
403 9951720306 10028583311
404 9948228202 10001336129
405 10053564931 10004260572
406 10003651041 10128351958
407 10063757828 10026786961
408 9991939820 10118959143
409 10099320341 10102678840
410 9969977497 10077573296
411 10150581681 9865070950
412 10064921077 10043751850
413 10115277743 10143687565
414 9920363877 9981464247
415 9990557441 10091095219
416 9922086297 10076547787
417 10058319672 10019776135
418 10022197638 10001231281
419 10053067571 10003041603
420 9987964940 9875586377
421 10060526239 10000000000
422 10142471511 10134092968
423 9891585817 9951447740
424 10097627469 10101446426
425 10086204675 10032827796
426 10044890901 10022100345
427 10038529290 10048248501
428 10086228342 10083531641
429 9999606373 9886384399
430 10057679524 10067882344
431 10071570036 9974931457
432 10000000000 10055418751
433 10068560275 10031280118
434 10054351689 10001090686
435 9950400037 10049394523
436 10079989913 9964891247
437 10084705792 10091949318
438 9958784562 9976121811
439 10072314648 10066394236
440 10095867713 10069804640
441 10063862199 10035267163
442 10114836745 9909197865
443 10069791851 10065477081
444 9982807869 10083359324
445 10060114852 10094074585
446 9989694835 10090362426
447 10074398698 10021112882
448 10059408859 10026289159
449 10021945686 10061401526
450 10034372317 10047584539
451 9962870031 10140075557
452 9978244542 10164627107
453 10072595641 9992513756
454 10066844321 10015582800
455 9955206107 10031511635
456 9963408451 10139257554
457 10091568267 10087009746
458 10063324582 10049636264
459 10044868395 10000000000
460 10103740360 10030453679
461 10064692846 10025933215
EOF