NAME : 551
COMMENT : tspgen
TYPE : TSP
DIMENSION : 551
EDGE_WEIGHT_TYPE : EUC_2D
NODE_COORD_SECTION
1 1375502786 977180991
2 16818847288 -596427080
3 -4112444068 -1614759280
4 5617661201 4271830647
5 2146394348 5896698458
6 4478361788 8303170495
7 4512140734 8046143353
8 2951100519 3362702956
9 5466598029 8789345513
10 -2512395007 14984025905
11 8261099528 -249964404
12 646198568 1521407137
13 5451451695 269953349
14 -14769992261 4210771772
15 6389317733 19341294865
16 10000000000 0
17 5354001144 6877962609
18 2315241852 6290237781
19 -7773801980 -5346256218
20 1590844919 6816346753
21 10396543453 -1588529262
22 8343745359 551086991
23 5610988288 8161291810
24 2120663796 -6598296515
25 8851508115 2470578524
26 3610104526 0
27 2673800077 5090716481
28 -3815578190 -7320871116
29 8664250359 -564499650
30 3416366621 3270225789
31 4653715334 15121846541
32 0 735926065
33 9823882052 -6812500945
34 8394899649 -1479406369
35 -10549214589 1663043890
36 8561612573 727297252
37 5258140877 8639580177
38 6650537990 -2136687996
39 7892901798 7937162258
40 6579357909 19981070102
41 2419597423 2540231976
42 23104975746 -3853951304
43 -92898859 -1260551299
44 3340006357 3920810822
45 -17760320029 10103577164
46 2018420344 10000000000
47 887442831 1056780896
48 -7359689655 -3830781046
49 15942803130 4105935876
50 8768142386 10157076722
51 -8546092981 31694552956
52 8266029953 6524491174
53 9733971602 8122998276
54 7602591971 -453443096
55 2555458881 1951000043
56 4574420706 8247436326
57 5999334125 -5053794532
58 8322928667 6210810048
59 4596283523 8070833325
60 2032316873 5332392743
61 1510030045 15344661913
62 3553731268 0
63 10000000000 25084819
64 -10477451 1378749908
65 3027822263 59286326
66 5782523869 9419879643
67 -708135709 -4942193077
68 -3209730798 -1764548744
69 5617661201 6524491174
70 3062994341 4400960543
71 5945027886 8206585112
72 1453430020 6084560810
73 -333733485 1858561613
74 4610591380 8244430342
75 9721604563 6218969017
76 2628541917 4696741933
77 1204924545 -5808973009
78 8851508115 1160502057
79 6941845577 5398160911
80 5548234747 -5507564580
81 4204768350 8196506127
82 3042083693 -1327173921
83 -843059838 184419424
84 3706284514 3314479387
85 9287692289 4879261132
86 -2400939581 9780143279
87 9039988655 7876322860
88 8643652609 4913340282
89 11281629012 -134019181
90 2500198211 -1274749031
91 1984275264 -1046633091
92 13354873073 3061016030
93 -5230311547 -5721289939
94 819988679 -759295735
95 -240772709 1864263228
96 3464544179 -1914951337
97 2597176030 108394818
98 2148315543 -7328062719
99 5810234897 8144733312
100 -4946769287 -2641323571
101 3950031665 -2734849415
102 3423540127 3782530255
103 5700752971 8153831867
104 8455613650 -1590939907
105 1328731999 7679716381
106 9689225109 505463823
107 -2156849117 -1957316949
108 4279781967 1877041604
109 -2974105766 4387324915
110 5378936727 545595693
111 3335345728 1087849844
112 8891112368 3782909965
113 10902627311 4963944703
114 8512881367 943213200
115 17065547279 -9112826117
116 10000000000 -11888238415
117 2249310823 209218316
118 7317041278 -18064615553
119 9999224280 5143538387
120 4267107495 7936872839
121 4927945946 4003389559
122 11911189462 -1156092852
123 8358712792 -191056328
124 1991549741 6671298471
125 5776420148 6776227340
126 2209136246 0
127 -966431728 8071731278
128 8851508115 1815540291
129 9098665521 -274324780
130 10072820527 -1115778098
131 5893516532 -4755693955
132 -3265386425 10925124662
133 2392039178 5490061645
134 8786259874 -394824245
135 5356072819 6248094961
136 8362056868 173436218
137 5247498947 11025841144
138 -1444791178 -8072033599
139 1839740279 -5870853514
140 4534732854 9706798493
141 -755246921 7717250711
142 9434211033 -987808550
143 -5282665693 3511060759
144 3630847635 2472010704
145 12574205867 1142188643
146 10238922296 3066864129
147 4663948514 8239996068
148 10140028096 3619211999
149 3854198949 -2470810505
150 7986492263 -3576083595
151 1247640544 2404163537
152 8266029953 5398160911
153 8548841784 151368928
154 3879421187 8936536839
155 9392737448 -734141655
156 20704450843 2629224159
157 -6887682283 15245471420
158 5204888805 8195040930
159 8333010122 9587885247
160 4706120451 8158441221
161 13761399135 -332391005
162 5990863527 -8357762386
163 8634932628 -584218613
164 2976636173 10000000000
165 9122751313 -9993147072
166 9578959382 -1114438390
167 8135952619 -3772084786
168 5429166715 462445715
169 1721647143 -1481661313
170 7426872503 6455787219
171 10652138562 6340336384
172 -1614876253 8794804863
173 6579513291 10457196668
174 6498134670 19707463190
175 2629000081 10000000000
176 -9045328464 29395691717
177 639056069 8518860208
178 16000013608 -35817990
179 2587241180 -1306228604
180 3880187253 -2542413646
181 5256108995 6783013738
182 6912894375 -5650718286
183 8416625655 7891569948
184 13858039744 -10600653469
185 -355266059 10871851793
186 5529413127 514187422
187 3639626912 8325122875
188 5118808221 8396388572
189 5846435592 -228295001
190 5683838955 -7511846326
191 12409371565 802926641
192 -2518598410 2114987514
193 10350481506 2864154953
194 5614373469 9597530353
195 -1265258879 11574962704
196 8902364449 -999241141
197 -8138560681 -4382960431
198 -2555616099 -1640516891
199 1445208404 7057431281
200 7600471302 -3131899729
201 5168950395 893203956
202 -2879299943 5459570233
203 3066562883 9092314373
204 13682403414 -10493980731
205 8569859888 570145177
206 8416994435 -199546457
207 4404171169 968550764
208 2811417422 8207822122
209 8769188070 1395784521
210 4479429054 8255330659
211 5417020660 4280042041
212 -1322123805 8427836678
213 2881168501 10000000000
214 2822168103 -5775071635
215 8274211423 28561005
216 11290447924 3304949682
217 2572709480 4004559790
218 10035338891 -468118637
219 1212679870 2429397279
220 9262390541 844791962
221 7879795930 -3594289580
222 2191398200 9814259438
223 4999978911 3961228903
224 90182478 -713679157
225 3657246930 3127924916
226 8639371118 2997295471
227 -1119981208 8174448867
228 2108292645 -1004127147
229 10966613447 -4870610179
230 6481449958 -1331313828
231 3901729535 -5158962483
232 19082733776 53508230075
233 174282064 2368313907
234 357813899 8857488036
235 8421250192 7927743459
236 15520793782 9595175446
237 -2359528425 -3060286104
238 0 2841118489
239 -11246228419 34870040713
240 1466294772 8154199837
241 5276734270 -4094347508
242 8325393131 9947166014
243 2380090682 8305652870
244 302782284 3645087645
245 6529130807 6594295443
246 -1954655993 614653162
247 6337241702 -1098158337
248 18803719710 -3299536952
249 -6122165251 4547014729
250 6080481199 9163556605
251 18418828930 4298919511
252 5378517614 546289487
253 -1659319250 2654645325
254 1519287252 6934802255
255 5118977958 -5349626315
256 2315816634 -6260857926
257 5346877488 -8010738218
258 -2832521162 -5498120642
259 14496868743 40677929406
260 -1494383489 8643765952
261 2197288398 5812449201
262 8660241186 -15633952609
263 1359512884 -6191760801
264 9446304572 6125698889
265 1060189618 453951468
266 22837887457 -23230164353
267 4168825459 -1756657797
268 7593007455 267410070
269 -369944517 -331440024
270 -11894091933 -1516460503
271 5178362564 16623875578
272 5578026325 6810934446
273 8650369355 -450003515
274 8469578702 6786735059
275 8127790319 182002470
276 8545466581 -477795008
277 1489580050 -7514339867
278 -6027294475 -10760544879
279 -12243275420 5455445205
280 -15994127857 9890550865
281 841260118 3250560182
282 -4992194690 7010427780
283 3622149953 3270958791
284 3096207396 10662808137
285 4416067657 2043123622
286 2174753520 6009179535
287 -407600821 7308750716
288 5341634913 -5042660433
289 6514637395 -1362612318
290 6967915756 10120440646
291 10040632838 4821524514
292 6454066090 -9633981044
293 -2520339978 9588385695
294 9264529281 1412704249
295 5402589523 8178610904
296 -35212639 248772905
297 3522620820 8722798866
298 371824479 2924286698
299 1060341404 7694534412
300 7347394408 8304709315
301 7754325887 7983168567
302 -246294542 1155947708
303 2316971476 -4756879888
304 12071467863 -2985294839
305 12803373226 950985006
306 3770649738 6952522511
307 -6616989453 1801085
308 -9759031359 4449782682
309 -1130805863 8188017683
310 3016467015 -2219132478
311 11520490124 -529475919
312 8720714966 -263864811
313 6341380712 -6592227903
314 -1548294919 -1329779089
315 -6136203868 600192545
316 11471092449 5590770380
317 5291037414 -7250433567
318 8476935259 7581428765
319 -1519840426 4425623370
320 4395166512 8262333344
321 8860807789 7891213784
322 4715594253 8235704021
323 50270305 588634766
324 4467720572 8163962485
325 1615842761 0
326 2067132058 10358750218
327 13671737335 5840109664
328 18407137670 8718675971
329 5882996126 9584011481
330 10450493216 -14398483
331 803168610 3034004514
332 7511824985 -8802831780
333 5808782308 -6602873143
334 -1192631231 -4577655917
335 4327584485 3522556896
336 -746159377 2839442670
337 14450191109 6011706536
338 3457640706 7230891958
339 -1010790033 -197100730
340 4220155913 8645558214
341 8065394750 -297137982
342 -624215519 148617859
343 -482049937 763446109
344 2376019180 -5674181241
345 -6516886903 14601972176
346 8894666307 116050042
347 6361962258 -9380215978
348 8010254077 -456554424
349 9936469308 -11750995161
350 -530040692 7434952400
351 8772185680 2824215648
352 9290194865 2103150873
353 3804920797 10000000000
354 -5676519631 -48230481
355 4319436955 7520782596
356 1658484633 5469639810
357 7869071772 7687592734
358 -49310733 -931777783
359 9146348164 -6006083670
360 -393255243 -1121533933
361 13400419788 3066910693
362 8326304809 -401686023
363 3858951029 7127092687
364 1689244793 -6890236254
365 5413996822 8867176001
366 4070062471 -3065559059
367 9990702700 693191020
368 -4812881368 -5722805150
369 44757273 1283007583
370 6941845577 4271830647
371 4357456155 2201951821
372 4176075831 876275156
373 -8595729799 1872502642
374 -2624055681 14272980638
375 4907780481 -3308908140
376 -4430319591 3488342767
377 7990087759 6822477533
378 4512857537 8186591652
379 4312331798 7978340722
380 5888059594 -6462810461
381 -625752903 6515615789
382 10779007887 -1863448246
383 4118356762 8224104727
384 10533945373 5632960459
385 -2933716104 6153524187
386 8013336661 7986415652
387 6626005533 -1529806673
388 1955046825 -4770000027
389 3884449526 -2554157087
390 5873720514 -121421660
391 -4287476609 19810249781
392 12298814150 5819620316
393 5178422053 885640043
394 1334412962 -5973515473
395 4668715133 5554573552
396 1212156933 2599790367
397 8122360770 148409870
398 578413104 3940015012
399 8195020446 -95178993
400 7200689614 8029178813
401 8489591524 5217066492
402 1115985635 6269253033
403 4325562398 7118185038
404 8834515422 1296529450
405 7064393122 -5948320941
406 3504250953 7288684718
407 9498054046 -185762044
408 11737242795 5974273173
409 5765276496 474065364
410 3874851469 3331885024
411 8440704616 -603388698
412 5886497240 2900180931
413 185056334 696230815
414 912979485 3651230883
415 5491107994 342315751
416 4324041650 -3443392007
417 8620982780 353816235
418 2531649771 5971144027
419 8004490491 -3484726690
420 -5883404316 -3482031
421 4286255573 6450964977
422 15799329165 13905648176
423 9811170754 5434405845
424 9396760755 4294206100
425 5861181624 8140499356
426 1122704094 619568678
427 4906761259 179082780
428 -1084122852 8129500051
429 -3177653946 -4696168422
430 8266029953 4271830647
431 3576646097 -1706095117
432 2512539581 15601903023
433 11098240299 277523896
434 8667354670 6489758822
435 6732291843 -6163638835
436 3301519482 8331967725
437 15802485526 9832269613
438 -6392329974 22761246670
439 7277630523 9241556054
440 7976769966 -3754818961
441 -20555473123 32537036608
442 3987972649 10000000000
443 -1463927137 8619229662
444 4838251533 8136041357
445 -9210079570 1277334232
446 10397584134 -1348578158
447 8119650934 -543039283
448 5009538757 8211275602
449 8914987598 -1389078105
450 8711376189 214625689
451 6333770622 19543635823
452 8948820777 6787670536
453 4034609014 7567880142
454 5170823797 15475692014
455 4907839230 8219727397
456 10622842721 -157667335
457 9071228407 547631781
458 8020552725 3117282149
459 2830110074 1878176821
460 8266352947 6640725341
461 3584767790 8341142695
462 7849889433 7886796817
463 5465859618 6575226765
464 4506887715 8052060829
465 -649151127 -12623111117
466 763788706 584390089
467 552758471 4423065872
468 3574988036 8395939319
469 4640828949 8226952488
470 5108181494 8203077844
471 4296455310 -2119246645
472 1927208933 -989492653
473 5110710740 989613019
474 1397673573 23913512
475 9913873485 7803698184
476 117052230 0
477 -9172256217 2742478132
478 1985993192 -790363809
479 3047378104 4405223296
480 6506542195 10540551193
481 5177470484 8197319544
482 3381346985 366268140
483 7579744414 7916729829
484 7525387417 -2831355462
485 96844760 2712379158
486 -2395037786 623585927
487 9689225109 1160502057
488 3502307858 -1963631329
489 20261784859 -17944254694
490 -359173053 7220768070
491 8971845244 7536024255
492 -3379694103 6698930280
493 6610663923 -2087692769
494 5617661201 5398160911
495 7947374436 -172382834
496 4473084735 8255857907
497 20354637791 -18744205514
498 4105567209 7637416603
499 8576639625 7891780001
500 4877340868 8136772906
501 8070485762 -454463175
502 1399921194 5718893943
503 9523238210 -1061006877
504 3843055114 -5776127078
505 8919820578 7102118705
506 8856823660 2871325077
507 13437390737 3999628169
508 5114521476 8202550956
509 3200866572 0
510 1848266082 5062100681
511 2308503425 5858107535
512 8190273083 9446423389
513 -278304754 7059017494
514 -3354333631 -2514793283
515 10169735216 2390623155
516 -825775097 7805658500
517 6172601951 7946717489
518 -2166135572 -1257603683
519 2173842295 0
520 8680553492 6295916278
521 8751833268 7632684229
522 1268470513 8436105998
523 59358943 -5347047101
524 9423903088 -850790994
525 791143770 -5347784590
526 990325691 234154376
527 2504111387 -1939633471
528 10017619576 7565023569
529 6864907032 -8240328379
530 9443931646 980067943
531 -6148657480 -2999914920
532 10570734628 -7875464012
533 1302803902 5985151227
534 9943663650 7801222456
535 1216017792 3333521648
536 10056854485 -335446131
537 9316590019 5616971506
538 2869760297 4699249182
539 7710719859 7868763090
540 -7575546280 -3978638334
541 7883151370 7972462455
542 9033442654 9186140231
543 3100834971 3386231148
544 9122454248 7786373944
545 7288186970 6563118791
546 3445758549 8117538434
547 5367445816 8181531541
548 -10395183653 541577736
549 4653798982 8085475857
550 6941845577 6524491174
551 4550426090 7810113734
EOF