NAME : 581
COMMENT : tspgen
TYPE : TSP
DIMENSION : 581
EDGE_WEIGHT_TYPE : EUC_2D
NODE_COORD_SECTION
1 5476492673 8328229798
2 7141822913 3133284020
3 14288332041 8392863978
4 3923973504 -1565183842
5 1797639729 -1295464829
6 -3128833355 2025802298
7 -1507892123 -3399906206
8 1893222127 12535467711
9 16811282177 11068313347
10 8831241692 16482602796
11 12592033849 15703133976
12 14605732673 15967727065
13 10409466066 -341659730
14 2366401165 -5513489174
15 -3118748755 -24486039
16 7768175874 10899576683
17 7260099274 1986703041
18 16389214083 12240670705
19 -3067134589 1910009400
20 5452007433 12029669999
21 13004562994 2027951545
22 -979818635 399339868
23 -2771892781 121510381
24 1064976336 -3094464445
25 10335723102 722264895
26 5070425951 -9312655863
27 -2842880734 2260088238
28 6215105362 3873813426
29 13318332886 589838817
30 5536100110 9363165285
31 10105680399 19608557250
32 -3791606555 7815984399
33 6315092813 2932585904
34 6782076163 11161546544
35 12090028269 11077635726
36 7368073023 4639908951
37 7099973328 12080938032
38 -3118748755 1322931423
39 -1953722319 6565416527
40 12486847253 2265318807
41 3194810512 12549087780
42 -1821106958 -3281837468
43 8605451015 13573401256
44 7315906289 3830725590
45 6948621816 8673372320
46 -979818635 -134985459
47 -2591983299 1052290564
48 14367347702 5385578017
49 10303932936 -251381443
50 6738675232 3008394791
51 -2881489873 1762719791
52 -979818635 1491866979
53 5696919633 8238756184
54 13424771855 1746843845
55 -946831931 5481646333
56 7308349820 4011652026
57 13349461313 638471012
58 5682673596 16154951523
59 3844436975 761601996
60 9480364269 5431059731
61 1998577481 -24763554
62 4907189942 -896203604
63 837610677 3551578256
64 14403506185 5302545132
65 5637040418 8082558893
66 6617302250 8871187910
67 -979818635 1381626969
68 6920441042 2602057255
69 -5533223920 -2065214218
70 13095313608 5803295266
71 5393511108 -5380853817
72 -3350381686 1012123752
73 15637390303 2239616729
74 3376162714 5781406319
75 8143961299 3656870685
76 6464860944 3331893332
77 -3857911015 1231034382
78 -6573820747 5315549329
79 12647512166 1080744840
80 14249169103 5656958602
81 4937909718 15167500920
82 -6626446648 -5083308229
83 -979818635 2241258057
84 -979818635 3860414607
85 13944688631 5790469628
86 -5370031835 2168127904
87 5637040418 7903275289
88 -3046296119 864279949
89 4131118181 -5571467222
90 5667691428 9134424086
91 6995349086 8047987636
92 8350400666 3333255344
93 5072130373 14055693835
94 10614844963 13564633874
95 1141776559 4075913396
96 12640403788 8619671791
97 3539866782 8149246306
98 14951819402 4043420707
99 -1152823382 803878875
100 -2907883315 6656650543
101 8104122245 15070079422
102 11463592566 -785703148
103 -3231265909 8209814751
104 3256039394 7305562234
105 14275298191 5596956814
106 7570311955 3728511187
107 6709181125 9333604186
108 1471291582 -2016381456
109 5149168052 -612923148
110 4348925593 -1470895284
111 6112769249 14124198561
112 6665652373 3384571729
113 -4407563589 740909476
114 2485022714 951982016
115 2149473957 13577061187
116 -979818635 6831437956
117 12277153200 712655918
118 -2512693911 2122373597
119 3374848210 -692770974
120 10187460585 -846136550
121 -979818635 -4535621519
122 12305031806 15392716543
123 8241208440 3148951999
124 -979818635 155790128
125 7217612542 3340597690
126 13569059810 1850833168
127 1842517340 12862355920
128 13109696194 1248787525
129 6740399956 9367370042
130 7466614503 10152833633
131 -737821089 10911613222
132 8226967428 1344281308
133 3247807644 14872651460
134 2587714601 1633011791
135 9575804149 -126018351
136 10234468039 13153223463
137 3226196893 6078763639
138 7642631951 3239602515
139 6284627562 3076130659
140 16326870151 16474012167
141 4371118926 7872028434
142 10283026387 14255545891
143 3813357782 5514924222
144 12299311658 -216209680
145 2749454290 12941163513
146 13159071265 662132605
147 6927879645 8951049001
148 1107531188 3538335006
149 7543350428 5769710561
150 7803519867 11899270437
151 21609497660 16470129875
152 1821582974 14911483625
153 -986138354 104238596
154 5774227608 8322371418
155 7267692946 10016633285
156 10318162150 19571388346
157 13770009716 2456256167
158 6216929698 2959314616
159 -3051807067 1224399592
160 11362816617 -1001118324
161 -3071033586 7627212450
162 -3447956887 7668871579
163 -4212011077 3578736152
164 -2124552605 -3167451301
165 8893043577 2922994531
166 10337403683 17760615519
167 -2500421304 3838966
168 13525686705 689712315
169 2755515723 612653062
170 6500450349 3108949685
171 17107187713 9010118802
172 -7692845 362179740
173 -979818635 5370748415
174 -723784076 687343368
175 11597651998 771518147
176 11975333996 895354133
177 10618520025 13994235156
178 2419782137 639936888
179 -979818635 -1289430792
180 10005045481 12905083204
181 9890598542 12865529625
182 9736757185 3999600840
183 5414645607 -73038957
184 -3316660457 1636260329
185 6553013786 3165861114
186 -979818635 8841399001
187 12577910764 1308809212
188 6895576637 3512631033
189 6810878553 -4786698559
190 7474691917 3317298838
191 -979818635 2614422059
192 8073762745 13560116598
193 6242302915 2997489917
194 -979818635 3218874924
195 10852535465 487163281
196 9182227454 2796379747
197 -2096147239 6405619903
198 3835822909 9257672960
199 1265322420 12607466501
200 12771756977 2409615070
201 9775969877 -10976234658
202 9589753961 1316967410
203 21997997484 2817300686
204 5813492451 -1180118133
205 7811018415 3365887048
206 -107547986 16120829559
207 5619186486 8158708700
208 5054011651 14007628170
209 13024767580 1221466039
210 7186851383 8707001834
211 7659221096 2872322460
212 3950422461 7791837998
213 4999208852 12061768197
214 -3381264377 7959443238
215 -979818635 10778880226
216 2210182479 -1376804852
217 13530780980 -186145503
218 -2524066814 11723992971
219 9806652787 13785847206
220 9689700515 -378375925
221 3115782252 6153860479
222 10768768996 1119788585
223 -979818635 3788044716
224 10155390816 11902481234
225 4081977707 5944272617
226 2330476483 12288536150
227 6443007092 8076891815
228 5690666271 8702698369
229 6663825594 3176561581
230 1624482883 -3247397611
231 3238664187 6723470311
232 -979818635 12053892763
233 7514140506 2310370685
234 -979818635 2153230402
235 2921223557 -7980124635
236 -979818635 -3940402886
237 9517112045 -79504078
238 12104795751 1602106827
239 8144909120 -5023298247
240 6656055287 3657559177
241 6496585972 10636273632
242 -979818635 3332591745
243 8117475543 2700986930
244 7397690998 2108714983
245 5262203713 8894590098
246 10716497495 419544447
247 -1484736026 4500583795
248 13762721938 16122444014
249 7059561453 2964061269
250 -979818635 -276358218
251 6702010773 2848671268
252 2958725832 6373792089
253 7611862823 2103503819
254 6013463604 4005751021
255 2022177795 12100297385
256 14395149034 4255566679
257 5567846838 8246094890
258 5742878696 7910545207
259 4287852039 12084375011
260 9859260520 18685555530
261 -979818635 753836385
262 5637040418 8788951773
263 9776224549 138704431
264 13641694090 4608011888
265 3272014205 -1451496873
266 4749933770 13200964989
267 6402859063 2867249493
268 11304820971 2274269517
269 9872424653 8349642457
270 -4433337481 7552163186
271 -4182473691 1400103135
272 5670607890 9883330578
273 -3016114292 843923527
274 9281593782 11405354809
275 -5835077515 8156820949
276 3544608085 490658201
277 -3040864450 1135457288
278 11323884108 -823570407
279 9207213141 11664243794
280 -979818635 10947686259
281 9144215817 5560801267
282 -979818635 2954161757
283 -979818635 2606589820
284 -979818635 8403204638
285 10534222150 13477433356
286 10043164942 2475915684
287 3207912641 6767393381
288 9704181243 15664859238
289 8823645054 1259106499
290 1268770516 -2759954986
291 12306755449 1538956096
292 2138384650 -2743196255
293 10034143805 19714531549
294 3885974940 6656395256
295 13368509683 953122630
296 5908690394 -1124556828
297 -3453829528 7691405002
298 8861534655 13522562629
299 10682027761 -175642445
300 7676260217 11058802484
301 -979818635 76920221
302 16895265485 811801935
303 10017044004 14537244100
304 8072570872 8414638850
305 -979818635 8103350535
306 7211658373 2110819928
307 8288490192 3596799665
308 7443796923 10128154455
309 5653273852 8191549511
310 9028420127 13163101727
311 13220826143 16383227008
312 -1265259167 2282270163
313 12384771391 2238149484
314 12510243791 1896056051
315 5637040418 -3372658411
316 -2366991179 -476340215
317 17210756385 16341462614
318 6383983063 3237101406
319 -3062615185 -1228717500
320 -6543485256 455939247
321 1544316968 -3276351738
322 6780317816 2731499589
323 9609031284 15567097616
324 9102916768 11254308185
325 5871335150 4442078980
326 5687349508 8367998969
327 6935951009 2861355819
328 11624243032 252324804
329 -979818635 2583177322
330 13989895315 5307592019
331 7232054394 3026671923
332 -5451623217 -1042272857
333 4945921476 5111663283
334 -3077063490 999571861
335 13958166935 4607246039
336 12433263215 -265563384
337 5085667933 6856931883
338 10235515435 18408904508
339 10350632502 -909347413
340 6692592544 8352555169
341 9983310500 16196978760
342 6641991655 8899167285
343 10752592590 11376569229
344 5683532891 8452203517
345 4311852137 12038814287
346 11975414695 14712957939
347 9648271585 12519201501
348 2345660782 12991372673
349 5180043158 -387016915
350 6831819628 3274096777
351 4387952737 5340836280
352 2857692292 13146532485
353 10269349773 11532920713
354 -979818635 12177401939
355 16341340588 14638850107
356 13046557086 711614959
357 10508793036 7969159528
358 8781999223 2197334530
359 -979818635 -226355807
360 4519308762 -8382419110
361 -979818635 9558149814
362 533952155 2685068419
363 -2804798974 -2911027208
364 7527982797 7691696238
365 -979818635 1482961590
366 2182920658 11996042394
367 -3041560513 657087583
368 6194448270 -1347789773
369 9767639763 1820308010
370 -3103395592 2226815230
371 -3050379294 6604653543
372 9877219579 -240828650
373 11206026632 14204047775
374 1937841348 -1316090997
375 8222875082 11833072200
376 7679793517 2429868874
377 8349983310 2561301883
378 6001255773 -1144114233
379 16908409974 2321509102
380 14403900555 5301639517
381 9447808197 17672137675
382 -3118748755 -2070921390
383 6359095907 2978086725
384 10000701228 12573474674
385 2974096181 -692490520
386 -3073111831 1807869718
387 452623900 11986121106
388 3558279978 12671549722
389 7431467829 2653142403
390 6928892541 8058402325
391 6958435494 2888509870
392 7492204218 8135614761
393 15182334334 15016240957
394 5637040418 -2792681427
395 10767649058 2402324107
396 8331614160 18882711882
397 -979818635 10452473761
398 1620318165 -252843899
399 7236536286 3357614480
400 -3118748755 26741952
401 8356899989 14231462395
402 -979818635 2172760344
403 5637040418 9796835461
404 16768148886 1418315386
405 -3118748755 1461006022
406 1800258319 -2959855137
407 15227899043 5500577216
408 -422845792 -521476110
409 -397778650 995828037
410 3239814169 -1636967635
411 9096726114 1608555381
412 2791149833 14437316446
413 12321503592 923791995
414 9685999690 12560007697
415 1081483145 3469234298
416 -2850686037 7481125847
417 -6555342161 2186225756
418 6755106480 2682407959
419 7333739111 8071858173
420 -9936279185 7311055854
421 10983798804 1223290884
422 7421385686 10103914771
423 -3118748755 -24486039
424 7099073726 4146955958
425 20320637336 10438439993
426 -979818635 627252700
427 6762616707 8133959967
428 -979818635 2490185728
429 6784270843 3341184580
430 3684725933 -695752053
431 -1112922479 10322310987
432 7682346279 4418487589
433 13726233122 4386460945
434 7751054853 10781343539
435 1292533308 -2479609457
436 3384966874 7405414218
437 3804601503 -1274636219
438 9560325837 12424080599
439 6792948276 3094838280
440 10279503486 13201933179
441 15544796152 15477900955
442 -1408759931 4241149878
443 6229221882 3252804488
444 4958684969 12174356747
445 -1710463869 1530054119
446 -979818635 2700049390
447 12162812168 15238893753
448 -2361710177 -2520670777
449 8533537556 16155490109
450 10235812106 8246485760
451 6304754301 8786260053
452 3203111706 16834610372
453 10238013012 15441123913
454 -3118748755 -24486039
455 -979818635 683702984
456 8699786408 7988914892
457 -1901073416 11031339976
458 15185750031 16243523970
459 7315928408 8447743605
460 -3056380759 938000953
461 5010566419 -4060112293
462 -979818635 18850486577
463 -979818635 8529429966
464 -979818635 13304492543
465 -3482393710 8315338835
466 9978867463 -468672056
467 -979818635 -3933143727
468 -8029434056 -11449397361
469 5637040418 9350001103
470 -348311203 3664666535
471 11858428107 1125397104
472 7201721616 7750021072
473 4402293342 11353042236
474 -979818635 12029048825
475 -979818635 10798539201
476 7065971710 10824982967
477 -979818635 -1131033186
478 -7267644994 8815733750
479 1589425132 -482787352
480 -979818635 299082083
481 7511765837 14226772756
482 876299045 -6958794571
483 -979818635 12188847459
484 -979818635 3730754061
485 12717663644 2391348305
486 -3118748755 -24486039
487 -3043837844 1854817627
488 8262220174 -3771362896
489 7433394279 11109611884
490 8761427258 11560002966
491 3468901406 12170224184
492 -979818635 12051435238
493 12042656612 1954711523
494 -2562409546 65727456
495 6796669212 3742047977
496 2118814217 -1306999556
497 2698877026 -6021267295
498 9764771577 -142341895
499 10010754910 -590221685
500 15846812055 1988195566
501 1536221576 -636799472
502 -979818635 -1391530801
503 13036273846 2349047243
504 10205621238 17899325908
505 -6447968197 7520516075
506 -1276195563 5655364028
507 4547518221 188970986
508 11204678654 15963780138
509 7433012000 8796858130
510 8633137552 12691089834
511 21263833683 1132277306
512 6273996298 3097993832
513 4867965023 10273764066
514 10440311039 -595080658
515 7634176042 2821485855
516 -3077918343 1860051259
517 2409375897 -1277369509
518 5567185649 8098437703
519 4016688043 -611932114
520 9329592223 8138545066
521 7583802805 1863023437
522 -4048383888 -4431472508
523 7169412950 8608003233
524 -979818635 778053028
525 8747976656 1765687700
526 7804619018 8107240389
527 7485423636 2777790887
528 10327969625 -111573237
529 10618845899 21424397709
530 12024931449 15089763878
531 9039257873 2827708387
532 12998688430 3487616430
533 6872156476 3218965424
534 1413992583 -2686308918
535 292574672 1376403949
536 2151141381 830658208
537 11408689486 -1225616464
538 3142251817 -1172844359
539 2087919419 -1669414862
540 7973817155 11750142383
541 12727612986 2664018742
542 3644621923 12911594798
543 4360804472 13653289328
544 12143033894 -202218633
545 5410505157 -172020059
546 -3044133737 1597607075
547 11391347929 -105245539
548 -979818635 1407442288
549 11863887032 14915580468
550 -4433593147 -2711548267
551 18316238656 12973956400
552 -373941724 -837742704
553 -3118748755 1039456222
554 8320258774 4679900677
555 -979818635 1914928739
556 11072282320 14059391781
557 -979818635 7518024279
558 2958624586 -1096739214
559 7366927380 10560523225
560 12637500474 -502876089
561 -979818635 3758043834
562 9441624846 16124945719
563 -6668091057 1013907228
564 12705866467 1328956964
565 9438749536 12745358532
566 -979818635 -980650332
567 8818482462 11621713084
568 574492448 13405560454
569 9080733230 11948566771
570 13863565886 3832604166
571 2705568753 13019519263
572 1427756094 15325536008
573 3726775228 -2743258641
574 10756966398 2480654859
575 6765091203 3360908053
576 4060317620 -1811900056
577 5910671965 16280191799
578 10209245859 11703789441
579 12296431402 -10996116
580 545370810 2522931678
581 6144055700 8402671834
EOF