NAME : 701
COMMENT : tspgen
TYPE : TSP
DIMENSION : 701
EDGE_WEIGHT_TYPE : EUC_2D
NODE_COORD_SECTION
1 2216976654 2812408340
2 1086859358 -89988822
3 9540511227 12767873357
4 -2396638902 1840321550
5 589211240 9821412069
6 2804101847 132935005
7 9754139869 1531191333
8 -937090224 11452020841
9 8745879022 12874476541
10 1707265014 13007776981
11 6805310994 9501900216
12 9596434028 1593795668
13 9463796974 2682263595
14 9784024916 14625959146
15 7810256886 19914673570
16 9227566765 841869546
17 13712921137 542215261
18 1130918415 292870974
19 5864501442 -1785158055
20 863370864 6695834917
21 6082163357 19888007892
22 9545623718 887506788
23 604128653 7187993776
24 3096084075 9638769341
25 2950474692 9689092437
26 9733548352 2658505965
27 4433841647 -1702306364
28 -1455206454 3237775570
29 -3028094144 9332520866
30 -8431347205 2729266901
31 1329518032 7520319607
32 2223503710 -2634712182
33 -1657156738 11197351481
34 12615662662 9851281922
35 8696921722 13259792564
36 -2215364415 3719405406
37 9563823709 12756464766
38 9105601406 2197275106
39 3459558171 -109492124
40 4832596330 4835504787
41 6843469720 5029513274
42 -7674025519 3978890655
43 9631311409 3297085713
44 3074888229 370400865
45 7158822322 4718785226
46 -4746528328 4096675492
47 -1408857870 1198239701
48 8430482359 5605528486
49 6077925825 4634440804
50 9096742083 5876030772
51 -604762166 1867012090
52 8876986295 3961066512
53 10630493995 12541808442
54 6503731604 -1325633179
55 5377446576 9935057866
56 3281281415 7401758120
57 577366968 7251938845
58 -1411276686 -761416794
59 5042683393 -5431137187
60 -2063267462 3504185804
61 267505803 11517050717
62 13655888107 6984750883
63 6311334481 11517050717
64 5626557711 9030213807
65 12209107879 8134861763
66 8797517215 -2892808383
67 1942044663 1568019117
68 -1615223382 -305421153
69 8257187171 -709090653
70 2827824437 464588103
71 6418089756 5123533904
72 4411579121 7611893645
73 -2337078140 8181652850
74 6614940504 11517050717
75 10005918506 -7943682460
76 3828301965 6815924509
77 5971204882 5147572374
78 -8213312083 8129965268
79 3319874927 9353179577
80 943404355 4218306789
81 3365277038 -450118888
82 1554073271 1275526441
83 10348690189 5372428077
84 8289342995 9982538125
85 7447824386 -1796397217
86 4282957463 -2560251375
87 2860060337 -170375793
88 4540825681 5217199537
89 -2426643663 10916090386
90 4947129390 4771219486
91 18692679435 17390925090
92 9101717902 11237972612
93 -395510834 490268342
94 3113987329 2024744586
95 8191500505 11517050717
96 14836586891 11873913120
97 10255801999 16304362348
98 1918697334 164616427
99 3199036534 3340671437
100 8026100175 8751645490
101 7920842738 -382741952
102 4601568111 7985117697
103 2700951923 8703086737
104 -2156051161 1573040405
105 7734255198 11517050717
106 2828128854 1685946731
107 -3008143709 6597422680
108 14809064705 1149068755
109 2339330035 9285277696
110 10806720069 12868436940
111 8655207082 -1025645681
112 1557537836 12057504656
113 9663968109 5419686203
114 3728058262 -1864289384
115 6261426131 7384405573
116 8262064261 -420305475
117 5447040180 5604003415
118 3124045504 1126161086
119 11289944107 2531521740
120 9514024986 8383156692
121 5468099638 5370846122
122 225606916 11517050717
123 1117858019 10472774964
124 3655275667 11517050717
125 3800226336 6777349699
126 8540971682 5474219713
127 10737986229 12501607960
128 4074219554 7481771985
129 -5056381860 11063541025
130 10660202718 13112668911
131 -4050010627 8589371609
132 465335869 12259474
133 -1136606128 3274529431
134 6360970250 5687026332
135 -1053283080 4392857186
136 534840024 7465104101
137 8486828247 -1789946842
138 1860345802 733461477
139 1708743521 11517050717
140 6019765594 11517050717
141 -1042454142 6941525334
142 1759363367 9617783421
143 5435483776 5850430859
144 6128803251 7505035351
145 9364063554 2183129843
146 -6354552161 2980174348
147 9665784404 11517050717
148 4603387089 11517050717
149 -1514980707 10101460624
150 6673352324 8175167851
151 9450211967 3757239666
152 3033682125 9900018056
153 -1525744288 1872138194
154 -2260076188 9440249413
155 585934086 11517050717
156 9905811008 2582942673
157 8801914592 -1507442168
158 3203189157 9595726921
159 10015783467 6146995917
160 10383622896 13358533300
161 2590572190 1321648414
162 -1467983564 2122873713
163 -1645824014 4098401589
164 12448078247 2880265377
165 188493905 7918842111
166 -1419469152 2702673563
167 -5642426039 6758052936
168 9044929077 -507602331
169 5435453790 8075372860
170 9820276558 12703919361
171 -1393570497 2183478633
172 1470218718 7803510022
173 9482374188 5786587079
174 -3463542531 12694622020
175 2898046581 987539654
176 5367832598 6983425053
177 11499365920 838390639
178 10902916930 -4713801058
179 4690629749 -1065461684
180 -1750481006 2826614696
181 8117154423 -1318690037
182 1254144948 -524460077
183 7646525780 13901021130
184 10008224625 12665820816
185 8044740660 8462060750
186 9702487474 5910190496
187 14069001571 -8788224032
188 21761896842 -9294702538
189 9192542917 2133205270
190 9173857925 1761545294
191 5106746211 10105863738
192 8839373495 -620538797
193 1311755807 550692016
194 8662547466 6176840234
195 8858240571 -16680326413
196 9981342756 5981627145
197 5613160558 4930742740
198 8520237587 -2533619064
199 4857086949 4638566044
200 2331354338 9769257341
201 6107525940 11517050717
202 -1543169103 2156413616
203 2440277389 10029710420
204 2269068422 11517050717
205 9536889076 8024309354
206 -2917121334 11517050717
207 11849788694 699283650
208 6945294174 5249806319
209 6470763086 5213812761
210 9474460608 11517050717
211 8593707993 11517050717
212 8219071219 5554892729
213 -9516041464 5373122188
214 9279541193 2447830154
215 3349070097 6931137335
216 -1111190487 4217601105
217 5241413133 6395547681
218 2968928791 6626741180
219 5440452286 5155120672
220 2799060631 6645082612
221 -1597964989 2090170158
222 12802000693 321284975
223 -673423900 9344499229
224 6096913227 6679469111
225 351433622 11563918467
226 6346032024 18605542313
227 8972807252 -1784699604
228 4149792198 11100490296
229 3255120381 7035642379
230 -1854038021 5700976155
231 3242238902 122363434
232 9919558206 5711179363
233 2558556496 778160804
234 10296166163 16307033440
235 4398783330 3998353367
236 4650672738 9195134169
237 7338476285 11517050717
238 -11111708086 6433141948
239 2272091303 6753794272
240 -1294067483 8567274605
241 8079382009 -346785980
242 5083800985 4329244622
243 7288094738 8803425170
244 14181271782 11517050717
245 4804929768 4427370471
246 -1446446812 1880471731
247 4372661651 7569251793
248 7490100318 9892669576
249 5532061886 9497377902
250 4389226392 18363986612
251 4917498471 6325360806
252 -1342854577 12652449749
253 6981983733 5258593952
254 9119593886 1680509989
255 7109963595 -9607067244
256 9682588559 11517050717
257 -2675898016 8431519584
258 -10379808947 6026912328
259 -2022626850 1948999645
260 4668687658 5145952489
261 622206260 466408778
262 8862264875 11517050717
263 9775328668 2772254555
264 -2028449710 5316142636
265 10512025751 3648864234
266 2247619563 12182191251
267 5389091111 4611949438
268 3288742557 7851080498
269 12115923879 11328284680
270 7371965267 4784586273
271 10119145545 12959917605
272 7502257587 -1272151853
273 10166800405 10238173548
274 9562968036 11517050717
275 4276410022 -396569489
276 5106395735 4809365878
277 3357078835 9867038649
278 6718634344 5762422826
279 2051028945 6493084645
280 5577747847 -7008637144
281 5501033273 9251366936
282 -2824909183 12321006964
283 28307463 6213929387
284 12526406104 10247574636
285 8996971495 12926626785
286 8052153950 4517359893
287 -775463999 10676213941
288 -2447454561 3071096205
289 4511957538 4983840355
290 3760279276 9649535192
291 7160437642 -1118054369
292 7386165479 5736500398
293 4421799137 -290737356
294 -771981079 3686505655
295 7915456088 4061129135
296 7100255163 12773173828
297 -1833432115 3696254117
298 8806690910 5695635399
299 -1847025422 5634410945
300 5596517246 5372896846
301 6263944540 5086614091
302 8109803981 4832298097
303 8598447241 4684813730
304 10249145553 12923294796
305 -486417437 1061168120
306 4566610176 4102880197
307 3834224983 6072055036
308 8366175929 9129975363
309 7418468943 5499718762
310 9159008059 11517050717
311 -9407884354 5291257504
312 8584696310 11517050717
313 8099464563 -449601318
314 1676797491 -1270624448
315 12985541779 4784946805
316 9137435790 1776003754
317 2852079314 -363538022
318 -4667982932 6730565254
319 1232629339 7141227050
320 -1098561012 2418632064
321 8622152203 -76217972
322 654057163 9523215016
323 6731305622 7934599642
324 9294761230 4867915800
325 4601009516 8336012947
326 4990932124 9905611143
327 3303506151 1134986661
328 7706037788 -2521134053
329 10898878326 13175369846
330 9848173787 13462461123
331 519973027 865816947
332 6652597344 5951974536
333 9448637403 7262672779
334 9440315211 13873021636
335 7173663547 -4087868037
336 9433676801 1187623157
337 5780495429 4970821649
338 7499519013 7219395262
339 13685004839 -29240324
340 -2247646330 3633935816
341 -2902185296 11517050717
342 -251287571 12592489208
343 -1233879262 1606788735
344 5130207012 11517050717
345 4187663559 5815272353
346 3349127620 7464912098
347 2346549943 13115150232
348 -1499016558 13855383020
349 8021823421 -434300147
350 3161036311 11517050717
351 1892472929 8387334060
352 -1537532693 5721665166
353 5857782051 7716998122
354 5442125368 6564046337
355 -1823181577 617597682
356 2518253868 11517050717
357 9369912684 2394354501
358 12345075142 9345364697
359 -1788035870 805277854
360 8826784763 9840556893
361 7235555664 11517050717
362 10042520728 -275607740
363 6785778261 -1388271594
364 -14505881852 8496007375
365 9516584106 5282825974
366 5318940046 6822201150
367 10029268829 1910878034
368 -3182258465 12604640746
369 6749139569 -2541875683
370 3517943475 8517769933
371 7678438254 -10834964332
372 3110774263 781816460
373 2227872534 6677710514
374 9016622328 3431401968
375 9262543524 15530936203
376 5911191052 -1340061373
377 1717452807 8364840657
378 8324152733 11517050717
379 963420867 9974815726
380 11035326829 12775880999
381 7962225245 -2166153227
382 -1173039238 3624355956
383 9326910208 1073954166
384 3257892988 8215991763
385 -2667219873 6427876746
386 89729253 11517050717
387 2330824102 -860146050
388 12234903795 7985246610
389 11899967201 8897609842
390 -9215256762 5145456669
391 3258553598 11517050717
392 13597748690 5466381893
393 10410440172 11517050717
394 4236973127 -452653589
395 20258819938 17906994625
396 1523443008 3326675989
397 5479989303 9648797041
398 974895542 465966436
399 -3030214138 3235724981
400 11754753449 9592834420
401 8234381094 -509979980
402 7886214279 6087966624
403 8601946456 5646596400
404 7635362685 -1400785700
405 666461060 11517050717
406 7375648454 6193332587
407 1077683616 -782997522
408 5392469542 -1624029245
409 3412309295 87638485
410 18541614976 11818286832
411 10697734732 11517050717
412 5106426451 7213363056
413 6246199868 4836911881
414 -2143974990 5739028334
415 9278835097 11517050717
416 7594089640 6874587186
417 18668230561 12603006226
418 4235263113 5739522759
419 -3641236104 4013356792
420 5603667166 7592696035
421 2230188436 11517050717
422 -637896932 10995006733
423 3539788025 2841955071
424 9223612284 12851475725
425 5593684798 10663925909
426 10854329743 1094450025
427 9329296464 -18069113588
428 -9523114669 4441499363
429 238444345 6415361939
430 14394759812 -3598732930
431 3460248353 846827134
432 1948586378 6754909940
433 14218348415 10472213128
434 -2569609886 6730452983
435 9923825909 5850189738
436 10449995239 14187888572
437 907834549 827716950
438 2944954502 9906501941
439 -4166217856 8818804278
440 4532208421 8664499854
441 -1330392783 10960276669
442 9248799373 1381117035
443 9139612183 4422843172
444 3003447388 3369702402
445 328840936 704118472
446 3191271900 7044391411
447 5138198018 9039440297
448 2785405675 10506262670
449 5985091888 5584721704
450 3688310864 9642662850
451 5155808413 9392730088
452 1996362424 7553554572
453 -1983894236 8415557986
454 9226153978 11517050717
455 10761821077 13960842795
456 -300037123 8505773236
457 -2734189631 8636416076
458 2943733091 6501732365
459 8807212293 8747948317
460 6563184155 6297976093
461 -1011794367 4878460258
462 3734708275 9837235621
463 -156106477 1137762210
464 9334024391 9979728816
465 2203797478 9813420028
466 9286008607 94805757
467 5188008603 6056410281
468 2790770770 8869459165
469 9709376506 8348489375
470 3533830585 6477375711
471 6761155183 11517050717
472 9555248447 5408370965
473 3355171645 11517050717
474 5281261243 10018278299
475 10987865509 11517050717
476 1586752409 -1621889576
477 -2514971562 8669144033
478 12558057235 220076057
479 3267640195 11517050717
480 8091214306 3822476441
481 420885518 1953915885
482 3940133317 9156112906
483 2195272429 6480587683
484 7395367918 9277900131
485 18779924403 11145525017
486 1274352935 9988815568
487 2521041708 11517050717
488 3575125297 246044243
489 -718233042 8529477533
490 8767241405 5686186722
491 -334772065 6498539558
492 3849164941 5990808730
493 8526581148 8158354971
494 -1248011830 3085715942
495 8574510687 3999266244
496 527450883 3044165327
497 1047538633 7642403135
498 374059763 -313892835
499 5241751316 -3420629935
500 1443070066 7533259701
501 2786291606 -240747745
502 625197281 8900126263
503 184012616 9205123253
504 -2591065887 14295371604
505 8085434103 -14401905258
506 4796072654 6462497708
507 -4489115805 10580126249
508 8136764549 5535179195
509 5702740401 -7377145550
510 6390906768 5117023220
511 -244501617 5960443691
512 -607258718 6255186533
513 -751503908 8504660727
514 -2617798743 2191104468
515 3451478975 1294225793
516 9437606839 1329674408
517 4444941717 5016944613
518 11248257871 10938547184
519 9258443047 1972184656
520 9591862723 5504871850
521 10106100115 6006861049
522 7736595249 9385526538
523 7974091330 11517050717
524 8640588288 17982227821
525 6529471286 -1047022155
526 -2507780449 2836934784
527 9287658606 1716369948
528 2737702610 896336757
529 11780253043 13256974432
530 715897155 9446948603
531 -2425140288 19578627
532 3737490912 11499880636
533 3466702453 1296901067
534 9762923077 375949700
535 -11522999061 6892198923
536 6185704793 11517050717
537 9053289291 3771284574
538 -3332123003 6726032426
539 6097961258 5046858904
540 8550617352 11517050717
541 -1249931834 13121020759
542 4841658820 4353353345
543 9515091179 13343750384
544 7004852655 8210084084
545 1396718157 365940286
546 4952549556 4772517688
547 3520448984 3794762562
548 8937131075 3391097818
549 -378132205 11456075758
550 1556917004 1220838333
551 2945414154 261193291
552 6950222796 5036923471
553 -771513207 3945834705
554 8179371998 -1111607918
555 12498902812 13974022864
556 4498509308 5577650372
557 -2115534249 11290077637
558 7479562420 6298870398
559 -236778853 5704164731
560 -2617345288 17152487719
561 8847584459 4350052731
562 -6104268499 5877199956
563 -7764571 6453365161
564 -659037274 5664900174
565 -1809645780 3515537042
566 1952092010 1566216288
567 11884612206 11104095053
568 10458713192 10896415115
569 8859523365 -1127623686
570 6619368498 5171742819
571 10666623068 11517050717
572 5824813162 -2518601732
573 -2784104138 202142181
574 -2581078662 4414465395
575 9503699402 11517050717
576 10367613142 12808902819
577 5790360838 -1203920796
578 -2155138138 15789788786
579 5708416235 4953557731
580 5501768468 4660820530
581 8095632962 5525327637
582 6417882548 4835588087
583 7786548849 19509433960
584 7454708294 -1377353231
585 5349468490 5240436178
586 5273253864 4849330601
587 1620930208 6611442063
588 7665855701 5926300651
589 -5870801125 5636312647
590 11058426625 -2144050065
591 8861276365 5185626700
592 5501237453 5415723049
593 6083943757 7311632442
594 3959098049 4100574321
595 6922737331 20354722990
596 -947398663 2215802619
597 -1562016255 7749990742
598 -108415091 2486298185
599 3809022717 5522281652
600 4916429689 11517050717
601 12373681683 11733540696
602 6325233330 4586219545
603 7119183600 11527731605
604 7593912656 6119467432
605 14456066691 11517050717
606 -2311651448 11565970196
607 -542621507 11035698134
608 222870388 9327174320
609 14638811391 4221838550
610 -1044494770 5817914863
611 -8635782438 4706849513
612 -1427696714 3244364516
613 7935242789 11517050717
614 8147674168 13596056001
615 9135797364 755727372
616 2743739048 6933387626
617 3887149339 3427034286
618 11485300513 14817603710
619 2809403508 1537130899
620 -1159994497 4189241471
621 7512624999 11517050717
622 7304747300 7008825838
623 528078607 7818212681
624 9201848419 3498160606
625 10464320938 -4000853623
626 9057778262 1574336211
627 1189712043 9938283136
628 8558904670 -449369233
629 2866691116 2105630246
630 -3388862486 5823826981
631 2861743966 923047943
632 9795652811 4138018304
633 5272036745 6386609739
634 8573235392 3515635055
635 10000000000 -20046510500
636 7612864170 5409698142
637 3137863803 2496745850
638 3495185612 1161210092
639 9646725170 8067792721
640 8942624381 1519168154
641 4033669930 3650605871
642 9967155792 5721670813
643 11346619936 1723163819
644 5585860307 8386503239
645 -1701442750 4216546739
646 4959303246 4678735239
647 166939378 11517050717
648 8846316707 11517050717
649 -835888631 5017494050
650 10018903485 6083077105
651 7745324701 9576918990
652 6110574703 11763575200
653 2101699812 2896276714
654 6434064016 -1028579188
655 -1956636564 3229483518
656 3856532000 11517050717
657 9677957182 3599621276
658 5838917837 4984814587
659 573393960 9937972626
660 4400069897 5229565467
661 4611392032 7596870383
662 -1120061472 2513336878
663 1123886328 6532343741
664 17671477620 11991080540
665 6288412173 6807842794
666 8467689437 5614440073
667 -895200330 -315719443
668 7229817636 5317953442
669 2023213285 473149767
670 5425047430 4739913243
671 347032770 445132683
672 5570857196 9460967292
673 1169870375 414630793
674 6561914884 5724676423
675 5534128621 9184517523
676 8762690669 3881693170
677 -2743311428 8963214231
678 1798441659 8279910997
679 8927752504 4775641232
680 1397848745 7140642112
681 8520303846 19670374140
682 7106451548 -11515626923
683 572159834 -2262690302
684 822776944 11517050717
685 9963570673 2754436104
686 4230401434 -1690901292
687 14984128316 3808052837
688 5772686590 4968951329
689 9070167495 1017643984
690 3561597630 8725431896
691 -2348613271 6309194918
692 5461039764 8409846937
693 5936338360 11517050717
694 7069235980 4493527455
695 -12066574687 -2271437966
696 5879807801 5680710984
697 -432065798 3919067939
698 -166834450 11517050717
699 -650268596 328433590
700 6442340647 4835399498
701 9230670180 -17778339351
EOF