NAME : 711
COMMENT : tspgen
TYPE : TSP
DIMENSION : 711
EDGE_WEIGHT_TYPE : EUC_2D
NODE_COORD_SECTION
1 10082893004 10011534709
2 9975848915 10009574190
3 10045812784 9989743638
4 10060527238 10026181979
5 10021783908 9971897107
6 10001137157 9975941045
7 10024211690 9986759428
8 10114322129 9980353805
9 10052092841 10098369979
10 10096579216 10034816366
11 10024054727 9950079010
12 10038872582 9969922336
13 9970182816 9995683602
14 10054713913 10027811073
15 10098637680 10082885647
16 10088739395 10103279253
17 10056605143 10069883708
18 10033304367 10099351496
19 10054799458 9883893481
20 10114589734 9984885694
21 10059720083 10077463650
22 10015770939 10111960175
23 10034475295 10022469241
24 9991518580 10093222212
25 10007183959 9979474118
26 10092636298 10100000000
27 10024491690 9981707545
28 10063551732 10079546583
29 9947376296 9993453669
30 10009527743 9990020285
31 9979462804 10095737868
32 10093710041 10093222212
33 10085568474 10017416093
34 10073199380 10030161683
35 10003369733 9982414366
36 10053037914 10049958546
37 10075902488 9910244070
38 10094573268 10070626267
39 9976649266 10000132385
40 9973000596 10026346159
41 10042574195 10052905444
42 9990644608 10038874162
43 10008025089 9986759428
44 9975753116 10022926397
45 10062264354 10059384554
46 10017166748 10101973767
47 9959887392 10056699688
48 10051526149 9951471672
49 9947376296 10123867241
50 10086447311 9998375872
51 10028107949 10128997390
52 10004214351 10093222212
53 10098137705 10096734888
54 10114322129 9982414366
55 9981197237 10093222212
56 10105233612 9996146558
57 9947376296 9971464594
58 10090874227 10088225615
59 9947376296 10078955405
60 9991434123 10101142486
61 9996689276 10037343249
62 10052551128 9978163795
63 9978608337 10022561316
64 9995606352 10059157689
65 10032990924 10000000000
66 9979387699 10033067951
67 9947376296 10085842022
68 10074530575 9943866908
69 10068328597 10008401176
70 10045017013 10093490958
71 10097253471 9986759428
72 10005948960 10082668024
73 10063241141 10029656195
74 9972719742 10085321470
75 10079378659 10078688937
76 10077226377 10073933812
77 10095428605 9993309244
78 9947376296 10085842022
79 10044933230 9946408629
80 10011780467 10000607319
81 10089801939 10028680739
82 10031605864 10101809492
83 10003269784 9972065881
84 10051586033 10029523093
85 10067138240 10062402222
86 10047209701 10056118576
87 10085027610 10078382825
88 10082732674 10024565632
89 10079915233 10072594443
90 9990644608 10040146950
91 10057627823 10079867594
92 10072652719 10007960204
93 10036830383 9970388591
94 10069917182 10021592427
95 9993128944 10013692039
96 10114322129 10089561297
97 10009323678 10102511694
98 10011614806 10111036149
99 10100000000 10077571485
100 9988235582 10053450098
101 10052727009 10091005163
102 10049456956 10076910535
103 9990644608 9937943717
104 10100000000 10098567306
105 10069263767 10116161435
106 10095338065 10077824111
107 10062928103 10079580377
108 10087958230 10078224018
109 10095467810 10112431875
110 10057501483 10051013041
111 10069850938 10079205235
112 10037910124 10080936078
113 10036048610 10081036952
114 10060096700 9966925054
115 10060601108 10079706475
116 9965286463 10084871486
117 10067640226 10030733945
118 10098725917 10040146624
119 10058502660 9938280453
120 10100000000 10000000000
121 9990644608 10089427374
122 9980934821 10078460397
123 9964939041 10048542725
124 10070501435 10019532992
125 9990644608 10053160261
126 9947376296 10104795690
127 10101356115 10080992827
128 10005008164 10072344831
129 10107670060 9986168769
130 10057671995 9970798525
131 10041403738 9970611175
132 9947857953 10057256046
133 9982764020 10021377214
134 10003119755 10082821336
135 10058838228 10079466666
136 10074026759 10022809569
137 10085400548 10008149028
138 9995081233 9948481633
139 10058625576 10115707146
140 10055850557 10109984785
141 10023179454 9986759428
142 10042098136 10121690352
143 10029941487 9979698599
144 10038753235 10059672690
145 10051503438 10133355292
146 10114322129 10002931765
147 10049237918 10093449999
148 10083905118 10027908195
149 9993966326 10093222212
150 10050418320 10093222212
151 10087863873 9960660880
152 10031905367 10136044675
153 10104593741 10070660571
154 9928357196 10001141200
155 9947376296 10038061094
156 9981340814 10013627798
157 10017847815 10097936788
158 10082595337 9953372955
159 9947376296 10083374092
160 10116286517 10008627974
161 9981936912 9961504603
162 10013661854 10088322279
163 9949059654 10144306963
164 9990644608 10049672519
165 9990644608 10084173965
166 10085524492 10065053038
167 10031319611 9964894596
168 10035654152 9969388563
169 9990427631 10037677087
170 10086871534 10021049229
171 10004100323 9965247109
172 9983956341 10016600419
173 9999803170 9978539737
174 10092032431 10009565253
175 10098998428 10007341163
176 10062590451 10117584355
177 10114322129 10062783383
178 10021379330 10017206614
179 10016829670 10108844440
180 10100000000 10070584077
181 10118267139 10082934679
182 10053223889 10077578447
183 10061677391 10017147150
184 10083860436 10030943196
185 9947376296 10067216288
186 10097561201 10052325102
187 10043680401 10039227660
188 10065225417 10047887144
189 10011425848 9980930784
190 10114322129 9880299819
191 10082687637 10121075028
192 10089362942 10078147898
193 10007521176 10082582827
194 9990644608 10093222212
195 10072902271 9946468127
196 10080557602 9934238720
197 10094371156 10131618527
198 10001474036 10093222212
199 10114322129 10076341755
200 10043351079 10061597617
201 10078932085 10014444384
202 9991281163 10093222212
203 10017800397 9964422145
204 10114322129 10072424668
205 10106425636 9986759428
206 10114322129 10007750093
207 10085343609 9926593064
208 10087963752 10078223718
209 10037937893 10006955876
210 9947376296 9982414366
211 10019258069 9992918859
212 10035944103 10031583068
213 10054249494 9976265977
214 10019974277 10117839213
215 10055953713 10048270012
216 10154307249 9952340909
217 9996966758 10083154761
218 10091242689 10084416849
219 10009183491 9978916353
220 10050975088 10073995777
221 10009520066 10099529843
222 9990644608 10038961324
223 10036510131 9970116313
224 10048915612 10080339701
225 10019099714 9964184914
226 10082218470 10081211340
227 10046626713 10059961973
228 10052715221 10080133804
229 10066382423 9923400237
230 10114322129 9986759428
231 9971688969 10004884839
232 10092504442 10080967192
233 10085350914 10078365306
234 10079322481 9936211829
235 10053763069 10031925115
236 10078823345 10030933935
237 10114322129 10029886773
238 10055057620 10020888665
239 9986813025 10117531886
240 10114322129 9986759428
241 9976428514 10034149262
242 10051591955 10042841941
243 10087879844 9999954466
244 9982849709 10022798203
245 9990644608 10082569784
246 10090672240 10078076948
247 10068821967 10050927835
248 10100000000 9903179450
249 10050063559 10030093696
250 10114322129 9986759428
251 10059406440 10066100473
252 10093741924 10092180400
253 9971001502 10084561794
254 10046911848 10066051118
255 9928918133 10082067505
256 9947376296 10024967005
257 10005845451 10082673633
258 10040792789 10080779869
259 10099931014 10092392996
260 10043200150 9982350780
261 10005221892 9959508471
262 10042833315 10140668300
263 10004962263 10093222212
264 10086619792 10014383323
265 9975403243 9992152686
266 10063103550 10000479070
267 10098725917 10050169888
268 10099703492 10050941785
269 10138993651 10054636398
270 10088536347 10090867451
271 10049286510 10072299429
272 10097474601 10077708334
273 10100000000 10096896137
274 10077210600 10069985888
275 10014434034 10099172394
276 9949720597 10052853681
277 9990644608 10093222212
278 10100000000 10100000000
279 10069437017 10115857100
280 10031035412 10126271416
281 10058328595 10031495717
282 9987499429 9901855313
283 10000522466 10034251720
284 10009919776 9926377273
285 10004351444 9983767655
286 10056595005 10081811331
287 10061368560 10040536938
288 10000401620 9975960299
289 10019732766 9992387116
290 10087535081 10079611383
291 10089214102 10078155963
292 9947376296 10081072730
293 9946585784 9984260821
294 9976784615 10030203380
295 10089138958 10007866966
296 10069126955 10079244467
297 10050075836 10083578923
298 10073567195 10069055892
299 10114322129 10076795383
300 10048160463 10082452842
301 10078375510 9937724617
302 9990504096 10041367473
303 10008280396 10093222212
304 10044990122 10069187778
305 9999168065 9975192623
306 10064345732 10080989179
307 10112829243 9968448220
308 10030714029 10013863931
309 9947376296 9970280017
310 9938473438 10079436370
311 10050829097 10022352130
312 10029815374 10015299534
313 10075969696 10077477912
314 10106242037 9951217385
315 10050975088 10083010638
316 10063260251 10029897667
317 9987099691 10028404443
318 10028097122 10036691650
319 10046273962 10054752265
320 10109761567 10070892853
321 10096287209 10055692616
322 9947376296 10085842022
323 10018250058 10099649753
324 9947376296 10079042056
325 10100000000 10080908145
326 10013208300 10094938180
327 9947376296 10024301126
328 9890466234 9997867618
329 10078003442 10078763458
330 10062592204 10039772142
331 10038231450 9968818567
332 9990644608 10093222212
333 10010576668 10089643782
334 10089928368 9957798604
335 10012367522 10097177437
336 10100000000 10093222212
337 10064173026 10060297649
338 10100000000 10100000000
339 10103052991 10054401360
340 10067576774 10047300365
341 10072817714 10117859744
342 10099218505 10093222212
343 10089500270 10090429676
344 10114322129 10009356009
345 9990644608 10033960389
346 10099397644 10010931386
347 10078433224 10006242006
348 10094850061 10100630035
349 9970174167 10021361152
350 10031606889 10044179276
351 10088419352 10100000000
352 9963753591 10120833370
353 10114322129 10100122619
354 10007822583 10050433064
355 9944725931 10000360700
356 10083759416 10078451548
357 9955552141 10039070814
358 10076177366 10031400129
359 10097458933 9907238809
360 10094332326 10052393998
361 10119068649 10009444149
362 9990644608 9918902176
363 10066096408 10079408689
364 10042943305 9965587464
365 10059472675 10045856205
366 10015030535 9968881519
367 10021161242 9940736000
368 10091602163 10036672993
369 9988627007 10030463717
370 10079225908 9962063989
371 10027025964 10019755622
372 10041829831 10073179943
373 10049900771 9929618657
374 10107457493 9934456343
375 10058018406 10079846429
376 10080106606 9918501296
377 10038318647 10135191071
378 10091278133 9917112651
379 10038535414 9950813083
380 10088309852 9995875241
381 10091034033 10126742581
382 10033475194 10131858599
383 10110625469 10048063602
384 10005071862 10068140449
385 9995397196 9911843124
386 10021015074 9972323122
387 10077442225 10069668984
388 10031794182 10053655444
389 10068355647 10056373335
390 10126193129 9951572357
391 10041357171 10080749286
392 10114322129 10100153958
393 10038411112 10002097769
394 10057300925 10032798143
395 10096109469 9986759428
396 10065967294 10078989691
397 10076781627 10078829667
398 10055723535 10079970786
399 10051904116 10087777268
400 9953636222 10093222212
401 10096378082 9986759428
402 10050368369 10095743362
403 10009985088 10095510499
404 10049140324 10000000000
405 10094836678 9997510316
406 10089955981 10029879570
407 10019933196 9964212122
408 10042067638 10117971198
409 9997189465 10104120491
410 10099613091 9919463589
411 10016775592 10097247550
412 10079832572 10110204273
413 9873179953 9996374174
414 10098602445 10036800520
415 10082722297 10078507748
416 9990644608 9926805054
417 9979704539 10020185720
418 10100000000 10082331699
419 10023194337 10116537737
420 9947376296 10015751023
421 10061036631 10082444263
422 9947376296 10077715485
423 10100000000 10077571485
424 10111173126 10065661119
425 9978758173 10024690706
426 9947376296 10011157020
427 10012195076 10043447996
428 10075397665 10066000708
429 10116383735 10068146640
430 10054256150 10046799564
431 10057731701 10125323590
432 9947376296 9936708777
433 10138784575 10047959459
434 10044481716 10071492612
435 9989721082 9936716953
436 10015435095 9967214922
437 9984241866 10017522972
438 10029707831 9993557827
439 10049984382 10069055105
440 10091266026 10082522337
441 10078013877 10062374352
442 10088878158 10104979552
443 10016762183 10082082065
444 10084702088 9927617896
445 10112708762 10061600795
446 10000641668 10082955621
447 10065567772 10038826441
448 10017071705 10099558530
449 10067277302 10018159771
450 9947376296 10086970893
451 9967945027 9947864081
452 9976125884 10010408701
453 10022359620 9986759428
454 10093782683 10103506799
455 10078473457 10081786523
456 10052068242 10052381480
457 10079942938 10031648250
458 10074153271 9944469652
459 10032442223 10025933248
460 10100000000 10010231970
461 9990644608 10090111408
462 10049338472 10088297898
463 10026398258 9991715927
464 9992711839 10074572509
465 10054732821 10034619503
466 9947376296 10030578916
467 10054309985 10039338659
468 10098905764 10080642142
469 9991644294 10117794158
470 10098725917 10033063028
471 10056682074 10033696327
472 10090063201 10062069297
473 10049456956 10055719807
474 10003549300 9975563761
475 10068202611 10079294556
476 10066789847 10060444517
477 10080040012 9935065572
478 10058694851 10042918649
479 10032631008 10081222148
480 9947376296 10041024707
481 10039250019 9957612194
482 9966894777 10115815319
483 10098533563 10100000000
484 10063643078 9943380514
485 9992165524 10083414935
486 10133632406 9942856105
487 9947376296 10101838269
488 10099577242 10034833682
489 10057906867 10065439899
490 10093949095 10100000000
491 10091129076 10019660677
492 10077722688 10031589278
493 9997583845 9977789897
494 10066997510 10033160458
495 10005888090 10031521944
496 10027771925 9976528094
497 10024758474 10031443219
498 10118725006 10000105861
499 10100000000 10058886082
500 10012319339 10096950281
501 9965322065 10031346038
502 10022757985 10028455140
503 10104599608 10009039849
504 10054417772 9975997152
505 10033814934 10081157992
506 9961233098 9985159139
507 10060374245 10072596865
508 10100000000 10083682492
509 10078608517 10059478562
510 10085567425 9926235518
511 10052338599 10085129677
512 10038382093 10092822161
513 10050832783 10045081907
514 10084718957 10012647321
515 10054891245 10080015887
516 10010834525 10088081949
517 9990644608 10083497352
518 10071372759 10132464831
519 10051352008 10045282087
520 10114322129 10091698486
521 10054863856 10066213137
522 10077285751 10069490784
523 9990644608 9955673644
524 10081300910 10030430979
525 10034976117 10045953360
526 10109768869 10016990657
527 10080033429 10008375531
528 10038450870 9970560419
529 10068375271 10113280408
530 9950385790 10051281496
531 10018338867 10097814967
532 10044426870 10129464399
533 10045954711 10018332152
534 10043314422 10087037915
535 9950759362 9955461999
536 10068225912 10114508877
537 10059849148 10079747223
538 10031730800 10081270930
539 9947376296 10011686610
540 10070986316 9949528870
541 10088613777 10101945821
542 10098725917 10077640527
543 10088540815 9996334281
544 10100000000 10077571485
545 10036349473 10046845975
546 10057595883 10052692088
547 10077201975 10011703867
548 9990644608 10060003670
549 9947376296 10022266716
550 10070778849 10120030023
551 9983611561 10017477080
552 10039081165 10050016285
553 10004615866 9964299122
554 9941408936 9928947676
555 10092893778 10100000000
556 10033582376 10015262076
557 10010701906 10087702772
558 10053065595 10074158064
559 10100000000 10014984393
560 10139238386 9945372018
561 10062523620 9963048043
562 9873179953 9996374174
563 9947376296 10025314637
564 10055442644 10107686938
565 9997558502 10037381300
566 9968639853 10013355575
567 10089024791 9920712369
568 10088697450 9921235297
569 10100000000 10099356513
570 9956259946 10057125244
571 10106855277 10033560894
572 9945032914 10030757172
573 10042020508 10064319163
574 10023421756 10025365354
575 9975629747 10042275505
576 10044186772 9920589730
577 10024272899 9986759428
578 10015852206 10093222212
579 10085554837 10075207678
580 10032161749 10025041865
581 10083606880 10094827112
582 10034522519 10014561544
583 9954378860 9992272069
584 10048377661 10047461225
585 10002345248 10059183117
586 10082445926 10063522860
587 9947376296 10015041001
588 10007509192 9986759428
589 10114322129 10045760607
590 10090265694 9918730023
591 10098573159 10016708911
592 10072427437 10080069694
593 9990644608 10093222212
594 10067289160 10083075834
595 9920121875 10000429711
596 10072483082 10082099537
597 10050975088 10084793115
598 10099368468 10024727017
599 10079708068 9935595853
600 9947376296 10015410069
601 10058565180 10036358004
602 10012298456 10102562747
603 10110524487 9983526024
604 10083045522 10016711136
605 9947376296 10022139014
606 10027242541 10000000000
607 10110655487 9986219050
608 10011891652 9982414366
609 10081421804 10170018720
610 10130220625 10054682587
611 9972235727 10005816749
612 9999525684 10108414231
613 9990644608 10086378609
614 9947376296 10044538892
615 9996000714 10108186344
616 9997468722 10115335869
617 10046907262 10083727233
618 10077722688 10031589278
619 10012912170 9975704339
620 10114322129 10033467762
621 10097426544 10007019482
622 10047090621 10000000000
623 10099025225 10017402756
624 10051257961 10043401004
625 10041846280 10080722781
626 10057666109 10039814197
627 10077722688 9878536217
628 10030551245 9968502827
629 10000000000 10058015040
630 10036991217 9963545810
631 10063927038 10079526246
632 9989399055 10079864688
633 10058795134 10037303927
634 10097297377 10025527506
635 10050938875 10078031185
636 10100000000 10019132048
637 10028071871 9962942136
638 9981048029 10017597332
639 10052309185 10067244198
640 10063337371 10000000000
641 10061211187 10137117943
642 10114240371 9982414366
643 10046057270 10083822145
644 10140679297 9965999615
645 10027772025 10015829112
646 10028302413 10081456711
647 10114322129 10076910535
648 9990644608 10077874914
649 9990644608 10080656283
650 10093265130 10107664770
651 10114322129 10096354267
652 9990644608 10088928602
653 10039185331 9996633618
654 10047332777 10090328853
655 10056299455 10038150414
656 10020095722 9974271317
657 10057705112 10041219793
658 10097239141 9907589927
659 10090187483 9896696397
660 9947376296 10069846959
661 10036029162 9967798351
662 10046321672 10059064755
663 10023798879 10018061850
664 10068477837 10136124797
665 10050627179 9982052632
666 10051535569 10113321014
667 10030365171 9959835706
668 10061507943 9964670591
669 10073007705 10079034173
670 10114322129 10076795383
671 10068384949 10045537073
672 10054596235 10087402828
673 10078574905 10078732491
674 10077722688 9938767502
675 10033011072 10054562259
676 10086516344 10103993100
677 10050298324 10121265519
678 10064478891 9959924495
679 9947376296 10038720066
680 10043148487 10067519245
681 10031514123 9970213787
682 10074051899 9930967823
683 10098055780 10020815653
684 10028185743 10030836759
685 9988696228 10083602933
686 10032016909 9953854404
687 10003985024 10133874345
688 10035441036 10006312528
689 10029703038 10015478991
690 10069713067 10059872198
691 10056694889 10083137393
692 10019281321 10081945555
693 10026396915 9976128215
694 10099215653 9904432445
695 9992221633 10083411895
696 9947376296 10085842022
697 9947376296 9982414366
698 10114326837 10076795128
699 10082655714 10078511356
700 10083899428 10004561196
701 10017580933 10099138820
702 10099841793 9994333829
703 10108382125 10068022451
704 10066509856 10079386285
705 9947376296 9968579297
706 10092156945 10046159013
707 10086520759 9924712564
708 10050975088 9941320295
709 10093948470 10099247505
710 10114322129 10055767480
711 10051559947 10034765824
EOF