NAME : 741
COMMENT : tspgen
TYPE : TSP
DIMENSION : 741
EDGE_WEIGHT_TYPE : EUC_2D
NODE_COORD_SECTION
1 2412873836 2921369804
2 -2446514500 761882451
3 2989732372 1621311580
4 6820144126 3431472949
5 6721400546 8830184200
6 -5134410272 12045084310
7 1367821383 3065780625
8 1987859640 2765093732
9 9129037355 17679477914
10 -2616738354 10784878233
11 -886377910 13197837664
12 6114885388 4734570677
13 3158881167 982215334
14 -645080263 -689164737
15 8441174629 4173213706
16 6561981486 9791592488
17 3435065861 371736258
18 2743875109 1676371716
19 3211001523 -2011981491
20 5710410559 4479900986
21 9511155486 9813477813
22 -399314598 1882491681
23 4253466838 11404995452
24 13766358263 -7853009004
25 6040351378 4745769099
26 1833031953 2978343408
27 4277076871 5914937731
28 2497620964 8998747897
29 9618382169 11042245736
30 -416000137 12440327712
31 6551996013 4400060476
32 18689406735 3940532959
33 4453305567 5575408165
34 13055064722 9857056174
35 4412361394 6006513494
36 2272954789 6816309390
37 7276958490 3373624353
38 6163422672 4678368660
39 3211946191 1635699886
40 8676069815 8806394865
41 5567618396 -7842653932
42 4085922391 5968096262
43 1338380354 -6409841113
44 6145470282 4670503597
45 11962393392 -273670313
46 5968806985 4593106210
47 17085507774 17308426596
48 6151238170 4686276888
49 16448522272 -3506059359
50 6105341729 4677486114
51 -141409300 6609668408
52 10612140234 10902920710
53 3606860970 5855190385
54 10639068237 -8147498695
55 2173364276 3181517108
56 -2015082874 362505645
57 4316989085 -64740022
58 9328549636 3026920254
59 9121950984 1772952771
60 -1451860837 879537021
61 6237608486 4710869968
62 10241255120 10535923661
63 4283139097 -15557401
64 8183961005 3237152147
65 4069452051 4330440678
66 15522753893 2701378180
67 7096462064 4297838151
68 137636748 -2291156431
69 2004327729 2890618248
70 -4220676175 4564234655
71 3806458654 5711374328
72 4807603461 13884637389
73 7445990502 3999558483
74 7823855287 7963114279
75 -2654724254 10721682741
76 6168085441 4705596158
77 9373528396 9677293497
78 2481309995 762722124
79 6005679851 11042245736
80 2684384340 1845004937
81 11251886690 1860381362
82 3999213057 9397132303
83 -2798979112 10362336823
84 6813754532 -184512073
85 6363279478 -1465942909
86 9178090649 7752753589
87 3609455181 5853321179
88 14392879166 305925080
89 3563990598 -2726698068
90 8808046665 8936988174
91 6164301340 4686826357
92 7047280402 7271299814
93 7755430873 3862894355
94 2316515349 3072450418
95 2731983205 199216969
96 6048933186 9425019385
97 -11622823552 -10849588912
98 11597491315 2359028750
99 17188387959 3230780305
100 9954540565 1173047259
101 12016713388 1610820807
102 7135688252 2240791177
103 1257546387 -2247971161
104 9117221560 3952408357
105 -9365608333 3184374898
106 -5216610726 12104312177
107 3375619607 1374759634
108 4184573581 5791846859
109 2165878756 3246095644
110 8655143917 6313446127
111 6837183778 3419195374
112 15387916318 -1824748818
113 7990127534 12301517527
114 -2422381415 -1136884341
115 9208697651 16663761
116 8416465103 2281276293
117 3587048433 825567381
118 6939822334 3345241247
119 9623196631 3279119261
120 15235589675 -7853009004
121 18913664745 3622716981
122 731053120 15470141355
123 -34983499 -559694653
124 6985310548 4370992643
125 7395162535 4561968632
126 11672017882 1596165687
127 2283511445 3064753789
128 -1526462246 8664091141
129 5805133576 4521399782
130 -428298947 12094753258
131 2198738968 1163480835
132 5410828936 4159106550
133 21847547622 2417581268
134 6111563389 4718812314
135 13402345930 -282383895
136 9136168276 3129154007
137 10328084345 9800617572
138 2792089606 1479619059
139 4711807197 5325127951
140 -7005692933 1488136468
141 9315120383 8261023762
142 6651135823 7728800280
143 7663936282 7782039803
144 -2426171355 860056411
145 6150630214 4683521728
146 6961067115 3329933752
147 2299327509 2905553004
148 6151938948 4701017381
149 4414218190 5669810971
150 3806760335 6270719596
151 3695519558 6051736008
152 -1670582433 429859920
153 3108929603 9544299845
154 -8691748838 -929905254
155 6873289178 7645428040
156 6124133470 4686753620
157 11046813149 2113814500
158 1796825811 35102208
159 -3855825646 3853953831
160 4487654097 -2327361382
161 0 402029743
162 11692736776 -79374715
163 15870137115 3604714462
164 9423330904 9726573915
165 5714019329 4228468705
166 13968802098 6162434325
167 6986587103 5039002571
168 7356331905 7516801335
169 6746265444 3277362002
170 14163357371 151886968
171 7035306596 3220537415
172 2982061948 1848837700
173 6131069237 4713843269
174 -4573008313 1492668945
175 9666809681 2847164826
176 2334849607 1179694913
177 7916624035 3684944076
178 2498206810 351239798
179 8320339089 3379027690
180 13630421342 11042245736
181 1703657099 14163634930
182 -759375878 11963869131
183 1618124851 7206897402
184 5885129101 4556446362
185 6079119853 4641435025
186 11054404736 21466660175
187 2209604415 6821926212
188 2565534899 8826064911
189 4255659404 5754071004
190 4911648136 6083008218
191 5372766356 7230938226
192 8860906287 17158523402
193 -926806544 9013380905
194 5500116580 -6958312927
195 7606290618 3228732770
196 7288475059 713711983
197 11268079222 6919183613
198 -5342920525 12195322137
199 6750853647 3481398797
200 3066924343 1679981347
201 6078479151 4726442273
202 459360299 2179380311
203 12847362282 -911316671
204 7651344051 7792411514
205 4124138034 5128125174
206 3134455519 150359743
207 -36634673 47386441
208 8582588159 3581704778
209 -4590996741 1978903172
210 5498530144 10060820183
211 -3303405368 2742594913
212 6598621102 4736723108
213 8580697766 -2014142670
214 6146448901 4712172423
215 4544136899 -7429162332
216 -5372505870 -76119350
217 6296525612 10020760420
218 11224092591 1855512237
219 9399650790 11042245736
220 5977295855 4659165822
221 1519368285 -5863735242
222 3594755502 6105283231
223 5854358592 4127350099
224 3680884411 5801854298
225 13795987121 652870614
226 9912300942 1203482161
227 12455884630 6977047362
228 6108149651 4712617899
229 3587426358 5847365792
230 7207513317 7353233549
231 7657680742 12865157998
232 7066574862 3381072303
233 5234567448 6423924234
234 6992840076 3249449100
235 6083241083 4799027559
236 7421986129 3888428635
237 -9276710417 1052066776
238 16384099544 9154044325
239 2252775199 3044525427
240 2424255386 8998965899
241 10681276213 6765409683
242 191132698 -2291156431
243 3815328508 6299472836
244 4474519258 7886581738
245 10153038997 10448632327
246 6744642377 6840051333
247 4588839934 -406620456
248 4146428465 5466415985
249 -96764401 18876602111
250 2359766935 2974486685
251 -6081200967 -7970180946
252 2240052061 623469094
253 3821316223 3652275966
254 3437671873 1300885268
255 -2893890592 11150058336
256 14983988408 21552540
257 -2825249900 10974812058
258 13249665677 1263528277
259 2256091117 2974548616
260 2407293775 2935995166
261 18229726574 -2593580753
262 6753337658 6685066097
263 6138633487 4705116387
264 4365872568 -75897196
265 8842523551 3285200321
266 6060230306 4645142461
267 3415233961 386157128
268 7270084124 4367609970
269 9471747297 4581475648
270 15396103249 3646991031
271 6028811099 4757047542
272 6431196924 -8612351462
273 8073412067 2528456190
274 4604413341 3779350584
275 -1215624101 1370358968
276 2338902808 3046262073
277 9024028111 8796132909
278 5630325723 4444815277
279 -996048318 1774464653
280 13110208519 69271136
281 5721015285 4551077979
282 6507283790 10151972856
283 6718982926 4921763370
284 8452431375 3928533458
285 6077983659 3966221600
286 9844486397 1252344554
287 3593813245 6105783958
288 7662166010 3935960516
289 6162412063 4677925906
290 7861186222 4067189203
291 16962553178 -3876433887
292 7379751777 7523666398
293 9075199457 -2291156431
294 6177538485 4684552894
295 3613713290 6095208836
296 9312755700 3970333268
297 -10836954652 5132839797
298 5700262258 4549165374
299 2268819853 2877070861
300 15998542914 16232856613
301 9677804771 2497682712
302 4188261066 5436274355
303 9780842725 2139942622
304 2221909568 3105192830
305 1398691411 -419820400
306 13126881184 13391299110
307 6080089991 3964703925
308 2764664944 6462017625
309 10899258290 13505337289
310 11503044821 57303969
311 9428063390 1552389694
312 5787854316 9667849369
313 1597351229 5949284031
314 -7488502041 -3799930516
315 6613783072 11042245736
316 -2725120494 2375283867
317 6142936753 4703187753
318 8646748896 3644057909
319 -1678822379 407985863
320 3703353631 5772320054
321 9285579303 8489991479
322 1594918854 4122567205
323 6780094023 7174769587
324 13356044474 -1277837293
325 8564237448 2174801931
326 5611689860 4436650779
327 8776751345 2021679359
328 14743743164 26315345056
329 3964790891 5908642006
330 2246533131 3129669256
331 7664399467 7805330067
332 1444368637 185996178
333 5887520866 4557494211
334 -4978553801 -1860563164
335 6927615016 7184445144
336 10030043911 19148405662
337 1918586032 2753788268
338 2333306280 2986750356
339 7581437480 7723237788
340 2202876204 6866803091
341 6202849406 4695641780
342 2997614456 -568036282
343 -4539105364 11274774767
344 6105315424 4731352461
345 6563479377 4853636212
346 3621615448 1028045256
347 3859420382 5962108593
348 9561520995 11042245736
349 6188353014 3886697203
350 2891350472 1333052837
351 5595224693 -2535185660
352 4470373679 6385417316
353 1706534321 3520420620
354 5915960537 4569953823
355 3472323646 5952128521
356 13867211852 27180406876
357 8610125116 8895805847
358 11160984197 8275979579
359 3569614821 10598096901
360 -3538574468 -4577834191
361 3806994930 5967758022
362 2202184714 2922231179
363 13089649330 6373196534
364 3104048924 1795741853
365 10818381493 -2130824534
366 4324735186 5717363308
367 9927049558 10225011982
368 6188498569 4703030478
369 13260808908 428772492
370 11742303339 1744222706
371 7948123628 4211356239
372 9088537657 16663761
373 7559508337 9179282817
374 14282676442 -550689382
375 11727631184 7116600899
376 14982143050 -1530721508
377 9275572770 6041822692
378 891127572 5460613755
379 6157332462 10657601813
380 9973137946 -2291156431
381 -1632021858 8303213649
382 -1560263115 -2733158763
383 7691189246 16663761
384 6131829935 4720006418
385 10382130203 2564722157
386 -1702881766 838932154
387 8914325698 3247043803
388 4156781574 5861839543
389 3663642128 5814277875
390 7229373536 -811328198
391 -1283476933 11530348318
392 -5825967061 -1174494624
393 3770466002 6001935223
394 5689325084 4246261642
395 4065573247 -781406788
396 11961675358 969151552
397 4032536595 11387753590
398 13786331563 658943473
399 2959062589 1354925405
400 2394530682 3540688350
401 -2451187434 861568241
402 3720920380 6110449670
403 4146924057 -7779623068
404 2441533060 1230481224
405 5627931749 11608745973
406 7163490116 3276307872
407 6121777039 4672863764
408 13274470551 930010748
409 577637026 -4185543764
410 3627431896 6092684205
411 7116059993 3491364241
412 2569351131 9234287964
413 4289294273 6037193889
414 6129527596 4681155174
415 3822066588 5984487405
416 8945065163 5897025071
417 6140412163 4709678370
418 5343762598 8409223573
419 7651780826 3917975228
420 -3120633386 2699938830
421 7942817404 8305149512
422 8439745245 3524525913
423 3140601823 1741523631
424 8442977389 8575745996
425 4979837544 5254642657
426 8479890301 3875016933
427 13555630672 2245369336
428 8901156651 16663761
429 11815682984 12093846472
430 -643396689 7732669038
431 6415786775 -4645202117
432 8053264555 14639233971
433 5787167027 2073047989
434 9503432493 13737546582
435 12220001510 23831821880
436 3661523257 6069802049
437 4743989233 -4631901314
438 4880123468 5075736421
439 4940135322 14159994844
440 1774808002 6487543356
441 12721126924 1224064161
442 4752183157 5915153181
443 -2393946505 760960701
444 -855456448 19140083328
445 3805247273 5993425390
446 2262122011 1392932900
447 -9058925838 5198618676
448 7370766496 4718150265
449 -959515669 7823150049
450 7854054141 2686510088
451 8385854338 3527879796
452 10127366590 6281782679
453 15307558947 5255392700
454 2833093222 83630561
455 6446319573 -8844815029
456 4634678833 5114617100
457 9695795426 2831761455
458 6133138972 4665101166
459 763116590 13150351246
460 7087981399 3238488243
461 4150329221 5463605375
462 -2549859645 10182077068
463 13015265713 212719547
464 3816704402 5987336935
465 1951066817 2787561977
466 -2475141237 11241975622
467 3741634475 6396524794
468 2547460903 954552247
469 9445536449 9631553715
470 3254563264 1081344042
471 16537842171 9223002480
472 2707841800 9008150162
473 3823360791 728800220
474 6088956250 4727573330
475 6136615291 4717734770
476 5640435736 4449244543
477 3941107432 5967952710
478 -2387971192 -4426830387
479 8887020908 5880229860
480 6219757262 4703049226
481 7132102954 1967460761
482 10599643539 9869079177
483 9429363622 2973346498
484 -4153068176 12560085839
485 6135245670 4694903114
486 6624058699 11687314837
487 4455373635 5671429561
488 3496129296 6216246450
489 10143976965 345438428
490 14888476604 3592322674
491 9777500007 1300610237
492 2526390607 -7853009004
493 2484765951 2878845046
494 2714511878 3246815392
495 6967205385 3310329777
496 6070891501 3971331710
497 3244578466 9724598731
498 1987700263 2904231633
499 9278630077 7085843726
500 6149768416 4700443913
501 3942392049 -2080349
502 3551755268 -60811017
503 634858931 5723340699
504 3665190724 5764243023
505 6097384601 4656926183
506 8533668901 7719883572
507 6176495729 4684096055
508 9244279089 3354908539
509 4823830145 -755176974
510 8279798694 11275803787
511 16301509565 11042245736
512 4006607815 -826589950
513 5993291240 11042245736
514 5711069254 -346262162
515 13135566857 4222800574
516 79267111 -2291156431
517 1779139514 3805125864
518 6652317792 2874768379
519 6183543325 4688763652
520 4221526194 -199425686
521 11827972581 5571113867
522 3817686946 5986814799
523 8289845888 3286363824
524 6205259920 9774538675
525 9327928246 2344374757
526 -8622532144 269123094
527 1989583732 2277883036
528 1718066663 2751297306
529 8186932613 16663761
530 5303948385 4529592852
531 1383986789 459889227
532 1670830123 5860737351
533 4075332427 355055477
534 7503265743 4005425729
535 7792203303 2731075453
536 -1001047319 11665766047
537 15208880317 4976691276
538 2134346559 1788538593
539 11199412131 8398182018
540 8683015765 4026305300
541 -2800813328 2359124263
542 2218811560 2860632377
543 11610459963 11890774847
544 4998515631 -5921476466
545 1382747328 2934016608
546 6263400391 11042245736
547 1746134250 -7853009004
548 8205984104 8341237160
549 2325475551 3056410572
550 -5225491392 1468530076
551 6584427131 3162368489
552 11020815794 6806425478
553 11986305256 2020517483
554 3918695114 6472377785
555 8050809597 13494700385
556 3540575000 6134075397
557 3661913428 11504271728
558 1862514276 3737240854
559 6363997063 8242438195
560 8819103287 3655722926
561 5242007094 9684367075
562 2411407637 3114023372
563 3858482699 5965135449
564 10087446349 19703703345
565 12227300315 1486489520
566 8262387164 3593491727
567 8065838362 3837964813
568 642159684 7882894156
569 10187554675 -5064864906
570 6808187613 4851404321
571 4207405463 5910947955
572 -31702405 4645067799
573 5680525497 4466808138
574 -3436872006 -2344716961
575 8406920978 8540067572
576 6941898391 10754120392
577 2050448746 2969178971
578 8716066033 2065404928
579 10857669507 5132115500
580 14233612063 3602865739
581 2137424838 2577887937
582 1805058109 3260530271
583 -3227980548 11187920927
584 16668564400 9280742385
585 5137639866 5539402974
586 9699346426 2829874411
587 4160093324 6203028636
588 -1646614843 9587194100
589 2317393791 6784289770
590 2137666678 3120528351
591 4553180328 5696585581
592 1588709710 4073903157
593 4207568755 18515161438
594 7924474556 9379282394
595 -5235332373 -4043600708
596 7678661573 3851485793
597 12447623796 -1880261517
598 3359764642 1416443584
599 7159784572 3078929773
600 15655413170 5219868001
601 9183450795 1728640331
602 3883484209 6372103438
603 3976657529 5831467109
604 -2368793901 9913505690
605 4848325743 5856451253
606 3683949278 6100902567
607 2250652308 6832378990
608 7004266865 4553316289
609 3068564996 1755848757
610 7499268067 7638310751
611 2675018155 448690893
612 2977187797 1983912553
613 13072640063 -2263098618
614 11403172374 9800913103
615 8920018470 13696705311
616 4815988419 4983978160
617 5828542015 9169061816
618 7013992763 3115354992
619 6090473200 3957222514
620 -2776060443 -1536169383
621 11442684598 7740428518
622 10574090558 2271136426
623 -5069901833 13920007792
624 3937772903 -2610738197
625 1754873926 2826391508
626 4994966865 5251839896
627 4805351314 5368683445
628 7726358951 2778518264
629 5824282996 10349048450
630 2776205984 3536530847
631 9873794766 1231227004
632 3452269053 837797897
633 5814742664 9288642245
634 4440211850 5254736334
635 3719859082 6189177604
636 -4683192878 10612980141
637 5592143165 4428087240
638 6145476011 4713749944
639 6137230367 4692372613
640 4744799451 12750836424
641 13233426989 -7853009004
642 2936231374 828179862
643 8837691565 3331902803
644 9132847209 9439135421
645 6863653126 7534851270
646 4180851383 5036283029
647 2343339651 3036960894
648 7116247401 4570997248
649 -6267077931 11711323663
650 -114783093 -943792777
651 6678124360 11355984844
652 6131038696 4664181021
653 16178231982 -3311307180
654 12968646476 4450676798
655 4656386862 -506811531
656 15172664627 15415636180
657 3581686384 6112228316
658 8664639013 2102459622
659 6076982732 3966942797
660 1761877277 6291114843
661 2796498323 9706224841
662 7077808104 2214500177
663 6091436904 4646831208
664 5927360688 11744815272
665 -1342687269 8391501208
666 9089827200 1796098910
667 -3199443371 2810909607
668 8665630652 7593189250
669 10056581610 11042245736
670 4767183041 6800170793
671 17042453994 5158790385
672 8483514802 7339662467
673 7255779628 642342998
674 2722673727 -1879689806
675 13996089770 14251395601
676 11128621373 327087179
677 3449610749 2170629259
678 3635106822 5834838410
679 228699485 -2291156431
680 -1726292079 9139888813
681 2127842640 2965273587
682 5901199682 11864870041
683 8156713265 8292482837
684 11583408192 7069462554
685 8441387273 3026320346
686 2736230063 1808401312
687 3368096851 1067729368
688 10873508002 9090502331
689 3604467395 6103514280
690 3828725160 5980948960
691 2546276922 6584750306
692 4015579348 443686085
693 725336207 5317869042
694 3692392507 11567597193
695 6194791519 3882058068
696 3503222000 712553347
697 4832983580 -768754089
698 4187954133 5790050393
699 20500573909 11131790714
700 16302247007 5767805861
701 2299090399 -2214781565
702 3476322114 1243556100
703 5040331878 13794594692
704 15061055153 6450889978
705 9676009187 -7952322004
706 10222223862 9903228225
707 6094586765 3954258569
708 6899131065 11135369282
709 -1808429984 1065643168
710 6027890965 1855299150
711 6672122238 9906049466
712 2145742307 2997633592
713 1858149418 6674519458
714 7240052006 344788616
715 8156496099 3649763504
716 -2067645476 579018378
717 9939414206 10237247009
718 3503938744 6150149033
719 3381696726 363577327
720 4049668080 5191292459
721 -2597610004 9595969501
722 2488215562 2777795707
723 8473485837 8561191784
724 6497559580 -3237788061
725 2309768859 3069494735
726 4140263852 5815393578
727 13975541237 204362997
728 2645967765 2637121502
729 6202488933 4695483854
730 -2746206570 -15585839983
731 4050648208 5863016402
732 6032906699 4621188729
733 18132689197 -4719551629
734 13263561562 13526546638
735 3738114012 855245149
736 2358787808 2691328140
737 13687399249 -4402423000
738 5576125150 4421069639
739 5999653028 4702785202
740 8872348160 3269351168
741 6182305278 4650353227
EOF