NAME : 761
COMMENT : tspgen
TYPE : TSP
DIMENSION : 761
EDGE_WEIGHT_TYPE : EUC_2D
NODE_COORD_SECTION
1 5271635060 -854874140
2 9063102090 2970700140
3 7660075183 8622600743
4 6493640073 -10232416537
5 -4105715917 -11125574954
6 9249159793 6674728393
7 7787190359 -15815561800
8 4201453218 3934104100
9 7061181261 6249349797
10 7891133945 6489038888
11 5198633469 7501610598
12 -2887713908 826429191
13 -7979560607 11254687461
14 -3028538337 -11125574954
15 221434937 504693107
16 5368986750 17833118508
17 9740577109 9744451385
18 9221050048 6940751677
19 3479065294 3548353292
20 3614450026 2489761316
21 5018996219 8884852691
22 8698145670 -180542851
23 4727295739 3412480447
24 4098196183 4554880133
25 11755736460 9456153111
26 8180639576 -14589196933
27 5492488946 7944591779
28 3468833502 12085313578
29 9073248683 7285673906
30 11233523579 32242836264
31 2069470705 -6622244266
32 5355517333 4202730432
33 -5859829260 -1004794797
34 2411027946 11239575212
35 11237671571 1514988154
36 100697376 -2033746544
37 2411265081 9724873922
38 2870798807 0
39 14298688141 -522005671
40 -7000519557 21304298487
41 6562507624 11579275473
42 1538073963 18287707564
43 9258454889 12297931804
44 7643590788 2821921773
45 2023868306 -11125574954
46 3246563650 -36984701
47 -779768105 7696967635
48 2531934025 2980822668
49 7195065454 -2947782015
50 7426853238 1056180968
51 3760947461 10962173820
52 304446569 4869228601
53 -2580806060 15021610770
54 6789563898 6278258004
55 3771527087 13626290513
56 7757413975 7110153480
57 4351333353 16591549740
58 -7824908030 18554096112
59 9406962473 5864242220
60 4768137045 -11125574954
61 -4604208603 6256736435
62 -3476305682 -10911045354
63 8972347590 6746065120
64 5236680121 6709243580
65 -4131222053 15912894563
66 9364975728 -708159615
67 3099710752 1570969805
68 16129117138 19362754004
69 5004170555 -6385769524
70 9976558483 -7081912918
71 -8111308707 -5291340133
72 -8251041774 20971919061
73 94869850 13380926285
74 1921777600 286290788
75 4150552016 3541866659
76 3646771817 4543175742
77 -1861170806 -5837896049
78 386515592 6476506704
79 -4071734517 17053315810
80 -5984780680 8592141955
81 861379592 5592531645
82 3651059153 16049177135
83 2932121243 1130682642
84 7364916696 627763499
85 -1079459242 8771383852
86 2189734654 9804654361
87 6357498673 1629679790
88 -5215145613 8126270703
89 4408490288 5166485866
90 11833036630 12538482429
91 9390409062 22180923
92 3508592971 10577693583
93 2272288540 628786573
94 -784524055 6141720603
95 5748726143 9742562475
96 -7146155549 -6409310760
97 8884665626 1927555423
98 3733503154 11825036851
99 7725630011 1238610793
100 3114400243 13342528897
101 2753231552 3037359997
102 8989597085 6271411994
103 5648226717 2262219130
104 2036470762 2425708226
105 3176244411 1986546436
106 -1224264500 6737055841
107 -2694481129 -2822144225
108 1698442580 3224381579
109 1586074536 2608537893
110 2397522050 217524634
111 6990129913 1142851379
112 868211187 -1026897406
113 1638075946 146098217
114 7122878017 2278979418
115 1044144625 3417859778
116 1139799274 20416620421
117 7048263650 10005402892
118 2375274309 1494657741
119 2144445946 14166781206
120 -2324995516 6068551395
121 -3759110655 8125710140
122 9394148832 6206417644
123 -1453700480 12956312839
124 888106849 -1036302887
125 3715832601 1438465508
126 9124891406 4348229591
127 4655837779 10692353506
128 8523850395 5845856734
129 2505685540 8881367610
130 8608710907 1170111289
131 6457440117 8347353327
132 5319627548 2614814615
133 378451270 8455247837
134 7859796213 -3877377736
135 -2560061112 16754529313
136 8534725163 -6419348766
137 6351785098 14477235464
138 7068698694 7472659591
139 8841988224 7340535070
140 3083452145 -11125574954
141 11654550540 12457394824
142 -2732834633 4034691197
143 10229878123 -11125574954
144 -12192182582 -9096591429
145 1476800062 4674347736
146 5193577631 5673228793
147 8301178451 -11125574954
148 6736123056 7553691479
149 -957192492 9246186484
150 2275254994 111919411
151 -2830711377 4668772152
152 12365822056 -11125574954
153 9819344885 2227097426
154 -6052590250 7920562955
155 2258175926 1856978605
156 7242348762 6073439791
157 4011190876 1782650785
158 1730425772 1465512586
159 12082387837 -11125574954
160 -646686398 976975417
161 2576937619 1308905787
162 11644499208 -8850440666
163 5733956241 9233761924
164 2532707853 2336723741
165 9589728391 4752832287
166 6795349304 6980601784
167 2404143371 10571182862
168 -4228545999 6103940558
169 -7517464550 -3736843835
170 -533848371 -5445944540
171 1793804701 -3393180191
172 1321485184 11731727739
173 5114751133 8245489512
174 3078618118 1694207914
175 8636621686 1930880246
176 9924023051 4068314910
177 -5440897545 4995221461
178 3553818880 3079983478
179 14848913522 3656528613
180 7910986864 -11125574954
181 4962819214 -672500350
182 -1388666387 5695266945
183 6297939855 248685139
184 -838312723 12255903439
185 3733554460 -1150099244
186 9952036992 8820448066
187 5170614655 6031957304
188 8210657446 7572711387
189 4372741581 2678574960
190 1635598190 3862693774
191 5307180039 7778206675
192 482934808 11872981940
193 11109024914 10520212650
194 9404326578 -20172414464
195 2909492109 1600355089
196 -2958904007 13186522069
197 949190343 -1116409464
198 19036669831 -4981996407
199 8851977737 -18684288423
200 -3079297095 -11125574954
201 9502645163 -11125574954
202 7995437354 8223658886
203 -1021325058 7288062690
204 3882744468 4245152212
205 9460721398 1260604490
206 9810207232 2916882017
207 -3949500513 8223618163
208 9327560305 2286626723
209 2194763518 11313774584
210 -2032906535 4994144603
211 2993707244 2828797526
212 -1508582286 6335238893
213 8321553474 9992690900
214 -2886812201 7400915846
215 12262720989 -27873437515
216 7205116930 -12069849457
217 8997801992 -11125574954
218 5653218509 9499661403
219 3656936315 2439329795
220 6723276241 207006993
221 7771322585 8919078847
222 5629643969 -8001093241
223 6685826806 7311782133
224 7897793660 7597254170
225 -5209699621 997986818
226 4005051658 124712816
227 -3420484467 -2011617114
228 2066521095 1516488793
229 8464378769 5767924300
230 2467243925 2729149833
231 2974189417 1452691256
232 1731743403 13619702271
233 6012856493 8003850452
234 -3683147621 9013680030
235 4601884928 447891211
236 -4012818104 6749572716
237 -3158474056 3528483189
238 5843830669 8831578227
239 6489981082 7732290918
240 2841036742 3556372858
241 7129561504 6395568042
242 5830517782 26243499787
243 -1142576416 7725173732
244 9980007223 4718625755
245 5238671443 5770229103
246 1712184058 -11125574954
247 6067635929 -11125574954
248 5364340543 5276867374
249 7943676592 8101083411
250 7755670808 -11125574954
251 17142545316 19092324280
252 17053867399 5984236640
253 4872916521 856628087
254 3789394319 -1233805787
255 2854505078 2752945121
256 -3379269161 3833206110
257 7645304957 -11125574954
258 2229442370 -1958703636
259 2606232606 -11125574954
260 1213446022 -3160671696
261 4467708830 7134208716
262 -2592466380 7512860697
263 6461960214 -11125574954
264 7175979712 3771238622
265 -3805353372 8307419359
266 -7792588296 3485684821
267 4067950553 -11125574954
268 -3053701333 3456234936
269 -499081795 12436687333
270 8294051575 4138367499
271 10263324904 8283600189
272 5715668051 -1517199345
273 -3771784827 1453385444
274 1516409494 -11125574954
275 1303138682 527736594
276 -10178777463 -8589573349
277 9293570082 15844677776
278 596826852 -1502651693
279 -3341627782 2157738631
280 6313911865 7211690207
281 5854667218 -10609000663
282 4676532328 -11125574954
283 5862853366 7758318113
284 7909768785 6534220037
285 1215870730 -290224683
286 4767982516 6897578644
287 1460215861 3888418904
288 2406983436 2316476884
289 7457709915 3870123897
290 10756743218 -11125574954
291 2881515216 -12115863899
292 3942585054 3424684195
293 4309195478 7657336359
294 3543579803 -2501503850
295 4451599454 7876510645
296 1343911319 3570831460
297 10050786528 -21914092573
298 3931676496 4653555170
299 2064532581 13630908356
300 5056809294 8456437254
301 13331730517 15093695233
302 9301804114 7572709691
303 3258685413 -11125574954
304 3533649053 7082060223
305 5526557104 -137139526
306 5679253618 3127839947
307 1342112122 5017878509
308 6570993519 6621497320
309 4162130773 5421970122
310 3573153955 14999402875
311 876142471 -1536798324
312 8417410606 902521037
313 6891528869 18410338797
314 7663650813 6765572094
315 4184545850 3892835055
316 9607840685 3893616330
317 9317203756 -19937690081
318 2370310302 10885843964
319 4317538531 2795639117
320 13179392633 15150275296
321 -3188000081 3970585483
322 18453399107 -4432947847
323 11635186524 743961111
324 -3899905667 3564387971
325 2365212693 16697552785
326 6212526219 6684875039
327 2916302434 1410385277
328 9142844330 92331499
329 3103661190 1183011622
330 16616456490 18758117281
331 -1436418690 6632665160
332 10231997065 11016107883
333 6716406581 16311684357
334 2785974949 3182264834
335 4669866874 17035186836
336 9400084635 18851415524
337 9865715642 8796744946
338 2467157531 11768900573
339 3762138782 -2821436806
340 8553454164 5752371328
341 9510218542 860393295
342 8545617315 -11125574954
343 -10765035347 23071157381
344 9429807781 5892767217
345 13224451458 26322279924
346 -4100905052 3240062620
347 9919411265 -11125574954
348 5368466164 6299866407
349 7025372061 -11605647233
350 6908170641 6834924714
351 2991491699 3175174096
352 4507680716 2422450192
353 7698180666 3696075654
354 4178014359 6590903117
355 2572170123 -11125574954
356 3519938793 -1983180396
357 7106684436 19021388203
358 6727519978 5121074691
359 9221812982 -11125574954
360 1254272297 9281067107
361 -4832656645 -11125574954
362 7950439795 -11125574954
363 5024174873 8289306317
364 -4596953533 9160834519
365 7056530428 8931480019
366 -951355275 8219194876
367 2439236 4440815178
368 13055088381 6204353241
369 9684271988 -18472420494
370 7295145555 7732496287
371 -3192107376 6800012367
372 3990789121 7123920207
373 119919439 4368878575
374 14035485553 5648922204
375 2831097197 8984586976
376 1727106882 789953758
377 1821762508 -11125574954
378 -1005572053 8105735456
379 6739315645 -10866888874
380 14296690724 7901316482
381 4276194999 3080056735
382 2379245694 -1310329785
383 -1695011202 11790301170
384 -1991734413 6880568712
385 3816513915 7391377340
386 5186697321 14866256354
387 6655076371 1444370876
388 2560361713 13701030875
389 6067165149 13155361759
390 -7909054025 10684207820
391 8078074643 -11125574954
392 4587577518 15732032168
393 -4676442206 8887578088
394 -3002041158 -11125574954
395 9294439490 9085223551
396 1732670396 -3945844716
397 -2872203789 4681590046
398 5101256602 -1285379727
399 11870717648 -24119051437
400 9718721210 -417615609
401 7340959163 9922184569
402 5997150234 1142851379
403 12623999346 -26064447939
404 -2085757653 8712657729
405 3133579021 1943176373
406 89363674 4742757300
407 4904454958 1330900963
408 8494282299 6082084551
409 1703938369 5530126874
410 -2919593254 17801012186
411 3131936033 2863555056
412 -7470599444 -2925138971
413 5742618610 -3064958483
414 6493640073 1142851379
415 442591221 -1444577041
416 1674334403 2594004648
417 7455440801 7504438632
418 -4461855020 16326739230
419 5004454993 550500361
420 1867564819 -15330245123
421 -1650938901 5826410566
422 7067188427 16193559609
423 2432483614 18864269842
424 87059205 2538051684
425 9356773768 5902853156
426 552563383 6176141081
427 -1812043156 6656440635
428 2596780197 15731025419
429 3872024792 4107526799
430 7259575350 10897913316
431 -461255368 -4393779387
432 7575131659 1171967781
433 1496292368 -2538220449
434 8748286819 -5119891422
435 4460225774 -1645324344
436 -3029233290 7849511002
437 6751773441 -10899061900
438 1685333274 -7301804712
439 5923959298 18865934436
440 -3924978746 -10706442834
441 1937149047 11329056519
442 2273341717 20461935661
443 2019505086 -11602828195
444 3235705022 16819759249
445 6410213407 -1850202139
446 15852192904 -11125574954
447 2976273786 653815427
448 1973360442 1098166899
449 8130387098 3991117300
450 3487901727 2905468787
451 2191294271 2087437887
452 8918784899 1618816904
453 -4400909142 2477149510
454 3198599220 2338420429
455 3596370075 144867946
456 -155198474 -4059883763
457 -5684399096 7578917058
458 3205562163 2644272913
459 8734914265 1114297432
460 2056159951 -61733405
461 -637957739 165553828
462 7264824330 5506176988
463 12824570446 -774780325
464 9306420428 5869789545
465 2238470497 5809134561
466 10342434794 8325245853
467 8836127980 -5242733289
468 10959748193 7228136348
469 358492317 -2848923966
470 8071793527 3452340592
471 -9252965089 -6383279086
472 6688031417 8170484607
473 2709712149 2940685866
474 2038537823 12586684967
475 4486178451 8312764624
476 1266990948 5586881961
477 5649682892 -11125574954
478 2488799947 -703118869
479 10076609168 5962962448
480 7763896126 -5443432337
481 -298059818 9556179994
482 3641556130 2243016995
483 9129785723 5316766595
484 7281461888 7956459836
485 5202339702 15928497500
486 5212076619 1537288918
487 -3410371910 3512875864
488 5874354417 7326307607
489 9084397864 9077650592
490 1025964978 13849252914
491 2387631461 2720202140
492 8287188255 9697916612
493 -6439035170 2613531049
494 -8143291185 -558018029
495 5468425229 8866998956
496 8140990855 9393075900
497 5027383726 7196278447
498 2237075577 -11125574954
499 -4825087175 2216566343
500 3941975519 4335212153
501 4176813830 377066729
502 1112323987 2876636035
503 9248314821 3794845947
504 6464502668 9314271881
505 5366236025 13870942128
506 -2599113534 6267249463
507 2388406238 -11125574954
508 3804056523 4974293108
509 8694586150 -5916701184
510 7517605754 2603257850
511 2625716152 2297618914
512 7500519896 7157051989
513 10045046711 6725814805
514 -1539557637 6955979246
515 2131842120 2279197747
516 8200224144 7103155308
517 -3543560664 2260356984
518 5977225397 7657457110
519 1741390421 16005064954
520 1813854738 -3894011449
521 7214517701 8907550076
522 8645531591 5789839102
523 9671814558 708150700
524 -1911210151 10509663222
525 1368429990 -1031875574
526 4933947592 -290597117
527 3836593712 -3370430223
528 5567734577 863458386
529 -2264283259 -2042359748
530 10149231779 16466297229
531 6642508981 3018872139
532 5963248700 7067202523
533 1529160201 1044684745
534 6632820442 320268380
535 4680225737 5976613581
536 7517980394 6054773892
537 1286619094 21666954575
538 428587919 3771427863
539 2092079932 -11125574954
540 7448602529 17941721297
541 4451962481 1718876813
542 9121498381 5453767755
543 4811407113 385655717
544 -4295903561 8522580367
545 3808831509 1880861373
546 9726267955 -6487553542
547 1611420597 -4239326596
548 -2253738793 4967610604
549 2894259800 10188837975
550 7636363177 8481369453
551 1959417402 17723282946
552 6749297290 -11125574954
553 4079313352 4085536857
554 3669152813 1448229067
555 -1225085344 -1649825660
556 12998800946 6224212366
557 2529911088 -11125574954
558 5694241709 7717128527
559 -5084786407 4714054901
560 9338544452 -17579557783
561 3068047837 9619509145
562 5613629129 7383451052
563 6683794231 12323152207
564 9882706762 6282857547
565 9779939765 7157100583
566 -867950161 4634038295
567 5707937800 -8203291895
568 7367937734 4601015911
569 9679441311 8023213666
570 4823909737 5579649420
571 7397916040 13436148792
572 4558177558 17941527015
573 4030166021 3408487473
574 7570787946 6480006849
575 3027425127 3105018315
576 4985045548 -11125574954
577 863673061 -1111661094
578 8309578490 5488603753
579 7436488470 789292748
580 1366129853 -85886040
581 4187058748 -11125574954
582 -3116491913 3465116067
583 12937667496 21224379712
584 -4502592256 15443440055
585 -1177792128 7818422411
586 -1458725979 6560685407
587 -4052334036 9692361984
588 9095818942 871429964
589 5357028781 3341461019
590 -5656439098 6572472995
591 4005480937 5116683434
592 6229782295 -11125574954
593 773984779 11298136946
594 -2675616049 6456270061
595 9268954310 3786518073
596 4186540732 4974700505
597 6912328260 6049160845
598 -2139613310 311369869
599 5276564091 -11125574954
600 9960965101 -21672097670
601 -2758756706 3506520811
602 13567959597 7009314961
603 -3898138604 -12406697078
604 5864329231 -11125574954
605 277192767 8739169533
606 3136884222 1466814681
607 7220699065 6376000997
608 1042247649 7864138397
609 -1604936715 7558369137
610 -4967167530 8658196238
611 5394233074 6664162885
612 -4883399490 7055047275
613 6831781986 8824980863
614 7412370089 -11125574954
615 -5883953821 618517112
616 2231682018 9487978510
617 -5022565559 -853734570
618 -7627682558 3440702357
619 9445076522 6132176315
620 6289922454 -1681980714
621 8412452435 19005628099
622 8709958519 2598592322
623 3407316374 -559362168
624 -3509961411 2610229286
625 12689505165 13513420364
626 6339425164 6503285621
627 3559953589 -31516947
628 9747183929 1732152216
629 6590525788 -12591534561
630 4018738575 4424593166
631 -2985852281 17397885774
632 7961525788 9420352268
633 4709603855 -10942930859
634 4509519933 -45632383
635 3741379711 2587920122
636 5525631697 5918622684
637 8786723869 2764781506
638 6145951929 1577515641
639 4536031084 5997032714
640 -1639083700 6142973699
641 6737457806 8141917292
642 9485383785 4166805774
643 6625197442 -171740757
644 2291077177 -11125574954
645 4844783686 6497000047
646 2665101820 -24435792
647 6245255105 1649550390
648 14076165557 2512544264
649 3364200929 2929731567
650 4964843729 10390345114
651 6353179359 -11125574954
652 5716899365 4010985821
653 8604602064 1009778338
654 3199214632 3943556258
655 6829526834 6728745710
656 7534835687 6112993647
657 4947753948 -13791333763
658 -340112376 4008497803
659 -3151576934 13763643773
660 8263872479 6123422358
661 4507680716 -11125574954
662 -673355195 -11125574954
663 9838469034 -11125574954
664 6979764891 14267554045
665 3297558705 919721152
666 6537614838 10253599644
667 5500660394 1142851379
668 1910215602 10769878854
669 804880803 11255762710
670 -5899911507 13476132769
671 6515868462 1886270265
672 5500660394 1462751082
673 5433157882 7337799295
674 -4614087247 13070756332
675 7452523950 3168470
676 2794530119 3385866782
677 6709236457 -11125574954
678 7375840024 -11125574954
679 1380535636 -11125574954
680 -2024331455 8547772457
681 5391633887 557488575
682 6531550882 8472997705
683 4011190876 -3821338182
684 5756145911 -11125574954
685 8770803925 -473197278
686 680725175 -1605989972
687 7171661385 6365867578
688 -836723616 4104801538
689 12468225911 -11125574954
690 -1730789061 6905329500
691 9547900725 8342386030
692 2322005170 1209506215
693 6859622630 8360740605
694 2426321267 854573118
695 -254677010 3761647844
696 4605146224 12356718600
697 -6281180934 8798109029
698 1900110278 -814247493
699 2024407274 2546987171
700 6978650267 -4048742898
701 8952499972 3638289449
702 -6443193876 1487206996
703 -821617261 10729530938
704 7667559606 -11125574954
705 -963955506 4322959729
706 4362170179 5999066594
707 9639671807 5831676207
708 -4628167395 3846481347
709 2250453857 17375978690
710 5652802031 6228192160
711 345023176 7591861996
712 4391617006 6992487766
713 6528385805 -11125574954
714 3514768544 3198741882
715 2803788683 1236657957
716 4851209331 9230872999
717 8675905598 9669890839
718 3948966953 3960376449
719 -1294480208 8401930293
720 1597616752 352515682
721 6099420006 -11125574954
722 4802047694 445001479
723 7818749286 1688505467
724 7903096569 -13872424978
725 9436997609 9622178345
726 5192567813 8366357341
727 -4670966985 4236930215
728 5997150234 822951676
729 1085006280 12707424416
730 11839719646 -11125574954
731 4375488801 6751432051
732 -1488244873 7083459447
733 7645304957 8335649919
734 -2402244279 7905970055
735 7513011214 -11125574954
736 948567010 -254680591
737 1127219150 -1361858278
738 471752382 -1867538964
739 15051360317 9788584023
740 -2889267862 15231045993
741 -1248236193 -572242514
742 6948245302 12126321508
743 -713599121 10431911810
744 -7406369400 13623653450
745 -847334092 19977257573
746 10181874325 3592197240
747 9182198408 11956301436
748 539229611 2588801442
749 9845207953 -11125574954
750 -2158621836 12112584165
751 -4482412988 -1359323435
752 2209434007 13769664314
753 5743868369 5915128375
754 3274784779 -11125574954
755 -1669449290 15480427170
756 1916147949 992122101
757 280964050 -11125574954
758 -3128154884 4131730078
759 8078427897 -11125574954
760 4572087545 15012793670
761 2744222247 -11125574954
EOF