NAME : 791
COMMENT : tspgen
TYPE : TSP
DIMENSION : 791
EDGE_WEIGHT_TYPE : EUC_2D
NODE_COORD_SECTION
1 10047602902 10092058422
2 10073241161 9991523197
3 10041945563 10109323038
4 10060677428 10006306282
5 10041945563 10079997335
6 10041945563 10008830218
7 9982780479 10041163372
8 10064444065 9992406999
9 10062297261 10013404806
10 10061584525 10079322503
11 10067144544 10053979830
12 10015666520 10041870507
13 9933854921 10090754800
14 10043484092 10072188215
15 10058107647 10120086937
16 10067505770 10040684750
17 10041945563 10035410791
18 10067934304 10041680205
19 10031838752 10115132591
20 10064132362 10024155284
21 10064509201 10006925253
22 9991414511 10107801532
23 10062807804 10014110365
24 10057848453 10079726576
25 10050283601 10008830218
26 10052009055 10088835721
27 10083397157 10005782097
28 9998058233 10086193153
29 9986050296 10048293501
30 10026397020 10015631075
31 10007870538 10117917761
32 10047181501 10100118044
33 10063695272 10091345901
34 9990396519 10253018156
35 9983539068 10021484708
36 10056980535 10014441589
37 10069644556 9989081012
38 10041945563 10106656633
39 10041945563 10109323038
40 10066804847 10033056085
41 10073395854 9998599287
42 10074721519 10008830218
43 10084310278 10066102230
44 10078459275 10057058407
45 10061273580 10073758861
46 10082697982 10008830218
47 10000715818 10037275295
48 10034842613 10066614458
49 9990622477 10043810638
50 10079773304 10082736671
51 10054173668 10086658635
52 10091968986 10008830218
53 9995013341 10031843255
54 10041945563 10054380157
55 10061038109 10080168051
56 10074412674 10091557467
57 10008065752 10048097387
58 10085397339 10008830218
59 10036800996 10095952970
60 10032978307 10022066637
61 10006885355 10010906766
62 10006150389 10065140427
63 10042442305 10008830218
64 10025597677 10108768042
65 9999025739 10041935117
66 10016364663 10045311882
67 10013657436 9956494273
68 10068765669 10008046684
69 10065398801 10017825308
70 10041945563 10037300846
71 10031101798 10114572054
72 10041945563 10094613360
73 10041945563 10041277612
74 10013101028 9940742602
75 9988404565 10008830218
76 10041945563 10008830218
77 10010333416 10008830218
78 10092601525 9988111136
79 10060852820 10025112756
80 10064573677 10110610165
81 10064945850 10111957191
82 10026862516 10083077842
83 9961256644 10036165363
84 9988813393 10016249334
85 10063278048 10079139341
86 10041945563 10085522540
87 10065377372 10080304400
88 9990434854 10008830218
89 10096942748 10072889559
90 10067863835 10008830218
91 10046195878 10078265500
92 10069751157 10209491501
93 10094765251 10053292289
94 10015274716 10111626248
95 10052812816 10011442150
96 10064460578 10000631190
97 10081915984 10005287154
98 10067987393 10078630005
99 10013715166 10046598653
100 10065182487 10083831054
101 10100000000 10021968776
102 9979769328 10091292106
103 9969977237 10095039065
104 9986783429 10011014283
105 10041945563 10076352002
106 10051558180 10109323038
107 9976521987 10102929910
108 10063570714 10062234169
109 10026641034 10010928287
110 10089263020 10008830218
111 10079382196 10008830218
112 10076756272 10071478482
113 10074271512 10097489826
114 10057523329 10016911331
115 10094207180 10029666287
116 10027580396 10025731080
117 10100000000 10024435430
118 10026776832 10013991806
119 10035689064 10110292864
120 9982460213 10095106986
121 10028456349 10031919700
122 10162715286 9865736318
123 10030886190 10004653648
124 10041945563 10055946951
125 10050591409 10109323038
126 10024060529 10062393497
127 9987757489 10013593558
128 10059889364 10069655946
129 10045828747 10092643145
130 10096984723 10075493815
131 10014215478 10117810697
132 10055912558 10094661983
133 10056101790 10008830218
134 10090768475 10008830218
135 10062742616 10099887004
136 10015228869 10037618555
137 9967747218 10094785993
138 10036301027 10112654899
139 10053042497 10080246361
140 10062621201 10085049974
141 10031571072 10037533024
142 10057279149 10015347000
143 10016139467 10084237587
144 10099549963 10075216373
145 10013924907 10045699809
146 10012356672 10033916007
147 10056987874 10109323038
148 10091276809 10077093487
149 10060022434 10063407524
150 10003096234 10072738506
151 9995035764 10112935398
152 10041945563 10006100742
153 10041945563 9997996327
154 10030953067 10119568899
155 10069431931 10078473771
156 10080728751 10122318319
157 10050820133 10022446077
158 10041945563 10079955292
159 10063103781 10090983582
160 10060350954 10083047782
161 10041945563 10024691627
162 10088324019 9935875516
163 10087332859 10008830218
164 10071524535 10008830218
165 9953753296 10128965266
166 10041945563 10077953864
167 10088482727 10034392973
168 10025293997 10026220540
169 10072889425 10092886416
170 9967384860 10114536107
171 10041945563 10070520498
172 10037200116 9999419680
173 9995090135 10069710621
174 10048503132 9982857926
175 10024025273 10021430740
176 10046566798 10079078986
177 10032089902 10082512477
178 10055693241 10008830218
179 10058223945 10087985738
180 10000352878 10057429494
181 10072295731 10008830218
182 10066630695 10078776737
183 10076771498 10008830218
184 10059899501 10116409906
185 10032506581 10123206106
186 10078658125 10083334350
187 10095267785 9931044924
188 10006992034 10031013599
189 9934628327 10017056737
190 10042049563 10133071679
191 10025871424 10056363160
192 10070574545 10038040430
193 10078437741 9988520034
194 10062507973 10084405260
195 10061423592 10001980892
196 10006816313 10000806862
197 10062773121 10008830218
198 9965255031 10048928155
199 10072016506 10036410958
200 10041945563 10058806085
201 10020070044 9969255801
202 10019760823 10135961868
203 10070216536 10001582477
204 10074854013 10102529566
205 10071871721 10008830218
206 10064802334 10110509256
207 10059931739 10033731288
208 10062704294 10013555387
209 10046712373 10101391815
210 10056749418 10008830218
211 10062249290 10078035578
212 9946570211 10096633374
213 9974753859 10117998673
214 10061664061 10198409156
215 10056133508 10076612004
216 10047517157 10008830218
217 10053603210 10087150239
218 10074868366 10008830218
219 10005124726 10067648493
220 10009058901 10041582207
221 10005423338 10065795878
222 9988682800 10087207147
223 10056054876 10119768902
224 10111129412 10050261596
225 10047839315 10098397647
226 9982763742 10100502383
227 10066310589 10047592169
228 10089159467 10042759092
229 10041945563 10096908215
230 10041945563 10008830218
231 10040627341 10133524866
232 10056282887 10128402723
233 10027075513 10117531599
234 9969007246 10076034658
235 10065401733 10078909655
236 10081997719 10106250950
237 10073630943 10008830218
238 10081374924 10242778222
239 10041945563 10008830218
240 10041646237 10007936330
241 10022166136 10055218575
242 9994968617 10093981473
243 10026598065 10083106444
244 10041945563 10083788481
245 10041945563 10109323038
246 9992040505 10043911425
247 10013233633 10047819678
248 10025408803 10067817614
249 9964440977 10123671636
250 10059073116 10092113768
251 10090772906 10076165650
252 10100148381 10054162575
253 10060122161 10093414157
254 10030575375 10063883530
255 10074630724 10088173807
256 10069477742 10081552886
257 10073582882 9998908967
258 10006802838 10076151727
259 10028024756 10058140825
260 10116681503 10008830218
261 10074579737 10000000000
262 10044531476 10159603657
263 10057287669 10088066826
264 10056467742 10008830218
265 10007837846 10059734378
266 10017007941 10081427738
267 10077054814 10096005015
268 10041945563 10011543333
269 10063793887 10101911506
270 10069717279 10038351366
271 10021221982 10067387651
272 9991209652 10022276333
273 9841378892 10209615716
274 10098790725 10051526979
275 10057460432 10086561911
276 10058046857 10073118196
277 10084702567 10099243940
278 10075340674 10062809842
279 10070780247 10095267305
280 9999661149 10009249669
281 10070168565 10103916341
282 10066148951 10090698418
283 10059341470 9981501321
284 10070002237 10072563691
285 10067662784 10010641526
286 10002761984 9984925907
287 10029284433 10107487157
288 10057159038 9992085070
289 10086364863 10088504851
290 9961045691 10045501783
291 10094235761 10031473069
292 10067248961 10213528078
293 10069307578 10079552753
294 10076305676 10000000000
295 10066197765 10083493200
296 10051227364 10028150013
297 10062732284 10035177450
298 10005862744 10043895119
299 10091995586 10057324410
300 9970846109 10075104122
301 10097996554 10030822914
302 10049666929 10088660601
303 10041945563 10022570792
304 10065332865 10083983460
305 10047618120 10095665555
306 10041945563 10011642970
307 10024591150 10018647865
308 10041945563 10079216818
309 10028259473 10012588990
310 10047368830 10076838034
311 10063520229 10079113148
312 10012115875 9986301874
313 10041945563 10094119326
314 10010083018 10049068308
315 10069869114 10008830218
316 10024400104 10083344163
317 10085686613 10008830218
318 10070710384 10053772818
319 10094156690 10008830218
320 10018113949 10039993420
321 10055957883 10008830218
322 10036731342 10082010485
323 10041945563 10080176869
324 10066173744 10015080461
325 9918849912 10097370030
326 10037081944 10029060571
327 10071052130 10035574279
328 9989927693 10016949447
329 10071371625 10055964227
330 10059741917 10079521789
331 10019196314 10016722860
332 10041945563 10023090610
333 9979551961 10102010355
334 10032257445 10111363732
335 10071652441 10086380723
336 10064410321 10059722971
337 10029152380 10014578186
338 9985647124 10041196318
339 9991624455 10037657269
340 10056114678 10009291676
341 10010741074 10008830218
342 10016249491 10008830218
343 10061389361 10083513945
344 9998528202 10060848390
345 10000000000 10085983142
346 10074896744 10060861848
347 10018485859 10036916417
348 10025516997 10083223366
349 10041945563 10076784900
350 10081264898 10052942715
351 10063696931 10109323038
352 10054499123 10080088821
353 9994329116 10036332890
354 10082684147 10077040486
355 10098889199 10109323038
356 10074254066 10099966836
357 10100000000 10038141919
358 10038285267 10109532597
359 10038113642 9986980265
360 10041945563 10059456132
361 10017248958 10038000950
362 10061656775 10079314689
363 10100000000 10020835749
364 10041945563 10009618570
365 10037387972 10072387349
366 10081534898 10067058079
367 10041945563 10014135018
368 10063657489 10084584191
369 10067659970 10009544921
370 10002404874 10027170572
371 9990178160 10051272759
372 10050831897 10090797863
373 10054210266 10080120062
374 10048483448 10008378844
375 10067345149 10109323038
376 10100931511 10185716643
377 10069272662 10076426316
378 10045965908 10096618847
379 10080896966 10247270564
380 10045953795 10013363733
381 10047222029 10161061193
382 10025657216 10083208201
383 10052856925 10106070770
384 10041945563 10039456679
385 10050554117 10089363456
386 10099363599 9975264181
387 9994801061 10035574955
388 10041457807 10074424593
389 10068173885 10012287863
390 10040525214 10043859531
391 10041945563 10084726437
392 10099576116 10008830218
393 10067630670 10018568796
394 10001097985 10030206213
395 10068338337 10037778215
396 10069133340 10092079805
397 9971404374 10090895443
398 10058829556 10008830218
399 10061931783 10080500481
400 9994066894 10035728310
401 10056770710 10086876451
402 10065153115 10023984374
403 10073534147 10080929007
404 10014058004 10045803833
405 10013536805 10055951917
406 10057797460 10008830218
407 10031171168 10105871125
408 10003138773 10120492402
409 10100531522 10031646410
410 10041945563 10076194003
411 10003081399 10008830218
412 10013584878 10084513878
413 10041945563 10023984701
414 10068875782 10068519929
415 10092541957 10094633992
416 10059985997 10088484771
417 10081836107 10035819899
418 9984374880 10097821417
419 10036634578 10046658425
420 10088354283 9936401017
421 10078730196 10242405329
422 10094054078 10075810777
423 10053865229 10058536854
424 10073404681 10080103531
425 10041945563 10008830218
426 10080893178 10077234187
427 10110327367 10063381220
428 10041945563 10008830218
429 9974293403 10080273400
430 10074321610 10103103263
431 10018799775 10053288871
432 10041945563 10089875686
433 10031925153 10008830218
434 10083778099 10008830218
435 10019810352 10005633364
436 9993625428 10008830218
437 10074858048 10073941072
438 10052975384 10087090489
439 10066122798 10015093615
440 10069689883 10102210421
441 10075414025 10097117351
442 10095569742 9990586753
443 10012599516 10008830218
444 10084151419 10068574971
445 9994787203 10039735240
446 10041945563 10128143629
447 10058704554 10015242150
448 10074350499 9990426672
449 10068057399 10025958850
450 10068902906 9996026828
451 9994438075 10033021620
452 10015287689 10039677436
453 10118292457 9958564592
454 10059831563 10008830218
455 9984491400 10087660466
456 10109680606 10008830218
457 10078947556 10021153270
458 10067389912 10078761379
459 10097365552 10008830218
460 9846583157 10202665625
461 10005415537 9953842412
462 9993804936 10054406955
463 10086640961 10068691094
464 10078472357 10122854024
465 10075629290 10073804045
466 10066936846 10075427215
467 10055731222 10084070092
468 10039382647 10081723735
469 10059389805 10073749297
470 10041945563 10027743730
471 10041945563 10096311429
472 10072791911 10008830218
473 10057922176 10082233393
474 10072196972 10078174720
475 10029973675 10055916957
476 10041945563 10027776979
477 10063431304 9987240842
478 10056865716 10013648003
479 10042038170 10070428045
480 10091836662 10109323038
481 10041945563 10013821224
482 10036634578 10046658425
483 10086878918 10075036549
484 10007748823 10012615010
485 10081855437 10077130114
486 9987295411 10011133849
487 9991641601 10086887140
488 10041945563 10242800501
489 10081249182 10003223293
490 10041945563 10027486193
491 10016142217 10138764757
492 10041945563 10075127962
493 9966439183 10041419691
494 10021854762 10026738319
495 10034791673 10082220269
496 10032399957 10001069345
497 10073527373 10101442383
498 10057780149 10152877655
499 10047657517 10132951501
500 9993853513 10070396798
501 9967681515 10090816874
502 9993333597 10035141878
503 10162634683 10068393481
504 10012585026 10058663336
505 10056382965 10095673499
506 10041945563 10099914521
507 10083970773 10008830218
508 9956203025 10057882059
509 10041328043 10079849455
510 10078212189 9995468489
511 10101143718 9988058502
512 10060647716 10093719509
513 10079888970 10150173908
514 10087912746 9928734171
515 10048376018 10022969594
516 10088919708 10059742059
517 10077049098 10147198277
518 10061346691 10079348226
519 10060780203 10079409494
520 9956186206 10057858215
521 10066153543 10078828344
522 10064761429 10012629414
523 10068958624 10003515379
524 10072813369 10096926056
525 10100000000 10062724609
526 10051099649 10101546170
527 10077052120 10077649614
528 10027424424 10113362618
529 10067303153 10059785676
530 10080287274 10232302516
531 10068798781 10078542249
532 10009147314 10047660974
533 10111147370 10094257923
534 10033624591 10082346494
535 10035693539 9999864473
536 10062419995 10069690571
537 10065504662 10078898523
538 10056765028 10030886597
539 10055754097 10081115437
540 10056937389 10083739419
541 10082203545 10077092465
542 9970712912 10008830218
543 10043401020 10058852841
544 10017845386 10043311091
545 10070735432 10011056452
546 10035097521 10008830218
547 10021994608 10008830218
548 10061304801 9992574091
549 10091277252 10083653218
550 9830219843 10161193909
551 10067979092 10008830218
552 10048316996 10096846020
553 10096130849 10102065204
554 10032191711 10008830218
555 10041945563 10008830218
556 10041945563 10102424127
557 10019827715 10031695082
558 10037507458 10097240861
559 10068664720 10078556749
560 10041945563 10107453284
561 10028527641 10008830218
562 10014734293 10058810463
563 10069010098 10014707346
564 9990727263 10043697054
565 10002937209 10101570125
566 10078881525 10077451756
567 10051904443 10080369447
568 10047596555 10080835364
569 10089045151 10109323038
570 10049100272 10132522028
571 10041945563 10006094413
572 10028605758 10116333874
573 10094148362 10096051176
574 9994486343 10045054352
575 10041945563 10094187594
576 10037643246 9987161472
577 10065150278 10004543068
578 10076052192 10008830218
579 10009255448 10054890467
580 9988910946 10104252217
581 10030244013 10112295074
582 10066519138 10015367130
583 10031994145 10064000179
584 10079420212 10096323153
585 10083760305 10008830218
586 10016755532 10042973482
587 10070481010 10109323038
588 10067348067 10015757016
589 10042815023 10124982943
590 9972779220 10015785769
591 10036199015 10075595936
592 10021924058 10036507463
593 10076874594 10067148693
594 10029483147 10118540657
595 10067102405 9966951227
596 9861218549 10094629175
597 10041945563 9994953911
598 10041945563 10028108571
599 9991923647 10008830218
600 10041945563 10039595523
601 9982626122 10112391892
602 10045267620 10069068890
603 10063553488 10088406473
604 10027741023 10131922183
605 9957924465 10060322552
606 10057965549 10109323038
607 10080463306 10005241118
608 10057002964 10018722217
609 10051459873 10102154620
610 10055292942 10008926734
611 10068906969 10076522537
612 10107355036 10069302934
613 10041818724 10003888657
614 10094696663 10014532191
615 10031392036 10111803172
616 10019970985 10008830218
617 10020383719 10033167795
618 10079829506 10071654195
619 10042846177 10124470567
620 10002976935 10126505479
621 10067751743 10051472531
622 10071872309 10052574188
623 10070403705 10035240643
624 9981145959 10008830218
625 10077107562 10053886641
626 9984113185 10097450411
627 10041945563 10017942932
628 10041945563 10031684929
629 10009515695 10077756907
630 10041945563 10017736898
631 10000898348 10076953095
632 10083232990 10002079230
633 9998532745 10117893082
634 10011926076 10145616860
635 9986108930 10006979081
636 10000215175 10018296639
637 10025635025 10065833040
638 10007240175 10111337515
639 9986218574 10034811784
640 10023924492 10008830218
641 9994639421 10104577008
642 10082033451 10077110861
643 9996979267 9965476841
644 10031014519 9933248011
645 9983111319 10013224883
646 9971315441 10079306995
647 10063011384 10090824268
648 10045368033 10106359366
649 10041945563 10028179094
650 10038185868 10102200396
651 10008548803 10120941454
652 9875540077 10161852463
653 10076228032 10073470248
654 10019674797 10040803917
655 9988581999 10011129630
656 10005788840 10008830218
657 10109232222 10058640891
658 10069236786 10009352772
659 10067302573 10094391610
660 10074088708 10068425115
661 10006648242 10085264105
662 10118201523 9958751562
663 9902731675 10083799112
664 9994572685 10035234404
665 10052422880 10003943253
666 10067651465 10213740658
667 10029890381 10034504099
668 9927803026 10097366939
669 10044652841 10021814675
670 10094656289 10030638839
671 9984367010 10032556338
672 10040479448 10089169175
673 10016245371 10029654358
674 10094223491 10057325682
675 10029156545 10068669641
676 10084427312 10124095135
677 10019370534 10032813033
678 10049469726 10088318889
679 10047219106 10003886655
680 10026476031 10083119642
681 10041945563 10046445672
682 10073360734 10092680622
683 10098992733 10054181080
684 9957697259 10081718076
685 10078619569 9984493931
686 10087791848 10065432342
687 10022304672 10109064604
688 10062548102 10089123215
689 10048162223 10117881100
690 10030288093 10156016507
691 10028268129 10016923009
692 10079720347 9998912895
693 10063108113 10087834324
694 10064494841 10066966769
695 10077513111 10008830218
696 9994405898 10007780696
697 10048303664 10071166395
698 10057829745 10096477929
699 10078770499 10044217059
700 10039440928 10024497794
701 10065406040 10091954815
702 10006938124 10022363017
703 10034737027 10014031138
704 10071954716 10008830218
705 10057222082 10071124679
706 9906757749 10118724528
707 10053294858 10095656980
708 10045760895 10116783061
709 10009314316 10040260505
710 10041945563 10013651115
711 10005054704 10008830218
712 10041945563 10013698256
713 9978441470 10078948638
714 10053008152 10100761821
715 10075167214 10070139543
716 10040291362 10110372312
717 10012608650 9954122731
718 10060892529 10007167718
719 10106541165 10049049219
720 10007592778 10028947932
721 10061050586 10008830218
722 10041945563 10025967367
723 10047392195 10008830218
724 10077688873 10084683037
725 10029392058 10082804261
726 10067870888 10013174137
727 9985465005 10087555166
728 10084819044 10000994392
729 10041945563 9982391406
730 10033469083 10092457045
731 10045630129 10081048042
732 10056081951 10084190313
733 10059051422 10079596469
734 10069725189 10008830218
735 10076408165 10033592479
736 10040184890 10047560340
737 10014128734 10052401765
738 10044044335 10094007364
739 10100770347 10049134038
740 10027297990 10113044617
741 10064353188 10079023060
742 10073938684 10041677826
743 10059742008 10020843759
744 10043842792 10020046980
745 10057771081 10014961615
746 10003398450 10066170841
747 10059391640 10012337097
748 10059058746 10091748887
749 10074549288 10099566536
750 10066841044 10074088673
751 10041263294 10071122856
752 10119084639 10008830218
753 10047740669 10095872552
754 9995292108 10032544401
755 10057638976 10015244461
756 9977283046 10115893084
757 10041945563 10110406791
758 10067275313 10015752682
759 10032833047 10101868595
760 10060855929 10079401304
761 10037263646 9989058773
762 10058509126 10071736390
763 10126447995 10138354522
764 9985132232 10007005783
765 10001818501 10004129517
766 10062686139 10014373713
767 10041945563 10009842132
768 10066243009 10078818667
769 10032812284 10082434348
770 10042848591 10037920547
771 9987720699 10069448929
772 10057566044 10079108717
773 10004006852 10029234224
774 10067543883 10011228025
775 10073834239 10009814198
776 9964799121 10089790273
777 10044463000 10008830218
778 10047685508 10066574302
779 9937824958 10106138326
780 10098090741 10091180011
781 10041945563 10106446667
782 10097723768 9985674122
783 10002695408 10018345045
784 10051991696 10008830218
785 10076021684 10095031228
786 10033677619 10112669223
787 10045203144 10015182949
788 10077063475 10091770861
789 10041945563 10011691974
790 10053464221 10092879040
791 10063991399 10009205575
EOF