NAME : 901
COMMENT : tspgen
TYPE : TSP
DIMENSION : 901
EDGE_WEIGHT_TYPE : EUC_2D
NODE_COORD_SECTION
1 8182835798 0
2 6278784890 13659420195
3 3085725745 9585458395
4 3723866166 11095526928
5 6977910806 1564946786
6 8062801609 0
7 6281487534 2807303764
8 -9048627355 3560931316
9 2982310306 8283878109
10 5119572408 2033177332
11 4990438862 8277875287
12 -8792215861 12158612145
13 597356321 16131320995
14 9075432440 1469785149
15 9016835891 -2315449695
16 8119234569 2224733897
17 8209927482 1007663062
18 7194249958 12576118270
19 7048078045 8354153995
20 5335220381 1792947128
21 3972111938 -12577022570
22 5213296239 9261917570
23 5425021634 2708943227
24 8062389909 828507454
25 7748300987 14774333540
26 4115939387 11307601099
27 7727215857 12866918002
28 6251189627 8071201839
29 7310459197 8125430450
30 6447655328 9785788574
31 -4619026568 2306401754
32 3782702568 -12311549025
33 -5995852143 16754108857
34 10000000000 0
35 -1173557436 1452005423
36 5171738562 9701521303
37 6577343322 2188285572
38 9209542833 -2521866020
39 8015220135 14694158751
40 11782726818 10516945991
41 2989645861 8487954381
42 6972898527 2555450637
43 7096209945 568533672
44 7614455180 11710901242
45 4542061938 8759206373
46 10057930858 9325811556
47 -8792215861 2269947186
48 -1703573550 -1722836035
49 295226514 15246904912
50 6170265079 1236601600
51 5771615968 806422638
52 8071827890 8032523961
53 4887945494 2708737294
54 8002511212 14477200686
55 7317942810 -19514498345
56 -2501150930 2562769490
57 6038229148 1237188908
58 7835267105 2080064356
59 7915872837 0
60 -590195692 17147814796
61 -1446061552 -998286732
62 8317002416 1188534236
63 2929460088 9052894465
64 -1159932920 -193220159
65 6398934639 -1865661782
66 5423780664 7931878994
67 -2141000980 -2953604862
68 9036112502 13246261954
69 8266728354 0
70 -9132201744 -10528326999
71 8015089702 1172319796
72 -4635573212 10341888794
73 6995618514 2472050812
74 -11072478332 10369918151
75 2803984205 9050452972
76 9400890315 784845522
77 7516560572 773545434
78 7385314522 2578682687
79 -1292707534 3493417431
80 7235124951 2233926863
81 -1186322042 24555048525
82 8376016591 1071697996
83 7008682438 0
84 8363104108 862783538
85 6366933974 2354095206
86 9827990814 8168810278
87 5164962471 8786753306
88 4476109744 10127014678
89 7217166002 2130243850
90 -17620719 10143368082
91 -2347136424 -3533598391
92 6132185144 8050342145
93 20127008687 20088236382
94 8280422298 947211318
95 10174389738 7503815498
96 3995713823 8477563229
97 6236690342 10799610151
98 4232871200 -11415791751
99 155398727 12232137875
100 3771274183 8555580570
101 6680715412 1580369793
102 3912215961 13256772997
103 5974042218 1048574435
104 5236075127 2410231712
105 8650549503 1093136267
106 3378913077 13753742853
107 -8792215861 3107559284
108 8924055150 9124479088
109 -5971959132 18144017992
110 9390606377 9524802665
111 6244997762 797633088
112 9626219081 242729384
113 9574306645 993611964
114 2279578401 14732272778
115 9503025014 -91384804
116 4317147686 3073133449
117 5104454731 8218255606
118 6259207200 8451928035
119 9645239922 837474315
120 4370219287 8891369379
121 4201813069 8338750380
122 -8792215861 2807708182
123 -2989768200 11766555360
124 6231322197 7984353818
125 -4082175532 -1225176703
126 5582038878 2984323666
127 2861659642 8498353013
128 -171657005 9991519506
129 9135096027 2500247609
130 2370535723 19468518475
131 -4808797918 9377867882
132 5759184937 2001445682
133 9419579129 2112228627
134 -8930432889 4264421412
135 4145340848 9537200080
136 6994270668 1060985499
137 8254497732 8218254035
138 9985853317 1470394904
139 2251490174 -7820968984
140 7507521230 -3440996397
141 9868771748 8810941507
142 -346545634 -4653178234
143 5993910120 15664416182
144 5127503978 9244473914
145 4768100045 -13378222324
146 7944101572 1098346842
147 1294420893 16358506869
148 -909120449 2657900252
149 20714040073 809069155
150 10627947167 8117802982
151 9512042768 2355623795
152 3608107143 -9896798963
153 -6007061718 12158612145
154 8053719099 -417189885
155 3962191488 8981342413
156 2248483169 14801128371
157 5415416337 8835323565
158 -8792215861 11579542541
159 7941308079 -2315318793
160 -1795317368 3464695025
161 22749428879 -1805743671
162 5204432972 2189473488
163 -8629487164 -2348505323
164 -8792215861 -1583990252
165 8312206850 11502497188
166 7275485268 2472169380
167 11186794555 11343527572
168 9147262177 1816970643
169 4190543662 9232862738
170 4609315707 8158978605
171 -8839877397 4122842097
172 8177958863 965264204
173 6976041536 2002224176
174 9004079694 11063018931
175 -8792215861 10923576795
176 4437614302 9701156427
177 -2762869772 3248700855
178 8440210488 -3440996397
179 5499694180 2286082956
180 -3548678252 2894082173
181 4446417262 -13652368438
182 9163583220 1791195441
183 -230367072 662146790
184 5009599749 8260160576
185 8117375724 1028890812
186 2350395196 9708848329
187 8480139680 2556714840
188 4346949272 -11405353825
189 7955846954 14775812447
190 -8792215861 1896308985
191 10000000000 1142509016
192 8143909600 1134603155
193 9598574113 9616499960
194 10155316465 10663306835
195 7414951496 -2399491710
196 5678181070 8923974147
197 8364876581 2692664185
198 5396551819 11006398478
199 5478261161 1709340040
200 5846310762 8456136233
201 868590279 -4787755738
202 9909159247 8009067142
203 6691878014 1783455821
204 -2713005996 984443515
205 7265047882 811868047
206 -778895237 -359265910
207 8319196069 -1035381026
208 -1650153937 2155840299
209 3772887489 8870666448
210 -1279035600 -398714812
211 -702838185 15653809408
212 3486703855 12879873792
213 -1722845724 3013165390
214 6264597277 380480781
215 9749693988 14209619191
216 7678177792 14550721599
217 4484270369 9754002629
218 2791580988 10924967246
219 6353634741 2849672554
220 -3410156312 3531665869
221 3764873269 14768109665
222 6838683151 -928810467
223 6581449037 8974899119
224 8901096507 1563112528
225 7024715856 217625828
226 5803973806 1298795074
227 7938671765 -2944362090
228 -147986873 649333393
229 -3830349659 9559815116
230 10019006862 8232058243
231 7042785559 0
232 -294421159 18372394287
233 4124724075 9466027567
234 -790180649 1645395907
235 4691079579 9775263762
236 9558674534 146166205
237 5063307677 19494957541
238 -1962781695 -3576785950
239 -1169746287 10972929090
240 5790342118 7993960829
241 6203099841 18153485567
242 -1838898599 -3687593610
243 6502297340 7887213896
244 4345459004 596536115
245 4410084413 16112863673
246 5642675291 2132330349
247 -4687395294 16791215110
248 -1838028244 2140375832
249 10837571571 14926397205
250 7145052301 132528382
251 1282482060 15436992979
252 710358209 -4216421068
253 2038575942 2220737644
254 4857370156 19099835778
255 6223750893 10260662161
256 -2008968651 520897149
257 11420010886 8047475708
258 331451421 17431019816
259 2065860606 8235869303
260 4995190691 8432866528
261 8138421389 2129688494
262 3233347720 12167945365
263 -3179932810 8874592508
264 -1438380013 2942450552
265 -1706230059 2253304748
266 6781339927 1977476646
267 5897367671 1923371207
268 2362386661 9717363509
269 8127465129 917644875
270 5292952347 8965757994
271 -169181670 16858319468
272 5410112783 13020162942
273 3557691842 2524822884
274 3247168018 11138817598
275 -8792215861 4234767481
276 4877632243 2857278562
277 4549361275 2880399233
278 3433780041 -12981866222
279 2868938956 15592321760
280 7758533838 14535435991
281 3068429373 8220696682
282 7997733863 0
283 -446585267 839633831
284 9905755669 2420319056
285 -3693367522 3681752901
286 5109763005 2891377167
287 6648483195 2767573370
288 5356135754 9244789149
289 -3414312420 1946473562
290 4890670693 8565491197
291 13281423321 10841419192
292 9952501322 7522897930
293 -1415437350 966307166
294 73222368 11313998204
295 8258030824 992716354
296 -1289706791 1990990371
297 6915446506 1843394529
298 4652679411 8267016580
299 8141108953 986627178
300 -167073649 22304076710
301 -8783009366 -5577225813
302 -7109997153 9403561189
303 7915468429 14614881498
304 9380877728 7674063549
305 3742384951 -16173235161
306 -2064652724 3259966228
307 2038976861 -10036712943
308 5716752032 981479818
309 7236619223 1155307909
310 5139171636 213129761
311 1660002533 -5465566129
312 6030144222 259060032
313 11281973120 7999365762
314 -7017630288 -4175396244
315 8221068248 185089043
316 5940780706 1454390667
317 3375634316 2621246755
318 2784927198 9930632249
319 8999532699 14734219630
320 -4891611690 457623253
321 6475594875 2484417135
322 6438804031 8583492486
323 5250721105 1947176187
324 3475043370 14314682122
325 8666749847 739528028
326 7109914199 1562463997
327 -1405989789 3173664144
328 8223657480 951297448
329 5707292560 2446717823
330 8337774885 961371797
331 8204893358 994419327
332 -3130505456 -111744951
333 7618858118 1603265879
334 8354640878 1098240604
335 8454517064 1016711466
336 10000000000 0
337 5215597034 2657325915
338 -4173688364 2802310434
339 2843910298 8579975096
340 4662961367 11243993091
341 -8792215861 9791246884
342 4502102614 2199137942
343 5231953253 1824705684
344 866910764 10861747719
345 2573789495 8874151742
346 10081289397 9199751316
347 5454456918 8533329529
348 8249206196 1035230453
349 5672591550 10128859894
350 7076811383 12300729451
351 -1804723001 289065521
352 695452062 -4222580915
353 6625355762 1938930796
354 8517530121 1154796352
355 -8792215861 2733348847
356 -315378479 15139237981
357 -4402683654 2645367634
358 4241938776 9828223130
359 5935570783 2558655548
360 9818287713 9256571333
361 3834105795 -13280222714
362 6969815253 839604991
363 8893639446 -834744723
364 5919169702 20008190086
365 8724805800 -2832449526
366 9254071658 1636673207
367 3998787711 9736672752
368 4723064539 2156551579
369 7534125275 15059826820
370 8384964055 10377878082
371 9611594264 2222736744
372 5167061467 2976863372
373 -136937866 -239194231
374 6876100903 -2556432114
375 6970232535 -18538972377
376 1681590578 -13594491706
377 1877805359 -5853095812
378 9085502625 16624193874
379 -6380818452 10456231250
380 24336471111 -834607196
381 -3673466197 3688542424
382 8122392749 908152302
383 3172328130 11172032710
384 7916847903 2305673330
385 521669139 8802117427
386 5415264997 10247172227
387 5624711769 1506876227
388 10985713738 8671256372
389 4139991665 -14035286924
390 2138642244 14853097328
391 7716799811 597182330
392 2168766356 10192831203
393 -4319653527 17574817514
394 -2230381731 2587622708
395 -8784461797 4089279060
396 6109340947 9249132588
397 8532641698 -2277122887
398 6371116428 0
399 4714624748 8168196260
400 5012178931 562078792
401 6805947341 0
402 2213253919 11627496246
403 21522516249 20372411762
404 -3180358233 1477548525
405 6623790623 10000000000
406 6792520793 871754343
407 3009739483 15317395618
408 4373296687 8083629299
409 -499970674 620666816
410 5599454999 1213879313
411 6764988157 2751238923
412 -1553627015 2462319180
413 -1150839758 1691564933
414 3540900143 14502254375
415 1718337326 13107690745
416 -2240484771 23495523100
417 8228788259 961734666
418 6292269293 8946129889
419 -5300268238 3433386929
420 4362831916 10926957733
421 -1285691891 -3988939304
422 -8792215861 -268890974
423 5717196869 9960807172
424 7505712448 1961469354
425 6358245335 696720697
426 2217042068 14839473342
427 6145245722 76282849
428 5912819774 385058353
429 7884273055 841083865
430 8195966463 963526944
431 -2724688763 2064228750
432 3745510153 13660182542
433 5506695615 2114166335
434 -9037686859 2536870074
435 7159476400 -20286786367
436 7387177401 12769839230
437 -3603757027 3708765614
438 -2978402528 2296800016
439 6933387837 11407646490
440 8272926563 1083926043
441 -3528132130 9647527058
442 7257064085 0
443 6402357218 8323910448
444 5803862581 -17673339680
445 6254166537 9718174300
446 -4381744772 9291397287
447 1260266349 15498448138
448 -8792215861 2252835084
449 10601932730 8470836755
450 5391807240 2782253711
451 1933801377 10570939221
452 5300752151 2835831536
453 5095620523 11591191045
454 8311990792 759019199
455 9996172009 7519305534
456 5213415040 2226088861
457 -10186412784 11544964212
458 5482127835 -23696714642
459 -8419988235 3711409973
460 4522815105 10029095803
461 -6331496800 13030536135
462 7679429079 1530538896
463 8226656823 1113379455
464 -1961476162 3276115095
465 9571668533 2329905027
466 5197368084 2863170610
467 -241029823 20011491235
468 -1836212957 3498153794
469 8271288702 -3440996397
470 -4808963133 2219521847
471 7578085904 2428462400
472 8801196613 1522587817
473 5172948526 -14691129571
474 4451519410 2521415579
475 8188729157 958993061
476 2211177058 2158793705
477 8990815730 7663343064
478 7457521248 1605781175
479 -1970383365 10448003601
480 2585300151 8994383495
481 -6948402950 4018407467
482 -2104623588 3674726902
483 5586263290 808672420
484 7503414186 726500247
485 4424254281 20107558461
486 4591552235 7978118095
487 9198100752 0
488 6044791638 9873438731
489 8121153290 1178747402
490 -5985614499 22349764548
491 -1196125187 8824692714
492 9236635897 14934554017
493 6707339575 1475057822
494 9814561930 2441696965
495 9030477980 2237894079
496 5706924354 9434946673
497 6723963708 10970897188
498 6859742387 2856520917
499 7517472876 0
500 -8792215861 3972160516
501 700340289 18038165711
502 7448353145 -25372998356
503 -1997247548 -1312578358
504 4810209981 17121473524
505 9394172312 -1712366925
506 11786519092 8781149414
507 6965567334 0
508 -7675429313 3489968189
509 5448653010 -15969201474
510 7278247566 1251095977
511 4405926924 8668287685
512 6449651082 729824155
513 2502163244 9419119256
514 951475099 -4663044628
515 4280693124 9086998163
516 7521382307 8313614974
517 10059188604 8646023346
518 6578007477 -20125743403
519 9835293251 12158612145
520 3289687078 12326464746
521 3313482779 13327969188
522 6991170342 13734001168
523 8120777592 1162889012
524 -3396542752 1289307681
525 8270389742 1002462097
526 -2790185407 300105443
527 6312179722 400610520
528 -1354184675 10171858373
529 2519568487 15366230799
530 -5639838249 1966437944
531 -4005147619 2621184236
532 -8792215861 1989038460
533 7442134907 2740033601
534 -8721418055 9151601917
535 1370677714 8311860817
536 9737001340 -3440996397
537 3684011396 9610438155
538 -8666090038 9674704443
539 9231893746 9825384244
540 7638619499 273697682
541 2162573539 13120475956
542 -5650920228 640032733
543 -5440629845 9372707855
544 -8908946633 3631197176
545 5587363917 7985551062
546 8369997856 1475268857
547 995874069 -7966745227
548 -2999999265 3738566796
549 8460584650 964039436
550 11107390908 10972689115
551 -2309191821 355517067
552 670057857 19326654594
553 5942990686 1537045098
554 -2607340219 2727655996
555 5115137809 2875048287
556 1465535472 13601476547
557 -495877097 9375851625
558 10311093555 9152185650
559 2349593932 11485215466
560 10806811866 7479594941
561 4633437026 2217934178
562 6929423538 1887818494
563 7239290908 1548585375
564 3283538071 8997950052
565 -3910135944 2723207050
566 5350879453 8826795272
567 -8792215861 -6428631713
568 5140327448 9042798303
569 4330521642 10134886616
570 -8627389751 9528017337
571 7553311715 13153102084
572 11772303825 7954119004
573 6313167527 8862575650
574 2068719330 15089082787
575 -10160284351 -4139275808
576 6934425373 1057492944
577 -3592985390 1934506656
578 -3308828674 8763839272
579 -862250002 18818929233
580 -2205728829 1504208308
581 3607601958 8262052154
582 5263925437 7948578587
583 8289918404 1037859430
584 -2244108382 -222708564
585 3326936764 11190858123
586 2294519351 12012719656
587 4274478925 1893088977
588 2891658810 10000000000
589 4368698345 8361146897
590 7763821929 -749601658
591 9438044936 7952016318
592 7190619434 2753818928
593 -2052552538 -2704741674
594 6808554972 1693415048
595 4161320759 8439427554
596 7356569502 2548685663
597 -6393533316 3400558699
598 -5337307202 17858123450
599 -3440887127 2606349056
600 7625790954 373647667
601 -8792215861 2034153479
602 3903112155 1516292359
603 9730830436 7758312142
604 9226354528 12158612145
605 5173302305 -324618284
606 8229607491 1288942773
607 4601352207 2348236187
608 4710682643 9450855783
609 -8792215861 12158612145
610 8362017615 1236999296
611 4231525119 996585559
612 -3374652271 10037417603
613 6540098897 10112117684
614 12094315753 12625624663
615 9080316639 2344043507
616 7305165324 11148302265
617 -639366027 9958808219
618 -8792215861 10534579766
619 -4883892464 120785270
620 -2694623579 9319987571
621 2927711309 -8096903255
622 -1809825846 2573915721
623 -5556937928 -2179895193
624 8411178973 1196422606
625 4294901104 8305938028
626 6772931050 971323970
627 13607739888 10542458549
628 7421154787 2565514773
629 7367315747 10601633235
630 8415458378 1257662984
631 5195707727 179994186
632 8325735136 11504242969
633 3583154441 15264851645
634 6243596961 8883729638
635 4797503373 13761173262
636 8171862533 2383414297
637 -2438301514 10458740994
638 10448328230 -7398533988
639 8485043301 14584652006
640 3884916751 2827371107
641 1052592571 13415834426
642 2986966171 11474713278
643 525633210 16017012090
644 5598199789 8386009651
645 7989688902 8085209187
646 6164160710 2683394690
647 4627732846 8297879832
648 544133920 -6137166556
649 5967393498 10637338050
650 2757027213 15458898870
651 3246119257 14868653054
652 -2364470250 2874029621
653 -8066449584 3188127727
654 5667656944 9332977953
655 -5325449938 3265849631
656 3348607222 12492245563
657 8182836482 1060958389
658 5864001408 1149590772
659 -8792215861 3347273402
660 8328851992 1052489184
661 9616878551 522314438
662 7076667002 0
663 8152887303 1013317868
664 3668535702 8379011108
665 6850840146 2694274694
666 5582907219 15807933220
667 6159902539 2171762819
668 7257355181 772559808
669 -7475991636 24730970198
670 -924474353 12281601005
671 7235111692 1219356584
672 7964777679 1262625604
673 7617890387 14552347377
674 4947723800 1653279295
675 2381342894 9770699765
676 -7855058249 11698533744
677 7442602454 2580543972
678 -8083118201 -608054167
679 23276659216 7416906725
680 5035531868 2823470916
681 1619711857 16273948758
682 2289906213 10770906611
683 6075671466 2837707919
684 2803846199 8799342395
685 6222501304 -17868177498
686 6330606761 0
687 6891717886 2749455295
688 5765029308 10186517538
689 2899160565 12606022776
690 2671826918 9586721912
691 2963666982 9955703495
692 6580544158 14109715924
693 -2322094666 -3463139585
694 9906309553 1953331526
695 2823279048 13341258104
696 7400341264 -860913013
697 4065490330 83496046
698 7786090085 14427634525
699 -1391204160 2470315855
700 -8792215861 11925310561
701 8768481440 2178345651
702 5734355838 19204913373
703 8724107031 1093310815
704 7018230764 10381114345
705 5066633196 17750914821
706 7012092820 2542532840
707 8339549333 -2043088895
708 -7971385984 4039484700
709 5847005132 1321343692
710 6183653410 -1954625050
711 5970864692 8484052922
712 7556642700 2735132125
713 5364406947 1745997864
714 5805295029 404011220
715 4516585766 -13954505527
716 -3389285607 2416647405
717 -6299580083 3651874124
718 2024455799 11123874075
719 6933063682 -215313663
720 -1706686924 16832900171
721 8444332867 -369763266
722 11317984286 12706484774
723 3700876909 15242082559
724 8254977745 851081635
725 4426170526 3108161811
726 5029418366 -14118368019
727 7736897780 -3440996397
728 -9094369408 18415588371
729 8540048834 10873433764
730 -1146682702 10146939118
731 -547087395 390581598
732 2665092033 10207747067
733 6815320919 2843246750
734 10808590935 10570498664
735 7098366324 1578691457
736 11689897454 12653967866
737 5978069753 -16537532468
738 2096752510 -6562464745
739 4376060978 1556003363
740 1273104247 12522722631
741 -8792215861 -6222018047
742 -2908486859 10540152381
743 8363206463 9304762051
744 -4659657225 9733222579
745 7826041731 1278135509
746 8265795971 2462279543
747 9562964915 9550058163
748 7140783337 0
749 992052166 15331702117
750 8342833891 1125122509
751 3050185799 11833635867
752 -8780436710 -3440996397
753 7530280265 -3440996397
754 3062824185 15768289659
755 4284423015 3121676129
756 5313649438 1862388752
757 2210702319 10584182160
758 6567493197 2652239808
759 -2386094573 9316056582
760 8180574991 1100803736
761 3601279745 16081975593
762 -4993458221 566430278
763 -850673438 1946893574
764 4888377754 7975050573
765 3095441541 16107531621
766 4662721829 2763250620
767 -20357169 -504426518
768 3302368223 12362145082
769 8941038694 -3440996397
770 5869344743 9064289577
771 -1810572471 -2604089365
772 1386516886 15715086689
773 3478083537 2519845047
774 -9010063571 3716200377
775 4812889489 15414823539
776 8379598290 12158612145
777 6167706799 13032400356
778 -1397053776 -860395874
779 -5261648681 17695383584
780 7035396964 12626171576
781 4458173348 993290815
782 8045939569 14265518031
783 5752042250 10398172101
784 -895896582 1940510911
785 8674464485 13945870981
786 5150961525 2274399329
787 5710609958 10753477977
788 9992975853 8278185570
789 6040688861 20066828082
790 7083526692 2499205760
791 4352791337 -11896852718
792 5548076845 2576116406
793 26562281188 -2074581641
794 3183046421 12026414984
795 -2773831777 -3752503920
796 7625304810 10603558212
797 5793583950 1426627040
798 552907232 -11837547704
799 7944721836 1972736657
800 2948037227 11365180753
801 8237556645 1108417882
802 -4727621861 1167647370
803 5686668046 2171885981
804 7612598829 -3517537777
805 -1971548531 -2476824537
806 7963655321 2477323867
807 -857078979 9001457267
808 8252168962 1142537058
809 -8792215861 403582674
810 8131820965 834202832
811 2990483129 10357042335
812 5173124602 17007862114
813 1461751091 10893522772
814 5897032271 2856200258
815 3748072943 9238011619
816 6232469815 13938894330
817 10290199301 8324318904
818 -4147043421 3803794919
819 -3286693391 3581897367
820 1473215857 10722346393
821 7980110516 2674647549
822 4890517403 9480404180
823 -2028889772 -4004452284
824 8214303544 15363402979
825 -1067147936 2982702727
826 -3660504533 17840723174
827 4001403852 9229882265
828 8461500064 945211996
829 6426586529 702736402
830 1105460170 15347900411
831 8349069348 1142093893
832 6231473855 9190111118
833 8318316493 2430746162
834 10101867002 -2149870461
835 -4825265335 9823795005
836 40339710 8399168933
837 7720377725 -120109818
838 6607608671 1878866790
839 3140957418 9315396078
840 2767117368 11699475827
841 2947994368 11548707503
842 -1657534018 22153847383
843 4511697513 10950279595
844 6595451319 -1111387282
845 557677228 12034606820
846 3517861117 8485100809
847 2253983841 12598730503
848 3682841113 1219421639
849 6504957911 -18670170513
850 -8487954894 40971947689
851 -8716480822 9659627260
852 -2863916193 9698910718
853 4274493325 2013123572
854 -8792215861 434904646
855 10204441193 9412993824
856 -3095429115 950695511
857 4640110230 10940749741
858 1841218996 8846728293
859 -8867389966 744977208
860 4807817217 8238315239
861 -7622708864 -6682551761
862 7179052025 2230015752
863 5821994968 2971665523
864 6352806626 2098523056
865 8349020326 1100816928
866 1216550546 13497033489
867 6059661881 1187359848
868 -2989891 15907223881
869 -3818313088 2132329320
870 3221694858 21368817488
871 -2495317612 9556060061
872 6244456996 8779352810
873 -9913199292 4024444426
874 5239997994 8440933850
875 -852644059 2336520534
876 -1401578823 19759305534
877 7743050969 10914620519
878 5170157698 19386552161
879 4620686920 8130572226
880 -10052613661 10000419588
881 7740682911 12158612145
882 -6758725953 12895565383
883 -1352685477 14020436281
884 -1980184092 3184872386
885 2350444060 13924418018
886 7524043695 2618436886
887 4004246212 8775471513
888 8252156017 982407496
889 8273425629 12158612145
890 5989417984 658806276
891 3366427143 10595972229
892 -6817032779 2520025592
893 3271861776 12276310538
894 926489189 -4127106647
895 8153888247 883610239
896 8122390528 10487329312
897 8589278883 2514977743
898 -8792215861 1529500668
899 8196242003 1065254274
900 -1943195960 33220045183
901 7580991810 2448141420
EOF