NAME : 931
COMMENT : tspgen
TYPE : TSP
DIMENSION : 931
EDGE_WEIGHT_TYPE : EUC_2D
NODE_COORD_SECTION
1 6350331107 11119478359
2 6598907292 5027008642
3 -13823278097 3202122876
4 9051594224 1422336238
5 5564650782 -730153055
6 -6563509115 -977698200
7 6193866695 -7377615157
8 7092573322 4546435803
9 10390755258 -6664490692
10 -10632267376 9110068835
11 13507977345 5308878078
12 12602022889 -16231868765
13 3653869633 5779116837
14 2894963521 7469570813
15 1513008083 3935318103
16 1640215575 963222502
17 4629152373 -5200482871
18 4834433999 6641650741
19 7700526404 -292569818
20 10482806604 11696735851
21 15439975331 -5851694514
22 1975902667 5620694634
23 4043742144 -1187417376
24 7123205864 4397624172
25 7638548666 14139290521
26 8253511944 1801255356
27 4640292681 -460069268
28 7638548666 4756974408
29 5188482068 -5851694514
30 7083805556 5015133244
31 8603838747 1249115987
32 2017224957 1633821654
33 -6059663715 -5851694514
34 243825637 -5469422012
35 -893103474 963222502
36 5557223270 5939561359
37 8973291389 3612401417
38 1864664023 3280110861
39 7085345467 -567807560
40 -13823278097 -146144506
41 9614231758 -5851694514
42 606286511 244607918
43 3750385039 7018577754
44 726353631 -7805253077
45 181828209 1432689101
46 8678893056 10223218150
47 852677891 4330446235
48 -585172204 3142821602
49 5745330202 5739809326
50 -865251894 2838449432
51 1984672274 -357792651
52 7029095200 -1076259584
53 8303471671 729290384
54 8099600839 2714536027
55 -8174548444 -5851694514
56 13180757949 -4127893651
57 1281377422 3018556036
58 -7086781897 20691012076
59 1726977033 8396012567
60 4527603683 -5851694514
61 6789278434 -5851694514
62 -6387040051 169074024
63 1309915722 -5851694514
64 4475175684 6916421303
65 6562903732 -1950887166
66 4721719244 5894854450
67 1140598940 -5851694514
68 9124813168 963222502
69 9641883567 3832465453
70 6272370298 4953848568
71 15439975331 963222502
72 16115339531 2286866099
73 6814346016 10937749268
74 11821007749 -5851694514
75 8276961545 -5851694514
76 2558063140 6266324442
77 2185208906 12290473838
78 1637387389 -18329261902
79 16916140695 13598195670
80 8780552523 -544117330
81 3062288437 -5851694514
82 10224563026 4030408723
83 9903471064 3795401172
84 -740679181 4071591804
85 768771881 6630551716
86 6387401998 240790270
87 14614774805 -5832518918
88 9265384196 3896212554
89 1483014043 5392945713
90 15301331250 6021850673
91 2658124255 -530453438
92 -787641311 2759792520
93 594851549 6885049449
94 -259670671 8665236698
95 4282891906 6495218751
96 7057964097 238395491
97 9247848579 2039218504
98 4418907386 5843006230
99 7638548666 -5851694514
100 7865686921 3217598846
101 15439975331 3389765811
102 10654986102 -5851694514
103 2794790414 5561089756
104 7307615292 6172378888
105 4164789244 6862561805
106 -1120922729 2587911820
107 9728140449 954729980
108 1228370931 2256483551
109 10559502590 -7841793828
110 2405281108 11075085834
111 10287204714 3316431149
112 7388030953 -1515487151
113 2311470726 8059238576
114 10615073168 -2911061900
115 -1901995509 3997319640
116 -13823278097 963222502
117 4300549389 -3868305447
118 16750850865 6150942703
119 8889706383 963222502
120 1429447691 3302139162
121 698193097 889567038
122 2806159307 -5851694514
123 -3144279839 8714022240
124 8911933361 963222502
125 1636370006 3099206244
126 7638548666 7003336315
127 7330238360 -3448362638
128 -236718805 722083984
129 -4177033077 8969843736
130 7313768223 -6218532405
131 -5016132190 5800741257
132 461726498 2949750325
133 8820433082 -6593462548
134 7895027539 738313856
135 -670267840 7322516703
136 5542750171 5905005531
137 -13823278097 10002366485
138 547069842 -1345564863
139 8216947265 1363383293
140 1994320295 101145563
141 8672837771 2270141327
142 12485017996 19499766936
143 15439975331 16046380632
144 1489194781 1415285282
145 -10492114662 17062635453
146 2249178828 3938465514
147 2699484139 -513668282
148 7638548666 11264959183
149 3473615774 5801195663
150 1109641580 6127423515
151 7638548666 -5755087492
152 1668523169 -6909941159
153 -10492114662 -5851694514
154 1767617341 7143000257
155 14334451793 3727610158
156 6344315304 12850275700
157 3400417266 12260453269
158 117686218 5237678570
159 -635263610 11853157354
160 -10492114662 -5851694514
161 5712586682 -1349153463
162 4938032305 18666803504
163 9950216475 7232296788
164 7968011548 -1629999689
165 167962110 11261022236
166 8936497032 10517038208
167 7638548666 -1890286734
168 -554561307 1791114099
169 1172712836 2002628012
170 2806700416 5117450761
171 -1057401603 1301908816
172 -1876487027 4255772586
173 -4398282203 3517778139
174 -10492114662 3649019601
175 7981710806 963222502
176 6626982292 4716770743
177 3335222573 5316722944
178 -168763316 -5851694514
179 16174682501 9931120738
180 15569867536 9631636557
181 6161370920 5495801748
182 2383579507 4471542137
183 -5860453759 5299382586
184 9812299092 4475136164
185 8863865457 11009949455
186 -472549191 1246902133
187 -13823278097 9255163067
188 3575576769 12635173497
189 8069001142 2845542661
190 9228242865 10201753945
191 1914209983 2688839324
192 1247653217 3142136130
193 2903606840 -13199740480
194 7708481388 -5851694514
195 9595107168 -10422002749
196 -1240580024 2975486753
197 12589239403 963222502
198 -236718805 -4075878979
199 2192775202 5629073080
200 3860559571 -1879757503
201 15871901027 -1917102262
202 1544584443 2268684464
203 7071802954 5000868068
204 -44818094 4890031699
205 1634745534 8073117299
206 11262596141 5717971342
207 12855113501 -6541536702
208 -10492114662 -4357848388
209 6031407308 11270151913
210 8912371283 -5851694514
211 4645577694 6615857377
212 1284951566 1291526652
213 763045172 1085655659
214 -1017966636 8697108477
215 12000378566 12474122283
216 -3836342533 -2442634128
217 -8913675839 -5851694514
218 16398811455 10197353864
219 15439975331 3115638439
220 -7438474724 -5851694514
221 12127516557 3690157012
222 723477575 -6729466818
223 7816540433 4304973923
224 114123991 273649983
225 12750570035 1288316583
226 6930183236 5795601722
227 8295449710 963222502
228 1018007721 -4288750682
229 7936919414 10732749060
230 952793440 -3933076469
231 6418467161 7593157964
232 -993275 963222502
233 -1126586380 963222502
234 3776585602 -1317891117
235 2980059167 11361177582
236 623327323 1003913185
237 -13823278097 -5851694514
238 882535231 6873926626
239 13629831133 11059410995
240 11192734751 11283665496
241 4315737230 5698185274
242 -10492114662 -7575603499
243 8304968123 2723162269
244 7638548666 -424781496
245 4100579504 -1211310963
246 6855071859 7138716808
247 11451750539 -9294198733
248 8569128129 -4621964941
249 15439975331 873102722
250 13001827901 -6532751812
251 3338161893 -5851694514
252 5644409207 5419703642
253 1532898806 -3778784444
254 739810380 6568594129
255 -130045631 3476122524
256 -5711434802 -5851694514
257 8078582729 894817584
258 278243067 -5851694514
259 12416163233 -3341069103
260 -3704496918 9089966018
261 6490633382 5504299461
262 5875846360 6221774338
263 4337281412 6232183324
264 -236718805 -2460409698
265 7897827557 -86742675
266 29905355 1513714925
267 1670982243 427836501
268 7638548666 -4845177680
269 6451576099 7440491129
270 826138938 6753277553
271 -10492114662 963222502
272 8641438384 2582904109
273 6225400390 5182427151
274 10861501734 5591857811
275 774280579 -2430512577
276 7804825685 10673184105
277 9502539208 4366145366
278 9711497831 2780404018
279 10136369563 -11072295579
280 -91844207 -5851694514
281 -10492114662 -7575603499
282 7253746492 4367407908
283 -10185397791 16714143608
284 4024240941 6017987444
285 7914089190 -3616686112
286 222301558 -5851694514
287 259595935 963222502
288 8556763887 963222502
289 16506433074 -2958825575
290 848506814 11700189476
291 684125860 7213912699
292 10076532859 -438893361
293 8257729150 390195141
294 9897188588 7506066211
295 8093505143 480037663
296 7199764798 -3432803900
297 7029855476 -5851694514
298 4975236171 6362795314
299 -10492114662 17062635453
300 9545560238 -4709402806
301 7638548666 13074295295
302 8316935027 2131734470
303 5343039812 -1533222699
304 7638548666 11741101539
305 14438138409 -2149364260
306 9617938716 -2392857595
307 6299126889 5637054136
308 9968351621 5436198720
309 6360605588 -5851694514
310 8281717592 -5851694514
311 -10868060601 963222502
312 3091736128 -785864551
313 3599993071 7012847938
314 3845368199 -5851694514
315 7638548666 -432685072
316 8402473940 1592923600
317 9286821526 963222502
318 8650570912 2288949379
319 5326065968 5253435336
320 1459409529 6814391628
321 -1883024437 963222502
322 8373339683 5459407686
323 1419186033 3279641072
324 6461258759 4936820418
325 1286453448 6831592617
326 7638548666 13331499105
327 15376855260 483222564
328 1230303125 384416887
329 8997900447 3321695341
330 -4163436068 17662271279
331 7793521324 4050239759
332 -2585443115 -739822345
333 18323334454 -6972302905
334 9609448207 -5851694514
335 5212630729 -5851694514
336 8049357973 -2697033855
337 8075204202 3936071728
338 10231188214 -10495497284
339 -8663022155 -4253056670
340 2904849665 7030749796
341 6468623153 -567842522
342 15439975331 2364399521
343 9270446484 10621976676
344 -4151987373 -4969996386
345 8200393708 1215674831
346 7072253577 -3141197116
347 1143528074 2132276047
348 -659358929 -5851694514
349 24343741728 -3986334380
350 6055909198 11170478030
351 -236718805 -3257303673
352 -561798696 12653777613
353 -686893745 8503854615
354 564488114 -1430481809
355 7317218018 4805503367
356 -6749289327 -3841167620
357 731298452 3446126538
358 6923412173 -1977807153
359 10908112139 10645309608
360 6505594461 -5851694514
361 16442517641 6381731675
362 4017638300 5302226121
363 -10350496435 13222530671
364 10174418738 5935594007
365 1449840710 1677485085
366 8179046609 3456272311
367 -252187942 6322296884
368 -236718805 -5851694514
369 4240588289 -5851694514
370 8958572006 1958328588
371 1937729998 299541855
372 15439975331 3727428578
373 17046596253 1762470488
374 10715099620 -334818028
375 1357603956 7890245226
376 11192746877 5985767341
377 5680927658 -1516593943
378 235626629 5442415708
379 7638548666 -5851694514
380 -554962344 7580040693
381 7795733876 -21849821
382 10209763928 -5851694514
383 -625765925 12584664833
384 1123213838 3623229779
385 3226578733 4537378611
386 1959242037 3962893330
387 -432581452 7404238166
388 9149246621 2505109060
389 249246746 963222502
390 -115907669 4097618718
391 -10492114662 -2322495565
392 7565474678 10399172924
393 10815762786 -5851694514
394 751656458 3912934238
395 14670191845 6840309939
396 -236718805 -5014570437
397 1605986847 963222502
398 1398193362 2831655697
399 6776460292 5235209353
400 7638548666 -4020260089
401 1545313855 -1477790382
402 6824444314 4900163404
403 99433236 -3976968206
404 10163091350 10648309597
405 7932427780 12145343787
406 15439975331 4600358695
407 1241800040 2325664003
408 7638548666 5122486217
409 315428982 -5851694514
410 859216906 6824041534
411 18225122176 12551445407
412 -5050095880 -1290502961
413 14037211480 -4734954904
414 7638548666 11215905538
415 2990519290 6782569824
416 -545461911 1772550176
417 7638548666 -4937140519
418 8485642338 1101814955
419 4097982344 7915360385
420 7343345591 -5851694514
421 -49428402 4397584268
422 -8024823223 -5669537872
423 11248584193 -7102204490
424 15439975331 963222502
425 -4377626260 -568602421
426 -3578172122 8821331472
427 4498741779 -2159277322
428 -2678059605 5104457907
429 -1537546566 -5851694514
430 9017584861 362420759
431 -13823278097 2266485890
432 8244990701 1297200378
433 8393337776 1770889496
434 10212323625 -5851694514
435 9353981681 875540582
436 6066120700 -1420279150
437 15439975331 -1957045862
438 414132026 1484086175
439 1245409790 2624292875
440 14338066548 19763106041
441 -906913860 4133258438
442 6865638010 4576783772
443 2149986515 -1592540145
444 533862681 3167081502
445 9453419800 10703931267
446 5218131769 5867158961
447 15369899471 6855385603
448 7638548666 -3758741916
449 10789954399 11895963468
450 2557553886 11526657729
451 -4610645669 -804467284
452 957330663 3818846662
453 563592487 963222502
454 7488293806 -5851694514
455 594801245 989411959
456 8553022676 -5851694514
457 3038851822 -4177831147
458 3597057566 -1135641483
459 15439975331 2116791822
460 5967867225 5140286157
461 -236718805 -1943659286
462 8496403155 -6970590185
463 7638548666 -719543074
464 -843321332 8259934738
465 610547610 3254366152
466 1715494991 7557852107
467 4838715343 5685312086
468 -6751481619 12812526516
469 2731810880 -566379200
470 8334437107 1855188892
471 5618260506 1090899812
472 3554689257 6117831258
473 1052865561 6779593535
474 -1857725662 -8172805899
475 6499907850 5295200096
476 2922273254 -902817575
477 -10492114662 963222502
478 15439975331 6638877776
479 7702528317 10719492403
480 9828377018 10793922746
481 6442722948 -598812017
482 -10492114662 9236596173
483 2863104334 12182498111
484 1793709826 2223628036
485 1949349610 -5851694514
486 142742559 4637176918
487 6134075434 -5851694514
488 9432865166 -5851694514
489 7647130103 4802508845
490 8160393806 3336508853
491 -4240392810 -3828953923
492 7638548666 -5851694514
493 8962322631 -5851694514
494 5371397805 5413577636
495 3841960406 -5851694514
496 9946949090 963222502
497 5462899325 5466380959
498 3137812322 6096475189
499 3621400244 -1186261802
500 19673587117 3815277999
501 178048557 7646006898
502 5262480653 6676393739
503 15439975331 -5851694514
504 8609422583 11427937338
505 6299910120 -2127012875
506 1641870882 3710437332
507 -4113663017 17216469960
508 6554425495 11064229162
509 5398065178 5541331169
510 12352478881 9780852137
511 -2370117323 8667239843
512 16716890962 -857141401
513 -9781262157 6799882819
514 18004873660 14439278506
515 1708286910 3163120145
516 -657141212 -5851694514
517 7806516184 -344784708
518 5434073880 -8413503883
519 423489483 6658932801
520 4206009889 5058786694
521 18462713947 15908972256
522 -277483147 -5851694514
523 9264767060 -6542361511
524 7136520638 14143888800
525 8997078470 -5080994501
526 12291586035 5157653617
527 15439975331 5722419157
528 4708572438 7949854047
529 1716961172 3761779131
530 4893964737 7992649024
531 -236718805 498530793
532 7638548666 -831745024
533 7818100038 3347177151
534 687898479 -3170847028
535 3585890088 14294194025
536 4985061019 7263185758
537 -274919932 963222502
538 1046681205 11675392401
539 9385447278 362882807
540 1025683253 -7274570615
541 4706202552 6387180287
542 -6969669299 -4134729553
543 3876456059 -5851694514
544 9726733674 6613421387
545 7406080270 -2429527063
546 10863776501 10216880258
547 7557906534 7613333260
548 8202121292 3799149609
549 7863001250 4673115844
550 1179908957 12063768471
551 10958933094 -7462907226
552 -7487177896 -5851694514
553 89160631 -5851694514
554 1593885532 2687167574
555 8232938121 963222502
556 8201528479 1042298072
557 6066182704 -2367013172
558 5233701935 6322267994
559 13495255998 -2644027708
560 5457423949 6520130334
561 8409970040 113225418
562 4583867101 8038588489
563 2340613687 4426379744
564 6110547571 5250511524
565 5460689397 6208863609
566 6505906199 5522213434
567 9607130688 -5851694514
568 -211539221 -3987364016
569 92531907 5070212460
570 9448064987 5868177443
571 337333842 4814857334
572 9254637726 963222502
573 -13823278097 1784585469
574 9262460079 3335049939
575 7015789061 5331392154
576 -3569406336 -6613944581
577 1656397770 7076434427
578 4049633714 -1500618423
579 3668674352 -1460831703
580 -1901461841 515698264
581 15439975331 11737711140
582 -788673886 4089395982
583 9505494547 -5851694514
584 8290295273 1807627407
585 9810842655 3905077071
586 -1891737142 -5675334766
587 9516310564 3382331248
588 4350890060 6096643263
589 9410027869 5892047050
590 5212656057 6365373118
591 13516011767 -7237997752
592 960575498 1788251149
593 10583346966 2449054896
594 10855509389 3029459264
595 9343017635 963222502
596 8537831239 -10301213451
597 452131025 3988512623
598 788313244 2473982675
599 -10453663920 7005593278
600 2758144308 -929520423
601 -10492114662 3482264382
602 10262303805 5510049087
603 6798016234 10809882746
604 8825974973 1759901352
605 15439975331 1951633646
606 -3289288020 3136718088
607 -6661170859 7449729946
608 8326226066 -4349381005
609 2533225708 -5851694514
610 1895489005 2077579104
611 -558081391 7587394796
612 3361461517 8122592633
613 -72285846 786520426
614 8154172563 963222502
615 -10492114662 17062635453
616 7203776447 11662677
617 627448953 1893514459
618 5076864486 484224040
619 -236718805 -2879691954
620 8574747255 -6771074874
621 9853723263 5081599110
622 -3799039524 8905355484
623 5270799465 5559898082
624 1150909178 7443852955
625 7638548666 10792980205
626 1210370210 2980997572
627 7965837940 3346402066
628 3687492976 12874596799
629 179904898 -5921819705
630 15439975331 -5181231896
631 14471306914 5380178657
632 9056256393 10201293194
633 15439975331 11129552242
634 46382119 5085137100
635 -521640047 714748827
636 9432625744 1151903150
637 5822431296 6066127732
638 1089852763 2514146301
639 15439975331 13476207640
640 357449197 31734905
641 9242018497 963222502
642 3102277188 -5851694514
643 5217339122 7913698501
644 683361792 288950876
645 -11444256579 -8311165157
646 1372225530 2729558166
647 6075486730 5223425845
648 480963681 -3854397401
649 9904673385 3460146560
650 -503016283 -3469297081
651 -10492114662 7213371934
652 276266671 1014209482
653 1317637169 -5851694514
654 9526720625 13899350792
655 12652976262 -3002347809
656 7638548666 7626386889
657 1556792401 -5851694514
658 6226774060 -8409966138
659 -232655325 -3364216877
660 7987322570 4093996323
661 -1425559744 1822143492
662 -13823278097 5596967247
663 3519209235 -1985144502
664 670275585 18205261682
665 15439975331 1684823828
666 1047874418 3472574575
667 695951474 -5851694514
668 -2936373339 -5851694514
669 2881320718 2304360854
670 9835549422 -3729463577
671 -2411836215 2721669995
672 10467285581 13908112082
673 9161629046 83265789
674 9747193201 -5933275195
675 -74862006 963222502
676 10155458618 -8586007148
677 -393375763 3131899939
678 -7805981682 14010649960
679 2337768913 -4871475031
680 5185902139 -506340912
681 -13823278097 20847504838
682 1236098443 3224637180
683 7659522969 -1780143323
684 -236718805 963222502
685 8020865465 1245785748
686 3904426011 -10607158497
687 1858838841 -7283428161
688 7113274822 -2777531119
689 -309708727 3676508125
690 9424586520 -5851694514
691 -13823278097 6617094435
692 3598294970 7613934073
693 7395212627 -187868160
694 -17352024234 7279148583
695 9389637860 10568464544
696 1526217013 3003023994
697 12925728518 -6555030957
698 -5306295578 13171718195
699 7137447766 -5851694514
700 15439975331 12457808274
701 7324470604 5231508775
702 1681576570 -523141035
703 10674534206 4126483039
704 1150197411 -3564836528
705 4555623906 5467244328
706 2013556585 6826233874
707 3675120892 -5851694514
708 -143741094 418863160
709 5959727352 -5851694514
710 3189747257 7048534947
711 5518916347 -5851694514
712 9720566859 6203630126
713 4887776616 6806135426
714 1954433482 5682977372
715 19806918763 -9278440031
716 -236718805 -554974943
717 5576003032 11607010994
718 8556397786 -5851694514
719 7676017828 10616328059
720 -568440807 11815947890
721 -13823278097 7804882139
722 5989198030 5308090229
723 2094938855 3994540896
724 -145075887 -3187212388
725 8518721865 -5851694514
726 8552561636 4367325826
727 6679291951 11367334570
728 -13823278097 6281371819
729 10386213102 -6270340684
730 -1526917953 -5851694514
731 3670605318 -2671641778
732 10897457955 2812171284
733 4568872612 7760222798
734 9218448074 1770829935
735 7523870160 7375471910
736 7638548666 -5851694514
737 4440641803 7576519707
738 11529807625 6846444768
739 8431541100 1204434586
740 3796748033 -2992364526
741 -437875025 -14068240367
742 5745988757 5350909642
743 1656097021 -4958772801
744 5016213466 -1951944886
745 8428133259 2132343576
746 13204491851 19900166072
747 5205373163 7367558034
748 15439975331 5181831931
749 10910142888 -8021391250
750 5833737733 5923948797
751 -4076621509 -9019439270
752 6621736825 5134378609
753 -236718805 963222502
754 15677681895 11076799491
755 15439975331 -1827299119
756 6963526848 -1430184993
757 3512567412 -3705310964
758 -2147841845 391014945
759 2965135262 -676419636
760 8173627760 10556969633
761 7638548666 11085050643
762 192557557 5397851468
763 892412998 4068564602
764 7679300520 4306041316
765 1570013367 3641405860
766 11068355760 4259492874
767 7729984587 10603502996
768 626909777 109759325
769 -1786683055 -5851694514
770 58285198 5683556364
771 676468115 963222502
772 4926283562 7406081064
773 8674184375 991463485
774 5578242632 -2753120951
775 8215345372 2632552021
776 8924910784 46549388
777 -13823278097 20847504838
778 -3448977969 -1504756986
779 -6315628 6761111944
780 -10492114662 15220693051
781 -236718805 -4212951088
782 8985518544 3712593305
783 7812036983 4260524243
784 7828392926 188002428
785 16520767005 19499196664
786 7638548666 -5851694514
787 8213366448 2654560462
788 761132355 3448779114
789 -6476779471 -5851694514
790 4024459234 -5851694514
791 -7754838469 5134785853
792 1455205400 -5851694514
793 7638548666 5330852991
794 9134546420 3171112341
795 8231598816 287455178
796 2423377885 -4321451922
797 21903075 7580120043
798 8231473717 4799152073
799 8869005630 963222502
800 7638548666 3772440476
801 4946298126 8048523822
802 8102916313 998491313
803 2472487731 5730236290
804 6598969506 -2014469051
805 9929465530 6670406439
806 8537709323 -5782836380
807 6789346708 -2117053974
808 -2726228741 -419863072
809 9700441034 11469887292
810 5817883448 5838132893
811 9513648464 2787346674
812 5145757312 -1342790337
813 9646528942 -7703006366
814 -1082573126 5607805020
815 6103274136 5333812015
816 5436012703 -9232015302
817 1060767288 1594148940
818 9971006795 -5851694514
819 5518333220 5377958016
820 6060702714 5131309533
821 12327386280 13631195568
822 7638548666 -5851694514
823 10318009788 5018244914
824 -10492114662 -7575603499
825 2953259105 -15794776756
826 5719319708 -2545520792
827 8776038587 1377690571
828 -10776186395 1002100368
829 1888490300 8269286459
830 9401965999 11032666298
831 6847192991 -4263474252
832 6856908462 -12116803072
833 7638548666 -2497715594
834 9236712281 811982949
835 9092771146 -5189720562
836 8338855477 963222502
837 3732330389 -1658932360
838 23170952144 -5851694514
839 1830091220 8201543290
840 9735328795 11574218019
841 1174784497 3361028897
842 8612226135 -12502316308
843 -545506157 5273097124
844 14590887636 4363364941
845 4682803018 8092393386
846 10218484327 10386491449
847 1348909 2080690969
848 7581061197 4730634944
849 10704249733 -14994179705
850 5668123674 6048474675
851 1922627925 -4445120890
852 1620973579 3060724460
853 -10492114662 -7575603499
854 -7685106842 963222502
855 7528863656 12882798952
856 3927698622 -2125827041
857 -5739236017 12342922575
858 1433571563 -7391145602
859 8158522395 -5851694514
860 4783724863 7402750035
861 7969440308 746920142
862 15439975331 4177773127
863 4176887834 6078399510
864 7638548666 -335504036
865 9223483902 10274363022
866 11127714984 -5851694514
867 10678395896 11743145886
868 7511021684 6986361508
869 7638548666 -5851694514
870 5700752883 -1810444711
871 1988323459 -2389698945
872 4801813950 -1345292101
873 2611338210 4589075194
874 15439975331 2277940891
875 -296192309 4544004475
876 864931475 1724928886
877 9980212351 6063948572
878 9304832388 5927565733
879 7179164545 5238893140
880 15439975331 3394049862
881 3615820781 -2542049669
882 4352930498 -2699803462
883 -8991899 -1344227967
884 10968715132 12286911663
885 -3317310531 -1713037388
886 10574263873 -5851694514
887 5146355457 6343930254
888 7839012316 4793110353
889 9848079942 7467181815
890 -1235173882 -5851694514
891 7997618549 -2957176637
892 1491855238 2647231016
893 10263651118 -5851694514
894 12273198515 -5997958132
895 -10492114662 1521399399
896 9289579414 2841744264
897 1717745424 -5851694514
898 10530887150 6313538888
899 334690682 5369300052
900 8550840813 -12215013328
901 964498691 -5851694514
902 5401703387 10657272706
903 1210897745 3123087230
904 256932971 5145696098
905 2490359018 6751030723
906 4610868079 12378670567
907 13854543440 3620354482
908 6693516889 -5851694514
909 2628713832 6679571191
910 2130389490 -18307565304
911 8496520945 3987421749
912 2496983933 13537167257
913 6202448068 5129518928
914 6825224128 4922500292
915 293736724 6610930438
916 15439975331 9417481618
917 12026557901 10191566399
918 6216328020 5077629738
919 -236718805 -5851694514
920 387308636 -4911294566
921 1779239971 4616565716
922 10860336583 -5851694514
923 -236718805 314938206
924 15439975331 -5851694514
925 3031683535 -7626951678
926 9525131967 3661579794
927 9401932585 -5851694514
928 1392844264 3014591070
929 9113774180 4959832164
930 5355715784 -9516576299
931 -5682731561 -1792595750
EOF