NAME : 981
COMMENT : tspgen
TYPE : TSP
DIMENSION : 981
EDGE_WEIGHT_TYPE : EUC_2D
NODE_COORD_SECTION
1 10063828528 9967453230
2 9963269418 10083857052
3 10061224790 10014700073
4 9983629267 9751927218
5 10075083243 10079329346
6 9971578733 10032854827
7 10005314445 9988460511
8 10060492309 10071010772
9 9996243677 9974885808
10 9992417020 10302115099
11 10085747789 10302115099
12 9993857248 10088923661
13 9990955750 10302115099
14 10006931742 9988551372
15 9961641417 10302115099
16 10093521491 10019563338
17 9943475317 10096426589
18 10057346893 10082958854
19 10048267623 9962878195
20 10008316586 10123785694
21 10091801222 10003012304
22 10046414080 10054358426
23 10050493606 9977527464
24 10076940125 10109103060
25 10072279407 10106847095
26 10052584236 10055563868
27 10076480825 10302115099
28 10097075911 10353271134
29 10083805331 10135642759
30 9974365087 10053400520
31 10144601740 10202043309
32 10060451094 10074816450
33 10092793269 10087573358
34 10136800287 10254370368
35 10024186427 9977287852
36 10095433544 10025145416
37 10098367771 10302115099
38 10060160758 9909813974
39 10070600734 10020566344
40 10129766062 10023978451
41 10099463432 10088983463
42 10061623633 10055355852
43 10141278085 10302115099
44 10057933223 10074527826
45 10094141923 10148621684
46 10080609978 10128730374
47 10043886727 10302115099
48 10060054095 10011378060
49 9970830117 10045293294
50 10073036436 9896181341
51 9956244734 10025029466
52 10033158865 10087174333
53 10099559977 10019156272
54 9989111481 10110686095
55 10051815546 10053795823
56 10017710936 10302115099
57 10099105131 10000278307
58 10092367232 10302115099
59 10142352386 10012327836
60 10095782594 10028216657
61 9976918250 9917382635
62 10098367771 10000507628
63 10048365097 10000000000
64 9995452591 10048038830
65 10059356232 10055282589
66 10054486275 10053112718
67 10068456258 9935090902
68 10057933223 9998335046
69 10128890049 10082290085
70 10093608151 10024958000
71 10016746796 9979057995
72 10073520573 10088180811
73 10067849777 10012056906
74 9960548287 10113848789
75 9972894456 10050042844
76 10083729853 10132304696
77 9992685211 10162230714
78 10067564075 10095201856
79 10051241086 10058911189
80 10156897427 9785064969
81 10065695427 10060733902
82 10064409054 10005600220
83 10073576823 10066893839
84 10090133118 10018942224
85 10081139232 10139264287
86 10085214131 10070438663
87 10060824158 9998247340
88 10057933223 9965795823
89 10051084565 10002770575
90 10124168823 10097808994
91 10047840689 10054693791
92 10060434158 10066511248
93 10039206886 10078368091
94 10063231785 10065398336
95 10057933223 10281430503
96 10057774271 9991397693
97 10053198723 10056012484
98 10159774256 10108534952
99 10153607795 10031245666
100 10039227369 10057703426
101 9991585541 10070512441
102 10066709567 10302115099
103 10065113590 10058382968
104 10048536962 10006372785
105 10066096949 9997990245
106 9959526041 10042256467
107 9955876596 9892697315
108 10062242323 10005663341
109 10061768957 10081431271
110 10061291072 10009360673
111 10055640911 10065358580
112 10068787168 10001948436
113 10047865484 10070833832
114 10061549698 10079698543
115 10010988239 9752969197
116 9934506328 9957029709
117 10104154169 10001362205
118 10042310795 10003636756
119 9993067536 10302115099
120 10120371302 9930952990
121 10078890276 10003781590
122 9989267345 9993877246
123 10067490314 10001188828
124 10041964800 10302115099
125 10088675343 10137970557
126 10057546583 10064692853
127 10078311267 9992529550
128 10050686171 10302115099
129 10053591579 10070180223
130 9974289722 10077121621
131 10081005389 10000507628
132 10059623600 10076218827
133 10110174650 9756746757
134 9963354611 10034507402
135 10085887378 10302115099
136 10063321358 10059957923
137 10051357935 10053656759
138 10084931041 10000507628
139 10070134414 9991709107
140 10090273941 10302115099
141 10083093030 9996548203
142 10064611811 10072231575
143 10087085671 10322593863
144 10104137006 10098900711
145 9996650929 10046977999
146 10033739262 10069990188
147 10016567878 10258795054
148 10082271779 10075704299
149 9972904606 10036851349
150 10004878823 10056195022
151 10084800409 10302115099
152 10086397786 10018061354
153 9988456346 10091907534
154 9969936079 10061124550
155 10057219535 10061792425
156 10062931493 10302115099
157 10127380375 9920064181
158 10062570432 10000000000
159 10041770018 10205068883
160 10135473545 10088276061
161 10007635584 10001477379
162 10041966418 10006746502
163 10050919764 10058167975
164 10057933223 10386512510
165 10042893753 10302115099
166 10058903602 10060803180
167 10067032240 9914244881
168 9955329869 10033546312
169 10049943379 10069974309
170 10068885349 9994444604
171 10066985386 10302115099
172 10023058768 9796761801
173 9974928109 10038330756
174 10049318126 10009734131
175 10064516787 10018899461
176 10079943122 9755595375
177 10087674758 10100292739
178 10063230284 10302115099
179 10016567878 10049667981
180 10083883161 10020659177
181 9991435583 10080296613
182 10095350400 10338151685
183 9890251136 10243723746
184 9956981939 10037156201
185 10098367771 10000507628
186 10078055566 10001073607
187 10052697769 10006967686
188 10153561409 10031587654
189 9959799766 10057299334
190 10049667263 10282344240
191 10058142761 10063096432
192 10087586916 10005239666
193 9985280893 9876238971
194 10094244940 10073922710
195 9995702115 10100998914
196 9996614873 10039597599
197 10015371491 10216769151
198 10040520830 9968314845
199 10098814694 10020093198
200 10120371302 10035713657
201 10019685487 10155752172
202 10074316901 10302115099
203 10061738172 10075709079
204 9995963552 10052437826
205 10053773070 10066592158
206 10069907770 9755213174
207 9972687703 10042771219
208 10124399284 10102637864
209 10001555138 10051686148
210 10042548820 10056336275
211 10002122550 9979832549
212 10069866944 9921306899
213 10068032842 9960056278
214 10000901822 10115722565
215 10108865099 10015900213
216 10060687308 10008639001
217 10059402933 10064045682
218 10051103222 10069611985
219 10006801651 10130068209
220 10048572648 10067319236
221 10068434979 10085765652
222 10060174417 10010983917
223 10121590006 10302115099
224 10060461405 10063312483
225 10116819398 10089448055
226 10090280515 10302115099
227 10007759844 10044908993
228 10068124246 10000208320
229 9995669045 9984310379
230 10065718081 10061923143
231 10066455745 10000000000
232 9963886367 10027698046
233 9937342098 10031117130
234 10042934227 10006428671
235 10048501405 9995558702
236 10057933223 9978042233
237 10064193823 10072767425
238 10059641921 10079781782
239 10046047575 10050469464
240 9998386659 10054976134
241 9984508780 10075735206
242 10025029818 10247587064
243 10008984501 10148621684
244 10073486067 10112155222
245 10062328644 10070156573
246 10081122600 10078256096
247 10072065065 10118335766
248 10069921649 10106391606
249 10071335978 10118105503
250 10059506775 10056092399
251 9969233614 10044300503
252 10047890262 10051798332
253 10056555320 10302115099
254 10061989059 10007301386
255 9852077806 9746917021
256 10053935687 10057343377
257 9921525673 10120623676
258 10089897588 10000507628
259 10074483158 10099125706
260 10033492325 10050532570
261 10059679515 10064591810
262 10049883231 10059137258
263 10134899213 9820500523
264 9971069045 10036911514
265 10178332498 9885714337
266 10016567878 10049667981
267 10009612048 10148621684
268 10121594966 10034029933
269 10057644641 10056211917
270 10111827126 10080409960
271 9981448910 9915309729
272 10042521266 10049590019
273 10019659503 10159545129
274 10053059368 10005184277
275 10002158075 10121937244
276 10049477737 9990352047
277 10057933223 10079647874
278 10064431180 10061310372
279 10059073946 10055578265
280 10078375188 10008174519
281 10083706792 10001606940
282 10040295970 10065221411
283 10036499422 10061128371
284 10046249086 10053620791
285 9934609109 10102876531
286 9990647047 10302115099
287 10038906300 10074051451
288 10093708813 10019070036
289 9923035567 9967851361
290 10016567878 9813255840
291 10079563511 10127531475
292 10062909581 10002024215
293 9985371804 9751993584
294 10068594088 10070519178
295 10062554191 10061978361
296 10027089200 10004237669
297 10100004113 10004239316
298 10006894371 10128165312
299 9998226310 10302115099
300 10058538511 10014802074
301 10100395242 10028882886
302 10064243112 9933642614
303 10053411776 10057478820
304 9967402977 10053135365
305 10042283220 9992539924
306 10071235205 10020551309
307 9920049878 9898612901
308 10113494485 10029746839
309 10128640761 10033962192
310 10084051758 9975159479
311 10040289391 10302115099
312 9986765631 10043932875
313 9953956864 9976325870
314 10047343896 10060784861
315 10070972283 10058394984
316 10046472855 10005907553
317 10030847180 10063671472
318 10133150576 9996557136
319 10060726845 10009174302
320 10057933223 9990341581
321 10016567878 10174266288
322 10055051458 10015891753
323 9981530620 10116196608
324 10160732985 10030287825
325 10090773359 10017013685
326 10120371302 10126022320
327 10058682890 10015869780
328 10081204356 10076440714
329 10064786979 9992908263
330 9937581963 10053414608
331 10237264715 9780338734
332 9994809910 10302115099
333 10085050490 10007418021
334 10016567878 10148621684
335 10061477152 9996770445
336 10059462056 9956175432
337 10042731700 10054653032
338 10118460897 10302115099
339 10063014904 10001979207
340 10049217406 10058998598
341 9962605868 10042134656
342 10092698703 10338176821
343 10052693507 10055312207
344 10056437384 9999546369
345 9983044568 10108219605
346 10055223792 10054647632
347 10065553618 10000901036
348 10077437798 10005942422
349 10098367771 10014315053
350 10056730835 10056620761
351 10068098543 9985026497
352 10060317258 10008246598
353 10040074633 10302115099
354 10089636285 10023783336
355 10002863486 10143150401
356 10118122015 9931836819
357 10044923558 10230991278
358 10062031364 10070428360
359 10099178738 10000255415
360 10055830634 10290884546
361 10088556245 10012441888
362 10081572129 10014310225
363 9953028588 10051891995
364 10050910004 10060419825
365 10178444451 9999934135
366 9961998712 10057003730
367 10050759771 10058164430
368 9994225869 10035485833
369 10073499101 10021492834
370 10015864312 10148621684
371 9974315438 10076903664
372 10053204380 10057482119
373 10076535434 10302115099
374 10103396791 10027631889
375 10088947386 10004748317
376 10035071218 10054560388
377 10057933223 10260785286
378 10000472190 10117582896
379 9997136004 10104484743
380 10118857204 10083466744
381 9966175104 10077711963
382 10051094000 9982721186
383 9968740618 10302115099
384 10058436749 10007730714
385 10034587483 10058824055
386 10071518051 10302115099
387 10036260479 10054644609
388 10053390095 10000000000
389 10049258859 10066352884
390 10134792882 10302115099
391 9928532126 10089763310
392 9889167578 10066794440
393 9965155388 10030426859
394 10033875533 10080941372
395 9986363679 10061926773
396 9998065582 9992658758
397 10067327895 10302115099
398 10064362427 9922616734
399 10089205665 10131656094
400 10045916464 10241523599
401 10128329832 9940788684
402 9986502174 9989963380
403 10054503854 10057196491
404 9972009418 10033355583
405 10011530015 9990104135
406 10021527890 10004874013
407 10048813926 10059330222
408 10056876903 9983402424
409 10049153804 9992196337
410 10076300096 9995086891
411 10049444897 10058504357
412 10091630068 10000615247
413 10061164200 10302115099
414 9976116255 10044501894
415 9964409287 10302115099
416 10023791831 9990064666
417 10011951085 9930136358
418 9973724766 10044561163
419 10039899776 10050107069
420 10061880101 10071768058
421 10008740115 9996600005
422 9989634170 9935831728
423 10057933223 9997756546
424 10130782909 10079889196
425 10059713973 10012492215
426 10100461658 10009293609
427 10080086378 10012252800
428 10084738719 10138467441
429 10002146380 10131240510
430 9955369878 10109598858
431 10056885139 9997216252
432 10158228607 10217655094
433 10074040332 10097261774
434 10098387541 10135040761
435 10067903811 10092132445
436 10051284160 9981386888
437 10127768591 9820886740
438 10075709355 9995838059
439 10071821577 10073734577
440 10001213760 10109124797
441 10068444835 9995004748
442 10007586313 10050875375
443 10016399154 9979269773
444 9956361790 10089477348
445 10054087339 10074260411
446 10119945401 10173795476
447 10017007913 9997633897
448 10076023605 10293319060
449 10075408126 9892771247
450 10080657742 10009450430
451 10017846550 9998659007
452 10085235322 10011303574
453 10056708134 10010803901
454 10041331845 9980544873
455 10073639746 10111311782
456 10038825105 10302115099
457 10120371302 9928976696
458 10056651753 10014762325
459 10067113293 10007597796
460 10120371302 10302115099
461 10064878484 10016553368
462 10016515422 10049675033
463 9960333004 10039722903
464 10074847402 10302115099
465 10062365336 10273023381
466 10055974396 10077939475
467 10053289869 10302115099
468 10064052021 10070775076
469 10073448422 10110035857
470 10029518035 9977669291
471 10089507396 10015025501
472 10125023730 10092657203
473 10061695342 10061278137
474 10057933223 10014163698
475 10034489017 10061717499
476 9962643904 10037049562
477 10053669113 10056438769
478 10074106993 10016342797
479 10146202868 9972810623
480 10070594496 10014602980
481 10004474522 10051293694
482 9970007907 10055927051
483 10088736526 10086994440
484 10007453465 10054617816
485 9962187699 10025176399
486 10004830897 10039901581
487 9973583287 10042008079
488 9924529258 10014764524
489 10155595630 10028775536
490 10060901564 10008601967
491 10050812735 10062771976
492 10091063779 10302115099
493 9941425969 9923887992
494 9773672624 10092705150
495 10120371302 10035713657
496 10037710354 10051462767
497 9971494250 10095926438
498 10053354657 10057493587
499 10135693087 10038709134
500 10112856822 10088290624
501 10045740074 10003697077
502 10097963104 10026322622
503 10016999426 10184282446
504 10046566855 10011345469
505 10063953551 10018279963
506 10070573611 10086824379
507 9969274140 10049416177
508 10052375681 10057746677
509 10129461511 10034491658
510 10080831868 9996695073
511 10038721031 10218968079
512 10068043247 10059571582
513 10078337371 10124858536
514 10027644266 9845699920
515 10067607454 9936112832
516 10047479119 10302115099
517 10057933223 10079490168
518 10061720336 10089664596
519 10005537190 10051293134
520 10031319504 10052458111
521 10064621034 10302115099
522 9995236304 10038723630
523 10079070057 10076101269
524 10056597191 10076405348
525 10059191068 10066586946
526 10031075491 10047717718
527 10163473009 9749460274
528 10016567878 10302115099
529 10002652992 10122781138
530 9991978147 10111393178
531 10188139904 10302115099
532 10064745382 10010799101
533 10080339928 10012388047
534 10083513008 10079775847
535 10054156586 10057286269
536 10078380064 10000507628
537 9902140479 10302115099
538 10042244962 10008661727
539 10055988049 9898463163
540 10147237538 10100629514
541 10151230828 10032190167
542 10060400114 10302115099
543 10072704030 10302115099
544 10123236727 9925333113
545 10054360339 10054505348
546 9989112740 9985943800
547 10129607457 10094302256
548 9965888694 10035483256
549 10076137271 10022866279
550 10096543523 10005878709
551 10059043881 10000000000
552 10057933223 10302115099
553 10032346517 10047546854
554 10057846095 10064582081
555 10142639451 9900661224
556 10077788299 10002390984
557 9958476288 10028764497
558 10057730884 10055974441
559 9995361662 9965168690
560 9955541922 10047828456
561 9986188471 9931566798
562 10028786271 9753647043
563 10052057545 9978956831
564 10056762071 10009965262
565 10077089659 10014373359
566 10123080944 9821367437
567 10068675126 10058100963
568 10089928085 10083675069
569 10096265137 9976105645
570 10069604745 10083460304
571 10087420251 9991782080
572 9994159959 10140915595
573 10110567073 10032781361
574 10026788881 9999952656
575 10116075484 10076717748
576 10053143784 10061909491
577 9960922309 10105884144
578 10056548161 10056667987
579 10092462958 10095233184
580 9962042003 10039550659
581 10132338743 10302115099
582 10043851020 10213096626
583 10048361118 10058784541
584 9962293121 10056964152
585 10025442794 9998884623
586 10065103934 9987078250
587 10047827817 10009963466
588 10060646560 10055434045
589 9972224242 10047455144
590 10088018858 10000507628
591 10080754435 10003614274
592 9973892082 10128176297
593 10058571706 10067714613
594 10067363679 10090784213
595 10059456635 10084069322
596 9954967932 10038201956
597 10067046812 10016603388
598 10087140793 10146732719
599 9963310397 10302115099
600 10096915521 10018856518
601 10063813724 10071902103
602 10086830164 9992432018
603 10060639155 10055610364
604 10035521634 10062193225
605 10076066207 10091770356
606 10082974599 10003260313
607 10040436239 10011520875
608 10100971474 10025576333
609 10054365951 9997937729
610 10057933223 10302115099
611 9962359223 9902072038
612 9992251868 10052936789
613 10100062778 10023949049
614 10041855449 10056089841
615 10040040648 10066340150
616 10092788129 9985869748
617 10049084554 10010474409
618 10074131330 10021399755
619 10018462242 9753253848
620 10119493037 10090672294
621 10177228839 9969481669
622 9961583065 10302115099
623 9980778212 10100940697
624 10045802107 10245458928
625 10067982314 10059403978
626 10061408257 10057418611
627 10056550994 10055180568
628 10002187710 10108501033
629 10046547329 10006126209
630 10024520636 10048598889
631 9987577526 9946718929
632 10033990207 10256707364
633 9967531951 10056259895
634 10050025021 10055024790
635 10061069743 10057647713
636 10148438261 10011955034
637 10053233172 10059239435
638 10207356991 10123451494
639 10017867820 10042029620
640 10054730457 10053479827
641 10086988759 10088874667
642 10075971435 10012026480
643 10085786491 10089728706
644 10025483435 9999048701
645 10033324814 10069865932
646 10087615935 10079803044
647 10086382753 10152431820
648 10008572952 9957665646
649 10067685962 10002246750
650 10118734188 10172407836
651 10057617003 10062267255
652 10024622552 10093484567
653 10049760920 9997336304
654 10070964958 10088964904
655 9974562387 9934514628
656 10058464047 10016586654
657 10087522396 10004492485
658 10052222752 10057786213
659 9962189108 10062414128
660 10060290440 10012016252
661 10134141504 10302115099
662 10054421663 9979598370
663 10001071323 10148621684
664 9977400728 10302115099
665 9963405575 10028976252
666 10004374670 10116717276
667 9959699832 10064922322
668 10094856429 10022780633
669 10157649901 10045039892
670 10116586763 10302115099
671 10276849174 10060422664
672 10047664087 10051747627
673 10077507777 10120323396
674 10069228066 9990880632
675 10104723707 10030844900
676 9851986882 10004359137
677 9948223541 10021938244
678 10081923034 10302115099
679 9969488194 10028302327
680 10062025641 10017249139
681 10038425359 10058782583
682 10052005997 10064777434
683 9974846388 10116910673
684 10076312205 10000507628
685 10046081802 10007187222
686 10052776125 10057643152
687 10000129257 10104564404
688 9970008318 10034394086
689 10065768011 10004790062
690 10027054860 10003591758
691 10055358490 10074454067
692 10003075472 9988541314
693 9999546598 10038438734
694 9933327193 10019061902
695 10093031263 10011600300
696 10067377647 10007923142
697 10002346334 10041354645
698 9999619234 10036531549
699 10124718675 10097758839
700 10035067961 10190967820
701 9959442547 10034367328
702 9847511809 9997718817
703 10134455774 10033820277
704 10073646819 10106672427
705 10056674242 10302115099
706 10096795433 9975521562
707 10112322154 10302115099
708 10061653170 10014417216
709 9964619542 10056651411
710 10071366231 10073227208
711 10084242651 10302115099
712 10062206962 10016918354
713 9932741365 9953999421
714 10072841862 9947663798
715 10120371302 9949554434
716 10048947997 10055822760
717 10068037178 10061436727
718 9965075507 10039016009
719 9993352658 10052788810
720 10089493109 10012152848
721 10204288096 10615146764
722 10051749353 10057908598
723 10002601771 10112896290
724 10084432949 10005541873
725 9930970635 10034756204
726 10048195519 10055134976
727 10054015030 10016124745
728 10056568861 10011358559
729 10111291192 9940522677
730 9963046899 9979880461
731 10099937251 10000019515
732 10034862885 10302115099
733 10062287395 9989267228
734 9970394434 10094263405
735 10088143800 10000507628
736 10167561708 10024488613
737 10019447678 10302115099
738 10158574671 10561852194
739 10043763211 10002017446
740 10070982922 10012804741
741 10094861359 10012110610
742 10063068855 10057256453
743 10053206479 10059590836
744 10109280275 10080041107
745 10065935028 10302115099
746 10091235785 10000507628
747 10057885149 10074791971
748 10003138334 9998122027
749 10072403526 10066108289
750 10045485722 10053274310
751 10058589025 10067913367
752 10079740334 10003609805
753 10016567878 10218473601
754 10066591579 10017692237
755 10089988919 10340313604
756 10062299981 10076247657
757 9951019313 10049999895
758 10057507873 10302115099
759 10038769968 9880470099
760 10136743948 10033512678
761 10052094368 10057798008
762 10040593360 10065143158
763 10010419660 9752947543
764 10070835320 9945525968
765 9988687582 9986339539
766 10048896297 10058646184
767 10055746394 10011151683
768 10051215361 10014376603
769 10086173326 10018118686
770 10128949523 9951260650
771 10061374781 10002852417
772 9718243533 10005554291
773 9854068265 9945317462
774 10047204203 10059083632
775 9976042141 10049667912
776 10070391692 10103230194
777 9987736449 10085183420
778 9968028816 10302115099
779 10133000005 10024929399
780 10008863942 9996872184
781 10001358741 10081824353
782 10141842688 10113981050
783 9966840076 10056352904
784 9974894139 10302115099
785 10057360403 10071948476
786 10050945077 10062042816
787 10197689878 10110385877
788 9715174343 10005581718
789 10093142150 9984098107
790 10053883907 10302115099
791 10047123174 10012627876
792 10059255780 9985194214
793 10032015535 9999299436
794 9986905594 9752051999
795 10046959542 10007046441
796 10092020683 10001466043
797 10047827802 10012253792
798 9963787233 10064024068
799 10057383582 10057184767
800 9981328997 10076114009
801 9984429879 10091694908
802 10061985317 9999030017
803 10059557993 10061706712
804 9966292253 10094429917
805 10074307656 10302115099
806 10067082536 9949882319
807 9966367949 10079981811
808 9971330019 10033794629
809 9930265609 10302115099
810 10048531575 10058740474
811 10032588075 10219056616
812 10120371302 10174283415
813 10083618655 10022637344
814 10076941153 9996178668
815 10158977234 10004034295
816 9965712583 10033069274
817 10060293231 10084572677
818 10067852427 9970053886
819 10084036165 9995509409
820 10031635401 10062502553
821 10060310950 10005347538
822 10085072518 10080089067
823 10045566446 10000000000
824 10082059589 10302115099
825 10045992332 10012410029
826 9948787357 10026477424
827 10139471605 9904689356
828 10108719211 10022175578
829 10034696360 10047230964
830 10007318383 10129103982
831 10064987272 10010555968
832 10014503557 10049945488
833 9960705841 10098782452
834 9999874497 10114785860
835 10058309908 10017091572
836 10136451209 10033552030
837 10081587552 9978292885
838 10080181904 9999754600
839 10075602567 10070576294
840 10000539349 10051822701
841 10093655667 9981883641
842 9948026814 9750571283
843 10058775078 10302115099
844 10045127405 10002000759
845 10050169628 10059845701
846 10012370475 10082619603
847 10047404860 9994601252
848 10075451593 10302115099
849 10144643804 10038161394
850 10083415734 10091157106
851 10043905725 10009554978
852 10167456658 10302115099
853 10104257056 9960836899
854 9993009377 10054618593
855 10060935936 10067941500
856 10056041903 10054474215
857 10067488179 10005904541
858 9983963653 10059663946
859 9963121953 10075413344
860 10063884301 10083867023
861 10078802673 10005570769
862 10004220086 10131152848
863 10095262857 10016969195
864 10125644086 9943746841
865 10012499698 9877327022
866 10021767085 10003883240
867 10083509439 10009930679
868 10215224854 10282953534
869 10056664136 9985392951
870 10067934960 9995653089
871 10151774744 10032470480
872 9977323143 10056798287
873 10098367771 10016952965
874 10084206416 9995321889
875 9956917952 10030453323
876 10078238495 10001895126
877 9915215826 10302115099
878 10087444674 10302115099
879 10039601759 10062084182
880 10117682296 10302115099
881 10064001983 10017613579
882 10032980104 9977868817
883 9988469871 10107715483
884 10152668422 10302115099
885 10070727062 10013694348
886 10060649746 10055607626
887 10062832071 10062765001
888 10060026277 10078842586
889 9966399522 10102973446
890 9970389688 10045057050
891 9997246561 10136140274
892 9987874410 10101968454
893 10063279941 10017997854
894 9969414622 9927682804
895 10064337037 10011536561
896 10053543167 10071851995
897 10068663342 10106125763
898 10057933223 10013128462
899 10117396426 10089919841
900 10061915625 9999111346
901 10129765415 10007051776
902 10032362884 10062743727
903 10059874778 9955299823
904 9987822421 10110764134
905 10094969375 10353244838
906 10009244007 10047382663
907 10072893068 10020196553
908 9996949985 10040504181
909 10019877985 9983434876
910 9975973452 10046687808
911 10013305794 10082721825
912 10046479646 10233278284
913 10076723138 10083966325
914 10053195034 10057534854
915 10152310891 10096108261
916 10057640668 10077453518
917 10066913314 10001032256
918 10053267496 10302115099
919 9981268669 10302115099
920 10078571673 10006573114
921 10055835195 10077620146
922 10048437487 10053996273
923 10057933223 10071641559
924 10052213766 10059286215
925 10092383247 10080942865
926 10098367771 10007370809
927 10051167284 10058059078
928 10111160843 10131223866
929 10059193086 10077334938
930 10078185176 9992689883
931 10098367771 10003394346
932 10055378358 10063594525
933 9963577154 10026101046
934 10003120301 10048116999
935 9981166138 9977645517
936 10076852923 10077088914
937 10059077587 9999938701
938 10062563346 10058397520
939 10050800966 10002658054
940 10028750093 10086252289
941 10092042635 10302115099
942 10073206944 10118119140
943 9923946541 10165902211
944 10060699923 10071327438
945 9974576158 10042883780
946 9938734761 9750217391
947 10042386467 10012051123
948 10033648380 10056701838
949 9976490286 10054435766
950 10051871121 10000000000
951 10063418849 10302115099
952 9942185183 9903953497
953 10065003586 10017895165
954 10059002911 10086218009
955 10093943544 10000333894
956 10050449522 10302115099
957 10077866549 10302115099
958 9964341408 10049330578
959 9977697546 10039772863
960 10057079539 10073497399
961 10066696729 10085921290
962 10044441818 9997763834
963 10016567878 10049667981
964 10062485010 10077403467
965 10060352088 10055684578
966 10063735615 10011768314
967 10120371302 9949554434
968 10054855792 10060030319
969 10067308539 10015207206
970 10035747671 9996053203
971 10075775761 10007238405
972 10037311778 10005400821
973 9901121049 10302115099
974 9987657672 10053554388
975 10135505525 9945266476
976 10061740005 10055325767
977 10127592026 10096219705
978 10064893760 10062530753
979 10034970229 10302115099
980 10120605349 9949296648
981 10082789025 10125146609
EOF