NAME : 991
COMMENT : tspgen
TYPE : TSP
DIMENSION : 991
EDGE_WEIGHT_TYPE : EUC_2D
NODE_COORD_SECTION
1 22156793834 7411795509
2 2566155798 -335984337
3 6498200124 8526746215
4 5112441280 -4467557236
5 7611333236 -7367063205
6 5432041509 5487552263
7 5094677940 6200503234
8 6776823434 8663581269
9 9329714302 3711306829
10 9245224699 1243006032
11 3945851337 6866652647
12 9589456963 712313725
13 -283652052 9810130537
14 5217225571 6245153735
15 5478427049 5972406672
16 616160213 1718112559
17 5370221052 5349109365
18 -2631527737 4058661519
19 4402699912 6969001388
20 5443184989 5415632411
21 -5417157563 19816914955
22 -453018360 3654743704
23 -1595061889 7602359294
24 -17872178217 5058046768
25 4978304761 6076935425
26 7375299657 6884589928
27 -1844953068 9205037643
28 2299032991 12347363989
29 3982824423 6944782668
30 3025258114 2366963217
31 17688854731 6441049880
32 -1516827774 9176518678
33 6207157526 5518864563
34 991408819 19194490858
35 -1269587251 9606311764
36 -9427516485 6603475472
37 -4327544590 3699525529
38 -941779766 2979736871
39 -740183605 7057774323
40 3813626200 5505533077
41 10152883845 2618524760
42 7101055623 2614309948
43 5790858773 17123072916
44 -1781389064 4920667975
45 4386277354 13535119702
46 5188612252 -4056576302
47 -52059425 7096207180
48 4132830266 12895621740
49 9753669124 11012638217
50 9027043058 9752733872
51 9326710612 0
52 8779441690 9813993397
53 8335592015 4639512714
54 5293180067 15823417598
55 8531706042 -18615045356
56 1598805559 676834008
57 2592950175 733777486
58 -2387516947 11915025813
59 615414711 1555876656
60 3032429678 -3338354792
61 5642966920 6547023697
62 7897416765 6762186903
63 7727017393 -16075968509
64 720499037 1805280085
65 3969081200 13732299088
66 -1629377922 9483564042
67 7018756301 5733806968
68 18713020888 5492846855
69 14546014231 14223854251
70 9470320543 26363182917
71 1567522353 762176972
72 6147322235 6096873640
73 5943222884 4134117993
74 3917693262 14425823766
75 4001177288 5308891448
76 6609653351 5089805831
77 8608053461 5825514101
78 -805029690 9051152003
79 8497730409 9098054508
80 8112132297 6788092650
81 9679234516 26890314876
82 5808642032 6022402414
83 -4256794594 -6698084490
84 10102478326 207938692
85 4160502850 9516408033
86 -368518082 6043842514
87 -2549886484 -3954888198
88 -1566094200 9791620300
89 9788151105 4246490544
90 -4718304185 -8192929624
91 6228768709 18184095861
92 10507485960 4810086665
93 17347812098 4792863811
94 4833012008 4430158316
95 10454196482 1794731369
96 11223034715 30785633192
97 -1083924677 4807208063
98 -5046190207 3965416176
99 7923880559 6828761589
100 4861290859 9572945511
101 -426467851 3545677211
102 -9597622138 4023106273
103 9644330578 13164989925
104 -365590305 9316940804
105 11122584814 30532177895
106 8390164149 23637731148
107 559671687 1031869605
108 666671290 1911363741
109 2901961640 5393788343
110 -2860681296 3780329320
111 1953254960 128181157
112 9415544735 -21432042707
113 -6375943952 -2087628968
114 9414884108 26223305644
115 4653060058 10552802244
116 -333876718 2577074920
117 843462223 1970961072
118 4172793268 12996456428
119 3790662417 3131681723
120 8056382922 12306330208
121 4392440738 7707597203
122 -1812065415 -2205795308
123 -2844528261 4081723267
124 -574768417 9427409975
125 3874069144 8945661581
126 9402705156 7977747349
127 4843758663 5894979368
128 4765086406 810972917
129 6105391243 1157493037
130 13352332240 4015899723
131 12577326360 870337065
132 4621259385 7161057651
133 11703022514 756496767
134 3724838003 8648304312
135 3825066758 8848019658
136 -8228456001 2228120148
137 4632477089 6974516012
138 2543589721 -1900609035
139 1056088670 2157406951
140 -1055842888 2646742124
141 10743769281 -13480902117
142 -2365289179 -3501586051
143 826234506 2784466592
144 3707285601 8600586662
145 9573049342 5225429668
146 5094679839 6049330716
147 -1942456395 4826747471
148 -7424478496 8000795293
149 9335920878 6523711649
150 -2592207792 6834452712
151 -1489484716 10206784962
152 8974271314 25111550971
153 2136309607 -789517912
154 7804474070 6287202778
155 6044614952 17719438904
156 -3189482211 -3582183320
157 -2122161590 -466258102
158 -2132689048 8499888146
159 -694845485 9001668000
160 8186873798 2552478013
161 786731106 2959303661
162 10158389000 3660763898
163 5897659513 -4879934624
164 9010464223 1167318277
165 -1489867057 6370842688
166 -3347424713 9522410137
167 -3624407851 6693023663
168 707314501 8330240816
169 5026691650 15151013739
170 10629396461 592122703
171 5290308294 6009813161
172 1117823008 1988990985
173 19276908400 2669610434
174 9149050144 4433614147
175 -1676466057 6131535269
176 17348000795 9833738392
177 4660718524 5039671555
178 1384162857 1130319426
179 26238060131 10022995577
180 9965257078 8177228947
181 4676916529 6273155885
182 9327859653 6525453155
183 -14037154948 -4027769128
184 -5428935453 7723277719
185 -1532706789 -1845323270
186 9840623513 -21807472143
187 5495708629 6097230429
188 4652887401 6904236830
189 4150536287 6457308892
190 21428985712 -4730233693
191 -246299399 9647516094
192 4178422858 6400886267
193 3402314324 8005645151
194 223562601 6381825804
195 6915115501 5977581057
196 6756130791 -13717019642
197 7576820051 4870672808
198 434069049 2161383179
199 4398586019 7264578845
200 -1264008980 8905845375
201 -685989298 6742726973
202 2811267622 -2630854704
203 3890393148 8964260020
204 13392278089 -32766233758
205 4310141111 9814576528
206 -3770645266 -4495663478
207 1016958382 2855773000
208 -1685641962 2780900742
209 3030596988 -3229201895
210 19896152264 52669652673
211 2821490621 -2658743824
212 659282650 3239923952
213 15832860221 -547097161
214 4021826491 7742415807
215 10242278878 10756212552
216 8456208101 4103957761
217 -632047087 6762769679
218 2733165072 9297679566
219 4345569755 6799309664
220 1599059856 750617289
221 4585369311 6806897204
222 8146875806 -17186799591
223 11096312688 30465888038
224 9263637326 4744074072
225 9688378378 26913386681
226 3567786848 -2629181114
227 1112159441 1345754663
228 6439468568 6285561769
229 -12914631108 8153006092
230 -6506436756 -69355941
231 22713949054 2439694965
232 15982836608 4219632549
233 9168044319 15001771262
234 3987388591 4986127714
235 13576446238 11312946601
236 6777661498 6435916565
237 2095696819 -955542004
238 935389474 2486683539
239 10008855443 13642450816
240 3862154374 7917398977
241 -1007241105 8907086158
242 -8839169264 3143611961
243 5853844785 2680844201
244 -1460427348 8991988149
245 7792497645 7746810053
246 4251295854 7692656204
247 -1561554716 -1502478553
248 4621465491 5864174243
249 11900855491 -34489841
250 801639945 2980654905
251 9859138219 14009086397
252 3930208968 6740060990
253 3603752625 8397005279
254 -1400589755 8859412523
255 9807924943 27215026700
256 -1402930297 8865797699
257 1453231768 9971709757
258 -1486377824 9317296478
259 7127004478 -4652316807
260 -3744188883 -6251912067
261 -4222595052 4158553424
262 3846843221 -5455983692
263 4534185552 -2723128954
264 4926311547 6291635416
265 10861517556 4402100674
266 9118231147 2927417196
267 4653700249 -1109427708
268 8866712335 -9970588910
269 248717780 15967884432
270 15531693166 7510241166
271 -13325421887 19268244451
272 -1784148932 10730385961
273 -9879831571 16043889916
274 -4145032853 16754599222
275 8806522725 24688287554
276 -1041810551 7880635570
277 -1074868017 7970818851
278 6191981988 6221529410
279 -2698272199 4087782453
280 4598120072 -2214740673
281 9166813699 7747302635
282 5701348568 6105156822
283 1348263519 1360331745
284 8876658239 3071241210
285 4622943802 867157161
286 17113298843 -1104590219
287 10843012950 2722993302
288 8386781765 8061217344
289 19387346157 -49999497280
290 -3484023603 5247780663
291 1711146774 370358628
292 14718088441 11385408609
293 13151584048 35651750932
294 -1956251839 13057051130
295 3723186530 4711219742
296 -588778974 6184773277
297 2728663905 -4132126474
298 9530526164 2549191941
299 9808624201 1891044247
300 12852833616 1614619049
301 7003835353 2126689602
302 15644691535 -3842391792
303 7194124509 9294975504
304 12855433180 2647054651
305 -1659979058 7548610628
306 285843777 3104573984
307 3778224725 -3903304962
308 7669999895 4072436254
309 5005008839 5703236674
310 14367026711 10064663491
311 4529242545 5796460339
312 926516810 3267898752
313 10758973382 3576944407
314 5860918496 5426091426
315 -6632436056 -234573275
316 438756250 5747719604
317 -6961652956 9216303974
318 26058636388 2911022061
319 10000000000 0
320 1081385161 1957921166
321 17364135824 2433096907
322 4227925606 6746264320
323 8328714163 6019153220
324 4142808670 6932688328
325 5191011348 6316792979
326 1418351157 10545441252
327 -1237113514 8939265562
328 -3489016922 -3865065903
329 13675844065 6126816377
330 4545417095 5656546808
331 1379529483 1275035817
332 4470639839 6720405475
333 10486571247 -12463345561
334 3166157572 -3599021477
335 -1700031603 9676312657
336 2212178119 1908656844
337 4498313630 -526501035
338 11879076416 8056921507
339 4584880605 5756600409
340 -1607669348 9542510892
341 4224953745 6400049705
342 11847572902 9826485615
343 950889509 1880279379
344 1161573997 1869634958
345 -8776693681 -6546172263
346 9855309114 9535722320
347 -3630100900 -4135145377
348 10058119312 1967180301
349 -626656094 9469399537
350 5702906139 6308686719
351 9325069908 -11063153292
352 -2996944449 3983894669
353 13861515335 5546025462
354 9569971105 26614621321
355 8839058651 6631051213
356 -3150507759 -5068945856
357 4566432432 9272930280
358 -980142870 2867740005
359 5716274141 5261334699
360 4280673670 7710919558
361 4356537210 6882783624
362 9929283028 20993783617
363 9509903451 1179020567
364 1734740289 305993725
365 9370125003 11967341467
366 1725729159 11007594802
367 14762246290 39715775625
368 -1189131331 -1178414752
369 10855920586 9201579500
370 -1308643349 8608575735
371 5249081618 15712148345
372 -14950049243 10687238910
373 814842525 2833316693
374 -3235075559 -3715288087
375 13529257576 -748486622
376 -1428031949 6205693707
377 3749406135 6772712408
378 2994232373 -3129996459
379 9154003753 1319239784
380 1727827203 21609611603
381 -1123016576 5409480621
382 4042978752 9305100088
383 20850698582 6084636766
384 -4292610438 -5293040490
385 5157725678 5513385682
386 4333116380 9344927816
387 10000000000 1846252132
388 9140383615 25530685707
389 -728596701 3658947308
390 1246422788 1638161003
391 6794357438 -13750832481
392 13059829384 10972752983
393 2552527316 2702561439
394 6774647502 8127865424
395 12395083591 5862825845
396 1646487210 2670236544
397 5424586362 6209881161
398 12186438681 33216495108
399 6709059605 5184383965
400 1764148656 8926415191
401 15715256178 1680620699
402 3959621664 8623121194
403 828864819 3385561308
404 -7632691987 8301305168
405 6038438794 -1690928128
406 -2561866159 11151016884
407 4028776522 6613014012
408 -1374386385 8892096371
409 4174990644 5360908539
410 4971837252 5659385974
411 -1699339601 9674424822
412 -2483155304 11812733667
413 1705658185 385331916
414 9886723598 27413851551
415 6873523512 19810941871
416 886639507 1791806821
417 17130645378 8633248868
418 4443398555 5006544819
419 16441679594 8111299365
420 9991879346 6382001750
421 845247338 2684405713
422 517898626 1490407634
423 5302154855 4890569443
424 8412239360 8939460921
425 19109525155 4412272368
426 -2717092786 12450932909
427 8275608362 3956990603
428 13204179939 35784460939
429 -821710401 5770140397
430 3931109360 -2072852131
431 7626853895 21711745899
432 864466714 1220862066
433 4293415214 6604777955
434 1536827955 845913623
435 3145136480 -1962704820
436 3770483447 -2962328561
437 12460024121 -310064649
438 1517391567 2039295244
439 3874661037 5395757574
440 -1967385321 10405673931
441 3881773153 11468076122
442 -1982828324 7926310441
443 5934688888 2094282477
444 -1209773321 8854342683
445 1472724548 8795995979
446 43632170 5228746026
447 11828824272 1009270
448 3792042176 5682727230
449 1791087938 1874838209
450 5719881269 172006466
451 903307082 2574206743
452 4559575025 13972384573
453 7124152551 15404293848
454 -643175598 6793129104
455 5161828985 5853237161
456 6844833146 5285481293
457 13659555771 4844927182
458 5693955130 6452423669
459 -3314920889 4129362884
460 2106498845 -1055048151
461 -1028972962 10502719575
462 -2083626991 -2943084267
463 1214396022 4580350176
464 9589559633 118248178
465 -4355258043 -3558595612
466 9396511380 226430605
467 3752239159 -14913595811
468 -1427427666 8898850309
469 5733747232 8505500769
470 3721184589 7950056874
471 -10786093030 3949794597
472 -1583971115 -1947472324
473 6391709023 3662846039
474 12863681497 15294017266
475 3408283574 8001523800
476 4182445165 6815006937
477 9975661224 -12529428810
478 5253070186 5618105337
479 -3519538543 14640065957
480 6236874045 5685217005
481 5899104463 4666272860
482 -6232073928 656003357
483 -1364788913 8761745104
484 4339471360 -1681492044
485 1213011029 1729310824
486 1638574655 1969366923
487 -860880826 9777456324
488 -27158482122 -13086151298
489 5664853886 6654530990
490 6216548441 2469504990
491 6266035418 3487593515
492 4765086406 1489552278
493 1197869820 1770617194
494 -14905827236 -6198637451
495 5025000620 7502222125
496 -1297386733 8608198194
497 -11962778503 6967885420
498 -1758461181 8871127799
499 936881385 -1727048664
500 13560016484 -33418078524
501 7761000709 22050225284
502 -1483092113 9084485229
503 4156106236 7279109916
504 -10563817728 5226084928
505 9553547894 6476696626
506 3998044708 -2553784453
507 -1336455346 8684448979
508 10886103471 6628499421
509 -1403595900 1631515435
510 5023130502 5420536179
511 7726779205 21963877549
512 6033174524 4792662174
513 3033974299 -3238415457
514 -5250955025 5232353754
515 10000000000 6380247406
516 10197890143 804781755
517 4282769520 -2380928388
518 -8980107939 5941974849
519 7361745656 -2609737858
520 11446639000 6067722945
521 4117980195 5437698304
522 14029639681 -33235426815
523 5033886900 7446205441
524 6680159719 3739574821
525 10740960317 29569262553
526 5410884732 5373564070
527 918988492 1870196194
528 -4051234335 3162235613
529 1126961684 21415782024
530 12525049891 20230887553
531 4211895096 7255565289
532 9490992850 6334949792
533 14580612745 10763659051
534 22120523774 7917910228
535 4966296583 7191475645
536 14394426054 38787691210
537 4510077682 5900582269
538 -1484206854 7526987425
539 -18356456348 -8138319586
540 7228520872 20706671588
541 -2658023097 -2780361465
542 2570977919 205505891
543 2676084004 -285438931
544 -998860800 10316180295
545 12774874393 3686691642
546 12418301000 8949187472
547 9495980001 2998043225
548 3683303719 -3131846361
549 1060570947 2124322443
550 5301409332 7708777540
551 9423508131 1186420071
552 5993990469 5517489500
553 5256586775 6261226346
554 28184938959 6343474318
555 13231613090 12190369118
556 1341726602 14486623866
557 5191308020 7049233652
558 6005693410 5819096979
559 9325089405 25996735555
560 15119469849 1591089278
561 1041869433 4969285096
562 6871916671 6768728421
563 8809461021 2928877589
564 16163631511 4732169027
565 -1238460138 8417110599
566 5268727757 7707796703
567 8504675433 1883230025
568 -27057401 4574826815
569 6767666984 6974842281
570 -883532907 7448842121
571 -579382147 522715
572 2322752682 -67046089
573 -1843875611 7832684507
574 9786459116 6426379682
575 12750114629 3823347942
576 5323645071 -9510086382
577 5411158003 16121099652
578 4882087433 4232557853
579 7793754267 7753269404
580 8274739188 6752963892
581 19075157833 12787276018
582 -8923124477 2395093231
583 7630597415 6488418553
584 4695227372 6828036100
585 4492570182 6833314995
586 1853901940 11650675816
587 5062640924 5899368721
588 2966215842 -3053565232
589 8832173552 7087677846
590 12179012064 13815930351
591 7486022871 1344214058
592 -1419278550 8910396978
593 10054187090 5563324159
594 -5059935161 8396631357
595 10276355686 28396971653
596 9952597426 -22649080207
597 2430765411 9166095498
598 5503982463 6085351996
599 -1025222987 7835383435
600 7965709776 -17001754896
601 -1924662690 7835407240
602 5691045035 4504171586
603 -1314520516 9116882457
604 8147873233 -1292728182
605 -3690187607 -4461300275
606 10141785222 1930752811
607 -1589426261 4291194979
608 7758881713 5640495848
609 15469025080 -2237551616
610 -1331736124 8671574582
611 4182047733 9817259684
612 17476512590 6088392552
613 9144200976 2365093265
614 8822911050 19560894371
615 11719200591 55035056
616 4500876563 -2320474659
617 20171671399 8497391611
618 -1865044290 8695452861
619 2867797656 14386621025
620 4028382544 7589692828
621 12710603762 11048375262
622 838893996 2749930540
623 790695511 2614247310
624 6170009630 8987004091
625 9621309337 1658951517
626 106663284 13876151528
627 4384797968 7412389539
628 23848104230 62641222101
629 6537971071 5373118202
630 2106692302 -404940533
631 3568771588 8337327110
632 3778548648 -5269670903
633 5306995868 6281941444
634 1154682586 1888435252
635 1982632092 9239607800
636 1174327657 1659952780
637 6719590606 6507732738
638 939979839 2397214460
639 2461551889 -1676803590
640 6497358251 3651760662
641 10902432933 6185290429
642 -5688149936 4360800502
643 -1367061330 8986242864
644 13341400660 -1846345290
645 2800024071 -18728234965
646 1834209677 101783733
647 9345350727 6521674473
648 -29176496693 1827723214
649 -2901143844 9867080600
650 9895609410 1552832960
651 521042459 1866447908
652 -3255393997 -3774605535
653 8338685537 8491559349
654 11878146691 5974502239
655 -151937208 1193095431
656 4498044589 5667956222
657 9240905498 25784322629
658 1992577196 2685623621
659 499647495 3056106514
660 5715834340 16889859311
661 8226798095 3223895884
662 -1819045381 10000991294
663 -106441274 5328877051
664 1336721352 1883601294
665 -1278177235 8525461860
666 19340460125 -2074278990
667 1747975265 1427332481
668 1155027676 5736376121
669 9473760324 12120233100
670 7063421259 6910949046
671 4168920409 5007554424
672 5888510071 6573025702
673 5863150734 6324932170
674 7901641199 10120988752
675 -2428149370 9123195488
676 5263008081 15747287612
677 2075625130 13267120025
678 -27367477357 -13203632577
679 -2502019891 3148888830
680 -1056747536 5090191571
681 8959399405 3414747580
682 8070928299 -8229561576
683 1800979660 1777431554
684 16753990225 4921150039
685 9291889735 1258108562
686 -1030400999 7849509445
687 18699949191 4281184477
688 13392964551 -17546083135
689 15814322963 1630697861
690 -840654056 9429162196
691 6496107005 6079237798
692 10448957549 10337114622
693 7637727401 2873554478
694 7819004668 5047732552
695 5624163964 12415423662
696 -3670387628 2363623115
697 7201403719 1997199081
698 1808639241 1658686529
699 6810717077 -13660406217
700 -889274648 4007665096
701 10904911566 -13414228364
702 2825872293 6857029477
703 9678470399 -22242757985
704 4323964599 5565266661
705 1185171364 1805259548
706 -381489977 6079230829
707 8512714862 4329132778
708 9561028742 772433894
709 1864333151 10960050310
710 11073605754 1525045369
711 17319110640 4799064326
712 3717381400 8471634945
713 10000435861 -4033603367
714 18903811624 -3666080596
715 1808073018 105936464
716 9511372321 9637414803
717 10066001017 -12697319809
718 -1757132732 9832088879
719 6580992138 -4804967348
720 4849923110 5673350367
721 2655323665 -2205427730
722 2494867707 -1767691674
723 4474952672 -7169514040
724 9013245560 1100618226
725 10000000000 0
726 -1365166348 8762774776
727 3002460661 -2627736246
728 930652932 3272796920
729 -8934900685 -6554250245
730 396761609 2048121837
731 3554793484 6714078076
732 6935124022 5008382013
733 4407052755 13587540217
734 10000000000 0
735 5990968091 6262356524
736 -3514677028 -5794587826
737 4135474558 12902293819
738 5115772323 -8931384484
739 -6062907311 7726215611
740 3747523871 7959757202
741 5538140424 6351589629
742 1162789774 2890487502
743 -1858305260 10108095230
744 10152121951 827337671
745 -1711664333 9708047629
746 1845160124 2904063461
747 5059074856 -2500657599
748 -1522876298 -1825735079
749 1386790075 979320867
750 3174711899 8007328878
751 8228508615 1453570260
752 1188191988 1797019054
753 3509058312 6600842235
754 -10889713887 7741457923
755 4141502581 5702232486
756 10000000000 7737022653
757 -3744679012 4156865113
758 5791811259 6468680542
759 18001899347 47890071686
760 859395016 2197519564
761 10800313668 2000691621
762 16008668612 8565554128
763 4577455642 7598907444
764 5852956538 6529904274
765 1020360700 2254875572
766 19373249982 -1529980708
767 4496056296 5448103662
768 -3859678183 5219051193
769 858422546 2117989088
770 3932439310 4390943476
771 9272468079 2676128426
772 -5735391501 4393815666
773 5184672600 20831636961
774 10662950851 6237026908
775 -1861543676 10116929875
776 3946124905 6803816622
777 7898243677 8431926926
778 1830337722 8376715227
779 -1550791261 9308022082
780 -2364267605 4786586690
781 12532414981 -345741002
782 -2163810574 10941536958
783 5172991846 5694667483
784 16069603828 43014501564
785 8786771795 -8519550803
786 988182658 3049922334
787 12688016592 10485558177
788 -1288340940 8698862349
789 15623661993 -38954191663
790 4659671863 5311254574
791 5057670648 5237843937
792 4232685150 8218459102
793 10308259634 28477471729
794 8535551852 4480020971
795 -3616289093 4163313499
796 531911145 731612115
797 -233837116 2444455548
798 9641846430 1078816511
799 -1419959777 7521498737
800 7218850438 20682271140
801 9161516296 3976978379
802 9776228923 27135051269
803 5524032181 5989053572
804 3902912500 8636491029
805 9857813858 27340906464
806 -1989255109 7469789875
807 5722334834 -3280297909
808 -1158534806 8948636682
809 4466615101 5694919264
810 -6096118016 3607476278
811 5701426942 6998362481
812 801476697 2928737244
813 9293202839 7206427068
814 6725862361 7077529352
815 10858929998 6194688579
816 4756882227 5456842521
817 2787014489 -2564690313
818 -1772734046 553857198
819 7999895334 -8076530223
820 -598879334 6672285528
821 1385045686 1259987197
822 1298895735 1495010814
823 -916854157 21099042804
824 -2157172039 -568467257
825 6188246016 3146873367
826 5528511221 2013124905
827 -1254311571 9550555131
828 -1200080937 2225654998
829 5875009712 6234459409
830 8212890879 6766325283
831 9800499721 27196291373
832 -4631780553 17911737401
833 9445456805 2233928810
834 6998047967 17331426431
835 8514136283 3883495916
836 4084740933 6745276934
837 26724760773 -39226848846
838 7333217228 3140115013
839 10256806969 775745804
840 4733872145 7313988997
841 29019257 3891999746
842 -3485063727 4815767803
843 10000000000 0
844 -739778675 3669090505
845 -956822938 9141233142
846 3860200776 -2414462152
847 3308761323 12804633649
848 4754556202 -7932293734
849 -4783208670 2535379515
850 2729958600 3148072768
851 1944528146 -266323500
852 4626707549 6829226208
853 -1871283061 2979943829
854 -1087506922 7940008561
855 1373378217 2818752671
856 -4176964790 8286433192
857 -9609485048 488247478
858 5493065656 -2653961466
859 8503403299 -18664874934
860 6420385227 7519269296
861 20640295792 9381607837
862 1290019341 10944471854
863 7829623407 4621879637
864 13957722961 37685801501
865 12135479567 -150119512
866 -1353712706 312907310
867 10327243853 14970302904
868 -527874232 9327775830
869 -6899953220 7790939809
870 6008518555 6034296497
871 -8980330629 2193880385
872 12837392254 8304860791
873 5095164694 2836507926
874 11541875622 8027732672
875 6844156246 -3002498194
876 9782848938 6427159606
877 6179674333 18060220878
878 -1547189783 10139919377
879 524570119 2596734437
880 -19431544124 7223867801
881 -311842193 -5802177099
882 -264595030 11199551372
883 378832457 2494852149
884 7260745179 5123369805
885 3552893518 -1149214395
886 9742861548 6435798276
887 13378881527 11615210374
888 4677771544 5858205357
889 5584907958 19771368710
890 14003126721 37800364316
891 -685708087 6909160969
892 9476947185 11575862200
893 -3195810885 -3600659188
894 5814972810 6312812945
895 12807608273 770074104
896 1324218358 1425928772
897 9404722289 12074277129
898 4690696955 6687204030
899 2977225832 -3083601321
900 9605903200 -21478059851
901 4008746228 5612355203
902 3887645357 14747278321
903 3690590899 -2267785438
904 31657623 4952132755
905 2385325806 -1468853039
906 5250901594 5485821231
907 3456168158 -2774509637
908 6089302296 1736216424
909 -3359246033 5754376104
910 3368758132 -2333242753
911 -1659053543 9324898735
912 4827222574 4717275153
913 -5245699524 -9243815092
914 1909033347 807790361
915 3842466347 8900341828
916 -6819772958 1187744204
917 -7044688353 9602732656
918 1167880454 2712455229
919 4702291159 -7788774071
920 5317126623 5533124182
921 9026560997 6590544169
922 5069313354 5620892406
923 5898880029 3187987522
924 8410168777 5902338227
925 -1547348138 8814831498
926 5769541942 6011369058
927 -1136828544 8584622169
928 2149781158 -826269326
929 8747976012 24540562424
930 5202112841 5111603775
931 -1604462442 9342402024
932 18360484642 5561743552
933 16276723913 -740351974
934 5202851546 10449487118
935 10035887821 27790222879
936 -7703959672 3331105911
937 15498378264 1013515625
938 4181065129 7597406071
939 -18164261488 -8030282203
940 -11718351896 -4473289554
941 5197836044 7464883648
942 -78435966 3566521205
943 11730917213 6006308939
944 4401157292 13572664778
945 10394563886 11156134478
946 11764510292 9702072939
947 -1505802734 9432810717
948 12243012347 33359241845
949 1836325028 1111808345
950 9240901908 13774345622
951 11921027360 1156084566
952 -1090572782 2949608912
953 -2008382017 7459076342
954 11679190509 -27698439888
955 -5722726598 10502369163
956 -3005054898 -4812472399
957 -2831187736 8903816702
958 4382087065 3289608777
959 4997282488 6129624066
960 2778005230 -1113411981
961 4467861531 6853826347
962 9335499741 13943659944
963 -13358515878 12319121242
964 1820910263 10907364053
965 998604001 2314229501
966 1965046638 -729633418
967 8836601650 0
968 4051441290 12690260988
969 12392488799 2989384751
970 -8810715593 -1218596255
971 57960087 4880377632
972 8971735554 1409066934
973 4955576353 -4888236318
974 -1447557432 7453257559
975 4069263348 7256459987
976 5032892720 1837582263
977 3839028988 11700461267
978 8712424288 5786431320
979 13127845039 -17919559640
980 14083645840 4106661211
981 -937230608 2993017638
982 6229737870 6260097501
983 9411000760 6507491777
984 1048787904 11137889098
985 454103495 3799668290
986 6096580853 7119820283
987 20031776328 4213033961
988 -1074291853 8874243759
989 -4638944751 4770400754
990 4399315915 4836898450
991 11882962434 9783665852
EOF